2020 6 15 16.36310318471328 14.165059867646177 18.561146501780385
2020 6 16 16.89772774861327 12.662918137915026 21.74235426495906
2020 6 17 17.449819868703475 11.320071871618769 25.46879143147969
2020 6 18 18.01995025486118 10.119628491866221 29.833905246665093
2020 6 19 18.608708263519638 9.046486804570653 34.94715894397978
2020 6 20 19.216702506898887 8.087147030254126 40.9367767363378
2020 6 21 19.84456148214171 7.2295409811358375 47.95295927337335
2020 6 22 20.492934221005083 6.462880247186521 56.17165019816153
2020 6 23 21.162490960778705 5.777520481377973 65.79894825670593
2020 6 24 21.85392383712416 5.16484007687952 77.0762756019293
2020 6 25 22.56794759955091 4.617131709999333 90.28643189686709
2020 6 26 23.30530035026872 4.127505384515441 105.76068603480336
2020 6 27 24.066744307180308 3.6898017577251268 123.88708331423581
2020 6 28 24.85306659180289 3.29851465788209 145.12017638631556
2020 6 29 25.665080042933177 2.9487218183155104 169.99242399611293
2020 6 30 26.503624056896864 2.6360229568883553 199.12754336204887
2020 7 1 27.36956545525125 2.3564844218543146 233.25615102889134
2020 7 2 28.263799380837924 2.1065897077759224 273.23408441738707
2020 7 3 29.187250223111764 1.8831952190099392 320.0638635169828
2020 7 4 30.140872573702865 1.6834907242787713 374.91983091293656
2020 7 5 31.125652213199064 1.5049640048590756 439.17760058009947
2020 7 6 32.142607130169225 1.3453692516730595 514.448553925874
2020 7 7 33.19278857348061 1.2026988137279855 602.6202481338829
2020 7 8 34.27728213899818 1.0751579425082745 705.9037501216661
2020 7 9 35.397208891789106 0.9611422146127356 826.8890830981924
2020 7 10 36.553726524992626 0.8592173486209115 968.6101761452921
2020 7 11 37.74803055655313 0.7681011622911674 1134.6209455528665
2020 7 12 38.98135556505361 0.6866474431178443 1329.084415786868
2020 7 13 40.25497646592691 0.6138315293442369 1556.8771149617505
2020 7 14 41.57020982936412 0.54873742004515 1823.7113627252966
2020 7 15 42.928415241282394 0.49054625212798947 2136.2785171487794
2020 7 16 44.33099670875912 0.4385259992967448 2502.4167728009106
2020 7 17 45.77940411138515 0.39202226339512203 2931.3077178499784
2020 7 18 47.27513470003752 0.3504500422868661 3433.706579223949
2020 7 19 48.81973464462093 0.31328637071583837 4022.2119296481355
