2020 6 15 863.6470822020685 811.2118921159721 916.0822722881651
2020 6 16 881.4230157983798 777.6373141978465 991.7075953939961
2020 6 17 899.5485907921607 745.4380077070659 1073.5577536376989
2020 6 18 918.0696751905443 714.5908379668027 1162.190560253705
2020 6 19 936.9763221415906 685.023452739567 1258.1462313418149
2020 6 20 956.2356683351317 656.6526632573552 1361.9752039556217
2020 6 21 975.9921300445641 629.5263972378978 1474.5169025558212
2020 6 22 996.3230088144448 603.6279388186045 1596.609207680587
2020 6 23 1017.2379252966607 578.8921876380101 1729.0681888712497
2020 6 24 1038.5497454010576 555.1460860844669 1872.4446864957192
2020 6 25 1060.3941173811204 532.4200470720584 2027.8652946329285
2020 6 26 1082.6515805625015 510.60106109660916 2196.0977697089297
2020 6 27 1105.483376142003 489.726769488204 2378.5042279128156
2020 6 28 1128.8450113165497 469.7272732709104 2576.1652651182367
2020 6 29 1152.6457732743438 450.5218134460718 2790.128024260699
2020 6 30 1176.9350894502043 432.09641104738245 3021.8292966656372
2020 7 1 1201.8148052538654 414.45341110505456 3272.9734971388407
2020 7 2 1227.1430100787406 397.5040850656067 3544.7793555990397
2020 7 3 1253.134932722977 381.28999881866423 3839.532791184891
2020 7 4 1279.6370056938702 365.7249943237429 4158.6716698929185
2020 7 5 1306.6229825810863 350.77349742790767 4504.08824496578
2020 7 6 1334.0697930654699 336.40417936016485 4877.821685448042
2020 7 7 1361.9078889360637 322.57677969633204 5281.88884096003
2020 7 8 1390.1893756015425 309.28516530894296 5718.894661744599
2020 7 9 1418.8812101991234 296.5018584416255 6191.328964056081
2020 7 10 1448.1652097110843 284.24690842032993 6702.790767869478
2020 7 11 1478.0535957081522 272.4984773153535 7256.504110613974
2020 7 12 1508.5588419995563 261.2356297975318 7855.959365429334
2020 7 13 1539.6936798389268 250.43829583215054 8504.935242991967
2020 7 14 1571.4711032376374 240.08723491478474 9207.522610898042
2020 7 15 1603.904374387809 230.16400178533374 9968.150280750911
2020 7 16 1637.0070291972368 220.6509135591567 10791.612925503656
2020 7 17 1670.7928829385523 211.53101821673664 11683.101303035792
2020 7 18 1705.276036014978 202.78806439572296 12648.234976480706
2020 7 19 1740.470879845078 194.40647243152245 13693.097737558817
