2020 6 15 497.5290868403582 470.0953019447676 524.962871735949
2020 6 16 523.998308309738 467.8212338832863 583.3598315557933
2020 6 17 551.7813172935707 465.4738772654041 648.1477728564518
2020 6 18 580.838580802847 462.97056614661074 719.8975038468406
2020 6 19 611.5830021080111 460.6058407587905 799.7844652140566
2020 6 20 644.1200463892018 458.3776776032175 888.7526261912259
2020 6 21 678.0399442417425 455.91252973349816 987.1372300064811
2020 6 22 712.3411918637942 452.51598760340283 1094.3676243768246
2020 6 23 747.2225905253284 448.4109646839662 1211.4716137537227
2020 6 24 784.4851866379928 444.7471409279636 1342.197821056238
2020 6 25 822.8286073235355 440.6725275557296 1485.7002335952466
2020 6 26 863.1202723430354 436.6749432158636 1644.679191394062
2020 6 27 904.6851062648349 432.359574341852 1819.3363855103457
2020 6 28 947.5995529399042 427.77525139313803 2011.2301628685343
2020 6 29 993.4887109845615 423.6634433082474 2225.3569034271222
2020 6 30 1042.4056356395106 419.9346575582358 2464.0850494287024
2020 7 1 1092.3224997702166 415.6712297968803 2725.0933449720533
2020 7 2 1145.8105431638016 411.9004460632411 3016.6949009870004
2020 7 3 1200.5758546032237 407.6814795235487 3335.966649339381
2020 7 4 1258.2832050984214 403.61590700004274 3689.9300888417683
2020 7 5 1319.2177598737562 399.7363203615253 4082.7805529009606
2020 7 6 1384.1727765233798 396.21812421156477 4520.766311690628
2020 7 7 1454.5289809056621 393.36148891841106 5012.932551276777
2020 7 8 1531.1518947360405 391.253084434343 5567.952745500208
2020 7 9 1613.4043874735075 389.5630819052328 6190.216965794532
2020 7 10 1700.0754310972623 387.88037927652476 6882.024297813616
2020 7 11 1791.402387312524 386.2049450165821 7651.146752594948
2020 7 12 1887.6353687423032 384.53674772996766 8506.22492692188
2020 7 13 1989.037923898484 382.8757561568558 9456.865074878751
2020 7 14 2095.8877589491144 381.22193917244647 10513.747027945576
2020 7 15 2208.4774982585686 379.57526578638186 11688.744176045218
2020 7 16 2327.1154857834363 377.9357051421659 12995.056857453072
2020 7 17 2452.126629518883 376.3032265165859 14447.3606561192
2020 7 18 2583.853291308125 374.67779931913697 16061.971272428096
2020 7 19 2722.6562244518936 373.0593930914487 17857.027819613177
