2020 6 15 1589.3466374091834 1453.2206430123588 1725.472631806008
2020 6 16 1657.2376120536517 1385.6755439700546 1953.0834327910609
2020 6 17 1729.470367630077 1322.475396268229 2212.4179686738826
2020 6 18 1805.2276200815666 1262.4454091745115 2506.6686699938778
2020 6 19 1884.695941878335 1205.4148809831897 2840.5997720412524
2020 6 20 1968.0724588455269 1151.2228526879107 3219.6340055956207
2020 6 21 2053.8533365196213 1098.7160052919194 3647.143796798183
2020 6 22 2138.906152369367 1046.2143771777448 4123.487062643499
2020 6 23 2223.2944009228618 994.1736432557724 4653.972833564387
2020 6 24 2309.5614637524304 944.0728476749574 5249.668911814941
2020 6 25 2395.659667037152 895.0595667010136 5913.620238049911
2020 6 26 2483.925463005062 848.2015673044884 6658.972431053723
2020 6 27 2572.742182049625 802.8742923410115 7491.027448263181
2020 6 28 2661.9369548337395 759.0961879334336 8418.903668981498
2020 6 29 2755.381924042004 718.0353519269305 9465.373347317933
2020 6 30 2852.706465480946 679.3517336959383 10643.977825751464
2020 7 1 2953.4686669711687 642.7521665014658 11969.339168981796
2020 7 2 3060.3593530220232 608.6835425867008 13470.144023805762
2020 7 3 3167.7905921391152 575.7587887553701 15144.48284961665
2020 7 4 3278.9931109677996 544.6149922508088 17026.941981985754
2020 7 5 3393.3861484398235 515.0373696167659 19139.687582496626
2020 7 6 3514.7220857070674 487.5141471081419 21531.23871831021
2020 7 7 3643.96386361569 461.95654993596196 24243.473275568016
2020 7 8 3779.8072894849543 437.9732246708331 27309.664020974567
2020 7 9 3923.5920733934627 415.56842986078743 30784.439455635704
2020 7 10 4072.846465274084 394.30976637157204 34701.33180217285
2020 7 11 4227.778530337582 374.138603137126 39116.59429692955
2020 7 12 4388.604248645685 354.99930840032005 44093.63761925623
2020 7 13 4555.547816193931 336.8390962814285 49703.94057672096
2020 7 14 4728.841957447777 319.60788119548675 56028.076662364525
2020 7 15 4908.72824976766 303.2581397170205 63156.87122710805
2020 7 16 5095.457460175265 287.74477951117126 71192.7058862772
2020 7 17 5289.289894930458 273.02501496973184 80250.98889373924
2020 7 18 5490.495762406222 259.05824920909913 90461.81260072667
2020 7 19 5699.355549767427 245.8059621046951 101971.82180327515
