2020 6 15 3047.59842308036 2975.7931034130447 3119.403742747675
2020 6 16 3089.3155239952234 2945.4748229330035 3236.5851902891404
2020 6 17 3132.244314483831 2916.076249771045 3358.8397824837484
2020 6 18 3175.862431130467 2887.0574900896418 3485.8117671232026
2020 6 19 3220.558375357221 2858.7551486459047 3618.0999230767043
2020 6 20 3266.551214944941 2831.323092202258 3756.158775846142
2020 6 21 3313.5879637610437 2804.489778920447 3899.9307583799523
2020 6 22 3360.4185368744647 2777.1630289147806 4048.165990074453
2020 6 23 3406.517233057161 2748.950724870185 4200.356629311886
2020 6 24 3453.0464822924478 2720.862145821606 4358.019999394898
2020 6 25 3499.495196720425 2692.4963372077486 4520.697635142178
2020 6 26 3546.361372536379 2664.266720907791 4689.179906060759
2020 6 27 3593.0147082874687 2635.701650675397 4862.830025913004
2020 6 28 3638.898026699412 2606.427771573284 5041.037981925015
2020 6 29 3684.8282720282327 2577.0929522682495 5225.030017559879
2020 6 30 3731.5565750926307 2548.240982615765 5416.047130795115
2020 7 1 3778.766905455089 2519.636535244449 5613.887014904561
2020 7 2 3827.022306338251 2491.6517535469034 5819.618929217292
2020 7 3 3875.4404352747633 2463.682530095039 6032.200671346345
2020 7 4 3924.700752173668 2436.1732386627323 6252.905104569362
2020 7 5 3974.8197494235874 2409.1154565946667 6482.055091692994
2020 7 6 4026.991816542747 2383.2146337592094 6721.907091869064
2020 7 7 4080.862718612721 2358.1923961511698 6972.326860428102
2020 7 8 4136.21591535498 2333.8730015693063 7233.377128332304
2020 7 9 4193.263446883835 2310.33678983394 7505.851373450936
2020 7 10 4251.0977895753895 2287.03793174313 7788.589457014016
2020 7 11 4309.729795289297 2263.974033676643 8081.9780077818805
2020 7 12 4369.170465556268 2241.1427261529884 8386.4182184423
2020 7 13 4429.4309536423625 2218.5416635859833 8702.326394219393
2020 7 14 4490.522566641756 2196.16852404378 9030.134522148091
2020 7 15 4552.456767598368 2174.021009010321 9370.290861792624
2020 7 16 4615.245177656751 2152.096843149199 9723.26055821679
2020 7 17 4678.899578242649 2130.3937740698984 10089.526278044219
2020 7 18 4743.4319132736255 2108.909572096398 10469.588869478399
2020 7 19 4808.854291400187 2087.6420300381 10863.968047185017
