2020 6 15 147.55851302566097 136.4474892045743 158.66953684674766
2020 6 16 143.34573413352518 122.57194807769575 165.74487517474165
2020 6 17 139.23843007953562 110.09477589028174 173.11860250594154
2020 6 18 135.24881314538882 98.88771344849808 180.82037530278592
2020 6 19 131.35954765786457 88.81126081822111 188.84611925010583
2020 6 20 127.54143726269866 79.73407021229063 197.16959580837317
2020 6 21 123.82113663301554 71.57640593280284 205.8395768010127
2020 6 22 120.27327342287877 64.29030862109394 214.99705398816587
2020 6 23 116.86431992330851 57.765809931834305 224.6285240335924
2020 6 24 113.53992226811681 51.89748571127136 234.66827466035653
2020 6 25 110.35698163068611 46.64674626588417 245.2536629426663
2020 6 26 107.25187685108114 41.92243555396078 256.2912147842937
2020 6 27 104.27843239601613 37.69390864998633 267.93134929791063
2020 6 28 101.4520199914445 33.91524409370415 280.2661240207008
2020 6 29 98.69174175016207 30.511874113251753 293.13981997903346
2020 6 30 95.98618581549451 27.44372951631402 306.5443244778217
2020 7 1 93.36471050935378 24.68693791000726 320.59343005129557
2020 7 2 90.7859123070987 22.199426647427728 335.1871167252927
2020 7 3 88.3158345464253 19.971730393012866 350.5835441206809
2020 7 4 85.89472588986634 17.963457926058553 366.6147973796306
2020 7 5 83.52225385520192 16.15341959449899 383.3034159896664
2020 7 6 81.17219547360287 14.517426104417172 400.5538467245086
2020 7 7 78.85473845463679 13.041128195657208 418.4152083978123
2020 7 8 76.58064908927643 11.711187186362105 436.9520815799747
2020 7 9 74.33893499010162 10.511796010664344 456.12071361720785
2020 7 10 72.16284167322888 9.435239451940076 476.1302535472476
2020 7 11 70.05044824826835 8.468937508407773 497.0175911222061
2020 7 12 67.9998900542709 7.601598548362054 518.8212344091413
2020 7 13 66.00935701374668 6.82308736285905 541.5813807838456
2020 7 14 64.07709203486573 6.124306731672662 565.3399910390576
2020 7 15 62.20138946043045 5.49709111857167 590.1408667437245
2020 7 16 60.380593562250525 4.934111253703721 616.029730995934
2020 7 17 58.6130970795915 4.428788488092494 643.0543127183935
2020 7 18 56.897339800406705 3.9752179194454733 671.2644346518638
2020 7 19 55.23180718410021 3.568099390966076 700.7121052087733
