2020 6 15 153.75131126223246 142.14891607659018 165.35370644787474
2020 6 16 149.18728183115724 127.5277977841754 172.5447361128364
2020 6 17 144.81436144151382 114.45812676416087 180.11283238065656
2020 6 18 140.5804179371332 102.73643511294364 188.02630971435062
2020 6 19 136.51219751042805 92.24581172376905 196.3435635329578
2020 6 20 132.56509972673624 82.82869999868863 205.03360786221666
2020 6 21 128.80133009365431 74.41619294848338 214.2153007218815
2020 6 22 125.12841196219014 66.84885390305985 223.78153753103138
2020 6 23 121.42648065297524 59.979577906543454 233.5357731508614
2020 6 24 117.94273564135159 53.86985284776855 243.92416934434445
2020 6 25 114.52375754551458 48.36641593072791 254.70191114618618
2020 6 26 111.28075575804448 43.45768190040798 266.1268147445088
2020 6 27 108.1793794966377 39.066583093773204 278.1832719002074
2020 6 28 105.05418267030161 35.07935821882272 290.50240612167283
2020 6 29 102.0688876488107 31.51564689557091 303.5042903808939
2020 6 30 99.24707996667924 28.33825913185482 317.3219767634916
2020 7 1 96.49094871748594 25.47769140483046 331.72930263679604
2020 7 2 93.92648922079641 22.936279817258768 347.18658133244196
2020 7 3 91.36247513021202 20.631840663631237 363.11382466785597
2020 7 4 88.85255592051732 18.555341529967833 379.70854822776175
2020 7 5 86.4888948128361 16.703976313115213 397.39203184761004
2020 7 6 84.26766076177522 15.052695266576317 416.26456081702673
2020 7 7 82.17015603879601 13.57656408477019 436.3627639352044
2020 7 8 80.17585745409927 12.253614601899656 457.70217359591237
2020 7 9 78.26274664185179 11.064588836836162 480.2723057096605
2020 7 10 76.39528539415102 9.990939825156575 503.955412357984
2020 7 11 74.57238444699303 9.021472018696555 528.8063763527499
2020 7 12 72.79298052777341 8.146076225901943 554.8827868777546
2020 7 13 71.05603573509526 7.355624197545591 582.2450729448783
2020 7 14 69.36053693337583 6.641873441287081 610.9566434312069
2020 7 15 67.70549516189868 5.997381272522694 641.0840340216404
2020 7 16 66.0899450579668 5.4154272052849945 672.6970613975109
2020 7 17 64.51294429382001 4.889942873917872 705.8689850285232
2020 7 18 62.97357302698842 4.4154487547805195 740.6766769429523
2020 7 19 61.47093336376112 3.986997028141618 777.2007998695201
