2020 6 15 56.57292742059638 53.431299322716725 59.71455551847604
2020 6 16 55.161290888563535 49.205669255064706 61.457042679201756
2020 6 17 53.77306731120481 45.303688662287456 63.237217153098776
2020 6 18 52.41056103741703 41.70336534015457 65.05811417893737
2020 6 19 51.080595231647195 38.387585082105346 66.9289820839998
2020 6 20 49.79009381354977 35.339733293235675 68.86113883110608
2020 6 21 48.57596129159171 32.56493494072291 70.90960368859311
2020 6 22 47.3953455284722 30.010628976234145 73.0247136460242
2020 6 23 46.2518172434533 27.66199044291823 75.21584548570455
2020 6 24 45.17698161148397 25.521739053394732 77.53956447917437
2020 6 25 44.13425140536001 23.551108813863532 79.94730586540906
2020 6 26 43.15260630832278 21.752392029109405 82.49686814709382
2020 6 27 42.214991250793666 20.10224089843106 85.1701705512557
2020 6 28 41.28466595833851 18.57104156323426 87.90370639059373
2020 6 29 40.426020258758925 17.179495593061432 90.83394218288645
2020 6 30 39.586794782483615 15.892883270726273 93.865365838776
2020 7 1 38.75833139119602 14.699954608779793 96.98216659481226
2020 7 2 37.955348682557926 13.599656169326382 100.22283587693649
2020 7 3 37.142452163260714 12.572202626385932 103.5016866344216
2020 7 4 36.33886330945128 11.619630651614495 106.86522903608831
2020 7 5 35.55195833675172 10.739008774029084 110.33601353592388
2020 7 6 34.74909756758486 9.915160035724488 113.8171193081184
2020 7 7 33.98610122481949 9.160714670118775 117.47924038682281
2020 7 8 33.23733043131791 8.462993768170213 121.25045421623405
2020 7 9 32.50191000665352 7.8176132805129095 125.13125039724714
2020 7 10 31.782761743260657 7.22144894322255 129.1362570737666
2020 7 11 31.07952559779056 6.670747575805975 133.26944978237668
2020 7 12 30.39184949333548 6.162042212025084 137.5349313024609
2020 7 13 29.719389143160516 5.6921302734485915 141.93693572879175
2020 7 14 29.06180787833561 5.258053407469589 146.47983267446972
2020 7 15 28.41877647918142 4.857078862858224 151.1681316083834
2020 7 16 27.78997301044468 4.486682285598405 156.0064863314963
2020 7 17 27.175082660120513 4.144531826698925 160.99969959640364
2020 7 18 26.57379758184104 3.8284734619289735 166.15272787474493
2020 7 19 25.98581674075132 3.5365174310577627 171.47068627720415
