2020 6 15 44.493644534263815 38.31417097065526 50.67311809787236
2020 6 16 42.78959603654073 31.724121514321265 55.50748181143906
2020 6 17 41.12841363069488 26.250957737759386 60.774004486127076
2020 6 18 39.520958204926345 21.71517451113274 66.52430722134031
2020 6 19 37.95047091798967 17.9489009996837 72.77516614041805
2020 6 20 36.43328751936784 14.831542943837386 79.5959191708305
2020 6 21 34.94735885958948 12.243638355593731 86.9917094400326
2020 6 22 33.56776365858489 10.123309558248206 95.18852418511527
2020 6 23 32.285822528094215 8.383201025949601 104.28016769584104
2020 6 24 31.034531135999803 6.937448402346071 114.18104164077621
2020 6 25 29.84662594164444 5.74435639408061 125.07673722860571
2020 6 26 28.686615095985122 4.753068045041163 136.9385011745269
2020 6 27 27.564181405806526 3.931599782608734 149.88934821320657
2020 6 28 26.493480575400266 3.2532197788161406 164.10750718930024
2020 6 29 25.408323764321462 2.6850091254739636 179.32720332153278
2020 6 30 24.309984827868888 2.209952758035574 195.55166985569784
2020 7 1 23.247990668091777 1.817935574032065 213.1544698853538
2020 7 2 22.192336081943132 1.4923250557816288 231.97455956454934
2020 7 3 21.194780942923106 1.225718119252727 252.56257684597514
2020 7 4 20.232359371775374 1.0061796946023762 274.86213429089537
2020 7 5 19.289371252034154 0.8247559000342496 298.8008954761933
2020 7 6 18.345741599301103 0.6741379146180304 324.13381842592145
2020 7 7 17.4411388451673 0.5507637894814024 351.48845166927117
2020 7 8 16.56046114391489 0.44931535906598036 380.73487173071544
2020 7 9 15.70175193496241 0.36594282872881984 411.8975043757299
2020 7 10 14.887569354775382 0.2980404546517751 445.61075621922686
2020 7 11 14.115604565101524 0.24273767822585876 482.083391981754
2020 7 12 13.38366844782509 0.19769658618768188 521.5412634929702
2020 7 13 12.689685397121389 0.1610130758270552 564.228708248341
2020 7 14 12.031687433506594 0.13113635944465482 610.4100624358031
2020 7 15 11.407808623091565 0.10680340512759846 660.3712978016066
2020 7 16 10.816279786213991 0.08698554234048382 714.4217924914071
2020 7 17 10.255423480443703 0.07084497509445876 772.8962468322976
2020 7 18 9.723649243734092 0.057699364297675845 836.1567559189998
2020 7 19 9.219449084230298 0.04699298201343159 904.5950518384243
