2020 6 15 2021.7432538933087 1870.5260802568896 2172.960427529728
2020 6 16 2123.230036554658 1818.0495047386173 2452.076693721594
2020 6 17 2233.258724123801 1769.997112236342 2771.026836752536
2020 6 18 2350.357611292586 1724.2992926839047 3133.161797743728
2020 6 19 2477.9888111032706 1683.0036641166782 3548.4780403965215
2020 6 20 2618.168512856741 1646.512511003873 4026.8911522819303
2020 6 21 2770.3688942157687 1613.385135440548 4576.096664499766
2020 6 22 2919.959188291795 1574.2515380800642 5181.2791964075395
2020 6 23 3064.119001394476 1528.7846042542126 5842.527505929582
2020 6 24 3221.0283962654003 1487.4409799719765 6598.905543273482
2020 6 25 3381.1376171461393 1444.9825373370275 7443.298814390981
2020 6 26 3551.898662713683 1404.8870356322427 8401.66916106017
2020 6 27 3724.7548693227427 1363.321700115801 9467.99195123323
2020 6 28 3891.5310993009616 1317.681752711006 10632.81246472667
2020 6 29 4065.059424063614 1273.327483721873 11938.983100148449
2020 6 30 4247.072820694472 1230.700274471694 13407.802729161021
2020 7 1 4432.2915767743525 1188.067355188648 15041.718184667867
2020 7 2 4635.771970261512 1149.6411133803629 16909.30888482784
2020 7 3 4837.80023261956 1109.7809593091704 18969.410453614997
2020 7 4 5055.006010986235 1072.7647972831394 21305.488443067276
2020 7 5 5293.888432930374 1039.5139121929524 23979.512885978962
2020 7 6 5568.873714088044 1012.1661771763721 27101.55006513853
2020 7 7 5882.170103607554 989.9049737784113 30746.995605845957
2020 7 8 6229.196497880864 970.8435737530756 34966.9724569971
2020 7 9 6614.930712423514 954.9911372313518 39868.49227059089
2020 7 10 7024.550974599989 939.3975475006757 45457.086051271726
2020 7 11 7459.536394248242 924.0585779766265 51829.064872788505
2020 7 12 7921.457672998484 908.9700710886419 59094.24028099504
2020 7 13 8411.982775965842 894.1279371531245 67377.81673196709
2020 7 14 8932.882954654593 879.5281532649482 76822.54930395566
2020 7 15 9486.039142822254 865.1667622070642 87591.2038681221
2020 7 16 10073.44874839854 851.0398713779128 99869.36211542618
2020 7 17 10697.232865984337 837.1436517363481 113868.61978011942
2020 7 18 11359.643935974509 823.4743367637902 129830.23317645301
2020 7 19 12063.073877961084 810.0282214433248 148029.27689121835
