2020 6 15 887.1591155896683 856.2341854240921 918.0840457552446
2020 6 16 897.6897177703383 836.2238682617219 961.3351669689739
2020 6 17 908.4201856036505 816.7509360028179 1006.704032211178
2020 6 18 918.7485849796476 797.2546470126331 1053.6263051609897
2020 6 19 929.4242847050394 778.4232176321063 1102.9992324482212
2020 6 20 940.6116031256647 760.3611947303576 1155.1457245171728
2020 6 21 950.7961027240815 741.7987688066165 1208.3606321065104
2020 6 22 959.0291744285281 722.0809885178634 1261.4068258143068
2020 6 23 965.1740011814665 701.2613495657994 1313.9412821972587
2020 6 24 972.9278582940268 682.1824580816333 1370.800525104015
2020 6 25 979.6891614595045 662.8830168464605 1428.6340659467292
2020 6 26 987.6821868864904 644.9311932643432 1490.6352240212786
2020 6 27 995.0402592338185 627.0083403088613 1554.270456098868
2020 6 28 1001.6232866293165 609.0606458305151 1619.326018687098
2020 6 29 1009.6699640529001 592.4902160238939 1689.400422078845
2020 6 30 1019.170688750928 577.1859338440121 1764.8319895783347
2020 7 1 1027.8683272999886 561.7715275898048 1842.086110043456
2020 7 2 1038.1832236878831 547.6121097758686 1925.4873007675535
2020 7 3 1046.3937339767288 532.6449756237903 2008.569590899725
2020 7 4 1055.0618879269857 518.2868188501042 2095.990588734761
2020 7 5 1064.857750609406 504.8344054581093 2189.314160609199
2020 7 6 1076.5651468045157 492.5942698163619 2290.536006908088
2020 7 7 1090.6009977563053 481.6574218105623 2401.1180346393053
2020 7 8 1106.4752399468582 471.69449594904006 2520.683318315244
2020 7 9 1124.6153090946752 462.8050796943913 2650.837884361542
2020 7 10 1143.0527749639077 454.08319077369924 2787.7129340717784
2020 7 11 1161.7925132145758 445.5256720159171 2931.6554771748415
2020 7 12 1180.8394794405356 437.1294257491184 3083.0304411207185
2020 7 13 1200.1987104799507 428.8914126791942 3242.221596255506
2020 7 14 1219.8753257472501 420.80865078968174 3409.6325287674954
2020 7 15 1239.874528586921 412.87821426232665 3585.6876638709737
2020 7 16 1260.201607649498 405.09723241798815 3770.8333418217508
2020 7 17 1280.8619382901097 397.4628886775033 3965.538949492354
2020 7 18 1301.8609839899534 389.9724195421349 4170.2981103756965
2020 7 19 1323.2042978010759 382.623113593233 4385.629936034156
