2020 6 15 7.312888273250847 5.277929076540889 9.347847469960806
2020 6 16 7.65121173909046 3.9878273779960822 12.497710449442163
2020 6 17 8.021253268569481 3.0214430767677873 16.735197852875544
2020 6 18 8.41909897777164 2.2929780794753722 22.430123112482942
2020 6 19 8.844996596770136 1.742410569996809 30.08517407013949
2020 6 20 9.305549169429074 1.3266225532541709 40.39736663834838
2020 6 21 9.780887269538898 1.008742337100158 54.204316368837745
2020 6 22 10.291379093402963 0.7681527280862209 72.79044025873125
2020 6 23 10.856480326656833 0.5870321787815582 97.94736024249394
2020 6 24 11.470043766364022 0.4495601353716494 131.9559752355098
2020 6 25 12.132450676080822 0.34483677461812984 177.9358172029042
2020 6 26 12.872074778567224 0.26561575000402765 240.50868757631284
2020 6 27 13.667917586077875 0.2048242110943461 325.29386735214956
2020 6 28 14.553482155104264 0.15855322605996613 440.93219133027605
2020 6 29 15.50361414198403 0.1228134624367312 597.8964930423474
2020 6 30 16.483221822022077 0.0948719809210638 809.4819439900384
2020 7 1 17.534906510485758 0.07334610052671765 1096.443827389
2020 7 2 18.673184854260334 0.05678584768323376 1486.3527480945493
2020 7 3 19.843838489744645 0.04383835535352989 2011.6134763255234
2020 7 4 21.114843846243726 0.033902526389882504 2725.228716296468
2020 7 5 22.45943348073428 0.02620606006196565 3690.9874841187557
2020 7 6 23.91183923948798 0.02028272122386681 5002.636268556634
2020 7 7 25.50197946986326 0.015735392062112132 6789.565122729288
2020 7 8 27.223588530018542 0.012223433909369186 9221.629141746655
2020 7 9 29.108497298872674 0.009516441482641875 12540.819790995805
2020 7 10 31.123913515816742 0.007408937550939051 17054.704609433404
2020 7 11 33.27887326487157 0.005768159845656508 23193.296304589745
2020 7 12 35.5830382710894 0.0044907475297624915 31541.384374077858
2020 7 13 38.046739218732355 0.0034962299790034022 42894.24474935239
2020 7 14 40.68102206871804 0.0027219575326980403 58333.401311626374
2020 7 15 43.49769758299576 0.0021191548766261504 79329.65665830096
2020 7 16 46.509394277895005 0.0016498484407569125 107883.20728813087
2020 7 17 49.7296150438617 0.0012844742531521048 146714.1911997163
2020 7 18 53.17279768543578 0.0010000155567342496 199521.82031350362
2020 7 19 56.85437965290009 0.000778552868036421 271336.7838222524
