2020 6 15 336.88142180910705 305.95789505951944 367.8049485586947
2020 6 16 337.90279972267456 278.722136344323 402.77647558831325
2020 6 17 338.9991072182453 253.970102305013 441.1587795937902
2020 6 18 340.1079798700535 231.42293160054737 483.2104214956644
2020 6 19 341.2656682236116 210.90822060678332 529.3346647062044
2020 6 20 342.46357111441887 192.2344740457706 579.9179037357237
2020 6 21 343.6656788563712 175.21409504730096 635.3348788519163
2020 6 22 344.7258902007731 159.62619936544755 695.7773773202139
2020 6 23 345.66112637525663 145.3656938806816 761.7112196441801
2020 6 24 346.5897145557808 132.37531454986922 833.8728993103346
2020 6 25 347.47474755108567 120.52821219110405 912.7601145404439
2020 6 26 348.3712739885677 109.74458459704022 999.1345837402995
2020 6 27 349.2423416937146 99.91701659094483 1093.6030168207424
2020 6 28 350.0599047796508 90.95357135916643 1196.8291023543263
2020 6 29 350.97240339690893 82.81839605377326 1310.1168169278578
2020 6 30 351.96189191848157 75.4284624860417 1434.406466354434
2020 7 1 352.9448173762177 68.695932616006 1570.4492507591065
2020 7 2 353.9680031567515 62.57163104543617 1719.561607998025
2020 7 3 354.9189070303281 56.9800144753324 1882.4664605490163
2020 7 4 355.8817967067304 51.889598164114965 2060.8543340783845
2020 7 5 356.87566929907615 47.25808032496106 2256.311039298775
2020 7 6 357.95766700780774 43.05126071396974 2470.8449731331966
2020 7 7 359.0968467013537 39.225406443907545 2706.149223908495
2020 7 8 360.3153540468581 35.747815179597325 2964.4325311791754
2020 7 9 361.68544622400447 32.59316424844926 3248.580321949126
2020 7 10 363.060748150202 29.71690298803759 3559.964342975707
2020 7 11 364.441279635421 27.094464240073094 3901.1952506239827
2020 7 12 365.8270605649585 24.70344883355148 4275.1339387769185
2020 7 13 367.21811089972533 22.523434265561608 4684.915524686682
2020 7 14 368.61445067653307 20.53580026551063 5133.975633925884
2020 7 15 370.0161000083829 18.723569752848753 5626.0792048128615
2020 7 16 371.42307908475544 17.07126382985765 6165.352053808496
2020 7 17 372.8354081719013 15.564769570944977 6756.3154665301245
2020 7 18 374.2531076131332 14.191219479186904 7403.924104395037
2020 7 19 375.6761978291188 12.93888158051458 8113.6075447044
