2020 6 15 40.712139420459295 38.13364827601227 43.290630564906316
2020 6 16 41.45926658928056 36.37612742057029 46.874721244208025
2020 6 17 42.23878449996389 34.71599759363654 50.77666355937194
2020 6 18 43.051990008350785 33.14727421871383 55.02628899793954
2020 6 19 43.919646789060586 31.67930691191834 59.68116141247336
2020 6 20 44.84436689363731 30.304897148464566 64.78358612038608
2020 6 21 45.78855681034424 28.99011628418871 70.32224124479463
2020 6 22 46.69073505934663 27.693191993297006 76.23936911703059
2020 6 23 47.56861513866143 26.429333048128544 82.585681426587
2020 6 24 48.46300113574938 25.22315396282127 89.46027302802216
2020 6 25 49.30869699282259 24.037928752205318 96.78619737159295
2020 6 26 50.1247175227291 22.88673573082747 104.62482762021835
2020 6 27 50.90907421757882 21.77005046466778 113.00402231137416
2020 6 28 51.6368918989849 20.678424182371277 121.90154494619843
2020 6 29 52.39838026435792 19.650852711636087 131.55454981389732
2020 6 30 53.14748969562451 18.6654903981966 141.91267300935328
2020 7 1 53.88336260405408 17.721127674163473 153.02241676128364
2020 7 2 54.653701971633936 16.832528506584836 165.07084113521844
2020 7 3 55.41042969022683 15.980902745154022 177.99354005307345
2020 7 4 56.17763495781327 15.172364178689127 191.92790248565382
2020 7 5 56.980774214424514 14.411568904975288 207.03960224369482
2020 7 6 57.821068721288206 13.695415830414035 223.43442553446522
2020 7 7 58.78230434557049 13.040561334299241 241.54696444520908
2020 7 8 59.80277856872157 12.42661582796944 261.30554008722686
2020 7 9 60.90698300260957 11.855292061283539 282.968817567985
2020 7 10 62.03157557666428 11.310235369310407 306.4280676525068
2020 7 11 63.17693273952755 10.79023810193255 331.8321836740533
2020 7 12 64.34343789062628 10.294148131728555 359.34240282048734
2020 7 13 65.5314815085124 9.820866301271998 389.13332948933646
2020 7 14 66.74146128157255 9.369343987792849 421.3940434830956
2020 7 15 67.97378224115121 8.93858077980556 456.32930007836586
2020 7 16 69.22885689713172 8.52762226055606 494.1608295855392
2020 7 17 70.50710537602083 8.135557893376573 535.1287446471933
2020 7 18 71.80895556158278 7.7615190042629765 579.4930642071696
2020 7 19 73.13484323807006 7.4046768572048 627.5353638228002
