2020 6 15 665.1857567245729 595.8655102628132 734.5060031863325
2020 6 16 642.9979611117809 515.9007544833056 784.0761668224679
2020 6 17 621.3797821399415 446.5304376804476 836.7838315510421
2020 6 18 600.356631485735 386.39325404788786 892.8571625060758
2020 6 19 579.9174217712715 334.2731854976007 952.4986223346241
2020 6 20 560.0203167128446 289.0948990389947 1015.8715071319932
2020 6 21 540.4792403222388 249.85400724733276 1082.8682673556277
2020 6 22 521.8063036116993 216.02567403858032 1154.6566901524227
2020 6 23 504.1658582017173 186.93780659680195 1232.0614637657177
2020 6 24 486.94800751692657 161.70219147831662 1314.2305794886313
2020 6 25 470.51181954478596 139.9375578428467 1402.402402312028
2020 6 26 454.43081899774006 121.04301761384966 1495.8947800635356
2020 6 27 438.87533349101994 104.69322301393964 1595.5405888200012
2020 6 28 424.1897578432265 90.63235929635852 1703.0508394577287
2020 6 29 409.86063262889587 78.43111062992037 1817.263488987636
2020 6 30 395.88514798073953 67.84748434976565 1938.5574830100722
2020 7 1 382.3547136392497 58.68663402306099 2067.793106249018
2020 7 2 369.0839745733171 50.73157433447784 2204.5478879191182
2020 7 3 356.47932739030637 43.88308013436662 2351.5744412579998
2020 7 4 344.201180866141 37.94629847950768 2507.720738801296
2020 7 5 332.20904363288554 32.79759157015667 2673.2379781183818
2020 7 6 320.40571838679625 28.324873798746232 2847.8371322929816
2020 7 7 308.7697520439384 24.439837010637426 3031.6000791490574
2020 7 8 297.43411344853666 21.077995252957795 3226.0204630823846
2020 7 9 286.2827917257799 18.162164778955987 3430.394697127903
2020 7 10 275.549552430498 15.649696543681534 3647.7164087296496
2020 7 11 265.21872092604184 13.484791317007094 3878.805844020176
2020 7 12 255.2752102451257 11.619368871190444 4124.535213208824
2020 7 13 245.70449905708193 10.01200017048202 4385.831982600022
2020 7 14 236.49261046116138 8.626987276587085 4663.682375166898
2020 7 15 227.62609157490957 7.433570535667732 4959.135092892569
2020 7 16 219.09199388781047 6.405245439356671 5273.305274928482
2020 7 17 210.87785435150616 5.5191739879971555 5607.3787065092465
2020 7 18 202.9716771789769 4.755677483116696 5962.61629450985
2020 7 19 195.36191632610172 4.097799484598312 6340.358826537508
