2020 6 15 358.41891700689064 337.7770690188894 379.06076499489194
2020 6 16 354.10238029016193 314.48918945668476 396.0646651269389
2020 6 17 349.8237315847779 292.7943615170232 413.81555808425816
2020 6 18 345.586020470591 272.58712960285345 432.34928328644935
2020 6 19 341.38401005465005 253.76216998342403 451.6935265060469
2020 6 20 337.22011913128495 236.22762510762888 471.88610801090005
2020 6 21 333.0954211357798 219.89656612848265 492.9651574421324
2020 6 22 329.0434766958181 204.70924092034778 515.0188099350138
2020 6 23 325.0694031286366 190.5886211692471 538.1038057451731
2020 6 24 321.1433270506501 177.44202633885214 562.2235541144132
2020 6 25 317.28152182435315 165.21158111241914 587.4539409177906
2020 6 26 313.466729639628 153.82443576664812 613.8176315254431
2020 6 27 309.7097163186567 143.22799064452744 641.3877948303748
2020 6 28 306.02463376390085 133.37393966497515 670.2520078348745
2020 6 29 302.3795217129969 124.19615552865655 700.4066995281469
2020 6 30 298.7718081830373 115.64744477428367 731.9041112317701
2020 7 1 295.2114638154961 107.68883590121027 764.8285626568194
2020 7 2 291.6839308027002 100.27441368393063 799.2091964914247
2020 7 3 288.213855974279 93.37573982610208 835.1772524374467
2020 7 4 284.78193426302363 86.95066673609885 872.7549668070408
2020 7 5 281.3857249355848 80.96612179198038 912.0076482195701
2020 7 6 278.0132141810001 75.38863950157774 952.9712805842394
2020 7 7 274.66326443917154 70.19052808389954 995.7136112921587
2020 7 8 271.3421988838972 65.34789682857821 1040.3313833830648
2020 7 9 268.045994413274 60.83568799405524 1086.8898285207533
2020 7 10 264.78983149887335 56.63504279898277 1135.5319258948955
2020 7 11 261.5732237248072 52.72444807653106 1186.3509261849254
2020 7 12 258.39569058405914 49.08387612315444 1239.4442533622798
2020 7 13 255.2567574067048 45.69468212879361 1294.9136914597198
2020 7 14 252.15595528900405 42.539508689422995 1352.8655796992286
2020 7 15 249.0928210233548 39.602196912913946 1413.4110163525615
2020 7 16 246.06689702909745 36.86770366295182 1476.6660717252632
2020 7 17 243.07773128416022 34.32202451718021 1542.7520106724605
2020 7 18 240.12487725753448 31.952122045010565 1611.7955250730101
2020 7 19 237.20789384257068 29.745859037779372 1683.9289767076723
