2020 6 15 74.7168935287916 67.61113541370138 81.8226516438818
2020 6 16 72.90973086135435 59.701669574961464 87.43659045246623
2020 6 17 71.14827647650914 52.719126628747084 93.43810459728242
2020 6 18 69.42872757994728 46.55276092667257 99.85069965595885
2020 6 19 67.75200655539957 41.10850355384379 106.70521177200551
2020 6 20 66.11577876027081 36.3009417872818 114.03026977817531
2020 6 21 64.5190662730077 32.055615279637365 121.85817552629419
2020 6 22 62.95619806779344 28.304428227333847 130.21453976743967
2020 6 23 61.42658530642953 24.990140422792305 139.1344181170926
2020 6 24 59.934698051016724 22.064165264006956 148.66659206920252
2020 6 25 58.47630625600315 19.47977030421024 158.8450276461188
2020 6 26 57.05340152769595 17.19808778462164 169.72032826414136
2020 6 27 55.66459899164355 15.183503572464042 181.3386537384928
2020 6 28 54.30655084119128 13.404075277184607 193.74237723787522
2020 6 29 52.98411629450161 11.833799246726782 207.0033786537552
2020 6 30 51.69630564003849 10.44802041909702 221.18150837106154
2020 7 1 50.43885116859454 9.224330133052256 236.32668785288865
2020 7 2 49.21428747190664 8.144382047581322 252.51971618067356
2020 7 3 48.01765503144871 7.190572311267007 269.8130552452868
2020 7 4 46.85187357946736 6.348728547114608 288.300558652066
2020 7 5 45.71696404338963 5.605792617893678 308.07062716505266
2020 7 6 44.61330577297887 4.950256997162779 329.22175535479425
2020 7 7 43.53873715887782 4.371650456982168 351.8431023034323
2020 7 8 42.49339298954739 3.8610094185107133 376.0458056196927
2020 7 9 41.477360243605304 3.4103978404913238 401.95065761679075
2020 7 10 40.48562121647924 3.0123763424835617 429.64002986903614
2020 7 11 39.517595036365336 2.660807229295959 459.23685349919265
2020 7 12 38.57271472031945 2.350269125283529 490.8725280466196
2020 7 13 37.65042684216938 2.0759733739608692 524.6875048352429
2020 7 14 36.750191208367426 1.8336901944685042 560.8319105282812
2020 7 15 35.87148054159344 1.6196834561873914 599.4662136380938
2020 7 16 35.01378017192307 1.430653065692768 640.7619369502178
2020 7 17 34.17658773538023 1.263684077624679 684.9024190245111
2020 7 18 33.35941287969736 1.1162017447387684 732.0836281541982
2020 7 19 32.561776977110995 0.9859318139861153 782.5150323965114
