2020 6 15 161.02134779540737 151.49370728851522 170.54898830229948
2020 6 16 163.8171957893017 145.02025249849993 183.75924833033883
2020 6 17 166.8583341231582 138.99758412360902 198.2134350729384
2020 6 18 170.13810868890414 133.37679707093451 214.02097742339555
2020 6 19 173.68668753350872 128.143489849744 231.3462134214678
2020 6 20 177.63165915287718 123.35336913088047 250.5033482788558
2020 6 21 181.76320472263103 118.80964756265654 271.38358479521224
2020 6 22 185.71301145370276 114.25168713227762 293.5894300262673
2020 6 23 189.40394753613342 109.6565236895029 317.0673276083538
2020 6 24 193.47843234685607 105.42576451193518 342.94198914739076
2020 6 25 197.38707486683822 101.22010853473756 370.4788650331182
2020 6 26 201.54708910498584 97.27063664534178 400.55044044616
2020 6 27 205.55271810030212 93.35844519515688 432.58184640111284
2020 6 28 209.32375835615517 89.46089739547504 466.5135305695382
2020 6 29 213.30110834408262 85.78467054589687 503.41242353076535
2020 6 30 217.51705278926798 82.32507451679179 543.6145811550216
2020 7 1 221.6263341181922 78.93309240357554 586.5524294568665
2020 7 2 226.12781696084056 75.79290306325213 633.714294647312
2020 7 3 230.25163581691245 72.6204099239109 683.3536009566578
2020 7 4 234.57635649456262 69.62035340874218 737.2542414076734
2020 7 5 239.11036460669885 66.78224023801941 795.8088594278947
2020 7 6 244.07139452766273 64.15461311640921 860.1435828155878
2020 7 7 249.72605903579105 61.785640702859865 931.7609766432087
2020 7 8 255.7852969084879 59.57182882033556 1010.3620975305389
2020 7 9 262.41185834503085 57.53522708346205 1097.2540419439008
2020 7 10 269.21009234056373 55.568251321093115 1191.6187627236648
2020 7 11 276.1844463702654 53.66852120710121 1294.098924584026
2020 7 12 283.3394831288674 51.83373779235225 1405.3924619160198
2020 7 13 290.6798835156164 50.06168072264357 1526.2573320237125
2020 7 14 298.2104496965666 48.35020555175308 1657.5166771424874
2020 7 15 305.93610824620714 46.69724114634812 1800.0644303950107
2020 7 16 313.8619133704776 45.10078717961361 1954.8714038638718
2020 7 17 321.9930502132825 43.55891171056625 2122.9919002433157
2020 7 18 330.33483824866573 42.06974884612559 2305.5708930982846
2020 7 19 338.892734760866 40.63149648311262 2503.851824631453
