2020 6 15 593.6874511880309 564.6104368935582 622.7644654825034
2020 6 16 606.9142332522609 548.9655832533189 667.7698952201334
2020 6 17 619.9851486926365 533.3467066156782 715.5320171968692
2020 6 18 633.0153933439901 517.8950566874549 766.3384906499164
2020 6 19 647.1183639126102 503.544644733582 821.7196098495558
2020 6 20 662.1600450343091 490.07782227008585 881.8959774030228
2020 6 21 677.2072654086173 476.7164885510404 946.0209184873322
2020 6 22 691.6915133354435 463.08242602148766 1013.5444380977351
2020 6 23 705.2018496530058 448.97886659661003 1084.0065125904887
2020 6 24 720.1801493005821 436.0714379177533 1161.217996389758
2020 6 25 734.621175750974 423.0171247710505 1242.5498305781755
2020 6 26 749.3517731443353 410.3536078951282 1329.578155238682
2020 6 27 763.5989476581672 397.6427083903642 1421.3201243945655
2020 6 28 777.8902539742196 385.20745807550526 1518.970313385996
2020 6 29 793.5462285316235 373.70441430892276 1625.4719202895772
2020 6 30 808.8692950163615 362.2397098378857 1738.1134704443105
2020 7 1 822.9870711042869 350.4544485011877 1855.335078621568
2020 7 2 838.8786287139118 339.70301895209747 1983.9056289360615
2020 7 3 853.8938272725491 328.80228431761225 2118.5875766205127
2020 7 4 869.811678199289 318.49543190796123 2263.98546135329
2020 7 5 886.8011136323598 308.79538932794424 2421.378769660314
2020 7 6 905.5048688696128 299.87216553955324 2593.4889365363847
2020 7 7 928.445894050545 292.4793934379876 2788.8388476978935
2020 7 8 955.1684912890408 286.27705450397315 3008.5162887806678
2020 7 9 984.3726369529134 280.7194775041252 3250.89140800681
2020 7 10 1014.4696953664576 275.2697913101358 3512.792995691494
2020 7 11 1045.486967214573 269.925901407437 3795.7941628523854
2020 7 12 1077.4525878968568 264.6857539428613 4101.594755061282
2020 7 13 1110.3955530488913 259.5473349352707 4432.031562560905
2020 7 14 1144.3457448438414 254.5086695015097 4789.089352939395
2020 7 15 1179.3339590982198 249.56782109738495 5174.9127926302535
2020 7 16 1215.3919332064065 244.72289077338044 5591.8193288441535
2020 7 17 1252.5523749292634 239.97201644482135 6042.313109307927
2020 7 18 1290.8489920629565 235.3133721762065 6529.100023419582
2020 7 19 1330.3165230148982 230.74516747943437 7055.10395516399
