2020 6 15 599.3203012311274 575.84567006453 622.7949323977244
2020 6 16 589.1712626079579 543.9342215198453 636.215024945576
2020 6 17 579.3900006120275 513.9720672783508 650.1358491677196
2020 6 18 569.8452236523804 485.72608559402863 664.4444176157721
2020 6 19 560.720048299328 459.25603057188897 679.3738142950784
2020 6 20 551.9561325956519 434.40468874668903 694.8993182837972
2020 6 21 543.8798014501825 411.3314496982727 711.4728218995749
2020 6 22 535.8381755253647 389.4206098734996 728.3324175120181
2020 6 23 527.5316865931555 368.3980180838529 745.0699038562691
2020 6 24 519.7992453811734 348.8212751158674 762.8209294690346
2020 6 25 511.9940061405075 330.159932346763 780.7217032640235
2020 6 26 504.5155046782732 312.63205864329706 799.3620594535504
2020 6 27 497.1978575133516 296.06670935512915 818.5292544971028
2020 6 28 489.236015513709 279.9323029081915 836.9207822306847
2020 6 29 481.4016698961794 264.6771546256114 855.7255490641727
2020 6 30 473.7543462823032 250.28719859793975 875.0622802549551
2020 7 1 466.1315617095397 236.6283796269341 894.6569002048963
2020 7 2 459.01296085779217 223.9086396402369 915.4225707320805
2020 7 3 451.6860715225371 211.71800282831907 936.0380236455213
2020 7 4 444.45302922246015 200.18025068723452 957.0698550394287
2020 7 5 437.64275872045806 189.40950564998622 979.2352174421368
2020 7 6 431.4405785863862 179.43629818436838 1003.0410454109759
2020 7 7 425.86335705594877 170.21158660384222 1028.6742061578889
2020 7 8 420.55139915298025 161.5383180067964 1055.4290292696855
2020 7 9 415.4600623897286 153.36629530712563 1083.2671138481498
2020 7 10 410.4303630626834 145.60768507718927 1111.8394580798035
2020 7 11 405.4615549682996 138.24157329405654 1141.1654288588304
2020 7 12 400.5529009368233 131.2481039492185 1171.2649039022388
2020 7 13 395.70367272292566 124.60842552495362 1202.1582852233676
2020 7 14 390.913150897661 118.30464017838766 1233.866512960771
2020 7 15 386.1806247417325 112.31975549626851 1266.4110795718527
2020 7 16 381.50539214005033 106.63763869040726 1299.814044400876
2020 7 17 376.88675947756616 101.24297311031478 1334.0980486312176
2020 7 18 372.3240415363689 96.12121695581006 1369.286330632006
2020 7 19 367.81656139402605 91.25856407830634 1405.402741709542
