2020 6 15 494.86924344738105 445.1710380276266 544.5674488671356
2020 6 16 484.04874154892303 391.69659597429074 586.1671550946741
2020 6 17 473.39613119581225 344.5899686781438 630.8614812380127
2020 6 18 462.97537187051176 303.14664694291423 678.9602357807248
2020 6 19 452.7208179076551 266.6462798893654 730.6335214873409
2020 6 20 442.66620919040184 234.52472713198108 786.1956063032778
2020 6 21 432.7237468215478 206.2138059823 845.7855661636978
2020 6 22 423.11562112251124 181.37337887287802 910.1091722014784
2020 6 23 413.8386315263489 159.57571486564046 979.5780931232695
2020 6 24 404.69952882982363 140.37245699270025 1054.1945211682003
2020 6 25 395.7975996385364 123.49236976492051 1134.586709515693
2020 6 26 387.0417857365833 108.62664372401285 1220.9670989166136
2020 6 27 378.4691032163859 95.54745446790282 1313.8906287727452
2020 6 28 370.1854698785266 84.0681012043582 1414.230523534559
2020 6 29 361.9861419924711 73.94588285756647 1521.862655795718
2020 6 30 353.88147561680546 65.02466858629249 1637.320748336336
2020 7 1 345.96792733799305 57.18153065104226 1761.5829099987789
2020 7 2 338.14257716467205 50.26974421952924 1894.8238007062976
2020 7 3 330.5569874877651 44.2027465570144 2038.4943257437328
2020 7 4 323.1253256269648 38.865796151090386 2192.958174923901
2020 7 5 315.7848949093426 34.16409514936052 2358.611523465562
2020 7 6 308.5215755998186 30.02147362969667 2536.1085885220864
2020 7 7 301.3568273655477 26.374507520351578 2726.4001638274917
2020 7 8 294.299350937756 23.16539607872209 2930.4350579328843
2020 7 9 287.3430511917062 20.34170671250548 3149.100969509042
2020 7 10 280.55117622608043 17.8622040638304 3384.083496174824
2020 7 11 273.9198395625204 15.684934333546932 3636.6001661954456
2020 7 12 267.44524658664335 13.773057578367125 3907.9593584855024
2020 7 13 261.1236923766703 12.094224369896912 4199.567081786696
2020 7 14 254.95155958337847 10.620028434292623 4512.9342597005025
2020 7 15 248.9253163601647 9.32552601106946 4849.6845593221515
2020 7 16 243.0415143420358 8.188813798493907 5211.562804038838
2020 7 17 237.29678667236914 7.190658344291519 5600.4440140819
2020 7 18 231.68784607631406 6.314170610869058 6018.3431216752615
2020 7 19 226.2114829797323 5.544520208613906 6467.425411117814
