2020 6 15 34.11208808970315 31.86735359059143 36.35682258881487
2020 6 16 33.53520543864167 29.264909017743257 38.09621080444996
2020 6 17 32.96807867212822 26.874992847528006 39.91881507553927
2020 6 18 32.410542804644294 24.680248967005962 41.82861663630246
2020 6 19 31.83204217015701 22.641594376513652 43.79056178166006
2020 6 20 31.234016307132983 20.750105615769503 45.803465485580844
2020 6 21 30.588645174323382 18.97771521571394 47.82298978245429
2020 6 22 29.956608986817272 17.356715261007327 49.931557088244745
2020 6 23 29.36572446960016 15.89045110890426 52.1799174689643
2020 6 24 28.703880519909173 14.50334979693537 54.382721431257664
2020 6 25 28.05695319228879 13.237330639052567 56.678517976361874
2020 6 26 27.398295469333792 12.069410687870537 59.01808171052224
2020 6 27 26.729407062632085 10.993217185253833 61.398872368058534
2020 6 28 26.126980367471056 10.033602768021845 63.99085959021442
2020 6 29 25.51363018370063 9.14834537175825 66.63226059645547
2020 6 30 24.89075306122221 8.332614587265665 69.32020739040016
2020 7 1 24.306424227596548 7.597434127750109 72.18159207450029
2020 7 2 23.690225520629397 6.912868885047452 75.02570965080771
2020 7 3 23.111864095896458 6.296468899089079 78.05224835614533
2020 7 4 22.547622500344872 5.7350314690546735 81.20087769651377
2020 7 5 21.97601164965786 5.218277635654419 84.40037547469912
2020 7 6 21.377675193213946 4.738298764746792 87.5676452580517
2020 7 7 20.748852643427444 4.292100548493 90.6621639502026
2020 7 8 20.102206103523965 3.880406824830989 93.70733500157817
2020 7 9 19.45591886816274 3.504381470724424 96.76251837799272
2020 7 10 18.83040980950709 3.164794323567236 99.91731130432524
2020 7 11 18.225010907822767 2.8581143902729607 103.17496139658184
2020 7 12 17.639075620253504 2.5811528436634066 106.53882215428816
2020 7 13 17.071978190337948 2.33102986536358 110.01235641265849
2020 7 14 16.52311297972574 2.1051447017391456 113.59913990731754
2020 7 15 15.99189382137893 1.9011486215210618 117.30286495524449
2020 7 16 15.477753393568003 1.7169204939334854 121.12734425572857
2020 7 17 14.980142613993998 1.5505447333887705 125.07651481524893
2020 7 18 14.498530053389624 1.4002913814207132 129.15444200031914
2020 7 19 14.032401367973142 1.2645981187499804 133.36532372246847
