2020 6 15 132.25409001220257 124.32726868295865 140.1809113414465
2020 6 16 124.4546299005924 109.97200611620852 139.8328292561296
2020 6 17 116.98489508995067 97.15917315404678 139.33928449192805
2020 6 18 109.90588338941463 85.7913173222763 138.778864989698
2020 6 19 103.23494224666365 75.73768506904266 138.1950717023881
2020 6 20 96.95619688806644 66.85288429003444 137.59672091037135
2020 6 21 90.95786551585256 58.94040331745641 136.85697379049103
2020 6 22 85.38101990148428 51.99706971446515 136.19702231100666
2020 6 23 80.2669844239472 45.94529511297051 135.73307758572264
2020 6 24 75.42961722993353 40.58089833450839 135.2205826015083
2020 6 25 70.9302096614615 35.86780773709491 134.79325828997423
2020 6 26 66.64243377965141 31.673396232513863 134.25942006152178
2020 6 27 62.59744783673735 27.961684046810344 133.69463847034896
2020 6 28 58.875044068663684 24.719360371845895 133.29682534455083
2020 6 29 55.34862725546431 21.84235214647827 132.84275991810932
2020 6 30 52.01298887760848 19.292122722540466 132.34117806821556
2020 7 1 48.87197259794123 17.037273253865454 131.82519743166893
2020 7 2 45.86648934673659 15.027091712519244 131.1651665042971
2020 7 3 43.093831155778346 13.269811010520861 130.64569705152454
2020 7 4 40.46490796471999 11.710676726135047 130.05590734376705
2020 7 5 37.96148956848541 10.324640689611062 129.35670112544705
2020 7 6 35.55453027009659 9.0867627407558 128.4621887803102
2020 7 7 33.24364675101818 7.982851179455648 127.36958379591576
2020 7 8 31.05765395452181 7.006972236152563 126.18931345335406
2020 7 9 28.989978343575498 6.144654965758804 124.91667050175673
2020 7 10 27.059959055233673 5.388459291078351 123.65686239360159
2020 7 11 25.258431565306626 4.725325293838205 122.40975968707937
2020 7 12 23.576841481431757 4.143800282495713 121.17523424582582
2020 7 13 22.007203923305568 3.633840997910246 119.953159225756
2020 7 14 20.542065607192804 3.186640160693361 118.74340906203139
2020 7 15 19.174469454674412 2.7944743646140746 117.54585945615852
2020 7 16 17.897921557582105 2.4505706890940915 116.36038736321757
2020 7 17 16.70636034225551 2.1489897271168705 115.18687097921986
2020 7 18 15.594127786701097 1.8845230083777127 114.02518972859286
2020 7 19 14.555942553980143 1.6526030461158383 112.87522425179135
