2020 6 15 168.61925512135275 142.39480844594462 194.84370179676088
2020 6 16 161.00519820483 114.7459472802383 215.08012658064325
2020 6 17 153.50724297383346 92.30338942693564 237.11410909023678
2020 6 18 146.4308345289557 74.2937693594614 261.51715846463867
2020 6 19 139.5425687212016 59.72801561393197 288.18511407128955
2020 6 20 132.71518989753395 47.90533510757671 317.02905879014213
2020 6 21 125.72131383484636 38.242182720440496 347.56425875298936
2020 6 22 119.51089530172818 30.6544211542208 382.1875021948353
2020 6 23 114.00165748086387 24.673335499583317 421.5210556561798
2020 6 24 108.63889545209562 19.835975219356918 464.5052516665062
2020 6 25 103.78448791077959 15.993766882829892 512.9676537477121
2020 6 26 99.04913754767853 12.880710169421455 566.0025293170667
2020 6 27 94.66993347004825 10.391802137142417 625.3211037277958
2020 6 28 91.0645518400302 8.447508324139022 694.6888516689136
2020 6 29 87.46768171350989 6.85504205609952 770.7691461722308
2020 6 30 83.88917322028807 5.553081344528765 854.0914150814112
2020 7 1 80.49661874572585 4.5010166732463 946.8237048832722
2020 7 2 77.05151509598231 3.6376621573838017 1047.3924694893942
2020 7 3 74.00813227300728 2.9519150639356373 1162.0998343015299
2020 7 4 71.0849570669187 2.395440304153227 1289.3696147557782
2020 7 5 68.24372912746783 1.9427390357295993 1429.9697478069681
2020 7 6 65.35519898673104 1.571011886881662 1582.530977972287
2020 7 7 62.3783879201058 1.265350633549777 1746.2705781086665
2020 7 8 59.461685319868266 1.0176287259285206 1924.838765161465
2020 7 9 56.573436672363044 0.816557115053235 2118.1731016211124
2020 7 10 53.82547971361405 0.6552149179315683 2330.926293483517
2020 7 11 51.2110000171864 0.5257520640819882 2565.0488062069026
2020 7 12 48.72351415563773 0.4218695657282642 2822.687013578013
2020 7 13 46.3568536228139 0.3385130418812776 3106.2028751039998
2020 7 14 44.10514953709145 0.27162679850085786 3418.195589837644
2020 7 15 41.9628180876336 0.21795649955992522 3761.5254251525093
2020 7 16 39.92454668756922 0.17489082801329578 4139.3399389239785
2020 7 17 37.98528079975724 0.1403344327190694 4555.102835514256
2020 7 18 36.14021140246677 0.11260597957192947 5012.62572010544
2020 7 19 34.38476306389016 0.09035634654780457 5516.103042496053
