2020 6 15 180.00753542874455 173.4959397932743 186.5191310642148
2020 6 16 181.87456511735934 168.95849799310352 195.26630387674587
2020 6 17 183.79681175519934 164.573030085882 204.46218421998068
2020 6 18 185.73212854353326 160.29490256940352 214.08307481486904
2020 6 19 187.71711365248552 156.1532649531546 224.19043384253686
2020 6 20 189.7455153550784 152.13710648663334 234.80150101531333
2020 6 21 191.75843144220806 148.1942507747848 245.86851085660481
2020 6 22 193.58101835398787 144.1899874761031 257.18573166708876
2020 6 23 195.23012896566362 140.15180287240847 268.7703892681417
2020 6 24 196.94716720639107 136.26539025111765 280.95103972677464
2020 6 25 198.57836584611965 132.41690816587578 293.53972103487064
2020 6 26 200.27004870402894 128.70844040619235 306.7619054012234
2020 6 27 201.92876883521032 125.07338585411698 320.50710409604164
2020 6 28 203.51365527671177 121.48675303647416 334.729192574055
2020 6 29 205.19924031133007 118.05565735037612 349.727532263166
2020 6 30 206.99586631674072 114.77731696965908 365.56336526107174
2020 7 1 208.75925759662195 111.56286357831613 382.02977803827827
2020 7 2 210.6528964069016 108.50001159877279 399.4487652598269
2020 7 3 212.42252671374786 105.44852750973617 417.39426477926605
2020 7 4 214.24889714402545 102.50365084248553 436.2282569742601
2020 7 5 216.17543843191677 99.68142845159991 456.084075234354
2020 7 6 218.2982812716454 97.01943918160481 477.2212768531885
2020 7 7 220.59975540565924 94.49866344467846 499.6830147010482
2020 7 8 223.10001711105056 92.11814388457745 523.5972916890503
2020 7 9 225.8471913052167 89.88784172539759 549.1690563048504
2020 7 10 228.62819322450284 87.7115381327485 575.9897103934293
2020 7 11 231.44343941147446 85.58792572988064 604.1202479823266
2020 7 12 234.29335153785397 83.51572879336554 633.624641962686
2020 7 13 237.17835646767927 81.49370248672707 664.5699895728163
2020 7 14 240.09888632124006 79.52063211262742 697.0266649869689
2020 7 15 243.0553785398015 77.59533238315868 731.0684793563378
2020 7 16 246.0482759511247 75.7166467078016 766.7728486662414
2020 7 17 249.07802683579428 73.88344649862391 804.220969791215
2020 7 18 252.14508499436232 72.09463049230055 843.4980051483892
2020 7 19 255.24990981531943 70.34912408854883 884.6932763690838
