2020 6 15 331.627561562722 320.2888454389588 342.96627768648534
2020 6 16 331.25080083912013 308.98821105464646 354.28774644669096
2020 6 17 330.8598548334355 298.0726616355006 365.9673122996416
2020 6 18 330.4606125837631 287.5348333190406 378.02222363042074
2020 6 19 330.07934624262833 277.3847728792475 390.49423402940755
2020 6 20 329.7159937513685 267.6076968114325 403.3984031843975
2020 6 21 329.3123135331483 258.14218082531187 416.67917087642616
2020 6 22 328.86263858856455 248.9750264492939 430.3383482887282
2020 6 23 328.3526442280106 240.0872849504818 444.3655523566059
2020 6 24 327.90717680180643 231.56341500132956 458.9362388918516
2020 6 25 327.4333821045383 223.3217387153769 473.9442038046303
2020 6 26 326.98627283500315 215.39112912736078 489.48058866803296
2020 6 27 326.5253489054735 207.7326495284584 505.5046787006557
2020 6 28 326.06219372958617 200.34464314080634 522.0488880646276
2020 6 29 325.6572331896434 193.25474428585485 539.2266799626748
2020 6 30 325.26426884385967 186.42256683807523 556.9887302761143
2020 7 1 324.81151196029 179.7973874811987 575.2326581261838
2020 7 2 324.4081047337161 173.43462543454743 594.1604388765354
2020 7 3 323.9536773118979 167.26948786696633 613.6166678122789
2020 7 4 323.51131956848394 161.32940781971666 633.7316615883398
2020 7 5 323.103818391443 155.6173532416525 654.5731436634647
2020 7 6 322.73674145778267 150.1267629888819 676.180893111152
2020 7 7 322.45550785360655 144.86963279491462 698.68090457978
2020 7 8 322.2621472207279 139.83596507916602 722.1194748775137
2020 7 9 322.1355792293131 135.00613048094033 746.4937442617862
2020 7 10 322.0090609472936 130.3431149283944 771.6907376255192
2020 7 11 321.8825923551461 125.84115661055203 797.7382250214558
2020 7 12 321.75617343335483 121.49469272528268 824.6649138468786
2020 7 13 321.629804162412 117.2983526056778 852.5004804825398
2020 7 14 321.5034845228172 113.24695108383722 881.2756029995276
2020 7 15 321.37721449507785 109.33548208386547 911.0219949701101
2020 7 16 321.25099405970894 105.55911243616161 941.7724404198266
2020 7 17 321.1248231972332 101.913175905359 973.560829959342
2020 7 18 320.99870188818085 98.39316742453578 1006.4221981358893
2020 7 19 320.87263011308994 94.99473752857163 1040.3927620454651
