2020 6 15 7.786248319500625 6.4607833134642485 9.111713325537
2020 6 16 8.423822077215716 5.810064231576506 11.521647394082299
2020 6 17 9.113603301202962 5.224884466361154 14.568978844134113
2020 6 18 9.859866978476141 4.698643009565256 18.422291300968382
2020 6 19 10.667238151611443 4.225403695234632 23.294756647572434
2020 6 20 11.540720582903962 3.7998282379308557 29.455928060430548
2020 6 21 12.485727765676923 3.417116015224895 37.24665215559049
2020 6 22 13.508116474939262 3.072949915195336 47.09792521061975
2020 6 23 14.489800905154915 2.7351429467982817 59.12092146969306
2020 6 24 15.542827947963206 2.434470832872279 74.21310683633871
2020 6 25 16.672382333013385 2.166851368058659 93.15797334324631
2020 6 26 17.88402558329824 1.9286511006246307 116.93902017280291
2020 6 27 19.183723398110075 1.7166360013299737 146.7908107939382
2020 6 28 20.401175312942076 1.5121157608946612 182.91098559186685
2020 6 29 21.69589007889891 1.3319620889778412 227.9190943168339
2020 6 30 23.2726100849515 1.1855405436501782 286.1014963247421
2020 7 1 24.96391612404748 1.0552150036920027 359.13650168102976
2020 7 2 26.77813558400347 0.9392160478868207 450.8156318528635
2020 7 3 28.72420103448946 0.8359687661014482 565.8982948589315
2020 7 4 30.811694207816533 0.7440713768355365 710.3588640173106
2020 7 5 33.05089317596988 0.6622761953270683 891.69683010576
2020 7 6 35.452822956170145 0.5894726938190552 1119.3261280980996
2020 7 7 38.02930979412663 0.5246724239978002 1405.0638498899716
2020 7 8 40.793039392254 0.4669955968956688 1763.7437139273193
2020 7 9 43.75761936954721 0.4156591380545975 2213.9861392503512
2020 7 10 46.93764626064495 0.36996605577608893 2779.1649013892206
2020 7 11 50.34877738396109 0.32929597811112576 3488.6205528499813
2020 7 12 54.00780793273719 0.2930967301113447 4379.183601406184
2020 7 13 57.93275366858477 0.26087683698636693 5497.086520102693
2020 7 14 62.14293962467114 0.2321988513831504 6900.363848593046
2020 7 15 66.65909525529138 0.20667341419227636 8661.86498408621
2020 7 16 71.50345650030911 0.1839539682451322 10873.036067197627
2020 7 17 76.69987526699516 0.16373205313020714 13648.667294604851
2020 7 18 82.27393686831327 0.14573311724653365 17132.85210933994
2020 7 19 88.25308599587746 0.12971279023480142 21506.467632670967
