2020 6 15 1415.7668629403913 1388.8478957244745 1442.6858301563082
2020 6 16 1465.2201098951973 1410.0587114934735 1521.4398610027768
2020 6 17 1517.644981041151 1432.790827554015 1605.7848988574092
2020 6 18 1573.0911190806473 1456.9708987117924 1696.0178855986112
2020 6 19 1631.8492742895348 1482.750415047705 1792.7081329655198
2020 6 20 1694.4444761842421 1510.4783272595557 1896.7149066072413
2020 6 21 1759.707186869117 1538.9622855541172 2007.0540578090922
2020 6 22 1825.2144586135842 1565.9989469105997 2121.224036453602
2020 6 23 1890.1753329853052 1590.949530351377 2238.4194154231454
2020 6 24 1957.864344346828 1616.6478949651082 2362.5825079231317
2020 6 25 2026.0069499055705 1641.1343501694212 2491.2550869481165
2020 6 26 2098.1141931546845 1667.2820430667941 2628.8942891291417
2020 6 27 2172.1939147991316 1693.3744101443142 2773.393795120348
2020 6 28 2247.249636983075 1718.5969412823379 2923.7424654509423
2020 6 29 2325.888230468256 1744.9518638520556 3083.5290364775083
2020 6 30 2408.8879434027067 1772.9182874212627 3254.1816803619918
2020 7 1 2493.9403914067993 1800.6638239045524 3433.05066233757
2020 7 2 2584.4273433855956 1830.5991433413303 3625.09842368207
2020 7 3 2675.2712897923966 1858.959499895457 3823.7851208086395
2020 7 4 2769.3084474999073 1887.759226164577 4033.361564640339
2020 7 5 2868.218781149478 1918.0738005185876 4256.707916783694
2020 7 6 2973.0974304763417 1950.503930459112 4496.036636020186
2020 7 7 3085.1928088001036 1985.700985092308 4753.935381149144
2020 7 8 3203.846506846208 2023.0340785954306 5030.220838337081
2020 7 9 3329.6379870790897 2062.6946909458898 5326.605298173462
2020 7 10 3460.3683732381346 2103.1328305701877 5640.452957112955
2020 7 11 3596.2315798213863 2144.3637405174286 5972.792760205794
2020 7 12 3737.4291349225123 2186.40296266938 6324.714278731701
2020 7 13 3884.17047916069 2229.266343598944 6697.371282343702
2020 7 14 4036.6732763472655 2272.9700405434796 7091.985521685397
2020 7 15 4195.1637363500095 2317.530527495232 7509.850733882927
2020 7 16 4359.876950633876 2362.9646014111586 7952.336884043595
2020 7 17 4531.057240975976 2409.289388544498 8420.894656666827
2020 7 18 4708.958521872029 2456.5223509004654 8917.06021169251
2020 7 19 4893.844677171841 2504.6812928185095 9442.460220779321
