2020 6 15 34.88065921291063 30.952637449225765 38.80868097659549
2020 6 16 34.61615153932392 27.25702119414491 42.853686729969034
2020 6 17 34.353649685322196 24.00264615888649 47.32030102898453
2020 6 18 34.07684207785543 21.125443825441398 52.23002052072147
2020 6 19 33.786099819382315 18.58311106152572 57.624371742603024
2020 6 20 33.48181102877795 16.337918996147845 63.54851983318889
2020 6 21 33.164379975845826 14.356238461696696 70.0515620813481
2020 6 22 32.86569059980235 12.621732728175685 77.25330355282968
2020 6 23 32.585281837469445 11.102775544725487 85.23207607215622
2020 6 24 32.30726551152105 9.766616632704734 94.03490151850906
2020 6 25 32.04694682771441 8.595890206148717 103.79149602128275
2020 6 26 31.788725685004657 7.565499006967857 114.56038632863937
2020 6 27 31.547664820131025 6.662209871952713 126.50094731002144
2020 6 28 31.338362543899336 5.873090418489586 139.80608253438083
2020 6 29 31.13044887893525 5.177439877564847 154.51062722643886
2020 6 30 30.92391461252839 4.564187127344195 170.76176868081984
2020 7 1 30.71875059308989 4.023572388292507 188.72217507905
2020 7 2 30.500375656642134 3.5450832339055105 208.48209948326408
2020 7 3 30.29802159692792 3.1251783978543366 230.4098603772999
2020 7 4 30.082637559068967 2.753527579976937 254.53464285786373
2020 7 5 29.86878465365099 2.4260740247338157 281.18538116679997
2020 7 6 29.64228312186012 2.1364108702920284 310.4931663314174
2020 7 7 29.39406348651024 1.8796432082016297 342.61020312674503
2020 7 8 29.134908300078354 1.6529033383930685 377.89769801067655
2020 7 9 28.882875237426905 1.4537893503740402 416.8824074504144
2020 7 10 28.633022400091946 1.2786612660094783 459.88886028287817
2020 7 11 28.385330927919256 1.1246296671332094 507.33194788854456
2020 7 12 28.139782123905373 0.9891532040720924 559.6693627022552
2020 7 13 27.89635745278625 0.8699966662094063 617.4060136586583
2020 7 14 27.655038539638124 0.7651941035013989 681.0988971441501
2020 7 15 27.41580716849047 0.6730163904931283 751.3624704463098
2020 7 16 27.17864528095099 0.5919426976760165 828.8745795395105
2020 7 17 26.94353497484246 0.520635399496318 914.3829983931754
2020 7 18 26.710458502851377 0.4579180050246156 1008.7126428886206
2020 7 19 26.47939827118832 0.40275574716699003 1112.7735289385057
