2020 6 15 153.63574251682348 132.07485179100976 175.19663324263718
2020 6 16 149.94908604529112 110.7894869456147 195.02349680692586
2020 6 17 146.35089489905639 92.93450078668218 217.09415074275947
2020 6 18 142.8899164489331 77.98935192198778 241.73798290254513
2020 6 19 139.51078493141983 65.44758901941913 269.17930390043085
2020 6 20 136.11457952057538 54.877216553879094 299.5485473223534
2020 6 21 132.75373808987572 45.99497921776959 333.239977538739
2020 6 22 129.70659983612967 38.630327343849586 371.2999738382964
2020 6 23 126.95482746491237 32.51203093794247 414.35217938502933
2020 6 24 124.21730663657188 27.35145342617637 462.25226018741245
2020 6 25 121.625168369144 23.0290195251921 516.0110513955814
2020 6 26 119.0025707231193 19.373663743002698 575.6631355078341
2020 6 27 116.51925236880821 16.311984363694798 642.6113301915303
2020 6 28 114.20925831573564 13.751161224033083 718.0155307807044
2020 6 29 111.86566376773752 11.582802900987511 801.7685313531513
2020 6 30 109.53127675102371 9.752337106444674 895.0122227021546
2020 7 1 107.24560318721637 8.21114542401728 999.0999240570317
2020 7 2 104.93307141244722 6.9078047467797745 1114.5982114390715
2020 7 3 102.81629963729834 5.820945395270381 1244.9980662607056
2020 7 4 100.74222863024626 4.905090189544652 1390.6537522536003
2020 7 5 98.70999700622458 4.133333699903161 1553.3500903061247
2020 7 6 96.65013942642585 3.480130324193566 1734.0008526065644
2020 7 7 94.51568510932763 2.9259208654361237 1933.551322180922
2020 7 8 92.35937800247838 2.4578333093877323 2154.6548729737883
2020 7 9 90.15114024861978 2.0619390912731115 2398.6826847287316
2020 7 10 87.99569966688415 1.7298133278124113 2670.3481351871383
2020 7 11 85.89179391974496 1.4511845484387849 2972.7813555730268
2020 7 12 83.8381908511412 1.2174357543485508 3309.466983571142
2020 7 13 81.83368776486311 1.021337925325041 3684.2843133467786
2020 7 14 79.87711072019097 0.8568264518117736 4101.551992800339
2020 7 15 77.96731384437469 0.7188135780728105 4566.077783058707
2020 7 16 76.10317866155145 0.6030310559732146 5083.213953532647
2020 7 17 74.28361343770841 0.5058981432197369 5658.91895080246
2020 7 18 72.50755254130671 0.42441086371602305 6299.826051881243
2020 7 19 70.77395581919255 0.35604910524833366 7013.319792879115
