2020 6 15 37.69159200277319 34.7812256338831 40.60195837166328
2020 6 16 36.95684602630081 31.46808155809959 42.88660695490721
2020 6 17 36.220816253804365 28.457247797694237 45.28170061857331
2020 6 18 35.49753321482437 25.732985356235492 47.80816310036032
2020 6 19 34.78119800466121 23.264087909797972 50.46549332657905
2020 6 20 34.081154325332534 21.03329170016662 53.27319035520099
2020 6 21 33.3772101321374 19.005304012371873 56.20897515025675
2020 6 22 32.71071024412037 17.185892793216485 59.34511767398903
2020 6 23 32.08687328154918 15.556079208424562 62.709494030723924
2020 6 24 31.469852435596298 14.078364527736166 66.25467194850651
2020 6 25 30.87300267411644 12.744737779894399 70.01775751191536
2020 6 26 30.276064819244638 11.53273463408731 73.9687040399663
2020 6 27 29.689070743281913 10.435382174810785 78.1386891348763
2020 6 28 29.140099578874555 9.451808469587371 82.61387683050044
2020 6 29 28.590511781782602 8.55744774222961 87.31484267610873
2020 6 30 28.03619730449356 7.743197122319358 92.23721622921379
2020 7 1 27.491149967448557 7.006014611279894 97.43221964624996
2020 7 2 26.93783361044412 6.3342070209688766 102.85295638258813
2020 7 3 26.407029583300186 5.7294940409924635 108.61871531344612
2020 7 4 25.88250310552653 5.18160437056569 114.69049182637136
2020 7 5 25.357465337986866 4.6839191387756784 121.05324697289417
2020 7 6 24.829692799523592 4.231563327766173 127.70509250128809
2020 7 7 24.30504087237069 3.8215541660072447 134.6820084287677
2020 7 8 23.780697778984894 3.449577539381208 141.9803751947069
2020 7 9 23.254046489785406 3.1118321087122935 149.59292032747916
2020 7 10 22.739058507650885 2.8071550681970883 157.6136264002336
2020 7 11 22.23547553504275 2.5323087176979704 166.06437773024146
2020 7 12 21.743044994722673 2.2843723577577997 174.96823200364764
2020 7 13 21.26151990306988 2.06071125231198 184.3494831878521
2020 7 14 20.79065874620393 1.8589486302370355 194.2337278170569
2020 7 15 20.330225358850978 1.6769404282056002 204.64793483183783
2020 7 16 19.879988805892605 1.5127525064486615 215.62051916329605
2020 7 17 19.439723266537953 1.3646400953046482 227.1814192625625
2020 7 18 19.009207921060966 1.2310292541407721 239.36217878719285
2020 7 19 18.588226840045973 1.1105001456168366 252.19603266733205
