2020 6 15 343.60404518638256 315.967442595344 371.24064777742115
2020 6 16 329.75515823071095 278.85378358440283 384.92117049289425
2020 6 17 316.5769081946872 246.1946104183063 399.23710617474336
2020 6 18 303.94771841570235 217.37788454728633 414.11373714536245
2020 6 19 291.8966660002883 191.98726855150235 429.6459702647639
2020 6 20 280.34032357003275 169.57349771868286 445.7856554794439
2020 6 21 269.30644406597116 149.81572986938903 462.6348961731322
2020 6 22 258.7484357966695 132.38316475206074 480.1924298025037
2020 6 23 248.41620501496126 116.88279415549938 498.06713079284793
2020 6 24 238.57807988961298 103.2356759138847 516.7706524830248
2020 6 25 229.04974785458398 91.14743810651063 536.003617307224
2020 6 26 219.9550180882328 80.49577012345284 556.0765530144057
2020 6 27 211.28368263506127 71.11166764075882 577.0586469283779
2020 6 28 202.8658277242199 62.791809679785636 598.5910849177359
2020 6 29 194.88778411747876 55.47767490091031 621.2351303494601
2020 6 30 187.39905859994778 49.06548540879907 645.2954254135441
2020 7 1 180.22100510606106 43.40042477606292 670.3664643727369
2020 7 2 173.53707615045948 38.442229699431124 697.2268439763682
2020 7 3 167.07647001633603 34.04503167613052 725.0647679428265
2020 7 4 160.82735794111056 30.144890333548403 753.8881948751775
2020 7 5 154.96307293133873 26.719862983881395 784.5656961015862
2020 7 6 149.4572055583849 23.708913975705993 817.223569478672
2020 7 7 144.18495070904197 21.043282320643442 851.4485567208719
2020 7 8 139.16167736374894 18.686546196908875 887.4788876587018
2020 7 9 134.32469327471716 16.5952671002833 925.1058514720077
2020 7 10 129.65583316579804 14.7380306252261 964.3281077767698
2020 7 11 125.1492533806618 13.088644213891225 1005.2132931260176
2020 7 12 120.79931337689065 11.623846612491354 1047.8319116994574
2020 7 13 116.60056866614177 10.322979818438942 1092.257456883925
2020 7 14 112.54776399969627 9.167697741071422 1138.566538008557
2020 7 15 108.63582679086491 8.141707467210347 1186.8390124532273
2020 7 16 104.85986076601799 7.230539482629339 1237.1581233580616
2020 7 17 101.21513983629282 6.421343608870177 1289.6106431715057
2020 7 18 97.69710218230858 5.702707777509225 1344.2870232844818
2020 7 19 94.30134454448466 5.064497086052399 1401.281550008676
