2020 6 15 129.85858102677875 123.56039020708555 136.156771846472
2020 6 16 131.97190306122053 119.48096337123667 145.08371435605517
2020 6 17 134.11961735519526 115.5362214718885 154.59594029655915
2020 6 18 136.30228360925807 111.72171779805683 164.73182301856198
2020 6 19 138.69900677997902 108.17949163469672 175.74802647673812
2020 6 20 141.13787364635172 104.74957457685065 187.50092267835737
2020 6 21 143.8044953244901 101.56561246708307 200.28537580049584
2020 6 22 146.33313649521386 98.345393722963 213.67917190549562
2020 6 23 148.7145658877046 95.0984564345392 227.688770232684
2020 6 24 151.1347507260721 91.95871889748003 242.61688974066374
2020 6 25 153.59432171748318 88.92264184210705 258.523752081752
2020 6 26 156.09391983325006 85.98680285003766 275.4735272629512
2020 6 27 158.4297361664246 83.035262303251 293.1737622998779
2020 6 28 160.38546628045182 79.96750667101463 311.2432757139448
2020 6 29 162.3653388337172 77.01308993069081 330.42648809090576
2020 6 30 164.36965185168356 74.16782475253103 350.79204131123265
2020 7 1 166.39870703877816 71.42767850858536 372.41280793883294
2020 7 2 168.45280982380763 68.78876755721112 395.36615197559513
2020 7 3 170.31162074991792 66.15724846812057 419.21633358913914
2020 7 4 172.19094292818625 63.62639832487919 444.5052604269687
2020 7 5 174.0910026922645 61.19236602995917 471.3197237703387
2020 7 6 176.24006274112304 58.931600900408576 500.3691107419844
2020 7 7 178.7234502150328 56.857282648203835 532.0828126827927
2020 7 8 181.35107840314257 54.890732679425994 566.1317923639477
2020 7 9 184.18361896749903 53.04252992074013 602.8787154364788
2020 7 10 187.06040126517948 51.2565572193057 642.0108363966962
2020 7 11 189.98211631222514 49.53071925305519 683.6829755258025
2020 7 12 192.94946591772572 47.86299125062858 728.0600023003294
2020 7 13 195.96316285239695 46.25141661589018 775.3174876731307
2020 7 14 199.0239310197915 44.6941046324293 825.6423986931375
2020 7 15 202.13250563018363 43.18922824535181 879.2338382120337
2020 7 16 205.28963337717025 41.73502191775999 936.3038326043878
2020 7 17 208.4960726170299 40.32977955940592 997.0781706177365
2020 7 18 211.75259355088346 38.97185252508843 1061.7972966714021
2020 7 19 215.0599784096998 37.659647680445055 1130.7172621382456
