2020 6 15 260.93747717640815 239.48432640411724 282.3906279486991
2020 6 16 267.1795168282737 225.0716169495377 312.89600216772436
2020 6 17 273.69850516344746 211.63381162204416 346.8462006177444
2020 6 18 280.2458089098218 198.89720925865333 384.31441697871213
2020 6 19 287.0836053882049 187.02213582903127 426.0137376259508
2020 6 20 294.22537635014623 175.9453973460598 472.4410682502871
2020 6 21 301.4042642346225 165.44065210163856 523.7024071997024
2020 6 22 308.32637781236946 155.32599984356963 579.7752590773513
2020 6 23 315.1128968345043 145.68133806694235 641.2979285028958
2020 6 24 322.048792762905 136.63554255146397 709.3490566613439
2020 6 25 328.82967409928403 128.02088882917377 783.9437100460498
2020 6 26 335.753329924285 119.94937532771606 866.3826852936393
2020 6 27 342.82276641860784 112.38675791970093 957.4908858348068
2020 6 28 350.04105305943114 105.300951515526 1058.179961371227
2020 6 29 358.08016933505684 98.86309906817837 1171.479360835776
2020 6 30 366.8170683109339 92.96051971429766 1298.5885488884821
2020 7 1 376.11759153031835 87.49916410064039 1440.7301301248433
2020 7 2 386.37259784195743 82.5258488654302 1601.1832119077067
2020 7 3 396.90721126802015 77.83520906698563 1779.505838385514
2020 7 4 407.91865428759263 73.44835903012762 1978.53818127869
2020 7 5 419.82016586109364 69.41401189846418 2202.667077107573
2020 7 6 433.2721832404946 65.80021260496615 2458.4984656081456
2020 7 7 447.7416498610361 62.46361096439942 2747.3711668395877
2020 7 8 463.2432995661582 59.37278687548909 3073.554785264703
2020 7 9 480.1336002111759 56.54409596048747 3444.117390988119
2020 7 10 497.63973762306375 53.85017204420182 3859.3568137374928
2020 7 11 515.7841658084969 51.284594437879406 4324.659506297703
2020 7 12 534.5901574690433 48.841248352909616 4846.061338210129
2020 7 13 554.0818338515745 46.51431032685835 5430.325892592554
2020 7 14 574.2841956870516 44.29823434384822 6085.032202801737
2020 7 15 595.2231552573695 42.18773861620391 6818.673067051669
2020 7 16 616.9255696313894 40.17779299585802 7640.765216316916
2020 7 17 639.4192751127891 38.26360698551398 8561.972764610346
2020 7 18 662.7331229439155 36.44061832099167 9594.245543022424
2020 7 19 686.8970163114343 34.70448209754306 10750.974111980231
