2020 6 15 678.4181960048462 660.4009640400799 696.4354279696125
2020 6 16 653.7674343210317 619.511212006527 688.9454510383032
2020 6 17 630.0429645833005 581.1822002817372 681.5682634928772
2020 6 18 607.1794286192454 545.2245954198528 674.2700704396834
2020 6 19 585.316048589127 511.64474979901416 667.2393260378343
2020 6 20 564.3631721890799 480.2407862444281 660.422387186973
2020 6 21 544.3716157847952 450.9441183156635 653.9223109164722
2020 6 22 525.2028479895074 423.5296191882249 647.6239009314023
2020 6 23 506.4387388937164 397.56375237445206 641.052820457927
2020 6 24 488.8071123388971 373.55255744145086 635.1333297250915
2020 6 25 471.54917413297466 350.8080088988106 628.9564528429489
2020 6 26 455.01087083305964 329.5303848655506 622.9867966815989
2020 6 27 439.1271204890024 309.59728365459256 617.1758270833395
2020 6 28 423.4382695482306 290.6164108441166 610.9136863250758
2020 6 29 408.3792861334146 272.8468166107977 604.81513319455
2020 6 30 393.99916879939207 256.25948680186315 598.9897108004202
2020 7 1 380.07010626532366 240.6445876734297 593.1363147573592
2020 7 2 367.0602940397257 226.25140783028013 588.0062062962866
2020 7 3 354.4271071322762 212.67675122169442 582.8104143612704
2020 7 4 342.2121350014502 199.9065969071736 577.6332634538594
2020 7 5 330.7223783089259 188.0809493132629 573.0156381133482
2020 7 6 319.8659887959208 177.0956671023765 568.8639210434335
2020 7 7 309.7077198948958 166.94121393933918 565.3500603356016
2020 7 8 299.94982798883876 157.41092614514216 561.9998717393134
2020 7 9 290.4772705882344 148.41309982500943 558.6281185600902
2020 7 10 281.30386102948535 139.92960170603743 555.2765944237428
2020 7 11 272.4201520822924 131.93103207666277 551.9451779648705
2020 7 12 263.8169948643563 124.38967175351023 548.6337485462118
2020 7 13 255.48552941940676 117.27938602007644 545.3421862542762
2020 7 14 247.4171755927822 110.57553405641137 542.0703718950012
2020 7 15 239.6036241951623 104.25488354592446 538.818186989437
2020 7 16 232.03682844535456 98.29553016338393 535.5855137694551
2020 7 17 224.70899568332146 92.67682166509339 532.3722351734848
2020 7 18 217.61257934491428 87.37928631817898 529.178234842273
2020 7 19 210.74027119004853 82.38456542095753 526.0033971146715
