2020 6 15 368.1475679481815 340.17922235983394 396.11591353652904
2020 6 16 361.8026383349469 308.90311576059077 418.8809304149879
2020 6 17 355.40691319476537 280.3658037961662 442.7688523574887
2020 6 18 348.9804143787889 254.3513823072558 467.8398647765767
2020 6 19 342.4935793571094 230.62210185883671 494.09381062825776
2020 6 20 335.9627251582106 208.99577153364967 521.5836064863065
2020 6 21 329.4204405377728 189.31284549992117 550.3917612847036
2020 6 22 323.172201233991 171.57939836051816 581.0694806257634
2020 6 23 317.3285732923797 155.65898749967974 613.971524406746
2020 6 24 311.5384384745451 141.19019876253762 648.6356460944785
2020 6 25 306.0194330516574 128.14130643669012 685.601399449203
2020 6 26 300.5904582265029 116.29516026280102 724.6564900818656
2020 6 27 295.3984535950558 105.59856103256739 766.2754351170139
2020 6 28 290.5389605506727 95.97262097087169 810.9145818197456
2020 6 29 285.7153162858595 87.20957782000983 858.0311020875738
2020 6 30 280.90310128683933 79.22571266359915 907.679053523153
2020 7 1 276.2181201106182 71.98578011251725 960.3489980431367
2020 7 2 271.4994907401635 65.37832613184334 1015.686570663984
2020 7 3 267.0297172587786 59.4178740682243 1074.842243327449
2020 7 4 262.5862515843289 53.9903078995489 1137.252956098218
2020 7 5 258.15695049198496 49.04623588494924 1203.0286578891867
2020 7 6 253.63585373686735 44.523274576691094 1271.8327089193504
2020 7 7 249.04905348061948 40.39198065044029 1343.8453324379602
2020 7 8 244.43863707576574 36.62674437977418 1419.3603797772982
2020 7 9 239.78914065708295 33.19384933993642 1498.3963560695063
2020 7 10 235.228082863349 30.08270739484138 1581.8333890894232
2020 7 11 230.75378149294917 27.26316176638336 1669.9165482501087
2020 7 12 226.36458634162608 24.707882164470544 1762.9045494638456
2020 7 13 222.05887859385388 22.392099870313235 1861.0705150368115
2020 7 14 217.83507022578962 20.29336764941733 1964.7027758778925
2020 7 15 213.69160341958096 18.39134216708266 2074.105718377869
2020 7 16 209.62694998881435 16.667586797326088 2189.6006784464084
2020 7 17 205.639610814892 15.105392913825957 2311.5268853328134
2020 7 18 201.72811529412942 13.689617930633382 2440.242458002688
2020 7 19 197.89102079536994 12.406538522754131 2576.125456997067
