2020 6 15 188.72139409595874 173.80584017858467 203.63694801333276
2020 6 16 194.58676834789964 165.0644013649631 226.536606418041
2020 6 17 200.51888855440586 156.66459031842894 251.87688903019242
2020 6 18 206.4830166370352 148.57594369576032 279.8647660798913
2020 6 19 212.7471498712632 140.9931422639051 311.12876609203715
2020 6 20 219.42239905981648 133.9438557490971 346.2086156632042
2020 6 21 226.14422536059715 127.1475938616372 384.9867506131779
2020 6 22 232.40053805816086 120.31866549441217 426.965305841792
2020 6 23 238.10542571060716 113.48141730970045 472.1900981441405
2020 6 24 244.33917446805427 107.21801569249585 522.9762401041347
2020 6 25 250.3371276185882 101.12522717834834 578.3706515801259
2020 6 26 256.66813168096024 95.45372967530511 640.0618218936294
2020 6 27 262.96873178902337 90.02946040449315 707.858110162841
2020 6 28 269.306882133031 84.87333638575018 782.5202319954178
2020 6 29 276.2375670674452 80.15110721168524 866.3352578757857
2020 6 30 283.756695245653 75.81060193608475 960.413726526878
2020 7 1 291.3119955023994 71.66013555985748 1064.1382138546603
2020 7 2 299.67390493278685 67.88583150554602 1181.276553053285
2020 7 3 307.5195549297951 64.13899579519604 1308.3280921540975
2020 7 4 315.61626083822654 60.608481468883404 1449.2388124243826
2020 7 5 323.9729994030884 57.281300835137394 1605.5411673026379
2020 7 6 332.98385372286 54.21330178199409 1780.8460535950283
2020 7 7 342.88794987743154 51.41425038517659 1978.7288390477443
2020 7 8 353.7279985295964 48.85588508516906 2202.3010260533206
2020 7 9 365.8113185947018 46.54920838682993 2456.7410915066876
2020 7 10 378.3074039042965 44.35143888322047 2740.57756832346
2020 7 11 391.23035448603355 42.25743464132837 3057.206733735004
2020 7 12 404.5947520233799 40.26229649883404 3410.417249569897
2020 7 13 418.41567630894053 38.361356601960196 3804.4354959124144
2020 7 14 432.7087222598266 36.55016748449437 4243.976142327947
2020 7 15 447.49001751426715 34.82449166243319 4734.298561771031
2020 7 16 462.77624062932006 33.18029171990416 5281.269762202936
2020 7 17 478.58463990021477 31.61372086316962 5891.434588934152
2020 7 18 494.9330528225627 30.121113920613016 6572.094037705776
2020 7 19 511.8399262193949 28.698978767650903 7331.392615573783
