2020 6 15 99.71497939033279 88.99183312989366 110.43812565077192
2020 6 16 103.99240437667578 82.8514291424076 127.53313714542682
2020 6 17 108.69973768760465 77.33103657256198 147.57653510245285
2020 6 18 113.6201537427301 72.17846788265 170.76999907883518
2020 6 19 119.03253371279314 67.54024996147562 198.01325934632123
2020 6 20 125.12582787719637 63.44015215862309 230.30651039533174
2020 6 21 131.6792885953699 59.66411914571107 268.1392170704529
2020 6 22 137.9519287968565 55.83007840211086 310.91597246059604
2020 6 23 144.19647822933393 52.110119034178176 359.7802339906587
2020 6 24 150.89453911614453 48.69976103740279 416.7503838991987
2020 6 25 157.7249503820081 45.454894874357585 482.2478222920921
2020 6 26 165.05142141653408 42.48008946035198 558.610357343867
2020 6 27 172.3271059462419 39.59930947687403 645.7409868265232
2020 6 28 179.3109895490952 36.77313656399959 744.1667974316846
2020 6 29 187.00280588113114 34.23580357007902 859.3583572401451
2020 6 30 194.80301222208203 31.832982831531783 991.3625521049439
2020 7 1 202.69777465875083 29.561086805995984 1142.4690557730225
2020 7 2 211.15264494660548 27.486358450750945 1317.9612780743194
2020 7 3 219.20965738005737 25.45954571630086 1515.7258980588572
2020 7 4 227.83382453876922 23.612352471391326 1744.9616205880254
2020 7 5 237.06722344391906 21.927156647386823 2010.9339926149735
2020 7 6 247.51745959037927 20.440170278788578 2324.594386342253
2020 7 7 259.35701335869163 19.130712834979285 2695.9003486103657
2020 7 8 272.2647943785088 17.94216452863033 3131.731834844938
2020 7 9 286.6052984142832 16.87954013736239 3647.112531234612
2020 7 10 301.70113351101793 15.879849657725666 4247.308044543071
2020 7 11 317.5920838360078 14.939365829866391 4946.2761213824015
2020 7 12 334.32002903500626 14.054582140832707 5760.2714972348485
2020 7 13 351.9290546035179 13.222199750843124 6708.223905741587
2020 7 14 370.46556807147584 12.439115193846513 7812.17829596483
2020 7 15 389.9784213075012 11.702408806516223 9097.807495022356
2020 7 16 410.5190392650707 11.009333842536826 10595.009238234823
2020 7 17 432.1415555098948 10.35730623159705 12338.60145092083
2020 7 18 454.90295488568074 9.743894944906177 14369.131950849502
2020 7 19 478.863223694268 9.166812931312576 16733.821401250865
