2020 6 15 327.9258478922025 299.2868510478663 356.5648447365388
2020 6 16 320.19643577891264 266.7152178163171 378.5611875040206
2020 6 17 312.6492106203904 237.6883821181579 401.9144758657941
2020 6 18 305.2700894242041 211.8131189471588 426.6958357119985
2020 6 19 298.10336045303325 188.78121862734042 453.05860954701177
2020 6 20 291.1328824590116 168.27146722876137 481.0927229794031
2020 6 21 284.42110178867716 150.0452743646632 511.0196725844783
2020 6 22 277.79281505616063 133.75565523694866 542.6802678396247
2020 6 23 271.2189768363988 119.18635441139222 576.1070243423557
2020 6 24 264.88137560929493 106.23946123895337 611.7640791127834
2020 6 25 258.65454647799976 94.68398612407091 649.5418681022334
2020 6 26 252.60649045629452 84.3972370981275 689.7338653973999
2020 6 27 246.69194579265664 75.22542859712792 732.391246291443
2020 6 28 240.80775315748767 67.01738646603405 777.3657956154167
2020 6 29 235.09407038509931 59.71333814616158 825.1994881282781
2020 6 30 229.55644013118803 53.21562140985221 876.1186328389321
2020 7 1 224.14206132572073 47.423288663577196 930.1523259499986
2020 7 2 218.9220552993091 42.275536282946476 987.7951504661725
2020 7 3 213.7756374800681 37.67730223893965 1048.7936922786175
2020 7 4 208.76358781113322 33.58156911892491 1113.6247027321251
2020 7 5 203.91153268651567 29.93789919234971 1182.6898635968537
2020 7 6 199.2456674385463 26.700354259111162 1256.4641630826327
2020 7 7 194.77026126231215 23.82413979528875 1335.3681786247412
2020 7 8 190.42881824610475 21.26184686112475 1419.4564978292726
2020 7 9 186.22275113701886 18.97943957723107 1509.127630583293
2020 7 10 182.1095848855294 16.94204313569727 1604.4635456407414
2020 7 11 178.08726755829377 15.123356221548796 1705.8221035255085
2020 7 12 174.15379254373022 13.499900901677503 1813.5837718358084
2020 7 13 170.3071975509803 12.05071954170031 1928.1530533978178
2020 7 14 166.54556363098183 10.757104258052195 2049.9600046398705
2020 7 15 162.86701421916362 9.602355412735601 2179.4618498867007
2020 7 16 159.2697141992846 8.571566033068127 2317.144697633275
2020 7 17 155.75186898795025 7.651429373443281 2463.52536524056
2020 7 18 152.3117236393495 6.830067134865801 2619.1533189025486
2020 7 19 148.9475619697659 6.09687612469991 2784.612736166558
