2020 6 15 52.837561538456676 46.447619040726565 59.22750403618678
2020 6 16 50.8521150370822 39.29712864240238 63.8943092074586
2020 6 17 48.948955135110445 33.25337305908611 68.9384837396003
2020 6 18 47.118336064154825 28.14001801764471 74.3827247395549
2020 6 19 45.36108206108766 23.815869032411108 80.26465021884891
2020 6 20 43.67225669550842 20.157711197052606 86.61681639414927
2020 6 21 42.048506229954526 17.062467466422095 93.47605554535826
2020 6 22 40.484562872098785 14.442273509060396 100.87722710277035
2020 6 23 38.971586709345466 12.221879912171099 108.8464576169444
2020 6 24 37.52103921653169 10.344701514655647 117.46169177721693
2020 6 25 36.12196331357953 8.755147576675267 126.75093966157903
2020 6 26 34.77687443361051 7.410283303048632 136.78119252802168
2020 6 27 33.48712584405396 6.273120725958383 147.62583421183393
2020 6 28 32.241387886984036 5.309748250178 159.3134421827754
2020 6 29 31.04545489960632 4.494892611804992 171.94347475050253
2020 6 30 29.895341590483387 3.805299259376216 185.58286915200156
2020 7 1 28.78683209431388 3.2213735921610156 200.29797786885916
2020 7 2 27.726865539156687 2.7278842448082945 216.23163254643035
2020 7 3 26.70267106064668 2.3096731659348135 233.4074038501193
2020 7 4 25.712634369442817 1.955260055936425 251.9153659605763
2020 7 5 24.76180735421401 1.6554209975333805 271.9154311480827
2020 7 6 23.852872925578215 1.4020123057908138 293.5772669754927
2020 7 7 22.982226545528196 1.1876843359466143 317.02536848266254
2020 7 8 22.14578920102981 1.0062466120882954 342.3797947736342
2020 7 9 21.340964667818373 0.8525795878435243 369.7800664737506
2020 7 10 20.565389150001195 0.7223795289098086 399.3731512449087
2020 7 11 19.8179996768732 0.6120627226225946 431.33453746244857
2020 7 12 19.097771908319245 0.5185927361335233 465.85375763993915
2020 7 13 18.40371873089729 0.4393968396214269 503.13551236583885
2020 7 14 17.734888904942824 0.37229519277259576 543.4008841875492
2020 7 15 17.090365760840395 0.31544084541209183 586.8886486412503
2020 7 16 16.469265942675346 0.2672689008237431 633.8566902019865
2020 7 17 15.870738197543899 0.2264534424963648 684.5835315506523
2020 7 18 15.293962208862256 0.19187103871943928 739.3699852265032
2020 7 19 14.738147472075699 0.16256982050457255 798.540937459568
