2020 6 15 775.0526538115232 722.8550785618858 827.2502290611607
2020 6 16 828.8628354234414 721.3740598333691 943.8134236660004
2020 6 17 890.7117723327561 723.640908482643 1081.700456224845
2020 6 18 959.487770320517 727.7931808740615 1242.5398726658102
2020 6 19 1036.6873709198544 734.3306267865327 1431.3261658275997
2020 6 20 1123.6861903144022 743.4681915492018 1653.7494372003907
2020 6 21 1214.704700525194 750.5484734727041 1905.907459301028
2020 6 22 1300.0899183174301 749.6600960213775 2176.1072073631767
2020 6 23 1376.1510556013604 739.9354295879307 2458.9601071715847
2020 6 24 1458.596931416824 731.3772347213263 2782.0357580779987
2020 6 25 1540.9342187978664 720.3868504600841 3137.931221743736
2020 6 26 1635.7521382312823 713.2234159424397 3555.305479913036
2020 6 27 1734.8122903178396 705.4369910178208 4024.733835812445
2020 6 28 1838.182869046293 697.0489286020265 4552.226127280726
2020 6 29 1954.0745346662718 691.1729753112384 5164.607453100882
2020 6 30 2085.303543655982 688.18709574817 5880.593640553043
2020 7 1 2220.8348922864534 683.7255522482741 6683.119456025869
2020 7 2 2375.502889705428 682.472595150647 7626.2459449629805
2020 7 3 2525.7847238824584 676.8671370537203 8653.80470426645
2020 7 4 2685.847028957856 671.3809230200329 9820.752430582275
2020 7 5 2862.1527132368146 667.4639978531632 11167.365268544912
2020 7 6 3067.366049708056 667.6123923414247 12766.259141893628
2020 7 7 3304.5986751013434 671.5274082951569 14666.101246852582
2020 7 8 3573.7720206597905 678.2276062898607 16908.999732507247
2020 7 9 3880.8334035385483 688.0240529826439 19570.432840223086
2020 7 10 4214.277748819594 697.9620013880004 22650.76868014659
2020 7 11 4576.371901974002 708.0434953831941 26215.941465894593
2020 7 12 4969.577477669397 718.2706083676351 30342.263286879486
2020 7 13 5396.567594496874 728.6454436893032 35118.05755929194
2020 7 14 5860.245047559191 739.170135077331 40645.54957807094
2020 7 15 6363.7620424624365 749.8468470808346 47043.05463689581
2020 7 16 6910.541624868229 760.677775514083 54447.51055264233
2020 7 17 7504.300951290371 771.6651479080988 63017.408802680504
2020 7 18 8149.0765593371825 782.8112239687797 72936.18701565104
2020 7 19 8849.251809193489 794.1182960416393 84416.15543157251
