2020 6 15 70.06529930254796 61.7304512190011 78.40014738609483
2020 6 16 69.8056989189096 54.19385340240234 87.3909647002674
2020 6 17 69.58632851808972 47.60787583039654 97.46199660262504
2020 6 18 69.36764750758468 41.82226763343578 108.69362541481395
2020 6 19 69.18867543387056 36.76328937553381 121.28074355715255
2020 6 20 69.04908615217987 32.33694471875168 135.3937205095671
2020 6 21 68.90977849414277 28.4435373304628 151.1489706919897
2020 6 22 68.69322360016156 24.986899959874318 168.5675460683854
2020 6 23 68.36142227036311 21.90816688171285 187.70898211872742
2020 6 24 68.03122360406896 19.20877647438238 209.0239953647693
2020 6 25 67.66434993206522 16.83118284828823 232.64181985710528
2020 6 26 67.29945470883955 14.747879254585394 258.9282453049314
2020 6 27 66.89866898255742 12.914143331269377 288.03914338683376
2020 6 28 66.42500438593005 11.293882910887925 320.0988701977325
2020 6 29 65.9920598644593 9.883260088444093 355.90701932499474
2020 6 30 65.59906001392476 8.654385838065314 395.92108945474064
2020 7 1 65.2084005795378 7.578308530166043 440.433878973008
2020 7 2 64.85674961548436 6.640292614268044 490.1989312384692
2020 7 3 64.47051083225205 5.814645556957928 545.3112312130628
2020 7 4 64.12283910459594 5.094929533781894 606.9264774914359
2020 7 5 63.81311360082286 4.467163459889349 675.8451076021728
2020 7 6 63.540781224663355 3.919259819064614 752.9698762364437
2020 7 7 63.305354967346226 3.440762020785867 839.3193899303135
2020 7 8 63.120657040435304 3.0233932205904535 936.2323478163238
2020 7 9 63.01106386670021 2.6602233895279777 1045.441462247724
2020 7 10 62.9016609739966 2.3406774990418415 1167.3895412136317
2020 7 11 62.79244803194923 2.0595154437360645 1303.562552421562
2020 7 12 62.683424710756476 1.8121265593930231 1455.6197979204367
2020 7 13 62.574590681189335 1.5944540145329587 1625.414133109218
2020 7 14 62.46594561459042 1.4029282840552888 1815.0145442413111
2020 7 15 62.35748918287297 1.234408614022548 2026.7313595372427
2020 7 16 62.24922105851988 1.0861315176913329 2263.144401109305
2020 7 17 62.141140914582685 0.9556654581972397 2527.1344207363745
2020 7 18 62.03324842468059 0.840870974753252 2821.918202541651
2020 7 19 61.92554326299948 0.7398655984870318 3151.0877603081844
