2020 6 15 574.6066373471654 553.1298179358555 596.0834567584752
2020 6 16 587.7651345379256 544.6616472415878 632.5098615952259
2020 6 17 601.2858147473925 536.3795111260796 671.2277543231571
2020 6 18 615.1223072019965 528.227585124824 712.3210352229617
2020 6 19 629.360479486263 520.2710691868932 756.026531733314
2020 6 20 644.0184425590544 512.5089824909923 802.5220221209864
2020 6 21 658.9305997246978 504.7933122981419 851.768323171525
2020 6 22 673.6580186644306 496.78775622334916 903.3514541423589
2020 6 23 688.1780941464522 488.51351381743086 957.3390233037038
2020 6 24 703.0933472799426 480.43544155997733 1014.6674512468988
2020 6 25 718.1134857956177 472.34172519406314 1075.1137272739932
2020 6 26 733.5002516348198 464.4144548821162 1139.2294375995066
2020 6 27 749.058979107677 456.52036381456134 1206.9237965232282
2020 6 28 764.8045583187567 448.67319742411973 1278.409944546598
2020 6 29 781.1003926208488 441.089554748922 1354.4967503195357
2020 6 30 797.9487306265415 433.750018825778 1435.4679782945823
2020 7 1 815.0778730044667 426.4877019400984 1521.131012282906
2020 7 2 832.8278809151179 419.4794458476655 1612.3785398162015
2020 7 3 850.7389191714594 412.47276638693444 1708.663100028344
2020 7 4 869.1638895504159 405.6455359661899 1810.9559264298587
2020 7 5 888.2509410484075 399.0540725143297 1919.9207955326053
2020 7 6 908.1957446220844 392.76675861800044 2036.3900679452713
2020 7 7 928.9500375796276 386.734906586577 2160.735684977299
2020 7 8 950.5618420138983 380.955231644649 2293.5654590724675
2020 7 9 973.2116655707797 375.4764343170552 2435.852274579543
2020 7 10 996.4011852152622 370.0764316027477 2586.9661927913007
2020 7 11 1020.1432607325994 364.75409029845 2747.454824123234
2020 7 12 1044.451058328789 359.5082934983153 2917.8997513119007
2020 7 13 1069.3380579319135 354.337940359541 3098.9186369690638
2020 7 14 1094.8180606674555 349.24194587135446 3291.1674618829916
2020 7 15 1120.9051965117349 344.21924062732074 3495.342902178127
2020 7 16 1147.6139321277087 339.26877060092534 3712.184853947541
2020 7 17 1174.959078887483 334.3894969243841 3942.479114506993
2020 7 18 1202.9558010859828 329.58039567063446 4187.060229986999
2020 7 19 1231.619624350336 324.8404576384618 4446.814519582075
