2020 6 15 2107.5602115574416 2024.9370293245831 2190.1833937903
2020 6 16 2171.788443856925 2004.895101311413 2345.35323079032
2020 6 17 2238.1139038873403 1985.1806537014859 2511.667560479191
2020 6 18 2306.4649141782747 1965.6600613432925 2689.775617397174
2020 6 19 2378.240151370572 1947.4707062184905 2882.072704034435
2020 6 20 2454.546336319135 1931.3309102628211 3090.9015305905727
2020 6 21 2533.1427448104355 1915.200497168374 3314.6625948698866
2020 6 22 2609.85127284981 1895.874678633307 3548.8590044594353
2020 6 23 2684.680855850385 1873.691536414643 3793.8888643738924
2020 6 24 2764.0764410244647 1853.4572613025193 4059.257279361082
2020 6 25 2842.437937684374 1831.1736255313806 4338.220357289658
2020 6 26 2923.9362390606366 1809.7475337015599 4637.751424905754
2020 6 27 3004.5701556173526 1786.5908460389007 4952.886148485223
2020 6 28 3083.170884538892 1761.1992372900972 5282.417046050515
2020 6 29 3165.21772244266 1736.962445098697 5636.253953737202
2020 6 30 3251.69014785804 1714.289643340431 6017.7849312327935
2020 7 1 3338.4308907476816 1690.8087982691973 6421.267192044795
2020 7 2 3431.140381109228 1669.5006571992863 6858.832204897312
2020 7 3 3520.9003537572626 1645.7731722032327 7315.171612864683
2020 7 4 3613.4619709815793 1622.594883947388 7802.814886063607
2020 7 5 3709.6204843131864 1600.265499411898 8325.47787659758
2020 7 6 3812.638050286644 1580.0984154425657 8892.801696822653
2020 7 7 3924.4092231101067 1562.6276659930222 9512.52933056257
2020 7 8 4044.0567637192707 1547.1815973732696 10186.594329950316
2020 7 9 4173.094722429138 1534.0852207917997 10922.8891446113
2020 7 10 4306.250030563323 1521.0997006733687 11712.403910566769
2020 7 11 4443.654064706294 1508.224098654963 12558.985406524644
2020 7 12 4585.442393412925 1495.457484316499 13466.758459294495
2020 7 13 4731.754910966096 1482.7989351135889 14440.146041316604
2020 7 14 4882.735975402223 1470.247536310876 15483.890820855753
2020 7 15 5038.53455094093 1457.8023809159336 16603.078269859478
2020 7 16 5199.30435495936 1445.4625696137232 17803.16144206995
2020 7 17 5365.204009656159 1433.2272107016088 19089.987542116716
2020 7 18 5536.397198554751 1421.0954200249198 20469.826415043724
2020 7 19 5713.052828000344 1409.06632091306 21949.40109508113
