2020 6 15 22585 287.75200 287.75200
2020 6 16 22936.1 568.3900 612.4400
2020 6 17 23322.3 845.400 980.5700
2020 6 18 23738.8 1121.500 1398.900
2020 6 19 24196.8 1399.400 1876.200
2020 6 20 24701.6 1682.000 2422.600
2020 6 21 25236.8 1970.400 3047.00
2020 6 22 25764.5 2260.500 3750.0
2020 6 23 26276.5 2550.000 4550.00
2020 6 24 26829.8 2846.800 5450.0
2020 6 25 27389.6 3146.600 6480.00
2020 6 26 27991.7 3455.00 7644.00
2020 6 27 28606.4 3767.00 8950.0
2020 6 28 29223.3 4080.00 10430.0
2020 6 29 29883.4 4401.00 12090.0
2020 6 30 30591.2 4733.00 13990.0
2020 7 1 31316.6 5072.00 16120.0
2020 7 2 32113.6 5420.0 18570.0
2020 7 3 32904.5 5780.0 21320.0
2020 7 4 33741.2 6158.00 24400
2020 7 5 34640.6 6551.00 28040.0
