2020 6 15 366.42106443965326 350.0791937419646 382.76293513734186
2020 6 16 382.0487676931682 348.74435870393785 416.8717459399753
2020 6 17 398.9973744943048 348.01195680593446 454.73409949649886
2020 6 18 416.8687171807572 347.43011528101 496.23002099792274
2020 6 19 436.07605074803064 347.2955658293472 542.1500484534706
2020 6 20 456.7285637153539 347.60721493026426 593.0158760193145
2020 6 21 477.7724499832186 347.47259689312295 647.8922522079624
2020 6 22 498.7630037022169 346.5940745478696 706.4595965984007
2020 6 23 520.0350346309239 345.27252810081063 769.4136982316568
2020 6 24 541.7689401251189 343.6603222532852 837.3188308790409
2020 6 25 563.4832103206378 341.46700905968737 909.7827838480088
2020 6 26 585.8265060996189 339.1414744221476 988.1283951846808
2020 6 27 608.0523332091564 336.25088238928345 1071.5282037751404
2020 6 28 630.8610176922191 333.24094159654885 1161.508266534715
2020 6 29 654.5252799922473 330.25794420842743 1259.0442775798242
2020 6 30 678.7969393758873 327.1602292421955 1364.231601439723
2020 7 1 703.3873254768846 323.8113832084834 1477.0384839097933
2020 7 2 729.7721260934937 320.91279426041734 1601.0706979124402
2020 7 3 755.89666512729 317.4904795074337 1732.7759625437834
2020 7 4 782.9564160105464 314.10466139303213 1875.3154000534569
2020 7 5 810.6495877833429 310.62044790549623 2028.7772084838346
2020 7 6 840.3636522731205 307.5739156133294 2197.4034142403048
2020 7 7 874.5854711713829 305.80847293697536 2388.9843807758634
2020 7 8 911.5116648477168 304.51148972860125 2600.8488200338634
2020 7 9 950.6799903152727 303.4481983226654 2833.4512151151084
2020 7 10 991.5314074854331 302.388619711327 3086.8560012391463
2020 7 11 1034.1382400443795 301.33274093027205 3362.9236041034264
2020 7 12 1078.5759194801888 300.2805490604552 3663.6808333450417
2020 7 13 1124.9231186273619 299.2320312279417 3991.33576279927
2020 7 14 1173.2618909498594 298.18717460375007 4348.29394154818
2020 7 15 1223.677815809232 297.1459664036948 4737.1760547762005
2020 7 16 1276.2601499750283 296.10839388823024 5160.8371640936275
2020 7 17 1331.1019856457162 295.0744443622946 5622.387668585022
2020 7 18 1388.3004152598799 294.0441051751547 6125.216140472559
2020 7 19 1447.9567033894746 293.01736372025096 6673.014203047248
