2020 6 15 531.3958836622801 463.2915291555971 599.500238168963
2020 6 16 524.4131823558913 398.5716455027302 667.4926813278244
2020 6 17 517.2337194369326 342.67357600788756 742.8292670003423
2020 6 18 510.08930974447446 294.57309056338585 826.5779008387786
2020 6 19 502.7629480166233 253.06232014120886 919.3138297965929
2020 6 20 495.142273399848 217.20007522935444 1021.7234748048313
2020 6 21 487.4555015600813 186.34031543560056 1135.1665931313796
2020 6 22 480.6032177298841 160.13849009731976 1262.8708554057944
2020 6 23 474.46422293861815 137.82655022154293 1406.5628097138376
2020 6 24 467.9975887461459 118.50535648146364 1565.4005554006108
2020 6 25 461.96239482269004 101.97963210334846 1743.3235540013065
2020 6 26 455.63791253434806 87.67739905016353 1940.08383011351
2020 6 27 449.51142796380725 75.40243551059022 2159.525851221973
2020 6 28 444.0168924732789 64.93817175909801 2406.429098281469
2020 6 29 438.2366628265075 55.87452084552748 2679.648960812369
2020 6 30 432.1566287372372 48.02809729840967 2981.5962170772573
2020 7 1 426.34587233356325 41.3040937399127 3318.8432421022017
2020 7 2 420.1180591264526 35.47348700480942 3690.381391590652
2020 7 3 414.4691727273215 30.507147168970604 4107.798793180115
2020 7 4 408.8455679706712 26.232372338112782 4571.927872350233
2020 7 5 402.94836724803923 22.534144653289687 5084.584893950872
2020 7 6 396.5450543132915 19.32423109761964 5647.267207956128
2020 7 7 389.72636033269725 16.546358135821087 6264.853759147237
2020 7 8 382.68026207557085 14.153173803605284 6944.4394229529435
2020 7 9 375.3357974336066 12.090381610925558 7690.017607539872
2020 7 10 368.132289005544 10.32823658680505 8515.64355343272
2020 7 11 361.06703153576456 8.822920105071216 9429.911455341778
2020 7 12 354.1373716883755 7.537000002490282 10442.338209393522
2020 7 13 347.3407070507575 6.438499766634799 11563.46247743296
2020 7 14 340.67448515623664 5.500103387456489 12804.954387200025
2020 7 15 334.13620252551334 4.698476099894567 14179.73701028285
2020 7 16 327.72340372648824 4.013684126670445 15702.12088234941
2020 7 17 321.43368045213225 3.428698992221711 17387.952965920013
2020 7 18 315.2646706160542 2.9289740817283385 19254.78160628
2020 7 19 309.2140574654265 2.5020829156768465 21322.039197609603
