2020 6 15 12.15623814436537 10.298958794849755 14.013517493880986
2020 6 16 12.71565902459607 9.129177136139951 16.894991018657578
2020 6 17 13.318576296427162 8.105007419298335 20.39254303004289
2020 6 18 13.950081094549194 7.195735638300578 24.61414810892237
2020 6 19 14.631004542507865 6.398517734292406 29.74406130544541
2020 6 20 15.365591109726482 5.698556800151756 35.98464162096558
2020 6 21 16.22286674266833 5.106990458023013 43.73550553810834
2020 6 22 17.12797141814995 4.576834530743563 53.1558564573688
2020 6 23 18.083573609673174 4.101714012192551 64.60529130626821
2020 6 24 19.142983437802947 3.6873684482821907 78.70125214168459
2020 6 25 20.26445783393036 3.3148791049230097 95.8727522689471
2020 6 26 21.50821500500806 2.989273535800629 117.05852577415209
2020 6 27 22.858336880754692 2.6998240372025406 143.08931492584182
2020 6 28 24.165559496581896 2.423324911960281 174.10961344218535
2020 6 29 25.547539562010293 2.1751431011823192 211.85479508863378
2020 6 30 27.044219094536448 1.9554152283549908 258.078515065496
2020 7 1 28.628580245781524 1.7578837517422283 314.3875969885226
2020 7 2 30.42566440420181 1.587668960609293 384.29926890641474
2020 7 3 32.25060158830261 1.429502889004014 468.6844523768939
2020 7 4 34.18499885457844 1.2870935694847907 571.5990991211647
2020 7 5 36.28314714046418 1.1606681943984238 697.9099514036701
2020 7 6 38.61138140625649 1.0499018173900605 854.0814260429821
2020 7 7 41.17885683490045 0.9521491769837958 1047.186726238058
2020 7 8 43.970714265465105 0.8647386099618238 1285.317074443026
2020 7 9 46.93036939682672 0.7849300934352307 1576.9702349457305
2020 7 10 50.08923799658257 0.7124872701213607 1934.8028368660916
2020 7 11 53.46072906146647 0.6467303449448867 2373.831753187087
2020 7 12 57.059154143621065 0.5870422625253195 2912.4813573080805
2020 7 13 60.89978810132226 0.5328629168006861 3573.356723903672
2020 7 14 64.99893393881612 0.4836838950570246 4384.192277910227
2020 7 15 69.37399201050508 0.4390437070422791 5379.015702829062
2020 7 16 74.04353388324634 0.39852345439514986 6599.575953149857
2020 7 17 79.02738117029881 0.36174289975132 8097.095299143049
2020 7 18 84.34668967155841 0.3283568986400067 9934.41893067576
2020 7 19 90.02403917724656 0.29805216068816626 12188.652330745568
