2020 6 15 223.08828822469556 215.23768956216176 230.93888688722933
2020 6 16 224.63733906831854 209.1040627119896 240.727076218735
2020 6 17 226.19714600557253 203.14522578087707 250.9301313689894
2020 6 18 227.76778372319276 197.35619778179134 261.56563614657426
2020 6 19 229.3027061022451 191.69174323223675 272.59838030004465
2020 6 20 230.79164968614268 186.14278365631017 284.02952449157567
2020 6 21 232.27136539813054 180.73921103691282 295.9167674690844
2020 6 22 233.855654582149 175.56648998970158 308.42265818746404
2020 6 23 235.49861741032095 170.57774755988223 321.5201971924846
2020 6 24 237.11455995727323 165.70282866234038 335.1212898868483
2020 6 25 238.78041836349493 160.99436332742715 349.3526183874863
2020 6 26 240.45798032866335 156.41968958792026 364.1882973636237
2020 6 27 242.18670316046445 152.00061952235262 379.71362725416265
2020 6 28 243.99725607188626 147.74995200386243 396.0096131573871
2020 6 29 245.7414351329915 143.5697653496569 412.87527255465756
2020 6 30 247.4980822056071 139.50784580976855 430.4592237747876
2020 7 1 249.2774183912933 135.56655845039649 448.8096801236258
2020 7 2 251.02872747574267 131.71441877245596 467.86892280636374
2020 7 3 252.8437230160286 127.99869845223336 487.83330628303395
2020 7 4 254.6407889519115 124.37208032210589 508.58967561261295
2020 7 5 256.41935424289585 120.83294156112902 530.1667272417316
2020 7 6 258.1473589625093 117.36483306869256 552.5289684998417
2020 7 7 259.80246521780265 113.9578280481752 575.6534873766273
2020 7 8 261.4086233007357 110.623600702679 599.6138479564551
2020 7 9 262.95354644414607 107.35681200544252 624.4082720665566
2020 7 10 264.50760007257605 104.18649375686803 650.2279618022717
2020 7 11 266.07083814712854 101.10979712027597 677.1153125666311
2020 7 12 267.6433149478161 98.12395738703366 705.1144728402616
2020 7 13 269.225085075446 95.22629149219796 734.271416672289
2020 7 14 270.8162034535156 92.41419560352269 764.6340191687876
2020 7 15 272.41672533011996 89.68514278166424 796.2521351027267
2020 7 16 274.02670627987 87.03668070948288 829.1776807744882
2020 7 17 275.6462022058221 84.46642948839934 863.4647192573722
2020 7 18 277.2752693414193 81.9720794998264 899.1695491680581
2020 7 19 278.91396425244403 79.55138932975389 936.3507971077834
