2020 6 15 289.07584257731384 266.7311902365509 311.4204949180768
2020 6 16 280.929628878485 239.078252735716 326.15474520866775
2020 6 17 272.1052806101902 213.51971737318948 340.5322967916876
2020 6 18 263.11852377670164 190.3485578645261 354.99350181764254
2020 6 19 254.06422130927552 169.4283504683691 369.57725167021533
2020 6 20 245.14558528506512 150.6900662898428 384.50424423858
2020 6 21 236.0308357631052 133.71118353998375 399.23547457122163
2020 6 22 227.5818213181284 118.83053723359058 415.08392665446286
2020 6 23 220.2756237612905 106.04474656821564 433.0942635130608
2020 6 24 213.305655877702 94.68361453156248 452.08596893862193
2020 6 25 206.90083208506906 84.6926239291774 472.64083874349967
2020 6 26 200.59282191690767 75.71678783212151 493.91211063276324
2020 6 27 194.52342551145284 67.70969729471553 516.2546887767816
2020 6 28 189.26618670281675 60.768133959976836 541.2759969039101
2020 6 29 183.932628598835 54.46809305007304 566.8854097229648
2020 6 30 178.5795727112238 48.770916451445466 593.1831580969418
2020 7 1 173.38230868911342 43.66964507692976 620.7008559663186
2020 7 2 168.13622883904245 39.05155691076719 648.7788420693923
2020 7 3 163.4369210624484 35.01196071012989 679.6242722924061
2020 7 4 158.75579782896696 31.365989887222923 711.4656629992437
2020 7 5 153.98891573683727 28.05625871833851 743.8136788156247
2020 7 6 148.90316018782244 25.011593551220887 775.4008210978809
2020 7 7 143.69326641826405 22.24827004418029 806.8082491750166
2020 7 8 138.41030513228398 19.750706383219875 838.0540688799018
2020 7 9 132.8408240292908 17.464914580762855 867.5990917039298
2020 7 10 127.49545282712435 15.443662388322961 898.1857040936992
2020 7 11 122.36517358556372 13.656334066884595 929.8506265767221
2020 7 12 117.44133123655702 12.075857102869783 962.6318742375852
2020 7 13 112.71561898263754 10.678292143024427 996.5688023566731
2020 7 14 108.18006428289173 9.442470387023656 1031.7021536578548
2020 7 15 103.82701540283678 8.349672945412195 1068.0741072218539
2020 7 16 99.64912850551642 7.383347306141115 1105.7283291240271
2020 7 17 95.63935526203728 6.5288566150431535 1144.7100248573431
2020 7 18 91.79093096064379 5.773257972618802 1185.0659936034965
2020 7 19 88.09736309427099 5.105106389012994 1226.8446844173136
