2020 6 15 19.122575931259423 15.898466541055022 22.34668532146382
2020 6 16 18.35111602856318 12.67914489344553 25.068663921784296
2020 6 17 17.618383900895836 10.116966364135488 28.13258673433771
2020 6 18 16.893005034510225 8.059970543370145 31.536010808142397
2020 6 19 16.14148643007175 6.394485050118793 35.24662402485744
2020 6 20 15.38326560878105 5.057250368547678 39.30619915776973
2020 6 21 14.647911104579276 3.9954708455902295 43.8007634281387
2020 6 22 13.990199709015435 3.1682042885721518 48.936329553676636
2020 6 23 13.414199364005476 2.5240405396418035 54.85654882321632
2020 6 24 12.811883325828985 2.001435217841472 61.28838726280489
2020 6 25 12.2737775694709 1.5928417732858413 68.65213692696946
2020 6 26 11.753186178331273 1.2670026842892368 76.87218507793239
2020 6 27 11.283899345753094 1.010969087264706 86.2675977032711
2020 6 28 10.861407275896866 0.8091880179500786 97.02582925493068
2020 6 29 10.441230991556273 0.6466747785254288 109.00506990560704
2020 6 30 10.015674665444822 0.5154599410802414 122.23745784972677
2020 7 1 9.624065181400526 0.4117239559348815 137.27878213458126
2020 7 2 9.211872857112295 0.3273291751168527 153.65893671516022
2020 7 3 8.84405679688539 0.26118309101186554 172.43932018606245
2020 7 4 8.479931918595701 0.20807897784899737 193.30068423814328
2020 7 5 8.123770372094436 0.16559960827408327 216.52560354525096
2020 7 6 7.762368445063516 0.13138065625874878 242.00259780302707
2020 7 7 7.383267895023721 0.10366091956791153 269.42426186447295
2020 7 8 7.007689484123198 0.08157921961506569 299.40602112974216
2020 7 9 6.640035744440313 0.06407117423959088 332.24648188356247
2020 7 10 6.291670712199312 0.05032060110172836 368.6890607860217
2020 7 11 5.961582418271035 0.03952109392861089 409.1288575056056
2020 7 12 5.64881198580954 0.03103931255027153 454.00430836484514
2020 7 13 5.352450844800988 0.024377840485229382 503.80193973732906
2020 7 14 5.071638092749359 0.01914601380944856 559.0616428228351
2020 7 15 4.805557993832024 0.015037010559393105 620.3825269881329
2020 7 16 4.553437609260449 0.011809857070703334 688.4294151336492
2020 7 17 4.31454455196244 0.00927529600910719 763.9400515068407
2020 7 18 4.088184859063479 0.007284687320219718 847.7331001072574
2020 7 19 3.8737009759869028 0.005721291191274656 940.7170203996382
