2020 6 15 12.010528497425149 11.477076966444534 12.543980028405763
2020 6 16 12.136070174693181 11.081956245879626 13.2380662675714
2020 6 17 12.2629240933613 10.700438325424553 13.97055783792444
2020 6 18 12.391103969810633 10.332054902200733 14.743579791627548
2020 6 19 12.52062366379463 9.976353795567968 15.55937476469319
2020 6 20 12.651497179937701 9.632898392085002 16.42030948315887
2020 6 21 12.783738669249487 9.301267109578383 17.32888162926345
2020 6 22 12.917362430654977 8.981052879661808 18.28772708754425
2020 6 23 13.052382912540612 8.67186264807074 19.299627591876792
2020 6 24 13.188814714316548 8.373316892198973 20.367518795642173
2020 6 25 13.326672587995258 8.085049155244961 21.49449878843473
2020 6 26 13.465971439786626 7.806705596396046 22.683837084018023
2020 6 27 13.606726331709712 7.537944556498474 23.938984105604366
2020 6 28 13.702071818961342 7.252464877162131 25.181101733302672
2020 6 29 13.798085414155883 6.977796984341746 26.487668887941332
2020 6 30 13.894771798880651 6.713531410267357 27.86202965016956
2020 7 1 13.992135687527922 6.459274194675965 29.307701614328906
2020 7 2 14.090181827524818 6.214646297505787 30.828384891526017
2020 7 3 14.188914999564783 5.979283033833167 32.42797157984617
2020 7 4 14.288340017840687 5.752833530209749 34.110555725946035
2020 7 5 14.437690828806266 5.554781035102137 35.99796843595182
2020 7 6 14.63834642172203 5.382685345476631 38.11384340875883
2020 7 7 14.858602404551407 5.222103287130173 40.397857005183994
2020 7 8 15.106062949139295 5.074708270472646 42.883696502544616
2020 7 9 15.394077330095861 4.9437126034562695 45.62592566041048
2020 7 10 15.687583034894853 4.816098384961163 48.54350865592426
2020 7 11 15.986684761910853 4.691778328175766 51.64765861775161
2020 7 12 16.291489205712796 4.570667399461213 54.95030570622489
2020 7 13 16.602105095123697 4.452682760189197 58.46414296445452
2020 7 14 16.918643232006037 4.337743710081203 62.20267510142299
2020 7 15 17.241216530786634 4.225771632010348 66.18027039454931
2020 7 16 17.569940058735096 4.116689938228072 70.41221591120065
2020 7 17 17.904931077010236 4.010424017978913 74.91477626138371
2020 7 18 18.246309082489084 3.9069011864675134 79.70525610741969
2020 7 19 18.594195850393405 3.80605063514297 84.80206667084589
