2020 6 1 3.7238086660289413 3.2258545920489983 4.2217627400088835
2020 6 2 3.696526472269902 2.77401419303285 4.751237602209155
2020 6 3 3.669444159375606 2.3854623708441505 5.3471168663065844
2020 6 4 3.6425602629344875 2.0513343936759045 6.0177286795015785
2020 6 5 3.6158733292638776 1.7640071988176462 6.772445668484009
2020 6 6 3.5893819153314 1.5169254740103126 7.62181593344396
2020 6 7 3.563084588676942 1.3044520993132769 8.577710470773546
2020 6 8 3.5369799273351994 1.1217395373447643 9.653489084873753
2020 6 9 3.511066519758785 0.9646192376898103 10.864187107888329
2020 6 10 3.4853429647419034 0.8295065322595351 12.226725537003139
2020 6 11 3.4598078713445846 0.7133188518084513 13.760147526238766
2020 6 12 3.4344598588174717 0.613405397736069 15.48588453800067
2020 6 13 3.40929755652716 0.5274866646490709 17.428055874182856
2020 6 14 3.384319603882084 0.453602433903461 19.613805773141454
2020 6 15 3.3595246502589458 0.3900670516097873 22.073682783883918
2020 6 16 3.334911354929684 0.33543097077811235 24.842066719695726
2020 6 17 3.3104783869889767 0.28844768019448824 27.957649158407847
2020 6 18 3.286224425282276 0.24804526551789383 31.4639742048884
2020 6 19 3.2621481583343694 0.2133019537697711 35.410047073580955
2020 6 20 3.238248284278466 0.18342508326859958 39.85101899678049
2020 6 21 3.2145235107858 0.15773301921278876 44.84895803108452
2020 6 22 3.190972554995752 0.13563960231954345 50.47371653498952
2020 6 23 3.1675941434464794 0.11664077571851998 56.80390744170137
2020 6 24 3.14438701200606 0.10030308499553756 63.92800297177573
2020 6 25 3.121349905804135 0.08625378901715083 71.94557114145177
