2020 6 1 583.7565399630907 556.5087860207688 611.0042939054129
2020 6 2 611.6529918570363 555.943229307296 670.0223573921284
2020 6 3 640.6369942044071 555.1550529855929 734.4720938827703
2020 6 4 670.5829284680905 554.0113893938791 804.6494887677648
2020 6 5 702.359405378333 553.2259518958487 882.0490664777689
2020 6 6 736.7413599939127 553.3078314108069 968.2747948877444
2020 6 7 771.6824213853423 552.5456049994363 1061.4524339196646
2020 6 8 808.1876727634985 551.7178795217321 1163.4687683174252
2020 6 9 845.9980418673528 550.6034465819124 1274.6826794726826
2020 6 10 886.8340142918491 550.3091519379159 1398.4207926168028
2020 6 11 930.7804404098105 550.7219984285048 1535.9671727272168
2020 6 12 977.2035443966938 551.3120331951519 1687.5357050586404
2020 6 13 1026.9228161453816 552.4560378033249 1855.7546863901005
2020 6 14 1080.408596645011 554.2677993625257 2042.9773641046258
2020 6 15 1138.9356130130168 557.2426155079141 2253.3534988179003
2020 6 16 1200.9989058510191 560.4123706375588 2486.116894193926
2020 6 17 1265.913793036355 563.3526687963008 2741.826009109579
2020 6 18 1334.235733115589 566.2631599208814 3023.6158879535515
2020 6 19 1407.1556530750975 569.5751614829161 3336.4302023583414
2020 6 20 1481.4621822082574 571.8546655517202 3675.4457682651355
2020 6 21 1555.2913159696243 572.4443832889697 4037.9895038265704
2020 6 22 1628.4289314941616 571.4259756521312 4424.946420036656
2020 6 23 1705.9647004780743 570.745848127292 4851.590577609333
2020 6 24 1788.3109046278114 570.4407874756927 5322.552232214633
2020 6 25 1875.008850821398 570.2561225897949 5840.353701194986
