2020 6 1 209.43002940082218 196.44759091754034 222.41246788410402
2020 6 2 217.09194646968874 191.024343951331 244.82626558764002
2020 6 3 224.84143461187392 185.58122026980328 269.281471895199
2020 6 4 232.68124519830178 180.1394176652523 295.95632620513453
2020 6 5 240.79441567561082 174.85718516991736 325.27357491171546
2020 6 6 249.06220924825837 169.6366993374617 357.32170254065875
2020 6 7 257.11267427103513 164.23070169443017 391.8083597268513
2020 6 8 265.30161233206667 158.91921952523293 429.4379512787165
2020 6 9 273.68855462051994 153.74189496120474 470.57984963944966
2020 6 10 282.6322134825008 148.89703204586988 516.1646535282629
2020 6 11 292.0688751418305 144.31059939090426 566.5318380505237
2020 6 12 301.8378994963251 139.87398270374692 621.8473682449965
2020 6 13 312.0765954340944 135.6399936819644 682.8582896119617
2020 6 14 322.81036843560025 131.5983932433684 750.1784711508898
2020 6 15 334.0470706278551 127.73174138874602 824.4462804043783
2020 6 16 345.6353681724319 123.96358005142397 905.969022728272
2020 6 17 357.543841569963 120.27723326614242 995.338393085614
2020 6 18 369.9260943385969 116.72186537474028 1093.700345539501
2020 6 19 382.8028472612839 113.29231881187624 1201.9768847454154
2020 6 20 395.9918838671556 109.9233069208353 1320.545968984398
2020 6 21 409.09626426318613 106.50484028979551 1449.0136296122514
2020 6 22 422.19846044841273 103.07921560749247 1588.4353606278783
2020 6 23 435.9160293520705 99.81156405640732 1742.0084794142804
2020 6 24 450.1816363845598 96.67093184164115 1910.8383398055346
2020 6 25 464.74622922328206 93.5930747212484 2095.3181305995495
