2020 6 1 587.5152980444271 576.457659673197 598.5729364156572
2020 6 2 593.1464166153149 571.0422359184729 615.6703219600101
2020 6 3 599.7874346233259 566.597990019671 634.2482972633675
2020 6 4 606.8250171685038 562.4927127281204 653.7275893220653
2020 6 5 614.1262808318705 558.5850551764843 674.0002412447678
2020 6 6 621.442078651762 554.637860753262 694.8211037500198
2020 6 7 628.7708387916812 550.6523465494419 716.20220615565
2020 6 8 636.2986214716041 546.7940762015022 738.3694995328536
2020 6 9 644.0684502324559 543.0933915243899 761.3991886064688
2020 6 10 651.7793792788187 539.2880847063749 784.9653812905169
2020 6 11 659.5437207681933 535.4772507058292 809.214120794005
2020 6 12 667.4005552094474 531.6933456439929 834.2119396601286
2020 6 13 675.5900059303485 528.1265988233139 860.2807410552541
2020 6 14 684.1219011394171 524.7729209381281 887.4722816678313
2020 6 15 692.802379007704 521.4718628983874 915.5762586872934
2020 6 16 701.7170585135341 518.2849494466246 944.7341680962896
2020 6 17 710.9139892667072 515.2412574633603 975.0462186613366
2020 6 18 720.4860632863724 512.3999674103818 1006.6800406500336
2020 6 19 730.3590424216297 509.6966855424251 1039.580525209236
2020 6 20 740.4109080517184 507.0380890747008 1073.618321093818
2020 6 21 750.6453114826887 504.42362487780036 1108.8346615111436
2020 6 22 761.0659867421034 501.8527506431962 1145.2723382999134
2020 6 23 771.2906165118284 499.0703135949352 1182.3946952251074
2020 6 24 781.1692104195075 495.99051521427793 1219.9792641667789
2020 6 25 791.0927295964274 492.87791284785953 1258.6310918131503
