2020 6 1 2799.1555849202273 2719.5481238000734 2878.763046040381
2020 6 2 2845.6095485527007 2686.067929515169 3009.753537043218
2020 6 3 2891.804795803045 2652.027983577265 3145.6153571256427
2020 6 4 2937.572806604735 2617.339860102776 3286.3295671744295
2020 6 5 2983.799446321971 2582.8686880626524 3433.041127922358
2020 6 6 3031.0234378886003 2549.085157675822 3586.612882741743
2020 6 7 3077.349719983718 2514.3599728332792 3745.1077661283907
2020 6 8 3123.270549444956 2479.198041855592 3909.2515208132277
2020 6 9 3169.7353535655416 2444.4156971596 4080.4126919901005
2020 6 10 3218.468447588944 2411.337504499066 4261.098040833981
2020 6 11 3269.260927117603 2379.688511441482 4451.518904654578
2020 6 12 3321.0028599213038 2348.5625469241854 4650.650678590882
2020 6 13 3374.014327571725 2318.1623809313264 4859.32134785718
2020 6 14 3428.7876277835035 2288.7848207977568 5078.673608618649
2020 6 15 3486.000947131115 2260.8147707133066 5310.224621232685
2020 6 16 3545.2726373435426 2233.902322803535 5554.013961601998
2020 6 17 3605.71246304568 2207.4112763506564 5809.246736960318
2020 6 18 3667.9980969777835 2181.7335824940387 6077.5224033045315
2020 6 19 3732.52098446293 2157.0453410986215 6360.111454178932
2020 6 20 3798.8541647713146 2133.0267205883197 6656.990832416523
2020 6 21 3864.8198017514705 2108.407257577617 6965.018189803793
2020 6 22 3929.4836316617734 2082.736870987639 7282.887983820278
2020 6 23 3995.881054695384 2057.7244349233306 7616.472548223797
2020 6 24 4064.0751482507685 2033.359847111113 7966.622685780776
2020 6 25 4133.8190658774065 2009.4768835264651 8333.626877517674
