2020 6 1 326.8425320337395 313.9932433369573 339.69182073052167
2020 6 2 328.85808115400494 303.51434856293736 355.2179283730673
2020 6 3 330.6166300777107 293.1365001664291 371.1626534456739
2020 6 4 332.181430012459 282.93337164221236 387.59502510995827
2020 6 5 333.8216741849587 273.14333184162524 404.83429019081353
2020 6 6 335.538391587166 263.74799205726265 422.923233999021
2020 6 7 336.98903477150645 254.45973914539306 441.4739381541283
2020 6 8 338.37692678130907 245.44646603283672 460.7479092301753
2020 6 9 339.90914894449816 236.8529996993413 481.05209044276046
2020 6 10 341.8660345672798 228.85148041762642 502.8422142137788
2020 6 11 344.18429464939686 221.35464271239314 526.1343268755564
2020 6 12 346.5182753040918 214.10339037753215 550.5053515636388
2020 6 13 349.0810068823393 207.22123768135896 576.343531370727
2020 6 14 351.66269155371407 200.56030532947796 603.3944360565963
2020 6 15 354.19144121676004 194.07240322923388 631.591396845404
2020 6 16 356.81092092632116 187.8341278297564 661.2353812861529
2020 6 17 359.4497734189321 181.79637594270102 692.2707175057774
2020 6 18 362.1817652072664 175.9899378335488 724.9045014386071
2020 6 19 365.15706988283216 170.47709280316636 759.5220779246666
2020 6 20 368.23160875240546 165.17185386450387 795.9483722773866
2020 6 21 370.95492477673497 159.86255952123778 833.3065143947114
2020 6 22 373.4704422818979 154.62569733582887 871.9060366035271
2020 6 23 376.1560079610587 149.62372855218152 912.6506952488853
2020 6 24 378.9687481702223 144.82647261125436 955.5610780460926
2020 6 25 381.829688300066 140.19340920920894 1000.557493705359
