2020 6 1 208.79494466635978 189.54829470114288 228.04159463157671
2020 6 2 205.41042729782302 169.29522651430236 245.01463582756034
2020 6 3 201.7468230129804 150.93094649661214 262.8526371285122
2020 6 4 197.9341041033934 134.39828996027418 281.70990059223544
2020 6 5 194.26770023403935 119.72700873660555 302.02569054855104
2020 6 6 191.05792886156226 106.8968510902293 324.4109098015181
2020 6 7 187.74588298101108 95.35470119232015 348.19154494556017
2020 6 8 184.4442938215449 85.0349609671095 373.6283081898405
2020 6 9 181.3045632551292 75.87992690667082 401.13359204503683
2020 6 10 178.53571164131085 67.84339454669711 431.3660385940083
2020 6 11 176.14405756756432 60.78528706340014 464.68622210973746
2020 6 12 173.8174845194067 54.47287447491808 500.6673399042007
2020 6 13 171.78249069503715 48.8977392449566 540.1858662640817
2020 6 14 169.78206332316805 43.89625992292598 582.8574347734423
2020 6 15 168.08095695839046 39.47771927848113 629.8474005509527
2020 6 16 166.55454469040654 35.54097100286312 681.2164573631449
2020 6 17 165.0732380850869 32.003465338440606 736.9028568970039
2020 6 18 163.72896919642017 28.84207274592897 797.6943080502284
2020 6 19 162.40588520066336 25.994774910998075 863.5506829618578
2020 6 20 161.3067510847968 23.462697359942947 935.9779996563371
2020 6 21 160.1646236118909 21.16992678014235 1014.187275305798
2020 6 22 158.59993778158312 19.044284356128397 1096.2047186070113
2020 6 23 157.30342543450806 17.162440806581436 1186.6028212269912
2020 6 24 156.27226657922597 15.4943446927992 1286.3772867671223
2020 6 25 155.37098956983334 14.000586012539104 1395.5547006364388
