2020 6 1 94.15859464405649 89.86267055941465 98.45451872869833
2020 6 2 93.09282587790638 84.79263660748832 101.78051550759984
2020 6 3 92.03461268822211 80.00454714973522 105.21394292644669
2020 6 4 90.97637951465892 75.47635854540553 108.74941794086651
2020 6 5 89.91832208973874 71.19451261978108 112.38935975665628
2020 6 6 88.91473924316371 67.18896827198097 116.20384140761479
2020 6 7 87.92060337858885 63.40745832287046 120.1454937184923
2020 6 8 86.9077818212885 59.81728610222134 124.1801238770284
2020 6 9 85.90506909075556 56.42931904409366 128.34801472271613
2020 6 10 84.94026993842799 53.25054693167756 132.69515425625025
2020 6 11 83.99894997827032 50.25876762593882 137.20928310112586
2020 6 12 83.04712239018575 47.422547041194 141.8427732841361
2020 6 13 82.07242068104769 44.727160313304495 146.5752441153775
2020 6 14 81.11725415717531 42.18938481778429 151.480067791782
2020 6 15 80.19582540972158 39.80736573584815 156.5912645776986
2020 6 16 79.26573489792686 37.550340877183714 161.83757141578087
2020 6 17 78.3312918172828 35.41411433246065 167.22873577366101
2020 6 18 77.40456337945125 33.39792448975224 172.79244380200785
2020 6 19 76.49844675957497 31.500682755191118 178.5627937276511
2020 6 20 75.67784433180724 29.742063305132543 184.70069066281232
2020 6 21 74.87283057411493 28.084290994154436 191.06613306498429
2020 6 22 74.09115050753142 26.52446040627955 197.68864360499907
2020 6 23 73.35203481635725 25.063580816668587 204.63249078140893
2020 6 24 72.62874880665993 23.686051117147397 211.84383296478447
2020 6 25 71.92321682002047 22.387696515313834 219.34028865336907
