2020 6 1 88.0916435809156 78.04110618721232 98.14218097461887
2020 6 2 88.6394009341337 69.57763187065065 110.00609929743122
2020 6 3 89.05144919404526 61.922813687061755 123.13153845436521
2020 6 4 89.37806179791401 55.04942572310207 137.70226624942893
2020 6 5 89.7234066088782 48.94977856198006 154.02423064791358
2020 6 6 90.28131032968513 43.641227544432034 172.64345098716237
2020 6 7 90.68327965814828 38.831328900279125 193.20863133410774
2020 6 8 90.96843635603088 34.500764602974726 215.97083048378698
2020 6 9 91.25448973897663 30.653155374791144 241.41467851505112
2020 6 10 91.69659689040523 27.286758521362604 270.2665666908164
2020 6 11 92.24878083892126 24.322185658455982 302.88472152274244
2020 6 12 92.79825746905496 21.678108619866013 339.4197164282365
2020 6 13 93.29032279330899 19.307294401943466 380.13972862181754
2020 6 14 93.95581417488528 17.23111508345532 426.4409453004972
2020 6 15 94.90253833560124 15.4289007308686 479.6365696825157
2020 6 16 96.00774669339314 13.839396116966007 540.2207539153497
2020 6 17 97.20116565665943 12.424504369836214 608.8814139074542
2020 6 18 98.60010975857537 11.178640777565302 687.4631769714207
2020 6 19 100.09011394386873 10.065746941164349 776.6811550461306
2020 6 20 101.84480930451083 9.08800243432708 879.3569463870033
2020 6 21 103.23066577011585 8.169574030549922 992.1560187127002
2020 6 22 104.23709264793645 7.312441386262945 1115.5963692771875
2020 6 23 105.35671434834093 6.552489614470928 1255.501161750814
2020 6 24 106.62500712211212 5.880014905127882 1414.5794993363197
2020 6 25 107.9085677083806 5.276555526035387 1593.8138656535543
