2020 6 1 781.8576970060473 756.9918149245372 806.7235790875574
2020 6 2 785.9838284397883 736.8039081990689 836.7524764548324
2020 6 3 789.8453634077465 716.8859316625418 867.5942789429814
2020 6 4 793.2558319944103 697.0797767847158 899.0565707527314
2020 6 5 796.7870009956287 677.9139530026914 931.7799145143357
2020 6 6 800.4887196686407 659.4068144123908 965.8753660927641
2020 6 7 803.5659919462094 640.8763655724401 1000.4442176485945
2020 6 8 806.6648532528151 622.8744371408922 1036.2624448864078
2020 6 9 809.5797272583549 605.2268794835206 1073.111341245702
2020 6 10 813.114735882581 588.5350473718632 1112.0786003863286
2020 6 11 817.208317063197 572.6966913433204 1153.2036908374303
2020 6 12 821.3522819570637 557.3054351790807 1195.891619528634
2020 6 13 826.3751330321446 542.9099051908562 1241.4087847892613
2020 6 14 832.7233787955754 529.7367948055578 1290.6033012008265
2020 6 15 840.435129391625 517.7196853077768 1343.7849533942467
2020 6 16 848.7592697958435 506.3084310086295 1400.0230211123062
2020 6 17 857.3720195315021 495.2716780321138 1458.9547434333106
2020 6 18 866.7073427264489 484.8424267971745 1521.4479548283011
2020 6 19 876.9232428985724 475.0685307508718 1587.9853778302825
2020 6 20 887.8027167205368 465.7859191142247 1658.4162635708908
2020 6 21 897.361555467148 455.9209989305092 1729.2518432996244
2020 6 22 905.3776558708057 445.4289025542837 1799.9417608707874
2020 6 23 914.1544305268699 435.517268430008 1874.8913080909288
2020 6 24 923.7105538925093 426.1569460197922 1954.3856634024962
2020 6 25 933.5943057555268 417.102865231081 2037.732373617539
