2020 6 1 626.5720157295578 603.2006525176288 649.943378941487
2020 6 2 637.0605633888154 590.4826338715521 685.4064803516396
2020 6 3 646.9542731711008 577.3186808581106 721.9756906180085
2020 6 4 655.88395421568 563.4508212402262 759.2487284915042
2020 6 5 665.0879694861792 550.0458728701675 798.6209315606114
2020 6 6 675.6850538418071 538.0051263528244 841.5525211836615
2020 6 7 683.8439797683492 524.1521640053619 883.5450165007796
2020 6 8 691.3531979095234 510.08239766140514 926.6661588160264
2020 6 9 698.2282434187481 495.86157259985356 970.9312681281307
2020 6 10 706.6593793236825 483.0937543053593 1019.3796129477358
2020 6 11 716.1689833786243 471.32236704240995 1071.6543411161163
2020 6 12 725.8890431105058 459.89209319773926 1126.7331918909126
2020 6 13 736.6188603621864 449.2951784873106 1186.0054644520837
2020 6 14 748.1859939196066 439.35641520094447 1249.488551684821
2020 6 15 760.8826500867015 430.19412991533517 1317.9526746268377
2020 6 16 773.8824010613012 421.2724608083606 1390.3199947103221
2020 6 17 786.4803383866706 412.1961793839148 1465.5400272570748
2020 6 18 799.5551012498479 403.4578680354402 1545.336039313492
2020 6 19 813.307662273453 395.1371420575584 1630.3667097129762
2020 6 20 825.9385335542602 386.3281331662948 1717.3533734343255
2020 6 21 836.2922818415867 376.5586437657695 1803.8384909829215
2020 6 22 844.1752152110773 365.86522649396096 1889.0695867190625
2020 6 23 853.3396847286732 355.9986917499416 1981.0293440867372
2020 6 24 863.3489513818708 346.7091636262754 2079.1959253557566
2020 6 25 873.5626275592258 337.6969792798992 2182.4365215220682
