2020 6 1 0.8202118563166214 0.7434415784098848 0.8969821342233582
2020 6 2 0.7789335137569118 0.639951626848315 0.9315616920966479
2020 6 3 0.7393077553099323 0.5505188667988941 0.9669662795710676
2020 6 4 0.701402153038368 0.4733640940145443 1.0033297132274626
2020 6 5 0.6655420438660422 0.4070913425123097 1.0412065354471436
2020 6 6 0.6316847148376046 0.35020063261224804 1.080778244090731
2020 6 7 0.5992741673287211 0.30110756529507426 1.121382360123047
2020 6 8 0.5681997168156742 0.25873242108934613 1.162900376001626
2020 6 9 0.5387365846729686 0.22232076984566493 1.2059555532479878
2020 6 10 0.5110362675721151 0.19113036159888766 1.2511309584070651
2020 6 11 0.48500176658937244 0.1644061385990993 1.2985899992163783
2020 6 12 0.460293580947497 0.1414185490099735 1.347849299654314
2020 6 13 0.4369780252658475 0.12168626305576188 1.3993691905140127
2020 6 14 0.4149547016461505 0.10473821465351903 1.4532145148254507
2020 6 15 0.39423746537876264 0.0902001377734059 1.5098185839532259
2020 6 16 0.37479824142067736 0.07773575481194699 1.5695606344797595
2020 6 17 0.35645380420046924 0.06702203646774302 1.6322372818590334
2020 6 18 0.33911091219866185 0.05780440146793612 1.697891531253264
2020 6 19 0.3227597737708638 0.0498797006669433 1.7669274073771046
2020 6 20 0.30710316975200924 0.043026929355940165 1.838256329516968
2020 6 21 0.2923065358035258 0.03712971210215535 1.913066241275413
2020 6 22 0.2784566326047337 0.03207045931839753 1.9924508457964594
2020 6 23 0.2653861348383647 0.027714761205743586 2.0760109680538616
2020 6 24 0.25312052464612256 0.02397062401143987 2.1645724803592716
2020 6 25 0.24166338426808176 0.02075518014299293 2.2589778463057453
