2020 6 1 340.95347160911297 308.0203396217487 373.88660359647724
2020 6 2 349.38420599465735 285.190245940997 420.0887644206634
2020 6 3 357.8157348358081 263.8827758092286 471.7505508822668
2020 6 4 365.95447659604736 243.80127059350238 529.1113344783429
2020 6 5 374.2058320965818 225.19966525602092 593.3418593754317
2020 6 6 382.8656605510595 208.15118673448453 665.7222127151599
2020 6 7 391.0431749660319 192.0221721797169 745.7449688813559
2020 6 8 399.16291689783986 177.02881008350195 834.9435483820056
2020 6 9 407.37217303338207 163.17107591562262 934.6457444283806
2020 6 10 416.3152542494311 150.6244238323063 1047.5498467769237
2020 6 11 426.11454422886004 139.28126396033463 1175.7530500910664
2020 6 12 436.4821977382365 128.90271380669512 1320.5780710462693
2020 6 13 447.44802624981855 119.39968043488511 1484.288706872486
2020 6 14 459.3099254312271 110.7628323043258 1670.3529608639337
2020 6 15 472.3053177008465 102.94824599460004 1882.7199970220818
2020 6 16 486.41701993375926 95.84817579212503 2125.0713747627165
2020 6 17 501.0467309067722 89.2567693049093 2399.0402508412203
2020 6 18 516.6128170894151 83.20707161900438 2710.706421036016
2020 6 19 533.0719254957277 77.63335757043608 3065.0103358449064
2020 6 20 550.0554154902807 72.43300467604294 3465.6236787330386
2020 6 21 565.8362631996262 67.3513830980773 3907.6129686414856
2020 6 22 580.5003187989035 62.43944681170908 4395.132404596425
2020 6 23 595.6977576502346 57.90223297180944 4944.636553266444
2020 6 24 612.0090902898813 53.76431777302065 5568.786232146572
2020 6 25 628.8094984446752 49.9258421695443 6272.107009021402
