2020 6 1 36.773583212939805 34.227071055833875 39.320095370045735
2020 6 2 37.89404622298617 32.82942515769678 43.321819036908586
2020 6 3 38.98888958918519 31.437079116539024 47.662491136452786
2020 6 4 40.0846224800909 30.078996299837026 52.40049901269055
2020 6 5 41.21114954289694 28.779582703967662 57.6095002864623
2020 6 6 42.36933620843131 27.536303816726836 63.33631522196243
2020 6 7 43.45984691786461 26.2815970699531 69.48259534724846
2020 6 8 44.50988879592948 25.042615376463225 76.1157477785543
2020 6 9 45.585300941583505 23.862042448343168 83.3821337693875
2020 6 10 46.75858481426417 22.774755430775095 91.4736994027008
2020 6 11 48.035805673159295 21.772927262003314 100.49474137377548
2020 6 12 49.34791409610018 20.815168048562153 110.40542920781708
2020 6 13 50.73477412577605 19.91595212749255 121.38055410568408
2020 6 14 52.2006147108735 19.07128619236269 133.54239763734378
2020 6 15 53.79112759471548 18.292519441463302 147.13340671617925
2020 6 16 55.47251676981857 17.55997699895722 162.22362886376152
2020 6 17 57.250202735246525 16.87061609067447 178.98944091038882
2020 6 18 59.17514101618596 16.23492290585502 197.7702678019957
2020 6 19 61.25812179119988 15.648785594263313 218.83359643307347
2020 6 20 63.414424046054314 15.083809882885676 242.14025424579026
2020 6 21 65.49662092845537 14.503550781683204 267.3563783498045
2020 6 22 67.54389739130745 13.922741421407604 294.77684819357086
2020 6 23 69.70842579987178 13.37616931185317 325.24203546084084
2020 6 24 71.94231922011642 12.85105426035222 358.85579983285123
2020 6 25 74.14852849206164 12.328820953396482 395.44836741160884
