2020 6 1 1393.7564610100703 1295.8725236423481 1491.6403983777923
2020 6 2 1396.8827321470233 1207.6221879167072 1599.9144006262054
2020 6 3 1399.643631334911 1125.059865728908 1715.6212006864707
2020 6 4 1401.2284395822926 1047.1923872950192 1838.2476992075913
2020 6 5 1402.067956631854 974.1559352496627 1968.6590145374907
2020 6 6 1403.406332172568 906.5596689734039 2109.021882353977
2020 6 7 1402.6883064728675 842.3246782189042 2256.300188403345
2020 6 8 1400.6618861082559 781.8551864611926 2411.758094556841
2020 6 9 1398.7006252171095 725.7614660891288 2578.034124736367
2020 6 10 1397.7364277929175 674.2080891955528 2757.606563744386
2020 6 11 1397.8286288266715 626.825969771791 2951.769950743938
2020 6 12 1398.4797906980377 583.0244307568427 3160.784738422691
2020 6 13 1399.5040659974643 542.4390932836554 3385.4424697709924
2020 6 14 1400.7156330700393 504.7512735967472 3626.5193513159065
2020 6 15 1404.3553888440415 470.55657039045974 3891.047264041341
2020 6 16 1408.6285632186516 438.8874797479798 4176.599350162916
2020 6 17 1413.415427448543 409.50576110547155 4484.591776402638
2020 6 18 1418.7209475064815 382.23658418431216 4816.890318473577
2020 6 19 1424.676726209784 356.9531035327397 5175.951626724979
2020 6 20 1432.0500842465017 333.69093844691 5566.837464100603
2020 6 21 1438.6344575665887 311.7519998362725 5984.027468110963
2020 6 22 1443.459370057898 290.8676294326588 6425.038094291633
2020 6 23 1449.283844374031 271.58046822653165 6902.927465415679
2020 6 24 1455.8830639412295 253.71299569069672 7419.940043468627
2020 6 25 1463.078330449527 237.11967189020194 7978.5602340013775
