2020 6 1 475.5326420095405 451.5388615299528 499.52642248912815
2020 6 2 479.45681278765454 432.3124116009867 529.04051733462
2020 6 3 483.2757756456453 413.78055906033023 560.1466074856575
2020 6 4 486.7553259582018 395.72645842518637 592.6529905789071
2020 6 5 490.1668052654069 378.3843871582326 626.9323981865039
2020 6 6 493.8366347586372 361.98328044779805 663.494401140487
2020 6 7 496.82535284770466 345.77368546431927 701.2366372022427
2020 6 8 499.7608712279126 330.2403416875834 741.0251860616152
2020 6 9 502.7376371876497 315.4206041332744 783.1068011391513
2020 6 10 506.21303973261485 301.5676345767153 828.3272624257606
2020 6 11 510.17248637692535 288.59712233613766 876.9117155193816
2020 6 12 514.4069115353454 276.32250789915173 928.7652417624167
2020 6 13 519.2915678194834 264.90036114715343 984.7955107366624
2020 6 14 524.5951630311432 254.1404111730521 1044.9124793094302
2020 6 15 530.780917974829 244.21863992081674 1110.3485308197305
2020 6 16 537.5981165859773 234.94119424294004 1181.0507591150106
2020 6 17 544.9399879481465 226.20721062877476 1257.2153000648955
2020 6 18 553.0337201889716 218.06839448417088 1339.7948751157608
2020 6 19 561.8031334083762 210.4414371737129 1429.1443431777498
2020 6 20 571.2221385832631 203.27247092670268 1525.7511588472366
2020 6 21 579.7881894511027 195.98800140063753 1626.1883051962566
2020 6 22 587.1516319088283 188.51463308636673 1729.5036606352407
2020 6 23 594.9596255682467 181.4389426347079 1840.4168691819095
2020 6 24 603.1702401868705 174.71994937826503 1959.3672106864876
2020 6 25 611.4436781645362 168.2351477911488 2085.841584665337
