2020 6 1 91.45465100079014 81.03802609517444 101.87127590640583
2020 6 2 90.21212321484893 70.83202051974155 111.93293887199675
2020 6 3 88.98979673645064 61.913975689844484 122.9924955501175
2020 6 4 87.78730713700733 54.12102820844178 135.14932033416437
2020 6 5 86.59998946434442 47.30829438315303 148.50609212490747
2020 6 6 85.4287301867023 41.35314482244029 163.18291015953014
2020 6 7 84.27645606366072 36.14914903363273 179.3162397190649
2020 6 8 83.14127473906545 31.600703858771244 197.04791533384628
2020 6 9 82.01985412062545 27.623982607932746 216.52936074986667
2020 6 10 80.90903163096088 24.146178191880374 237.9249161787575
2020 6 11 79.80878696257122 21.104889486574322 261.4214608550017
2020 6 12 78.72203545325716 18.44627251179218 287.2336230067076
2020 6 13 77.64718504612192 16.121886946406647 315.5838487358533
2020 6 14 76.58462905984138 14.089899090971572 346.7225896799603
2020 6 15 75.53426480320476 12.313589008820786 380.9231649374715
2020 6 16 74.49691646948664 10.760991315589191 418.4902616637084
2020 6 17 73.47427147790361 9.40422380197405 459.7648371427818
2020 6 18 72.46476335510958 8.218404911298613 505.10457354564835
2020 6 19 71.46912548416681 7.182111007596323 554.9154907153098
2020 6 20 70.48716729316997 6.2764878443164385 609.6385144055405
2020 6 21 69.52215958713612 5.4853665707697985 669.7879668466736
2020 6 22 68.57377476837027 4.79423151327206 735.9048786159655
2020 6 23 67.63748610022031 4.190117998227642 808.5393745553736
2020 6 24 66.71281965222175 3.662055907600555 888.329076725139
2020 6 25 65.80122389627869 3.2005667381387424 975.9984475274074
