2020 6 1 160.93350892355954 151.61921566779975 170.24780217931934
2020 6 2 163.43752698791448 145.07854839291318 182.88996837226975
2020 6 3 165.84653588166307 138.70111635852612 196.3209942591446
2020 6 4 167.97384840086923 132.33874158913633 210.36287346412243
2020 6 5 170.2202402463695 126.3405349028973 225.52405605538607
2020 6 6 172.7524788035413 120.80405766266755 242.11684338426522
2020 6 7 174.75596555565025 115.11410597891481 259.1365799957882
2020 6 8 176.54394135270462 109.53488943023146 276.998703849528
2020 6 9 178.22961593959147 104.1512582433935 295.90283923558576
2020 6 10 180.15052834639525 99.1602915532396 316.46093992915263
2020 6 11 182.48592970725565 94.62524545699875 339.13907497209937
2020 6 12 184.75188361604594 90.24589776382012 363.2570355742466
2020 6 13 187.47505826858932 86.27882554158994 389.9338111886213
2020 6 14 190.62255557986197 82.6629470262216 419.36874244319466
2020 6 15 194.23957222689657 79.37929772801914 451.9423142521987
2020 6 16 198.2171214889776 76.34537612062584 487.7251415148732
2020 6 17 202.54691938018652 73.53171343778611 527.0074126730512
2020 6 18 207.2756809059575 70.93224905714852 570.245529108502
2020 6 19 212.5962377828874 68.58941923631411 618.3554883580163
2020 6 20 218.19858921926235 66.3708234118959 670.9467343673895
2020 6 21 223.53123945629892 64.09704705264762 726.7275975736287
2020 6 22 228.4750679860476 61.75230261948914 785.4581284417169
2020 6 23 233.88719493596736 59.590350392601465 850.168999706463
2020 6 24 239.67356233557314 57.56677435829502 921.1054862606996
2020 6 25 245.58016398977952 55.60640993569098 997.8726914813077
