2020 6 1 350.934105344416 330.48702654044496 371.3811841483871
2020 6 2 353.0403716203004 313.1234125683282 395.35133017924954
2020 6 3 354.857427447979 296.404350976898 420.530558985142
2020 6 4 356.3197487057859 280.27388159257066 446.88194053073164
2020 6 5 357.5240608791936 264.8135555557463 474.5534160812203
2020 6 6 359.0992661871974 250.47774515838037 504.42523903019134
2020 6 7 360.0059403360413 236.44685827730007 535.2285787531583
2020 6 8 360.7917806560717 223.1210670912148 567.7299121299362
2020 6 9 361.70272816122673 210.62260559650895 602.3990285838453
2020 6 10 363.2138752382572 199.17242623328377 640.1810305701409
2020 6 11 365.1868096624692 188.59448284193863 681.1354842103563
2020 6 12 367.6284088819998 178.814827931533 725.564077843084
2020 6 13 370.5263872168236 169.7563447111654 773.7591337945953
2020 6 14 373.8273732487372 161.33092172265637 825.9493940511695
2020 6 15 377.62655087372667 153.52598375524337 882.695650418619
2020 6 16 381.24909032015415 146.01112595879326 942.8374766438799
2020 6 17 384.754260833441 138.80584982587473 1006.7008271945634
2020 6 18 388.664487540957 132.09063964894773 1075.8654801826945
2020 6 19 392.90245633885957 125.79818082450784 1150.5792636042731
2020 6 20 397.0298662567037 119.75528468780205 1230.0224819795603
2020 6 21 400.7932782809782 113.87979779918598 1313.6889455654366
2020 6 22 404.02122821444567 108.13029659857784 1401.1744025006292
2020 6 23 407.8125284241596 102.81488756802806 1496.3495535748502
2020 6 24 411.91060344347284 97.82914292708317 1598.984583274814
2020 6 25 415.68006388021894 92.99734236266585 1707.2238777508364
