2020 6 1 569.5189687052278 529.6457731973805 609.392164213075
2020 6 2 559.534923857878 483.93938282410346 640.6142642354434
2020 6 3 549.1116461188548 441.6460072014822 672.7327539877688
2020 6 4 538.0988758405455 402.41852373757746 705.5014815499699
2020 6 5 527.5728006658584 366.87406798541 740.2148958304515
2020 6 6 517.918679774269 334.9323197448538 777.5708476905022
2020 6 7 508.10007685848706 305.55095333642936 816.2998461432109
2020 6 8 498.21660564334155 278.5960713666113 856.5545842375362
2020 6 9 488.88089972764885 254.21787503625768 899.4056450634818
2020 6 10 480.6056761938687 232.4333463075972 946.0295888445703
2020 6 11 473.1828010769181 212.86005969997223 996.4725029879161
2020 6 12 465.7447055159888 194.87662616342195 1049.3315832487083
2020 6 13 459.06265214443187 178.67993938607805 1106.4345877116184
2020 6 14 452.62765467260203 163.8882466818507 1167.0094440782782
2020 6 15 446.85429203673795 150.52796205855404 1232.3739604987081
2020 6 16 441.4734329263861 138.36422984543594 1302.2789497492686
2020 6 17 436.2785310432576 127.22138810098616 1376.5066305982996
2020 6 18 431.57581213863585 117.10160698618307 1456.3251840958112
2020 6 19 427.2791239416418 107.88321632476685 1541.9711917242828
2020 6 20 423.93989699733265 99.62145692669905 1635.9549389446775
2020 6 21 420.4871455237071 91.95957840693423 1735.1282448351974
2020 6 22 416.4162571638838 84.74563930812387 1837.6467770397817
2020 6 23 413.00573384818324 78.22398234500372 1948.9627965487955
2020 6 24 410.0410264822766 72.28335159972296 2068.993797445043
2020 6 25 407.2078863490647 66.81331672992793 2196.973642496614
