2020 6 1 960.0048154676181 901.2896860736485 1018.7199448615875
2020 6 2 981.901819138301 865.4901285212694 1105.656380612099
2020 6 3 1003.4799956708595 830.3912741853808 1199.0904615510979
2020 6 4 1025.1341510314346 796.386276869918 1299.9443921390375
2020 6 5 1047.0928570108638 763.6473884503481 1409.074666947691
2020 6 6 1071.5164617138737 733.7089931487184 1530.0504742518663
2020 6 7 1096.0845301952497 704.6531518339109 1660.8054486154404
2020 6 8 1120.1719746078852 676.0768370747813 1801.1526970290558
2020 6 9 1144.9221210218752 648.7398868184524 1953.5744952167574
2020 6 10 1171.9910893538515 623.5123366085775 2121.918425280512
2020 6 11 1200.9092809855208 599.9091403280271 2306.958293951358
2020 6 12 1230.3980413457307 577.1280278324951 2507.8597395362717
2020 6 13 1260.1226376554564 554.9829839825809 2725.2614668624556
2020 6 14 1291.7154905700672 534.1942208415007 2963.9967817840193
2020 6 15 1326.4071357289345 515.1381244983381 3228.9385679898746
2020 6 16 1363.399061291477 497.2933199543208 3520.89418416119
2020 6 17 1401.4767530198924 480.08640857526564 3839.3876974020172
2020 6 18 1442.0083027745043 463.95116955250194 4190.50059591934
2020 6 19 1484.341520577051 448.56074611385077 4575.5521049346935
2020 6 20 1530.6271321389668 434.4996931559913 5004.337254533887
2020 6 21 1575.501202569311 420.0690063384457 5463.970982519051
2020 6 22 1618.502234007715 405.26742324830326 5954.762278747571
2020 6 23 1663.8544417341946 391.2822381344374 6493.970342205112
2020 6 24 1712.079757339136 378.15646546796194 7088.257772203951
2020 6 25 1762.0357567559004 365.54453702463735 7738.308983079814
