2020 6 1 41.51607287120735 39.73901899918621 43.29312674322849
2020 6 2 41.98521975987404 38.46739873122251 45.6569324260442
2020 6 3 42.459668180885295 37.23646940497353 48.14980195170156
2020 6 4 42.95133817306385 36.0553300887044 50.7922317461516
2020 6 5 43.44870155361697 34.91165646418129 53.579676367985584
2020 6 6 43.95182425024352 33.80426012116446 56.52009413655239
2020 6 7 44.44849602510514 32.72254790490492 59.606092533149095
2020 6 8 44.95078037364607 31.67544970813911 62.86058651081807
2020 6 9 45.458740720012585 30.66185790692833 66.2927759320324
2020 6 10 45.9597433537278 29.67213563729786 69.8938456131355
2020 6 11 46.45342976300647 28.706072003463138 73.67100466845987
2020 6 12 46.95241921039896 27.771461412173988 77.65228656756348
2020 6 13 47.43053850763398 26.851765181977793 81.80534163569234
2020 6 14 47.91352652231175 25.962526159030556 86.18051336208475
2020 6 15 48.38804929370627 25.095483671132047 90.76560860870791
2020 6 16 48.86727161190762 24.257396866175036 95.59464645442279
2020 6 17 49.35124001997236 23.44729874244241 100.68060547185456
2020 6 18 49.82621639061526 22.65770512971642 106.00903193133212
2020 6 19 50.29184632169831 21.888372370504424 111.58984917591954
2020 6 20 50.73373186533667 21.132933954005765 117.4021269534217
2020 6 21 51.17950000323152 20.403568156862352 123.51714349446128
2020 6 22 51.64348066308116 19.705074395218567 129.98516894121377
2020 6 23 52.080412588841845 19.01856712453454 136.71322705599414
2020 6 24 52.49728034045548 18.34730023947318 143.72715756801566
2020 6 25 52.907220097061945 17.696138523825503 151.07282771234486
