2020 6 1 253.4628391313837 231.54379649012492 275.38188177264243
2020 6 2 242.59366927460331 202.44648465326568 286.36993988408784
2020 6 3 232.2375826740836 177.0449403372191 297.85189657493373
2020 6 4 222.39105466448726 154.88203440235378 309.8807494750535
2020 6 5 213.00507603454454 135.5235301833762 322.455407472622
2020 6 6 203.97397769460133 118.55837294310675 335.4778817557782
2020 6 7 195.43112940061113 103.77818531577566 349.199534959995
2020 6 8 187.29023122667022 90.8640321754397 363.56133109636585
2020 6 9 179.50658767218107 79.56571469905315 378.54900188467684
2020 6 10 171.98848382585948 69.64658235300593 394.03234194119153
2020 6 11 164.72418597696625 60.93929841120621 410.0090703947395
2020 6 12 157.70290573247973 53.29700298915121 426.4747874310275
2020 6 13 150.9350895033236 46.597631724512624 443.4778624762025
2020 6 14 144.433353838936 40.732843030094564 461.0872562938726
2020 6 15 138.0997977236076 35.57464251641129 479.03867356125653
2020 6 16 131.96819369911026 31.05012905724016 497.426121382359
2020 6 17 126.0747533827163 27.093041693863107 516.3909030807135
2020 6 18 120.43229386927067 23.637629451191994 536.0287271429349
2020 6 19 115.03458706640878 20.621390118346074 556.3787529613115
2020 6 20 109.8156781656157 17.978717043054296 577.1960478749858
2020 6 21 104.86544419028495 15.679930895945628 598.959917556787
2020 6 22 100.21620885009955 13.686712060808675 621.9890968029557
2020 6 23 95.7542284328057 11.944292306235424 645.7865995148446
2020 6 24 91.47865084146815 10.422166140672518 670.4119160289226
2020 6 25 87.38158265551388 9.09259984756888 695.8853633612932
