2020 6 1 391.6744718912104 347.6254380309406 435.7235057514802
2020 6 2 393.7256229327803 310.1376339861289 487.27543502842536
2020 6 3 395.8721979994994 276.7592057620512 545.0314513845394
2020 6 4 398.229145630372 247.1120087391806 609.9067260378812
2020 6 5 400.62867641691514 220.65841616112587 682.5478523677687
2020 6 6 403.0139432139072 197.02088793267737 763.7917498968419
2020 6 7 405.64455844496285 176.02847639125144 855.1442051840438
2020 6 8 408.4959184516708 157.36112918368056 957.8519248148433
2020 6 9 411.36732126116897 140.67340401745184 1072.895430162028
2020 6 10 414.0524619593751 125.68476996421022 1201.2178843191427
2020 6 11 416.5176514174975 112.22107639837893 1344.1992479922799
2020 6 12 418.9377951421282 100.18355923131175 1504.0069908603102
2020 6 13 421.28189589891826 89.4157121280347 1682.4903067481075
2020 6 14 423.608909638996 79.79879542877146 1882.0339475739363
2020 6 15 425.7361877152548 71.17615850593074 2104.2989948385343
2020 6 16 427.78258132788187 63.4699296988067 2352.360578712021
2020 6 17 429.86948049686964 56.602603147506194 2629.833114219936
2020 6 18 431.9049229437215 50.47019231408766 2939.657821662302
2020 6 19 433.8261446029964 44.98770257173715 3285.1404427746565
2020 6 20 435.5070931160935 40.07496369835022 3669.3416518956374
2020 6 21 437.4131152181957 35.71881656602815 4100.317133243747
2020 6 22 439.54699608781794 31.854108056834242 4583.9697678116245
2020 6 23 441.5809929824962 28.399560676103437 5123.521377909376
2020 6 24 443.5135978603426 25.31252943810615 5725.294748045426
2020 6 25 445.4546608957484 22.56105838616448 6397.748254418688
