2020 6 1 178.6300768421063 168.49666625584797 188.7634874283646
2020 6 2 184.05046829668748 163.7860670992482 205.49644254484804
2020 6 3 189.2900578033966 158.89989700446094 223.32717958654445
2020 6 4 194.32370007860092 153.86139729897462 242.2861104331659
2020 6 5 199.46689458350426 148.96341858951487 262.82422121339647
2020 6 6 204.67137462461113 144.16546948855284 285.00469482677363
2020 6 7 209.4229042064829 139.1073592868212 308.2372133235698
2020 6 8 213.99663170648864 134.0353400474894 332.93950671920135
2020 6 9 218.6702479141005 129.14825264279267 359.6214549800724
2020 6 10 224.0202513249251 124.77855004813264 389.3862208192118
2020 6 11 230.06149904553314 120.8688088935011 422.5885122602359
2020 6 12 236.46707528930818 117.18739025181915 458.99186889642584
2020 6 13 243.43546615245415 113.8086316939346 499.2774083939381
2020 6 14 251.03544716107345 110.72656166028158 543.9729977906045
2020 6 15 259.40643341050713 107.96337768129953 593.8263230220024
2020 6 16 268.21877306524703 105.3366622899707 648.6198808574042
2020 6 17 277.2969328843007 102.76067992913465 708.3882303514741
2020 6 18 286.8210757773374 100.2991004579764 774.0184353839161
2020 6 19 296.77995393418075 97.9341191781781 846.019509341192
2020 6 20 306.899033122739 95.56366085022489 924.1892524884111
2020 6 21 316.2884126667529 92.91592654404015 1006.3452571119454
2020 6 22 324.97612338808136 90.05103383253925 1092.658023686782
2020 6 23 334.28180737311334 87.3795906808559 1187.649161226829
2020 6 24 344.2246535937887 84.88429584439801 1292.2154490585951
2020 6 25 354.58378206692265 82.48998444661753 1406.4407685633244
