2020 6 1 370.2958977423087 359.9902677869759 380.60152769764153
2020 6 2 380.96230600426986 360.06798945379813 402.44588188285644
2020 6 3 391.8071976022986 360.02402652645753 425.40795233872956
2020 6 4 402.7489252647659 359.7853705429067 449.4500958473554
2020 6 5 414.0234404292707 359.57119393185116 474.88137556431076
2020 6 6 426.0053999132366 359.6974385047183 502.2010577269055
2020 6 7 437.49899084591203 359.11858584976164 530.1079252430432
2020 6 8 449.09565613401566 358.37073205675904 559.314708884663
2020 6 9 460.7872017760659 357.45485685476854 589.8660029030923
2020 6 10 473.0946076702657 356.78295861623826 622.4848360349994
2020 6 11 485.98658467989054 356.3052690041997 657.2440841438629
2020 6 12 499.26272438151886 355.8523048795871 693.9887007422308
2020 6 13 513.2052879577731 355.61641428461974 733.2098197760474
2020 6 14 527.9535224649636 355.66915228695524 775.2423119534933
2020 6 15 543.8036788455023 356.17871354049714 820.6800958717339
2020 6 16 559.9458834737492 356.5686180176239 868.5036508592324
2020 6 17 576.4536958846403 356.886638157037 918.9379013662256
2020 6 18 593.6819830562807 357.349693245579 972.6735992340506
2020 6 19 611.6659607687279 357.9582882638639 1029.9460502593868
2020 6 20 629.6158410488508 358.229152515024 1089.6160592947942
2020 6 21 647.4114929846146 358.1127661893329 1151.5645420300486
2020 6 22 664.7910733656014 357.4880475033902 1215.4002731586502
2020 6 23 683.2663536873558 357.2027408464151 1283.924908428713
2020 6 24 702.7077268344182 357.15429843767555 1357.16354672349
2020 6 25 722.7355283182378 357.1227629168536 1434.6441402369212
