2020 6 1 5.3730560051149805 4.454540445580063 6.291571564649898
2020 6 2 5.9208694959943555 4.069570411485191 8.118224103439477
2020 6 3 6.4278830324547975 3.651438314305361 10.342692249012671
2020 6 4 6.87338378696768 3.216661312715451 13.007850393775048
2020 6 5 7.349761102436861 2.8336532374609362 16.359780199685062
2020 6 6 7.8591549573176644 2.496249959059072 20.575452521354997
2020 6 7 8.40385364670585 2.1990213113323187 25.877440973606937
2020 6 8 8.849119031423317 1.9012867374934672 32.123248127049486
2020 6 9 9.462429694571437 1.6749003999093066 40.40093195644134
2020 6 10 10.272712702193658 1.5028110769662912 51.47115926767042
2020 6 11 11.320073943325779 1.3729352258867693 66.41494919116069
2020 6 12 12.474219594888412 1.25428349802018 85.69741849267064
2020 6 13 13.949666869958184 1.166360884792717 111.97716013593389
2020 6 14 15.599629644370525 1.0846014602932792 146.31577721540097
2020 6 15 17.699398889522346 1.0262782998563094 193.57305082534825
2020 6 16 20.0818050294851 0.9710913983751744 256.0935445168709
2020 6 17 22.784892060994526 0.9188721072347384 338.80699438057513
2020 6 18 25.851824846866492 0.8694608466996319 448.2353495389921
2020 6 19 29.331578403970404 0.8227066182459708 593.0070273303115
2020 6 20 33.27971997197502 0.7784665431168609 784.5372633479503
2020 6 21 37.75929635151013 0.7366054256915338 1037.9282018839408
2020 6 22 42.225455575868885 0.684970947484211 1356.2164942214702
2020 6 23 47.21987088931462 0.6369559366969654 1772.1102248304117
2020 6 24 52.80502427729368 0.5923066763395254 2315.5408169189163
2020 6 25 59.05078807736757 0.550787234444575 3025.6183840543176
