2020 6 1 868.8121146613805 847.5787359473904 890.0454933753706
2020 6 2 896.8367184327097 853.5544888634507 941.1893587005038
2020 6 3 925.4116067964532 859.2357587448394 994.9008821695836
2020 6 4 954.3234475447542 864.4223569955732 1051.0610386720516
2020 6 5 984.2460859524037 869.7376631570341 1110.5097530903513
2020 6 6 1015.6337249319647 875.5511482082885 1173.9152861884104
2020 6 7 1046.5346219980383 880.1209891257739 1239.2214693981991
2020 6 8 1078.021926608574 884.4171749520937 1307.741813135716
2020 6 9 1109.970725336633 888.335719866637 1379.4614490756987
2020 6 10 1143.1477768360924 892.4968392539846 1455.4640824894461
2020 6 11 1177.3164911975284 896.6774500500063 1535.6541473748703
2020 6 12 1211.8100657526668 900.3472125444947 1619.3539352051805
2020 6 13 1247.5190631236203 904.1841659538369 1707.889417911439
2020 6 14 1285.1237114148441 908.6487529206272 1802.4200648919284
2020 6 15 1325.0565239174184 913.9800474065365 1903.8584217446382
2020 6 16 1367.237967234356 920.037764580092 2012.453636242159
2020 6 17 1411.6865352393088 926.7576311793416 2128.603609572274
2020 6 18 1458.6140305449358 934.2053337840882 2253.016232003482
2020 6 19 1508.4163088922996 942.55499227544 2386.731419213146
2020 6 20 1560.131468251276 951.112032361249 2528.718684760855
2020 6 21 1611.81780210409 958.6482862702011 2676.2323056790538
2020 6 22 1662.8554950850926 964.8400318596159 2828.431050874687
2020 6 23 1715.6498037760134 971.1533049762594 2989.524442410304
2020 6 24 1770.187948498793 977.5461871191095 3159.910811019896
2020 6 25 1827.0880802852228 984.3281135834592 3341.129811072364
