2020 6 1 25.629913520017862 22.987878212941247 28.271948827094477
2020 6 2 25.306921400693792 20.357296842724786 30.794629523501612
2020 6 3 24.987999677825176 18.027741877869836 33.54240676118172
2020 6 4 24.684317844530465 15.972861144569997 36.550427823704744
2020 6 5 24.384326689043593 14.152204689423947 39.82820265723784
2020 6 6 24.087981358162335 12.539074606520344 43.39992228154504
2020 6 7 23.806054182052304 11.115446768968726 47.31143573174534
2020 6 8 23.538116738172356 9.85844233151084 51.59672799788424
2020 6 9 23.262625210498427 8.73916093488066 56.24699659147274
2020 6 10 22.979912037685278 7.743033213951986 61.291123319034085
2020 6 11 22.690315645362862 6.856971493382985 66.76007541015623
2020 6 12 22.404368791398497 6.072304839961963 72.71701720280994
2020 6 13 22.111964866832192 5.374703519154553 79.1728382154527
2020 6 14 21.823377164713296 4.757244354516512 86.20180739272712
2020 6 15 21.52875615444682 4.208584191159991 93.81610019005261
2020 6 16 21.238112600970616 3.7232018315951985 102.10297116824225
2020 6 17 20.941855894679623 3.2921274583153215 111.07598079451175
2020 6 18 20.64032788096234 2.909484794785789 120.78767778136681
2020 6 19 20.333872891405637 2.5700100399467822 131.29425740595636
2020 6 20 20.022837091746062 2.2689906852718513 142.6557826775084
2020 6 21 19.725550228512354 2.0042479177567656 155.06453468880505
2020 6 22 19.441535000358915 1.7712949803828224 168.62227924828193
2020 6 23 19.154333983249472 1.5647552410889682 183.30231750467888
2020 6 24 18.87338260331709 1.382462773229386 199.27958695474064
2020 6 25 18.599518417048394 1.2216244778781749 216.6808110197861
