2020 6 1 297.45934479604665 262.39658347171144 332.5221061203819
2020 6 2 305.57123196718277 237.82633420385923 381.79489546921496
2020 6 3 313.5928889521022 215.3143913254567 437.97974179190487
2020 6 4 321.1858814802089 194.4944550374797 501.5399364922011
2020 6 5 328.9627223593561 175.68771324322424 574.3240700299676
2020 6 6 337.0955066973516 158.78903176466727 657.9634153941588
2020 6 7 344.74220117181073 143.19208155875617 752.4420097070652
2020 6 8 351.8596135953544 128.83524166744115 858.953202824961
2020 6 9 359.30328148218814 115.98351491393902 980.9792172893838
2020 6 10 367.63684398058854 104.65021566680518 1122.3403691309534
2020 6 11 377.1004545601719 94.69100226783652 1286.9317528382965
2020 6 12 386.99985011473694 85.72782987026261 1476.3163245522467
2020 6 13 397.1591181546323 77.61308506881225 1693.5706849509297
2020 6 14 407.78747804425313 70.306010816824 1943.659210791326
2020 6 15 419.53151790078823 63.83019435769934 2234.6402073980353
2020 6 16 431.61377920741137 57.95085888682945 2569.183336664699
2020 6 17 443.82404664658395 52.583530637812466 2952.5009021502538
2020 6 18 456.37974010809046 47.71331689384457 3393.0087638334007
2020 6 19 469.7557855184978 43.3428062301597 3902.6978530073825
2020 6 20 483.7632633344545 39.39471971973243 4490.939996859736
2020 6 21 496.9557653632624 35.70588326254833 5156.402943144002
2020 6 22 509.24175946081806 32.27148061124276 5907.334671594891
2020 6 23 522.4802844438335 29.208533979980206 6775.151415073027
2020 6 24 536.6221168229841 26.467555935223704 7777.7054174060395
2020 6 25 551.529579631821 24.00267937526242 8934.161557299825
