2020 6 1 65.46740502695346 62.72379504121285 68.21101501269408
2020 6 2 65.58388415706065 60.20328264987641 71.19474863153225
2020 6 3 65.65575717802201 57.742918515699955 74.26035155834812
2020 6 4 65.69032358201072 55.35022388553625 77.41567252927776
2020 6 5 65.73238919747087 53.06297884838489 80.71387936140374
2020 6 6 65.8193965713587 50.90650779385306 84.20775419689075
2020 6 7 65.86154484031238 48.80289105779458 87.79532995689121
2020 6 8 65.91872112376817 46.79731801214863 91.5557471049661
2020 6 9 66.00597513788581 44.895482421439205 95.5189356344375
2020 6 10 66.16851424997097 43.12206546275815 99.76245920734489
2020 6 11 66.39173737932151 41.457987238580884 104.2853955367361
2020 6 12 66.65351802469506 39.88173251065603 109.07277017284676
2020 6 13 67.00741931702335 38.41991005556643 114.22897473906129
2020 6 14 67.46240277351946 37.068549030699124 119.79804255850817
2020 6 15 68.0203522839037 35.8195992656768 125.81598072414633
2020 6 16 68.64488723940924 34.64536429165718 132.25085060018233
2020 6 17 69.2829739061618 33.51356850497566 139.0298936136854
2020 6 18 69.9585525095046 32.43401276323673 146.2197560031143
2020 6 19 70.63275159116871 31.385538524541992 153.76478663193447
2020 6 20 71.39388672780434 30.406700464745338 161.87425754345279
2020 6 21 72.05752664391015 29.413373473486853 170.17176602590052
2020 6 22 72.58783120792083 28.39555188911315 178.56514179382117
2020 6 23 73.16474889154534 27.429658863756757 187.4775706784708
2020 6 24 73.84151691906452 26.532336446637334 197.0789385374091
2020 6 25 74.60989934612037 25.695037726346836 207.39983135105274
