2020 6 1 825.2865247082258 790.4945626718811 860.0784867445703
2020 6 2 810.9651059306656 744.0449919862739 880.7664724242718
2020 6 3 796.1440600742909 699.6383907516575 901.139533383079
2020 6 4 781.286425190367 657.6119075879226 921.6358418819341
2020 6 5 766.9239707861543 618.2933210458664 942.8553884538029
2020 6 6 755.1784600984755 583.2225107195884 967.4561632195911
2020 6 7 743.7748527253926 550.2661130276734 992.9063788328027
2020 6 8 732.7030192130437 519.2900530776434 1019.2391191484468
2020 6 9 722.5348304657015 490.58135655039365 1047.2979880046673
2020 6 10 713.7633835509283 464.3123455679127 1077.9493053676322
2020 6 11 706.1244206083892 440.1173797479695 1111.047195894169
2020 6 12 698.6581099755273 417.2398503160356 1145.3043622369375
2020 6 13 691.060894455356 395.42618331761486 1180.2737804239039
2020 6 14 682.8197992818831 374.33725421305996 1215.070128100853
2020 6 15 675.6438521647495 354.9031034415395 1252.6128629035495
2020 6 16 669.3115858844016 336.8814552403875 1292.7399091425084
2020 6 17 663.196624024218 319.8544333535352 1334.457498214461
2020 6 18 657.678214570781 303.9487773864041 1378.6092864137966
2020 6 19 652.3327147907931 288.89276424730195 1424.4880746035421
2020 6 20 647.5344992949282 274.8056760523347 1472.9938849803375
2020 6 21 643.1049976002263 261.54700691611026 1523.9098422650009
2020 6 22 637.1466793000576 248.2939509233109 1572.891272726735
2020 6 23 631.4850617214786 235.80656177235656 1624.0432338932424
2020 6 24 626.5123242553217 224.1856507215091 1678.5009750528343
2020 6 25 622.0115619956331 213.29231134514504 1735.9443709625702
