2020 6 1 119.36497371867175 111.79256827929984 126.93737915804367
2020 6 2 120.9371988087656 106.08983555299292 136.75660618588395
2020 6 3 122.35594532988203 100.52520668538078 147.13842631108392
2020 6 4 123.79133554467589 95.25245398359411 158.30837793587307
2020 6 5 125.24356470475493 90.2562679457409 170.32629173090007
2020 6 6 126.89322011594534 85.65213923762705 183.5018633269825
2020 6 7 128.38183831089322 81.15950934438571 197.43232994817305
2020 6 8 129.88791988275207 76.90252707813065 212.42032207218816
2020 6 9 131.41166969905217 72.8688322388401 228.54612130190122
2020 6 10 133.14256878774904 69.15166677129311 246.22528142227534
2020 6 11 134.89626654921304 65.6241203588153 265.2720110326998
2020 6 12 136.8673559404085 62.3710393888619 286.174172685316
2020 6 13 138.86724667271938 59.27921826878094 308.7233243843049
2020 6 14 140.8963595881703 56.34066311848731 333.0492410428036
2020 6 15 142.95512167808317 53.54777632589983 359.2919232144244
2020 6 16 145.04396617293008 50.89333690337268 387.60240282465935
2020 6 17 147.16333263349904 48.370481817886585 418.1436123900545
2020 6 18 149.52562810388392 46.04235681456546 451.69357983843355
2020 6 19 151.92584361718667 43.826287052941026 487.935446152261
2020 6 20 154.58340843405932 41.78000270103471 527.7879763203076
2020 6 21 157.06481245641768 39.76908477606306 570.1353156087872
2020 6 22 159.35982619907006 37.7976746882767 615.0592428799956
2020 6 23 161.84139297118998 35.96028382253858 664.1135447246508
2020 6 24 164.5791648488588 34.260551838896696 717.9729542744128
2020 6 25 167.28028408901085 32.62388990183357 775.838409125393
