2020 6 1 125.69384098856142 120.74170310715807 130.64597886996475
2020 6 2 127.04827006821934 117.23574408568054 137.25510975802376
2020 6 3 128.3834896040778 113.80039358906568 144.16206383105012
2020 6 4 129.698582064555 110.43542948914119 151.3782318615629
2020 6 5 131.02714563556938 107.16996402043117 158.95561198671953
2020 6 6 132.40418134401662 104.02957034620572 166.95457911863636
2020 6 7 133.69000077959086 100.89816042411218 175.22280314294014
2020 6 8 134.9171641099248 97.80731661054062 183.80725619954617
2020 6 9 136.15559178187394 94.81115554876294 192.8122757175902
2020 6 10 137.51406995321744 91.98245740247785 202.41237346579686
2020 6 11 138.9226912421598 89.2626279078643 212.54431566728954
2020 6 12 140.34574170141423 86.62322105783613 223.1834217887376
2020 6 13 141.82071161634227 84.08490710077255 234.4144619071953
2020 6 14 143.3866526603913 81.66571894145831 246.33541423981492
2020 6 15 145.04618752924307 79.359591104205 258.9936840265745
2020 6 16 146.76352274844464 77.1397007485517 272.3713274036787
2020 6 17 148.46214098771293 74.96138145424477 286.36748688847416
2020 6 18 150.21992082170453 72.86452025043361 301.15905267043547
2020 6 19 152.03848237975882 70.84570102811139 316.79476907908963
2020 6 20 153.83860580880156 68.86396591249955 333.15797677815186
2020 6 21 155.53724477520993 66.88269606654157 350.10044836498037
2020 6 22 157.1718704782278 64.92283727996526 367.71820935082593
2020 6 23 158.84458509958526 63.0290452621506 386.2714519128852
2020 6 24 160.56468691561835 61.20223426233742 405.83274335236547
2020 6 25 162.27350986631706 59.41697182504396 426.3090568325575
