2020 6 1 1270.8281394392416 1243.8297172982554 1297.8265615802275
2020 6 2 1236.7186668125194 1184.736760060201 1289.8166089562865
2020 6 3 1203.097773764709 1128.0422572369068 1281.41083163423
2020 6 4 1169.9755593471032 1073.6714042353797 1272.6174761301984
2020 6 5 1137.691790612029 1021.8537986276491 1263.8045858191026
2020 6 6 1107.5841936796542 973.6914941396521 1256.4805536495392
2020 6 7 1078.2038383104748 927.7380744998654 1249.12010177414
2020 6 8 1049.2983066439344 883.6913924584975 1241.4499577471433
2020 6 9 1021.5957933674232 842.0964635550956 1234.3333963940747
2020 6 10 995.5864743992435 803.2522119768724 1228.4197409716446
2020 6 11 971.082939484007 766.8803965817153 1223.5753063055502
2020 6 12 947.1824895229978 732.1555221291591 1218.7499763041328
2020 6 13 924.1972604332639 699.2557631604718 1214.3644032309667
2020 6 14 901.4797724008998 667.6149235593372 1209.6135079680807
2020 6 15 879.8582286283454 637.8038927967222 1205.602462849679
2020 6 16 858.8104919102099 609.3640472840564 1201.6803889593984
2020 6 17 838.2662536041385 582.1923420601519 1197.7710743857874
2020 6 18 818.5291563238974 556.451481338362 1194.3255526327687
2020 6 19 799.4879624887786 532.0058863448065 1191.2272753902714
2020 6 20 781.2911627266942 508.90135086290456 1188.7351831205224
2020 6 21 763.7292054165054 486.9439619143448 1186.5840585050569
2020 6 22 746.0347103229714 465.59776257397897 1183.617579482322
2020 6 23 729.1989156445121 445.46737825097483 1181.3704703198161
2020 6 24 712.8124710505812 426.2497487921309 1179.2400878001615
2020 6 25 696.5437143549319 407.7113529686149 1176.6990571228812
