2020 6 1 527.555839863291 500.38759059688596 554.724089129696
2020 6 2 538.552081697721 484.5232694362812 595.4361582612214
2020 6 3 549.3706714542205 468.79587342020596 638.686321187348
2020 6 4 559.8000087670767 453.0613672928469 684.3728115247956
2020 6 5 570.3622756132918 437.8023118677161 733.2478054361613
2020 6 6 581.8198777322771 423.59145602273725 786.5080695473408
2020 6 7 592.3242608584709 408.98032121832205 842.0372470917318
2020 6 8 603.1559793214519 394.96824226543066 901.6826362666307
2020 6 9 614.3960802509566 381.57394653530724 965.867377459718
2020 6 10 626.738246154917 369.1882368178781 1036.024221078605
2020 6 11 640.2388761680149 357.74092145834754 1112.7821300742012
2020 6 12 654.5512057513218 346.93959818953755 1196.1322788477553
2020 6 13 670.7430211436109 337.29102160224653 1288.5754743637942
2020 6 14 688.2318827076846 328.3615950648137 1389.8854409366404
2020 6 15 708.0165065866505 320.5463317808371 1502.875965802622
2020 6 16 729.8099377724758 313.5690476297952 1628.1087870769957
2020 6 17 753.6313433132631 307.3267486743128 1766.8047309196465
2020 6 18 779.9821050147076 301.9230961801468 1921.422885388476
2020 6 19 808.9766336795428 297.2811825411906 2093.8151390660496
2020 6 20 840.5533549694987 293.2634588043714 2285.5682723473774
2020 6 21 871.4087460459219 288.61834479791924 2489.569507337105
2020 6 22 899.8520160768932 282.8727458432923 2701.651891095945
2020 6 23 930.6965967344839 277.70454108178734 2936.2233783270644
2020 6 24 963.5196967588321 272.905646715863 3194.0679966827825
2020 6 25 997.3631955102015 268.15082498281214 3474.100498052214
