2020 6 1 64.46721359599329 61.42001233376558 67.514414858221
2020 6 2 63.26396699095344 57.426430315073 69.38401814480451
2020 6 3 62.12179017116786 53.72756343747975 71.34774138673636
2020 6 4 60.99549503738535 50.26284360517202 73.36159920058397
2020 6 5 59.91056048551656 47.038808278973505 75.45748583209411
2020 6 6 58.886059583913266 44.05387168393092 77.66506100557356
2020 6 7 57.88357064839697 41.26171080749262 79.9431458869821
2020 6 8 56.8937322987518 38.64337086501573 82.28195299410793
2020 6 9 55.877415831892755 36.161701186004684 84.62641015541745
2020 6 10 54.84515065401367 33.817333318307554 86.98601792767805
2020 6 11 53.83404737908457 31.626241110118638 89.41473592467662
2020 6 12 52.8025673426804 29.554192512278586 91.84646092641738
2020 6 13 51.77070901143108 27.60662419950649 94.30928383401535
2020 6 14 50.73926684966996 25.776866449105974 96.80217147208549
2020 6 15 49.736116304428265 24.072317516862835 99.37572417055407
2020 6 16 48.762284799666894 22.48507668863286 102.03665025609305
2020 6 17 47.80008062677439 20.99906190969701 104.75325743847917
2020 6 18 46.8440996723783 19.605649120048167 107.51422003455615
2020 6 19 45.916172393584056 18.308436906923614 110.36845876586321
2020 6 20 45.0416562306032 17.111022741404096 113.38267184260914
2020 6 21 44.21987695393072 16.005629131578644 116.57003038807154
2020 6 22 43.39453622874381 14.964929361764453 119.79807750050448
2020 6 23 42.56997816250081 13.986854317704925 123.07514916752311
2020 6 24 41.75691998022272 13.071334709073605 126.42981509257598
2020 6 25 40.96719558606453 12.218184299777759 129.899550726728
