2020 6 1 44.070927238797786 41.3697047818178 46.77214969577777
2020 6 2 42.890096370131026 37.793269383407576 48.309215480693005
2020 6 3 41.75426888312677 34.537795137710475 49.91184653602128
2020 6 4 40.661531126060325 31.573505983306852 51.583196267205906
2020 6 5 39.601614375681756 28.86691344385211 53.31587056248963
2020 6 6 38.573439507162746 26.39533784809411 55.11228286690282
2020 6 7 37.58397839350232 24.143602399226403 56.986395784562696
2020 6 8 36.627705626174375 22.08897351966572 58.93607637486948
2020 6 9 35.699568246571054 20.21148853811741 60.958582958884286
2020 6 10 34.78382583402603 18.487285367179464 63.03150140505691
2020 6 11 33.884347809303684 16.90633028260911 65.16181664315774
2020 6 12 33.01164886633719 15.462327821394066 67.37089951970962
2020 6 13 32.157997722359966 14.140054415482116 69.64787612112502
2020 6 14 31.32308112612328 12.929387626184667 71.9945751493926
2020 6 15 30.50333468271227 11.819691904134 74.40538785566761
2020 6 16 29.698705102233887 10.802783174381235 76.88147287412376
2020 6 17 28.91530037367793 9.873364319409866 79.4399577992979
2020 6 18 28.146554039886208 9.021857141170258 82.06708268711299
2020 6 19 27.38947537548904 8.240975210027612 84.7555163899497
2020 6 20 26.649915605710454 7.526826139687236 87.52321729415429
2020 6 21 25.94139711712514 6.877691125525388 90.41766020153904
2020 6 22 25.25710421287407 6.285968075312572 93.42660646579584
2020 6 23 24.588238539093684 5.744501102163155 96.52598159383652
2020 6 24 23.933510549853736 5.248840235762635 99.71414080012268
2020 6 25 23.29534640494434 4.795756362985774 103.00397691581692
