2020 6 1 748.2714523886631 720.205522363732 776.3373824135942
2020 6 2 753.3106983724583 697.8794445638765 810.8600378791581
2020 6 3 757.5953953786595 675.5149997870534 846.0691459303154
2020 6 4 761.463923740761 653.4744426635596 882.3151149845305
2020 6 5 765.4407638209617 632.2290187137212 920.2164897377041
2020 6 6 771.1297583571024 613.0713436080326 961.7793746297361
2020 6 7 775.6951707709038 593.5672831407051 1003.7654002232987
2020 6 8 779.8365481487409 574.3385613405211 1047.0006197010355
2020 6 9 784.7255918558217 556.267119118463 1093.072235063674
2020 6 10 791.5618110360008 540.1228545516004 1143.840754649908
2020 6 11 799.7463983254103 525.3265600346424 1198.8296453487449
2020 6 12 808.3876524996651 511.1799803774504 1257.0197591081826
2020 6 13 817.4983351785149 497.6521551843582 1318.6191309949218
2020 6 14 827.1870695849907 484.77171234646255 1384.003909607084
2020 6 15 838.0488462874397 472.8448115120605 1454.4013906953112
2020 6 16 849.0532487603725 461.2113497540128 1528.3796458761303
2020 6 17 860.0046611483747 449.7568303982082 1605.765312439915
2020 6 18 871.8974728497934 439.0052437569123 1688.563203581452
2020 6 19 884.5631542028475 428.8170135016614 1776.8086655667717
2020 6 20 899.5731808909129 419.9125208565382 1874.0053707638847
2020 6 21 913.1639942610968 410.4115634198393 1973.0318945638287
2020 6 22 924.5175299844204 400.02777132714556 2072.0135622370003
2020 6 23 937.7504789483335 390.658820082478 2179.8566155479793
2020 6 24 952.2670688077432 381.9651448119707 2295.856235870645
2020 6 25 967.1246642039587 373.51158097529003 2418.3090557586056
