2020 6 1 122.99117766835721 111.71674086853633 134.2656144681781
2020 6 2 123.78330674300763 102.13587188955964 147.5097681548894
2020 6 3 124.36851781508756 93.20172040820518 161.8076851173149
2020 6 4 124.79870144105259 84.9308168622445 177.28618373802004
2020 6 5 125.40454699595328 77.51242229522587 194.49278072069964
2020 6 6 126.51452585381774 71.05178358816838 214.14668277208764
2020 6 7 127.6584068790883 65.14315948863116 235.8274079119815
2020 6 8 128.72354777160564 59.68043488744452 259.53857682594156
2020 6 9 129.9118996153052 54.728803435826215 285.864280412126
2020 6 10 131.45735961843354 50.33382387585395 315.62192903902843
2020 6 11 133.36312057976772 46.42269823761382 349.2981844287585
2020 6 12 135.18652568994247 42.77719702677289 386.2795670178811
2020 6 13 137.42078046294435 39.54008803531487 428.27901251279485
2020 6 14 139.54375999090215 36.50530113023446 474.38310132999555
2020 6 15 142.14215674037206 33.819232077884536 526.9549786058717
2020 6 16 145.19471288892967 31.427348963219103 586.857260545622
2020 6 17 148.38651088773588 29.220582590478354 653.8668441578021
2020 6 18 151.9402880974887 27.2262356767013 729.8137187113199
2020 6 19 155.76231374167435 25.400822270621305 815.4615131800232
2020 6 20 159.82870070323835 23.721966461169647 911.9365343326617
2020 6 21 163.96068928199767 22.14805435397526 1019.5938451222178
2020 6 22 167.64822838514252 20.60410197256901 1136.532379232979
2020 6 23 171.6721761232303 19.198931528892707 1268.6011162107986
2020 6 24 176.2170769417536 17.937050949030805 1419.1526150000213
2020 6 25 180.92925214337995 16.762888646316625 1587.9489632175023
