2020 6 1 289.06645930922434 277.6636571184601 300.46926149998853
2020 6 2 297.7738174175279 274.76333946583236 321.7094679892154
2020 6 3 306.5022710132698 271.6707643821253 344.1905692221536
2020 6 4 315.07280889824136 268.2462515278819 367.7780076863918
2020 6 5 323.9255332794449 264.9011182559554 393.03154607342077
2020 6 6 333.58089437224464 262.0506691924371 420.6911893409194
2020 6 7 343.103755189707 258.90071693081154 449.7673262990481
2020 6 8 353.06830067802485 255.91678085421947 481.0756940134888
2020 6 9 363.19513888357204 252.8751082123487 514.3902589280584
2020 6 10 374.0700528431188 250.18820139906222 550.6599773764895
2020 6 11 385.50624521994274 247.68745858961006 589.8339847475983
2020 6 12 397.3094159513433 245.2228574668277 631.821376866468
2020 6 13 409.92092967472126 243.0586487605835 677.508426300479
2020 6 14 423.96573566686425 241.52603207586753 728.2063863629776
2020 6 15 439.9225951626418 240.8182085055288 785.1557076790981
2020 6 16 457.4302333436346 240.63261309152028 848.254638216582
2020 6 17 476.1286363291761 240.70703716909125 917.3405967912128
2020 6 18 496.2341319743763 241.1064303043631 993.2916273858515
2020 6 19 517.9031814238728 241.85367035254848 1076.96131101681
2020 6 20 539.8892169947945 242.30938169784275 1166.370416594629
2020 6 21 560.403460321979 241.68649152535994 1258.0062027340236
2020 6 22 578.9484787133034 239.87976120404994 1350.6709863472515
2020 6 23 597.9639077028282 238.02716842224453 1449.8271789975217
2020 6 24 617.7357416717731 236.24136684929982 1556.5823585315488
2020 6 25 638.6088744262154 234.64011568715364 1672.3259607959824
