2020 6 1 71.79318402356749 62.06242171590705 81.52394633122795
2020 6 2 74.11591216583123 55.39899539258135 95.55198472576652
2020 6 3 76.51378763713798 49.450997973555225 111.99386432959979
2020 6 4 78.87389389210114 44.06706686267135 131.09610558928605
2020 6 5 81.30679881128847 39.26930621132491 153.45652195818516
2020 6 6 83.93732136471584 35.05309740940166 179.8621865364856
2020 6 7 86.52641025046282 31.23672424386426 210.54039289431887
2020 6 8 89.19536088482542 27.835855134032006 246.45122965355606
2020 6 9 91.94663664359854 24.80525246481358 288.4872007825951
2020 6 10 94.92139035348383 22.141998797604295 338.1279469808814
2020 6 11 98.13548443983233 19.798069417267374 396.82024831105946
2020 6 12 101.45840964166943 17.702266007409733 465.70036838319794
2020 6 13 105.04680391389142 15.85500912538723 547.238773469859
2020 6 14 108.92047550938923 14.224418252898126 643.8785358713831
2020 6 15 113.26539585437759 12.804411526164209 759.5257688601313
2020 6 16 117.95439076939569 11.545465574287766 897.089456345939
2020 6 17 122.83750210582579 10.410300782248887 1059.568385539863
2020 6 18 128.10794871450554 9.402440801064817 1253.0724963088621
2020 6 19 133.79765646251624 8.506330076954884 1483.804434735497
2020 6 20 139.74006339572676 7.695624243644571 1757.021726217866
2020 6 21 145.52506455821154 6.9389807252055125 2075.2497542332253
2020 6 22 150.89139925863915 6.2253489293851745 2441.7289821236195
2020 6 23 156.64518383329153 5.59293062140763 2875.9942057351805
2020 6 24 162.8938789753086 5.034595021079174 3392.5524592803567
2020 6 25 169.3918393039236 4.531997398511594 4001.8899085462817
