2020 6 1 428.38558462129936 410.10234033251436 446.6688289100844
2020 6 2 435.3269963899168 398.9810465482416 473.25707934672835
2020 6 3 442.1518981446001 387.95147584138 501.1790747156628
2020 6 4 448.81950712941483 376.9949169406294 530.4488836859781
2020 6 5 455.6949736845512 366.43793184698114 561.5549328994364
2020 6 6 463.0571064336653 356.4832215197037 594.954999819254
2020 6 7 469.8628203132185 346.27901819428195 629.4738992059296
2020 6 8 476.5438761480163 336.20131909719873 665.69455396695
2020 6 9 483.1490218685024 326.2963332995447 703.7606403091376
2020 6 10 490.25003372716407 316.95621873501085 744.5923716880043
2020 6 11 497.7718962178311 308.08807501503276 788.273810514479
2020 6 12 505.3496585014854 299.4312225943463 834.4235803879944
2020 6 13 513.2481852876722 291.13932329469367 883.6143664592221
2020 6 14 522.0800853278122 283.5364710270172 937.0994080785872
2020 6 15 532.0251306859991 276.6541610145058 995.5471230520127
2020 6 16 542.3249842563962 270.0248967615194 1057.9497133448049
2020 6 17 552.8372067685634 263.5609409591472 1124.2890994293098
2020 6 18 563.7779015928357 257.3588492502172 1195.2453183261043
2020 6 19 575.1777476970099 251.41346453526387 1271.194131154849
2020 6 20 586.5743159376303 245.50323729797753 1351.4522252134452
2020 6 21 596.7801991078198 239.13909099166105 1433.5139211745088
2020 6 22 605.7367820989797 232.36815113189022 1517.1310303683863
2020 6 23 615.0933066235737 225.8907790030695 1606.290561106222
2020 6 24 624.8482907460974 219.68722297508796 1701.3530023748342
2020 6 25 634.8050431109233 213.67057869297176 1802.1695045548602
