2020 6 1 1353.21889932839 1268.865397172282 1437.5724014844984
2020 6 2 1369.4220526682132 1204.064358085524 1545.415686575287
2020 6 3 1385.2123315272727 1142.0391064132457 1660.664237347891
2020 6 4 1400.4556931564448 1082.6079608933492 1783.6334377645326
2020 6 5 1415.905588123425 1026.2995687958287 1915.757689704409
2020 6 6 1431.5259270792137 972.9198777010164 2057.6691645013266
2020 6 7 1445.4153598315077 921.0230521810612 2207.357164166483
2020 6 8 1458.9591311382628 871.5883438286875 2367.2007483314774
2020 6 9 1472.5893992460014 824.7828374307776 2538.5536803195255
2020 6 10 1487.4074960871117 781.0848210030775 2724.138364119027
2020 6 11 1503.1986707570113 740.1346718859572 2924.7995604478187
2020 6 12 1519.2407653112286 701.3724282585308 3140.4035694111976
2020 6 13 1536.29566417335 665.0287707066939 3373.640673604145
2020 6 14 1554.648386928431 631.0472876783921 3626.629782589624
2020 6 15 1573.650961939193 598.9769709390014 3899.595039247084
2020 6 16 1592.9293939800616 568.5530833412413 4193.213561874485
2020 6 17 1612.4440016093827 539.6745188217793 4508.939979286402
2020 6 18 1632.599633767678 512.3973175831803 4849.562901123802
2020 6 19 1653.6855124778187 486.7116967177055 5217.932667373964
2020 6 20 1674.9979222987597 462.3001720638879 5614.139043639634
2020 6 21 1695.3323549351405 438.7673011327839 6036.231498471345
2020 6 22 1714.7397073409707 416.1285183721887 6485.878666258935
2020 6 23 1735.2320541435395 394.86720264004254 6972.284254232004
2020 6 24 1756.5861040504597 374.832553839345 7497.645979432433
2020 6 25 1778.3732301127181 355.8507543962289 8063.3205671927735
