2020 6 1 21370.7 211.04200 211.04200
2020 6 2 21613.4 413.9300 439.200
2020 6 3 21855.2 609.5800 686.3600
2020 6 4 22092.8 798.4800 953.6400
2020 6 5 22340.7 981.5400 1243.200
2020 6 6 22617.3 1160.200 1558.00
2020 6 7 22879.4 1333.500 1898.700
2020 6 8 23142.1 1502.400 2267.700
2020 6 9 23415 1667.800 2668.800
2020 6 10 23721.3 1832.000 3107.900
2020 6 11 24057.5 1995.700 3589.00
2020 6 12 24406.7 2158.200 4117.00
2020 6 13 24779.8 2320.0 4696.00
2020 6 14 25180.8 2484.300 5334.00
2020 6 15 25624.2 2651.000 6043.00
2020 6 16 26096.4 2820.100 6829.00
2020 6 17 26589.3 2991.300 7690.0
2020 6 18 27115.4 3166.00 8667.00
2020 6 19 27677.3 3345.00 9748.00
2020 6 20 28267.9 3529.00 10950.0
2020 6 21 28841.3 3713.00 12290.0
2020 6 22 29385.5 3894.00 13770.0
2020 6 23 29965.1 4080.00 15430.0
2020 6 24 30580.1 4272.00 17310.0
2020 6 25 31220 4470.00 19440.0
