2020 6 1 225.8954408502151 220.13388075708906 231.65700094334113
2020 6 2 229.37652506725016 217.8266748192695 241.2247213256823
2020 6 3 232.8115239828522 215.4489428658161 251.0827196141609
2020 6 4 236.1967404467738 213.00349167632467 261.2344124354268
2020 6 5 239.63117994876305 210.58579755744424 271.79655511678544
2020 6 6 243.11555822073922 208.19554545280718 282.78574283015706
2020 6 7 246.36872707000583 205.5910366969866 293.89137277000117
2020 6 8 249.59401556654524 202.95951826362307 305.3479594149793
2020 6 9 252.8253541006612 200.33226811638067 317.20689761235997
2020 6 10 256.2084513087728 197.8261282984143 329.6643234500009
2020 6 11 259.7482137524764 195.43735181134807 342.75431325692733
2020 6 12 263.3368813673164 193.07742011417002 356.3640676272504
2020 6 13 267.0132947552645 190.77396725824377 370.56587205592194
2020 6 14 270.81842958552613 188.5532921045533 385.44105700422966
2020 6 15 274.7562888069358 186.41311974479947 401.02508133463317
2020 6 16 278.9106865149341 184.4053054358831 417.47167305673287
2020 6 17 283.1683219792285 182.44584237126955 434.6532655933125
2020 6 18 287.61406841828654 180.5865248895751 452.73096953432923
2020 6 19 292.25466327240315 178.82467205407215 471.75738532691196
2020 6 20 296.843065391185 177.00225815531192 491.37829012394997
2020 6 21 301.28840088235506 175.0701535340644 511.4591770099066
2020 6 22 305.6693114043388 173.08302141120703 532.1383239603653
2020 6 23 310.06962284944683 171.0933596082289 553.576441456711
2020 6 24 314.5332796815189 169.1265698007703 575.8782307862873
2020 6 25 318.9016472416997 167.09659985435883 598.7863730591837
