2020 6 1 1215.0242432003145 1166.2761572517297 1263.7723291488992
2020 6 2 1259.8710715362115 1160.8480886932987 1362.9464263525845
2020 6 3 1305.31232601754 1154.4677854327326 1468.7555007211845
2020 6 4 1350.8049101843544 1146.7183687542822 1580.9923588140173
2020 6 5 1397.7566127218263 1138.9136814985093 1701.6580218234878
2020 6 6 1448.301923932313 1132.7604937354854 1833.9213678700573
2020 6 7 1497.6939195736886 1124.3089245318065 1972.69017176034
2020 6 8 1547.6493354409472 1115.0788750590207 2120.4827609337294
2020 6 9 1598.547005438372 1105.4029567686828 2278.3558895873357
2020 6 10 1653.0628666828097 1097.1555031906773 2450.754078066711
2020 6 11 1710.5205464758444 1089.6881460725947 2637.8023354820216
2020 6 12 1768.5350059975406 1081.3540352142911 2836.9054530536296
2020 6 13 1828.6825660953682 1073.1848382687892 3051.3024352070574
2020 6 14 1892.4155853079378 1065.9810370110322 3284.471671509826
2020 6 15 1960.1403954362154 1059.8229412331934 3538.5318441573595
2020 6 16 2031.9394528037224 1054.59284955371 3815.2236960970363
2020 6 17 2106.7487005038442 1049.5859066454286 4114.265099721676
2020 6 18 2186.0861740221167 1045.4865445246223 4440.210132994568
2020 6 19 2271.070336074175 1042.6748203089987 4797.378192984433
2020 6 20 2360.6331706139727 1040.4559842987023 5185.969759439668
2020 6 21 2448.4272861151703 1035.9055468790748 5594.392569765928
2020 6 22 2534.675887625968 1029.3396687377274 6023.989022543827
2020 6 23 2625.8994057965338 1023.6019121048907 6491.177272381871
2020 6 24 2722.527145369081 1018.7229524307598 6999.8413772579925
2020 6 25 2823.7804301365372 1014.2675644922696 7551.116263104346
