2020 6 1 3.331667545470331 2.712139461898637 3.9511956290420245
2020 6 2 3.2751580238109224 2.1703660042303237 4.606446250765961
2020 6 3 3.2181439622663075 1.7358470041922245 5.368303333778813
2020 6 4 3.1592473065544966 1.3867702460462525 6.251367399285272
2020 6 5 3.1014285442168505 1.107892406804661 7.279691912144262
2020 6 6 3.044667948256785 0.8850965677659097 8.477171625170753
2020 6 7 2.9889461527100805 0.7071047057091338 9.871631880837766
2020 6 8 2.9342441460374715 0.5649067944055567 11.495475177289418
2020 6 9 2.8818539947173125 0.4515570576185286 13.391569133206712
2020 6 10 2.8329739103418046 0.3613546060568164 15.612373877951848
2020 6 11 2.7874538824469512 0.289493714104829 18.21541620801675
2020 6 12 2.742665267196593 0.23192345995177768 21.25246232412208
2020 6 13 2.7022717670545737 0.18611273302401668 24.82435392852189
2020 6 14 2.664887390928864 0.14951705244426003 29.01874985041076
2020 6 15 2.6292106142724547 0.12018403562071528 33.93480596282732
2020 6 16 2.5951859397179895 0.09665940576822687 39.69884811142577
2020 6 17 2.5616015792533324 0.07773944913076572 46.44194939851506
2020 6 18 2.5295961049995475 0.06255758067566922 54.351154901783886
2020 6 19 2.4991204907932274 0.050368549519123604 63.63160092418861
2020 6 20 2.473477474685105 0.040644488756901014 74.6103779933303
2020 6 21 2.4480975768530095 0.03279773751838222 87.48339541134388
2020 6 22 2.4229780974886626 0.026465865833828584 102.57747887809528
2020 6 23 2.400100667272351 0.021378088079783822 120.35984950569757
2020 6 24 2.3801910368223305 0.01729289149942602 141.36288848639137
2020 6 25 2.3626793546447074 0.014004568147805553 166.16360917492148
