2020 6 1 167.7185654343012 165.2169661747588 170.22016469384363
2020 6 2 165.80483978900335 160.89545211896657 170.78800593025576
2020 6 3 163.93227147091946 156.70572316002242 171.37764319350788
2020 6 4 162.09722546391893 152.64074711839683 171.98643368990508
2020 6 5 160.28811769361823 148.68629934296388 172.60311292849346
2020 6 6 158.50987397622518 144.8441997518264 173.23349664334285
2020 6 7 156.785661451358 141.13272706636636 173.90367228392077
2020 6 8 155.10630438592054 137.53985113198365 174.60539032360043
2020 6 9 153.45009929938746 134.04301982142175 175.31575317405662
2020 6 10 151.79625205630566 130.6217039282368 176.01149517225156
2020 6 11 150.1526487145298 127.28119037170562 176.70120803945895
2020 6 12 148.53434057884422 124.03246350698437 177.4024482266016
2020 6 13 146.9285288666506 120.86252765548986 178.10056485491
2020 6 14 145.33273990349898 117.76757083576508 178.79253420266457
2020 6 15 143.74460536978413 114.74402543958182 179.47528660484784
2020 6 16 142.17382529659105 111.79810605451438 180.16064622351678
2020 6 17 140.62021004173667 108.92781972302048 180.84862301481036
2020 6 18 139.07186751390373 106.12215804868174 181.52417403996142
2020 6 19 137.52668271847227 103.37816231172069 182.1841175574369
2020 6 20 135.99408718390205 100.70167607370497 182.84039470746956
2020 6 21 134.5012098060813 98.11124853314351 183.5294733837971
2020 6 22 133.03591572132123 95.59562286364421 184.2364250948597
2020 6 23 131.57403528807546 93.13548138128513 184.92872039706162
2020 6 24 130.12310816630134 90.73503367347728 185.6164339148422
2020 6 25 128.69197186049513 88.39909774519091 186.31211232741816
