2020 6 1 523.2208286955771 505.4245125688512 541.017144822303
2020 6 2 537.6592100012324 501.7092020069049 574.8530405180369
2020 6 3 552.4259622150051 497.95582758499086 610.7301703228621
2020 6 4 567.4903068588007 494.133204488349 648.7270555021455
2020 6 5 582.92847461096 490.30773253411905 689.0456702228432
2020 6 6 598.8815739357038 486.5917377713968 731.9823326436288
2020 6 7 615.1151912263865 482.77709663983853 777.4037570524295
2020 6 8 631.7287320849052 478.9451796501711 825.5677260138485
2020 6 9 648.7498268871021 475.1124733045044 876.66190134815
2020 6 10 666.3563344463629 471.40330123306194 931.0896307242448
2020 6 11 684.636032107067 467.86129414961334 989.1694967811878
2020 6 12 703.5286975840831 464.42210597323236 1051.0334067123285
2020 6 13 723.0573004709735 461.08384379977366 1116.9375558184227
2020 6 14 743.1986426472148 457.814637769236 1187.0833240488882
2020 6 15 764.4094566459934 454.88180002202864 1262.446455648527
2020 6 16 786.5742443042709 452.1752054682569 1343.1698440848745
2020 6 17 809.5610851683418 449.58782571760406 1429.3611351043771
2020 6 18 833.3779266914092 447.1031256664968 1521.362703381145
2020 6 19 857.9768908336121 444.67585203955946 1619.4346796930483
2020 6 20 883.5534917313487 442.39212748735963 1724.3034855304434
2020 6 21 909.7198447323979 440.0336633916611 1835.6261956625874
2020 6 22 936.1869518850842 437.45842036584054 1953.1792517515428
2020 6 23 963.4850792206339 434.92674988738423 2078.3876303911766
2020 6 24 991.7549524483279 432.4890724255652 2212.0016313899673
2020 6 25 1020.9560677878618 430.10943720677125 2354.4323032983166
