2020 6 1 43.636017093989125 38.85707578809512 48.414958399883126
2020 6 2 45.988946727356115 36.475882981976405 56.60310278182945
2020 6 3 48.41303005530197 34.196417292679875 66.1074805947185
2020 6 4 50.886677296882084 32.004157588257904 77.10096911300893
2020 6 5 53.52781766805066 29.97828988830485 89.98492110161762
2020 6 6 56.41413032416086 28.14119621169722 105.20355498109798
2020 6 7 59.2738072084765 26.325758554360675 122.6561226467151
2020 6 8 62.254504600948515 24.61680582420249 142.95441797004332
2020 6 9 65.43537725870542 23.03867467092722 166.72733653318275
2020 6 10 68.96376615567844 21.626846187278716 194.92497521904704
2020 6 11 72.79382083849823 20.336473223337535 228.20641448462646
2020 6 12 76.86598511720248 19.131304035260257 267.2624831766748
2020 6 13 81.35221274698546 18.043914030306937 313.6503803715108
2020 6 14 86.23169792463189 17.04747879418197 368.5963700041607
2020 6 15 91.57798436881664 16.140494118008355 433.9122443300575
2020 6 16 97.21875029749339 15.275245531330476 510.6269543450501
2020 6 17 103.32475096692166 14.474888133825056 601.5233299173445
2020 6 18 110.14808634620573 13.763233549284237 710.5435974572603
2020 6 19 117.68893103842075 13.11991845160497 841.044524322881
2020 6 20 125.84109077355473 12.51727033139574 996.1930500911152
2020 6 21 134.20217800556782 11.906916901983069 1177.1457054816215
2020 6 22 142.6309902072595 11.283045488300173 1386.688655062125
2020 6 23 151.98281696262714 10.723000788225926 1637.359141559735
2020 6 24 162.1053554808827 10.20186983490999 1935.040387238848
2020 6 25 172.69585952051236 9.693086864075608 2284.380058106552
