2020 6 1 11.97217868771609 11.435577920820723 12.508779454611458
2020 6 2 12.033798393045613 10.979247768944782 13.136698176195386
2020 6 3 12.06811638704088 10.515928653867896 13.765987176895305
2020 6 4 12.102532249113489 10.072161388509057 14.425421092328781
2020 6 5 12.137046258363688 9.647120893964855 15.116443958357372
2020 6 6 12.17165869468766 9.24001690927528 15.840568984684653
2020 6 7 12.178434572247626 8.828885688970727 16.563026058030076
2020 6 8 12.185214221891403 8.43604760405421 17.318432971960863
2020 6 9 12.219964023644733 8.080050345142494 18.148040171002872
2020 6 10 12.282859057365451 7.757620588929571 19.059039859244145
2020 6 11 12.346077806054485 7.448057206470621 20.01577012908848
2020 6 12 12.409621935843077 7.150846772529955 21.020526575277287
2020 6 13 12.50197453921644 6.881908312676797 22.123964397940025
2020 6 14 12.595014432129638 6.623084444492143 23.2853253665393
2020 6 15 12.688746729402336 6.373994765096182 24.50765006094856
2020 6 16 12.783176583918763 6.134273178301422 25.794138671259535
2020 6 17 12.878309186910998 5.903567356547777 27.14815937625702
2020 6 18 12.974149768244349 5.681538223073893 28.57325716170785
2020 6 19 13.070703596704865 5.467859453563671 30.07316310155139
2020 6 20 13.167975980288986 5.262216996535511 31.651804126290777
2020 6 21 13.265972266495345 5.064308611769397 33.31331330415974
2020 6 22 13.364697842618742 4.8738434260934245 35.06204066198231
2020 6 23 13.469270372673499 4.6924058384021246 36.91597643346364
2020 6 24 13.581874266518362 4.520235492399809 38.88771009710892
2020 6 25 13.706329687609154 4.35801334506351 40.995994816885876
