2020 6 22 15.21671145984747 13.142149461292338 17.2912734584026
2020 6 23 15.801446662633087 11.786586352124841 20.403712557085555
2020 6 24 16.408651586177946 10.570844460814287 24.07639247124777
2020 6 25 17.039189678327485 9.480501756522875 28.41015686766547
2020 6 26 17.69395756678683 8.50262378645478 33.524001330732965
2020 6 27 18.373886334128972 7.625610237796298 39.558340718001666
2020 6 28 19.079942841797973 6.839057326212674 46.67886464158229
2020 6 29 19.813131104989797 6.1336343784520455 55.08108693840158
2020 6 30 20.57449372036598 5.5009731449879204 64.99571404770379
2020 7 1 21.36511334863027 4.9335685296447735 76.69497969956855
2020 7 2 22.186114254076514 4.424689558588045 90.50011985098023
2020 7 3 23.038663903297 3.968299532526756 106.7901931146591
2020 7 4 23.923974625324654 3.55898441491502 126.01248887012014
2020 7 5 24.843305335569806 3.191888606640256 148.69480884066704
2020 7 6 25.797963326002975 2.8626573453098816 175.45995936126002
2020 7 7 26.789306124129308 2.5673850458341576 207.04285226287737
2020 7 8 27.818743423398153 2.3025689694829112 244.3106839258294
2020 7 9 28.88773908779283 2.0650676718041736 288.28674657419447
2020 7 10 29.997813233451094 1.8520637364831645 340.1785256168538
2020 7 11 31.150544390276412 1.6610303530630517 401.4108545259606
2020 7 12 32.34757174661384 1.4897013420476557 473.66503761247077
2020 7 13 33.59059748018243 1.3360442718016645 558.9250149236144
2020 7 14 34.88138917857883 1.198236348341114 659.5318368482802
2020 7 15 36.22178235279393 1.0746427920009731 778.247944182483
2020 7 16 37.613683047316904 0.9637974444678438 918.3330186433298
2020 7 17 39.05907055053813 0.864385376124037 1083.6334865188228
2020 7 18 40.56000020930525 0.7752272873784541 1278.6881330257488
2020 7 19 42.11860635163467 0.6952655189413081 1508.852727312312
2020 7 20 43.737105321734575 0.623551505086199 1780.447080032421
