2020 6 22 643.2863033035296 573.9060904700374 712.666516137022
2020 6 23 657.9328367331352 523.6670283399328 807.5049076399304
2020 6 24 672.8972081402002 477.8133872128932 914.9447634579763
2020 6 25 688.2103785568152 435.98080378874835 1036.691146692637
2020 6 26 703.8524927961001 397.7982869058598 1174.6081808334075
2020 6 27 719.8413018752061 362.95474477534157 1330.8583823019678
2020 6 28 736.2032958489825 331.1682152105394 1507.9119468481726
2020 6 29 752.9396284004594 302.1665514988731 1708.5251855422146
2020 6 30 770.0420161291132 275.698888347608 1935.7953797121409
2020 7 1 787.5471061319764 251.554703121446 2193.333131886575
2020 7 2 805.4262137431102 229.51729201613693 2485.06702890539
2020 7 3 823.7186627650862 209.41258649886478 2815.6272440182875
2020 7 4 842.4407015855728 191.07255971328956 3190.20646173402
2020 7 5 861.6082919315769 174.34326546036124 3614.6939538126153
2020 7 6 881.2387295443584 159.0841092456678 4095.775739974079
2020 7 7 901.3280538258975 145.16259057711298 4640.939075110844
2020 7 8 921.8824894931104 132.46050012200718 5258.70249517864
2020 7 9 942.9208781228818 120.87206087247483 5958.784274386342
2020 7 10 964.4393862919459 110.29744781351559 6752.066704900707
2020 7 11 986.4642536018662 100.64971314724463 7651.064419752699
2020 7 12 1009.0240168280314 91.84912360482518 8670.005891864535
2020 7 13 1032.0870482744083 83.81688601375551 9824.537590507794
2020 7 14 1055.6649601383037 76.48607423817042 11132.694458161774
2020 7 15 1079.7731425718032 69.79582560102881 12614.946828501774
2020 7 16 1104.4247533840107 63.69031320374423 14294.469036745124
2020 7 17 1129.6333357145763 58.11855480662555 16197.523091832685
2020 7 18 1155.3654692395398 53.03155824092148 18353.19163955765
2020 7 19 1181.5785640976794 48.384987418933775 20794.07910033588
2020 7 20 1208.3997649079013 44.14609225907821 23559.828480070755
