2020 6 22 405.47528142740873 368.6784235268129 442.2721393280046
2020 6 23 416.031714472307 343.9372781786961 494.9808439887199
2020 6 24 427.01316483148884 320.98061131051264 554.149901965491
2020 6 25 438.27046487727483 299.5456917041164 620.3737295930957
2020 6 26 449.9539856969225 279.6306576051603 694.6948840433196
2020 6 27 462.06709900512556 261.1130710571451 778.102142824961
2020 6 28 474.3395048548404 243.72748911787392 871.2426524843206
2020 6 29 486.79776419794064 227.42749768726705 975.2749558291632
2020 6 30 499.82286380816737 212.32956952472682 1092.2095133027412
2020 7 1 512.9996377604482 198.1503104279199 1222.7342942070516
2020 7 2 526.7426482101896 185.0024708975274 1369.3791224109812
2020 7 3 540.8019683385156 172.70881423736057 1533.4765230786797
2020 7 4 555.1655559085133 161.20941579896964 1717.0369800537242
2020 7 5 569.7466658584029 150.4280627986706 1922.062883519207
2020 7 6 584.5424622988272 140.32331459458123 2151.0025825663583
2020 7 7 599.5498437929289 130.85589025168744 2406.576309715328
2020 7 8 614.9818719109352 122.03580891543722 2692.674263970348
2020 7 9 630.7303822492916 113.79420807785175 3012.430572249169
2020 7 10 646.9235796247402 106.11666668888732 3370.3558092373364
2020 7 11 663.447595425723 98.94318877170767 3770.365900725373
2020 7 12 680.3283573844742 92.24489621329231 4217.479920025106
2020 7 13 697.8395725892276 86.02731222918345 4718.861227719246
2020 7 14 715.9618239034089 80.24857445527549 5280.931635811864
2020 7 15 734.6721732159152 74.87118124574616 5910.817596450716
2020 7 16 753.9438131560461 69.86149410145148 6616.415475697213
2020 7 17 773.7952066888298 65.19388690349062 7406.894788430793
2020 7 18 794.7956716878612 60.890907370188316 8297.810434633373
2020 7 19 817.1937832346853 56.935348574399875 9304.52850936378
2020 7 20 839.9039595462099 53.214513675334736 10429.751319583476
