2020 6 22 3072.872902016788 2854.96399514217 3290.781808891406
2020 6 23 3212.265440929388 2772.7056001335022 3684.1519357808334
2020 6 24 3353.3148627172345 2688.78951086601 4119.192575697821
2020 6 25 3499.165949369136 2606.2971876729653 4603.895065719716
2020 6 26 3647.730023532932 2523.6314337006197 5140.855138510174
2020 6 27 3798.8167842866687 2440.969118384737 5735.1076036632585
2020 6 28 3957.7381331919446 2362.027535660518 6400.432448261603
2020 6 29 4124.129179373699 2286.1291141057513 7144.269271679533
2020 6 30 4297.515630334075 2212.6695169539753 7974.552319527618
2020 7 1 4481.758880604675 2143.4070771189718 8907.947621646466
2020 7 2 4669.250725360131 2074.0887290023716 9941.350876936132
2020 7 3 4864.586185264526 2007.0121544792748 11094.638344998693
2020 7 4 5067.0838911188175 1941.6883574078963 12379.415321812952
2020 7 5 5282.217050816508 1880.1024673552884 13823.247480760052
2020 7 6 5509.772626537757 1821.6404207443977 15444.082058383037
2020 7 7 5744.844411982276 1764.2402033292933 17248.55645215205
2020 7 8 5986.36889887151 1707.5503279342931 19253.125915797955
2020 7 9 6239.289842774923 1653.0364057457937 21494.655151426367
2020 7 10 6500.30700004511 1599.5767740005633 23988.23139909487
2020 7 11 6773.592610623841 1548.1779861077885 26776.063313196755
2020 7 12 7056.962021611975 1498.109503208252 29882.331127845777
2020 7 13 7344.863702461033 1448.1058044361862 33317.94835637134
2020 7 14 7639.938225206176 1398.8695865885152 37127.82124925391
2020 7 15 7945.281705472567 1351.0171268298566 41365.644370244176
2020 7 16 8259.531150387793 1304.2408735070956 46070.010284572774
2020 7 17 8584.495673112962 1258.813496967927 51299.826328172305
2020 7 18 8909.478525390492 1213.0962317430105 57047.03050800762
2020 7 19 9220.448209244238 1165.4561781328966 63269.602984485195
2020 7 20 9544.950550775982 1120.0256175430543 70189.30249232754
