2020 6 22 4210.054798042534 4044.2221934642926 4375.887402620774
2020 6 23 4309.086162167531 3976.2856855361797 4655.259709873175
2020 6 24 4408.611661131202 3907.796811711127 4950.485362805368
2020 6 25 4509.89937276991 3840.012064480477 5263.831098462275
2020 6 26 4611.318886779111 3771.5339141433533 5594.4480838292475
2020 6 27 4711.371590896247 3701.2936382773532 5941.405648320283
2020 6 28 4812.161814704885 3631.235455879319 6308.0733363831505
2020 6 29 4915.693843483887 3562.9452298661404 6698.137184322945
2020 6 30 5021.154227765988 3495.7225011917353 7111.913330120758
2020 7 1 5130.09921088514 3430.6188806425716 7552.98134807635
2020 7 2 5240.159408165818 3365.8927770062855 8019.565328888874
2020 7 3 5353.218503402953 3302.7974755431646 8515.948365143837
2020 7 4 5469.368351233029 3241.2868511943516 9044.092099758553
2020 7 5 5592.031804522478 3183.288425443888 9611.593931324971
2020 7 6 5720.508556032412 3128.0710199139207 10219.969019932398
2020 7 7 5852.285127625485 3074.0017479967564 10867.473640918583
2020 7 8 5987.097279823103 3020.8670731993634 11556.002088237386
2020 7 9 6125.743523151106 2969.0184570117503 12289.559776721224
2020 7 10 6267.227739924905 2917.87909063619 13068.934835353684
2020 7 11 6413.8864524976225 2868.5082741230303 13901.71200320357
2020 7 12 6565.928410598393 2820.845505144727 14791.784629512269
2020 7 13 6720.376007705909 2773.459782042286 15736.145080343907
2020 7 14 6877.63879345343 2726.5325551927376 16738.88191375693
2020 7 15 7038.163190755882 2680.2334429160805 17804.496532488814
2020 7 16 7202.005989651207 2634.5574516927145 18936.865950508414
2020 7 17 7370.101131832541 2589.8201640256684 20142.406517303578
2020 7 18 7537.635200492887 2544.2667525257775 21412.437173648665
2020 7 19 7699.346228504935 2496.2636139575275 22735.186392130923
2020 7 20 7863.706742877218 2448.9003552547847 24137.22733167964
