2020 6 22 217.17868011412196 197.92155717092288 236.435803057321
2020 6 23 214.67655976179677 178.29456724361478 254.43411320740236
2020 6 24 212.16984808947507 160.58614277507954 273.7629096168124
2020 6 25 209.7006635347778 144.64278922559393 294.5707259482451
2020 6 26 207.22757107466185 130.2598114107614 316.91422052746407
2020 6 27 204.7352567852577 117.27663100807597 340.8784921290668
2020 6 28 202.28088510884055 105.59206669442247 366.66814881617086
2020 6 29 199.87168085095652 95.0798834331023 394.437498658659
2020 6 30 197.48339226541617 85.61053687060837 424.2945899989183
2020 7 1 195.1466980077715 77.09427161647505 456.4612617013546
2020 7 2 192.8072742277287 69.41317635330245 490.9955004464118
2020 7 3 190.51090249803948 62.50277054897326 528.1806932890541
2020 7 4 188.25670923763826 56.28519275340598 568.2231905564304
2020 7 5 186.06582036745496 50.69707218359206 611.4119621869932
2020 7 6 183.92939308753438 45.671644715992265 657.978547353389
2020 7 7 181.82465447713608 41.146148099969935 708.1173606674679
2020 7 8 179.75107686324398 37.07067366127272 762.1043740056881
2020 7 9 177.7221330288215 33.40319790417157 820.2963448890944
2020 7 10 175.71609093804963 30.09855284585473 882.9316775885424
2020 7 11 173.74636878674156 27.123185613968523 950.4183758628722
2020 7 12 171.81901168394867 24.445112479871238 1023.1743682225467
2020 7 13 169.89966125328104 22.029562691583376 1101.420306165741
2020 7 14 167.99513945061747 19.85184872304129 1185.6071371088105
2020 7 15 166.11196673876472 17.889410844868223 1276.2287708828806
2020 7 16 164.24990380112487 16.12096811945987 1373.777050297688
2020 7 17 162.4151061235681 14.527970698808945 1478.8348753994962
2020 7 18 160.57236132929546 13.08984147401811 1591.6678785179424
2020 7 19 158.69365821782034 11.789437493714194 1712.5461984107517
2020 7 20 156.84990537169355 10.619185019864693 1842.7445133496817
