2020 6 22 78.86623838431602 72.708654969393 85.02382179923904
2020 6 23 74.66665624057293 63.45593107960397 86.78880352312433
2020 6 24 70.71917522391368 55.40488630343747 88.62352275083468
2020 6 25 66.9197066423661 48.32778494054374 90.42098132031686
2020 6 26 63.28608689641073 42.12702548168126 92.20316981461853
2020 6 27 59.9322292833912 36.77675495816481 94.14062775262215
2020 6 28 56.71992053722558 32.08377911139755 96.06195154941528
2020 6 29 53.62390729220405 27.958051107347814 97.92784649392165
2020 6 30 50.70540865776008 24.367302767093335 99.84554556800025
2020 7 1 47.868399757361225 21.20055451055772 101.64848530601068
2020 7 2 45.234241685136205 18.464892898247406 103.57766548614599
2020 7 3 42.75510226004964 16.08634141376832 105.56650207142346
2020 7 4 40.364278276135586 13.996289159298271 107.47610177628178
2020 7 5 38.05968261627847 12.1613332092945 109.29386351435403
2020 7 6 35.83586553623343 10.550712573879636 110.99648367617064
2020 7 7 33.73173539512697 9.150381237416092 112.69387966496268
2020 7 8 31.747934772579228 7.935034861292695 114.40648823627879
2020 7 9 29.843471348624366 6.871779041338577 116.0105930462263
2020 7 10 28.028591132129918 5.945316102142481 117.54132890482202
2020 7 11 26.305373472414193 5.1397922920909185 119.01381529380897
2020 7 12 24.659676075141704 4.437854121285869 120.37614722220971
2020 7 13 23.138095737165273 3.83558726647844 121.85736676870945
2020 7 14 21.71554920250303 3.3159081080287205 123.38392185904716
2020 7 15 20.383912547541087 2.8671665753565057 124.9492070299337
2020 7 16 19.141060288292426 2.4801555279330953 126.57803100017412
2020 7 17 17.975204126100692 2.1455409972614246 128.23613369275202
2020 7 18 16.906732324465924 1.8592195598343244 130.10410763517018
2020 7 19 15.956058530933504 1.617077427769386 132.41704834642883
2020 7 20 15.051387224014015 1.4057160778235251 134.7092449269642
