2020 6 22 37.1469791241007 33.55821773320497 40.73574051499644
2020 6 23 35.68747743684514 29.123418261387553 42.9180593053062
2020 6 24 34.28213807423828 25.27209202553229 45.2134646005177
2020 6 25 32.91589246062938 21.91809407450295 47.61020822323964
2020 6 26 31.594529399458906 19.002853485502932 50.12016499472175
2020 6 27 30.331743057719592 16.478685260743106 52.77122026385539
2020 6 28 29.09818320442777 14.278262718008667 55.525537969258224
2020 6 29 27.91415566573657 12.371354045859755 58.422401106403804
2020 6 30 26.780960588009588 10.720295259256966 61.47595211446303
2020 7 1 25.690589234909265 9.2883112311022 64.68180466980844
2020 7 2 24.6547657100122 8.051278346087747 68.0804012000139
2020 7 3 23.663744617540893 6.9799879552535735 71.6659626587542
2020 7 4 22.71281684153016 6.051317965081633 75.44114564242665
2020 7 5 21.812012965782476 5.249378581107582 79.45475798269487
2020 7 6 20.947838285400177 4.55393195224883 83.68519067555944
2020 7 7 20.11908293980893 3.9508761121963536 88.14558520748659
2020 7 8 19.32306973132733 3.4276711425727076 92.84351692181363
2020 7 9 18.5567579811938 2.973434908926336 97.78322185551109
2020 7 10 17.820633960202596 2.579361769814605 102.98467458247492
2020 7 11 17.109180253980547 2.2368598557222246 108.4366284272064
2020 7 12 16.429304850947737 1.9402523285692437 114.19732816843029
2020 7 13 15.777678922346292 1.6831205555267126 120.27263532505815
2020 7 14 15.15367771487454 1.4602549982091655 126.68471561366388
2020 7 15 14.554789729675623 1.2669413832899452 133.44227236190883
2020 7 16 13.978021329322502 1.0990844554499943 140.54608545200193
2020 7 17 13.423657373424595 0.9534313818143911 148.0235321833494
2020 7 18 12.898867305228 0.8276195176154282 155.9824733099815
2020 7 19 12.391643623481754 0.7182201220516243 164.3336781714516
2020 7 20 11.896317336922001 0.622815277738883 173.02526863936515
