2020 6 22 80.78379801503704 70.66921647937096 90.89837955070311
2020 6 23 80.80611368726007 61.855478699409474 102.28528166120373
2020 6 24 80.69425199255294 54.038259634524266 114.92877776546126
2020 6 25 80.74699696912295 47.319098987499395 129.36935844168622
2020 6 26 80.87291389342599 41.478263966219174 145.74154811061004
2020 6 27 80.91967135701749 36.31769249577542 164.04269374816516
2020 6 28 81.55891466244047 32.06508257589259 185.8430114905342
2020 6 29 82.84343939705019 28.56213938973276 211.99931857968667
2020 6 30 84.27950855990835 25.48714781365631 242.17300773518286
2020 7 1 86.24302406154854 22.89518690373651 278.08535300694615
2020 7 2 88.11558265732582 20.530529338551965 318.88242761880616
2020 7 3 90.16846971658923 18.442640576162653 366.1701742956251
2020 7 4 92.64350999596404 16.643646234645157 421.99044085161955
2020 7 5 95.92771815071077 15.153299422265656 489.69644294073635
2020 7 6 99.81347362666527 13.873037689661057 570.7419694369516
2020 7 7 104.0073084285133 12.721884604283238 666.0622501282016
2020 7 8 108.3852048934631 11.66721183010768 777.3523562836539
2020 7 9 113.241889891195 10.73167690735399 909.3498388783321
2020 7 10 118.43586551978014 9.882498204383545 1064.7219414453796
2020 7 11 124.08261824334141 9.118415878049458 1248.5697890884428
2020 7 12 129.94240070391453 8.40928033721074 1463.5975906199162
2020 7 13 135.47081064118862 7.715940530345638 1708.8080351182386
2020 7 14 141.15262445162384 7.0751069507930975 1994.0690732548378
2020 7 15 147.20059110608966 6.493905008113848 2328.7565076767373
2020 7 16 153.69657708966608 5.968780046006104 2722.606534794547
2020 7 17 160.89686903283882 5.5023377991245415 3190.4643841417737
2020 7 18 167.8232027099768 5.051442331812869 3726.5987134757656
2020 7 19 173.07329211584124 4.578066670026816 4308.983725456208
2020 7 20 178.54248950743892 4.150502831946497 4983.7486607985475
