2020 6 22 3880.1314894163374 3472.8298178893374 4287.4331609433375
2020 6 23 4157.328107831234 3331.4642142166717 5074.546652286466
2020 6 24 4443.846390657236 3187.453929107391 5993.369592695157
2020 6 25 4756.055962967508 3053.9328561130737 7086.576896891458
2020 6 26 5075.517771127151 2916.5770443005295 8357.311093698052
2020 6 27 5383.272102340461 2766.340906220042 9801.297654873099
2020 6 28 5708.025251738154 2622.989594639716 11491.752217216686
2020 6 29 6054.131712814981 2487.876473697464 13477.311397672147
2020 6 30 6409.387439867698 2354.8589327173017 15779.587375439394
2020 7 1 6810.222773245553 2238.0405332463242 18536.04407389986
2020 7 2 7209.4954331772315 2118.265642783906 21701.529694192643
2020 7 3 7648.127406036445 2009.5873728370657 25455.613230571846
2020 7 4 8143.746581744203 1914.4464847151767 29959.9549764467
2020 7 5 8735.592202146956 1838.8807550523702 35497.18484698427
2020 7 6 9436.521434372786 1780.2060083872154 42326.29286326729
2020 7 7 10211.17109482155 1726.700880627617 50547.61537257945
2020 7 8 11062.546866785979 1677.024941125605 60430.8405787856
2020 7 9 12023.612730587532 1634.6456237482757 72457.89641945898
2020 7 10 13073.739571764298 1594.0942082289262 86912.15180681644
2020 7 11 14224.327868895478 1555.6150243993889 104307.94630574017
2020 7 12 15490.082232351095 1519.585427858579 125287.54502029055
2020 7 13 16823.838111128556 1480.0119028382703 150125.80553405988
2020 7 14 18261.182432287584 1440.4790173508266 179787.83634767612
2020 7 15 19826.024123631665 1402.372680940915 215356.77794560257
2020 7 16 21516.799882514515 1364.697166653903 257873.9782726777
2020 7 17 23358.408567187034 1328.4551251740847 308864.8225394485
2020 7 18 25257.486019986918 1287.4795717321997 368614.05525130325
2020 7 19 27050.185022067202 1234.475016429028 436115.8090966889
2020 7 20 29031.01509297248 1186.431458952867 516960.40420893807
