2020 6 22 1231.6492589285829 1185.1854366370915 1278.1130812200743
2020 6 23 1258.9194116808662 1165.7984655997539 1355.6179718106116
2020 6 24 1285.4310756274501 1145.4671065780997 1436.3558461033401
2020 6 25 1314.0525171635238 1126.8728591056574 1523.6359327419082
2020 6 26 1342.3815134175848 1107.7831542114598 1615.1415716989654
2020 6 27 1370.203858299507 1088.0947318964922 1710.7983789326042
2020 6 28 1400.5417716678794 1070.2959466591267 1814.5413443477348
2020 6 29 1433.4749616627805 1054.2582966030695 1927.067455672724
2020 6 30 1465.9296953406479 1037.5395304448853 2044.8874374899337
2020 7 1 1501.315623137193 1022.6404391988502 2172.974727265093
2020 7 2 1534.3690525636327 1005.7846541300479 2304.4727937971907
2020 7 3 1568.7249320260667 989.583437690803 2444.791692856929
2020 7 4 1605.4170149053539 974.6316516064403 2596.0965999154355
2020 7 5 1645.7067918004223 961.5688810986658 2761.1955324641435
2020 7 6 1689.4049525579628 950.0818847689396 2940.816116746337
2020 7 7 1734.1931108334275 938.6925713997342 3131.998938287478
2020 7 8 1780.1686570816046 927.4397899033089 3335.610578837157
2020 7 9 1829.437577209989 917.4026889058155 3556.3461674168884
2020 7 10 1880.222371027218 907.5505766533477 3791.9850626064863
2020 7 11 1933.9820138764737 898.5597015594623 4046.393488002997
2020 7 12 1990.808093516779 890.3684493880046 4321.070212886331
2020 7 13 2047.3153413787982 881.3625103552636 4610.076338229611
2020 7 14 2104.4039991184495 872.0074837860077 4916.109636687346
2020 7 15 2162.471465667332 862.4977071455595 5241.026277944753
2020 7 16 2221.3311990298253 852.7685708164666 5585.454229348799
2020 7 17 2280.960965758632 842.8297556232579 5950.4250090196665
2020 7 18 2335.6569437226567 830.5922352802469 6322.197318752547
2020 7 19 2380.255445353118 814.4751805839032 6686.31510301869
2020 7 20 2427.508517691693 799.2878087718639 7076.468425110326
