2020 6 22 11.64841431465983 9.060634568754402 14.236194060565257
2020 6 23 12.466356746446102 7.546167090141176 18.615054814729177
2020 6 24 13.358555752784715 6.295022225776559 24.365911878968625
2020 6 25 14.361473613377191 5.273400242786486 31.978896925091814
2020 6 26 15.453252273584903 4.42255866236366 42.00071931410665
2020 6 27 16.678073337843564 3.723318936896064 55.29928219822215
2020 6 28 18.008975155734745 3.1366438647238133 72.83837643628551
2020 6 29 19.40477199479064 2.6352148197419507 95.77320653073497
2020 6 30 20.921842716591712 2.215722941431788 125.99420797951319
2020 7 1 22.582926005786245 1.865699486041602 165.9043803114042
2020 7 2 24.32104097262487 1.5664387166924734 218.05362770649054
2020 7 3 26.229030485312244 1.3175048047107174 286.91876298030667
2020 7 4 28.27608454429659 1.1075974232885422 377.41656301872797
2020 7 5 30.5134248210461 0.9323285036197199 496.8659210931648
2020 7 6 32.95661526325014 0.7856751827122811 654.5893639153538
2020 7 7 35.56874867481017 0.6614540381197472 861.8500480526786
2020 7 8 38.35912263648959 0.556337674772349 1134.0373112005414
2020 7 9 41.39945748509387 0.4683765118632767 1493.1041734404084
2020 7 10 44.624906763453666 0.393690671840284 1963.8466094493006
2020 7 11 48.16788755681624 0.3314983432166639 2585.9185115899586
2020 7 12 52.07665529119345 0.2797121902649012 3409.5751840029984
2020 7 13 56.288561173600485 0.23594050402275427 4494.65963274193
2020 7 14 60.84871685496387 0.19905041102330917 5925.674597317183
2020 7 15 65.79472959111047 0.1679819255747051 7813.896916936494
2020 7 16 71.12501701884075 0.14171738535790915 10301.694510847556
2020 7 17 76.95431188615018 0.11969325158738041 13591.290311317589
2020 7 18 83.01561851657891 0.10070963093231908 17887.935774430607
2020 7 19 89.01069316030228 0.08407733051117022 23425.745409467436
2020 7 20 95.44711684117574 0.07019981322449112 30680.182137659653
