2020 6 22 344.0092331592003 314.61383498186103 373.4046313365396
2020 6 23 342.84489066918593 286.755554068408 403.9410227799277
2020 6 24 341.63067256662214 261.3190432643087 436.91122127794296
2020 6 25 340.4314799100342 238.14706954485692 472.5862072375862
2020 6 26 339.20443407655654 217.0073977139731 511.1296433301561
2020 6 27 337.91791694878503 197.70336095913945 552.72034676241
2020 6 28 336.742365431718 180.178594700099 597.8688139887361
2020 6 29 335.65547712959074 164.25250620081843 646.8553496493279
2020 6 30 334.5615593380352 149.72897717117522 699.8353023392593
2020 7 1 333.51321966967225 136.50844949406417 757.2424005809879
2020 7 2 332.3844022566141 124.42096219941037 819.1683876232628
2020 7 3 331.2698403659233 113.40769824079774 886.1842928887987
2020 7 4 330.1902155813644 103.37996694048205 958.7662108357731
2020 7 5 329.2074034688787 94.26811698418402 1037.56376446036
2020 7 6 328.3308682897833 85.98897476069826 1123.163139649482
2020 7 7 327.50820514525657 78.45044985975858 1216.0007966631695
2020 7 8 326.72873051595394 71.58266768453129 1316.6648666016063
2020 7 9 326.0229124522958 65.33184217488994 1425.9515482240845
2020 7 10 325.32885432204245 59.628909600447564 1544.3540811565445
2020 7 11 324.7077675157382 54.436900100041534 1672.9274408737667
2020 7 12 324.1999992979273 49.71576829734405 1812.7827424687803
2020 7 13 323.64213533146307 45.39628069738219 1964.0452744169474
2020 7 14 323.0242686481116 41.44353491948291 2127.559524581268
2020 7 15 322.40758153687614 37.834962693792754 2304.6869588992668
2020 7 16 321.78195006085514 34.539408341193415 2496.4885733094216
2020 7 17 321.1676346657264 31.531992350401367 2704.330756188667
2020 7 18 320.43349896692393 28.7745591299324 2928.457793198539
2020 7 19 319.33486791795093 26.22537803431172 3167.8133470267985
2020 7 20 318.2014065135502 23.898862905897133 3426.34958357688
