2020 6 22 115.1188287923159 100.13641185967087 130.1012457249609
2020 6 23 121.94608558513978 92.26971734202174 155.75358411543112
2020 6 24 128.64617863191458 84.6184471965617 185.78428096157117
2020 6 25 135.34019851378378 77.35551021966465 221.06477106754488
2020 6 26 141.98886937123066 70.4909565415238 262.4020191803111
2020 6 27 148.34464955257326 63.928006990255874 310.32409953096544
2020 6 28 155.20067769836768 58.06906515427493 367.44944066226367
2020 6 29 162.14785176781686 52.66263624772006 434.55617130110033
2020 6 30 169.17017679438672 47.682973722561066 513.2864986595786
2020 7 1 176.74266090321387 43.243525510345926 607.0272286604703
2020 7 2 184.397060251658 39.15451328492872 717.0048462486793
2020 7 3 192.3829575479436 35.45214902084878 846.907560767167
2020 7 4 200.99450431372856 32.1514324903417 1001.5769962518544
2020 7 5 210.28384493289627 29.204783880866163 1185.950132810135
2020 7 6 220.61416871659335 26.613141656034127 1407.7128073991203
2020 7 7 231.45197603764953 24.25148262330278 1670.9432321744732
2020 7 8 242.82219733833193 22.09939799779355 1983.3955267539611
2020 7 9 255.10413978279541 20.170430658253267 2357.1583459042686
2020 7 10 268.0073026587623 18.409835099581613 2801.355247966832
2020 7 11 282.3426679309886 16.85646405145141 3337.407632954065
2020 7 12 298.2660717602354 15.483193050719631 3985.7437553491254
2020 7 13 315.08751481028895 14.22180039147718 4760.027851090853
2020 7 14 332.857644194716 13.063171512004095 5684.727000513339
2020 7 15 352.11405975634074 12.017933014043459 6797.329007423337
2020 7 16 371.97239150811896 11.038849924817406 8117.801187028066
2020 7 17 393.4916658082806 10.155585787618696 9706.599011720122
2020 7 18 414.06212769133253 9.286377232797248 11552.237867786935
2020 7 19 432.47615418710444 8.41908254233308 13658.645208376794
2020 7 20 453.2500789264541 7.66278704883308 16197.798201859076
