2020 6 22 639.5724198056181 590.4941534059683 688.6506862052679
2020 6 23 616.7055674244273 525.6561841082635 715.0233982716383
2020 6 24 595.1854715625258 468.38867308842293 743.0196411205085
2020 6 25 573.8715527281147 416.93144468779576 771.4319728836834
2020 6 26 553.2552390982079 371.07961068797243 800.8425026657991
2020 6 27 534.2974039083349 330.88592279451757 832.7028768513784
2020 6 28 515.6223965486902 294.81869141182176 865.2591419615552
2020 6 29 497.2461654434012 262.4804755827966 898.4942849907632
2020 6 30 479.4395069858965 233.64434320215847 932.8518124364392
2020 7 1 461.7219771684334 207.7088335493332 967.45584068478
2020 7 2 445.2138727441197 184.9018016848283 1004.5057338082478
2020 7 3 429.0158296521997 164.4826953301977 1042.342394707545
2020 7 4 413.03897862253825 146.17737382737258 1080.7098213473753
2020 7 5 397.04277934406434 129.69183797446397 1118.8821049855185
2020 7 6 381.0982498353904 114.88002236001434 1156.8025177381521
2020 7 7 365.6850183971745 101.72697196986101 1195.6772230733104
2020 7 8 350.7068886600202 90.0274896519107 1235.2427242578758
2020 7 9 335.9409979723866 79.57054658298057 1274.7041966641286
2020 7 10 321.8736704267921 70.34641419910673 1315.7180018940592
2020 7 11 308.2112723005086 62.15133725172856 1357.2987613039056
2020 7 12 294.9701104504667 54.87895517619686 1399.4947890557155
2020 7 13 282.6184142153797 48.517169699380844 1444.5237509504393
2020 7 14 271.0426179391725 42.937275222790376 1492.323696518072
2020 7 15 259.9099452770077 37.994204359389606 1541.5346238172447
2020 7 16 249.29400436673424 33.62888898580354 1592.7210735961578
2020 7 17 239.05462368056493 29.75742810590978 1645.2427089112555
2020 7 18 229.66202666232522 26.384716926072034 1702.429643221265
2020 7 19 221.30369489638852 23.470693627772963 1766.5354868250975
2020 7 20 212.9482504017762 20.84655008416133 1830.650119658345
