2020 6 22 326.7356138938148 315.27767068825716 338.19355709937247
2020 6 23 324.60017237072384 302.23323733244143 347.76546805825006
2020 6 24 322.6281384417556 289.86766287789135 357.76841002651173
2020 6 25 320.6732073273809 278.012615747359 368.064751402072
2020 6 26 318.8370357946934 266.7351085988904 378.78012919961253
2020 6 27 317.2543534652513 256.11834062605163 390.0961171123414
2020 6 28 315.64426944087586 245.89568463713294 401.70681485507225
2020 6 29 313.98723243088926 236.03811035472094 413.59293548673884
2020 6 30 312.37877426881704 226.60569033338678 425.8832860123882
2020 7 1 310.6892856062162 217.4854449868162 438.41715036384795
2020 7 2 309.1519807056182 208.83239772617023 451.5217439948721
2020 7 3 307.59283313060905 200.50373437645385 464.9750317974802
2020 7 4 305.9927141316541 192.47540238156196 478.75534487985755
2020 7 5 304.2406029541066 184.66768933793884 492.6932304650368
2020 7 6 302.30048423544173 177.05648786840104 506.71617619391645
2020 7 7 300.32954250258564 169.73368794017074 521.0658369959776
2020 7 8 298.35714647625696 162.70566413057438 535.7970469079565
2020 7 9 296.298230432457 155.91439715016426 550.7660901773621
2020 7 10 294.2488184962097 149.4041194786711 566.1445928666725
2020 7 11 292.110806282123 143.1134974559966 581.7547509585534
2020 7 12 289.8770248089349 137.03320939175134 597.5736557340623
2020 7 13 287.7477670288819 131.25258338362664 614.002962625741
2020 7 14 285.707243858189 125.74914912850669 631.0399368881427
2020 7 15 283.6721187659772 120.47248154647465 648.5296052803404
2020 7 16 281.6875196451411 115.43253408324861 666.5863813649929
2020 7 17 279.7168049824871 110.60343203555657 685.1459057589232
2020 7 18 277.9574975536969 106.05449603914506 704.7062318601729
2020 7 19 276.5830336416313 101.83526505725524 725.772629034462
2020 7 20 275.20460797347573 97.77992922054155 747.4405518527399
