2020 6 22 123.0621348076661 110.00710726083997 136.11716235449225
2020 6 23 124.68488449140115 99.63886551263593 152.53609152415473
2020 6 24 126.05490838111155 90.02877780799965 170.60017356243085
2020 6 25 127.43998594365513 81.34557526223833 190.8034939712791
2020 6 26 128.7842463374445 73.46409233792369 213.3154943645789
2020 6 27 129.80292225476393 66.15242154806108 237.92080118777199
2020 6 28 131.1150320857857 59.713898822522154 265.88733402499247
2020 6 29 132.7286663140865 54.033311601203344 297.7257710774312
2020 6 30 134.2454361190346 48.84560137814637 333.1148486337117
2020 7 1 136.0746822269319 44.2633492792352 373.4428020550802
2020 7 2 137.68952194152084 40.03311097469134 417.99616542917414
2020 7 3 139.56569761937732 36.27756694177878 468.6001236702372
2020 7 4 141.83564637334794 32.97004304290463 526.5666400526061
2020 7 5 144.70380952060773 30.094549462497458 593.787513944816
2020 7 6 148.01173554811578 27.549239736595375 671.1562800595145
2020 7 7 151.52544427735464 25.24343211176463 759.1961929608525
2020 7 8 155.12256631830294 23.130615250147763 858.7848710216074
2020 7 9 158.94149879864523 21.21497765674483 972.1924678919818
2020 7 10 162.57489810215355 19.42067636534989 1098.8662862198569
2020 7 11 166.29135683695276 17.778131874098364 1242.045330395199
2020 7 12 170.23901267620906 16.290143369788062 1404.9724547570695
2020 7 13 174.05581762826264 14.90520739190369 1587.418455936416
2020 7 14 177.80512927379465 13.624906401943568 1792.1604136170272
2020 7 15 181.7133864630686 12.460569395186303 2024.0975920466476
2020 7 16 185.70754935326295 11.395732570324679 2286.051533668421
2020 7 17 189.87116310349896 10.426903771662197 2582.9121300420575
2020 7 18 193.5297978810817 9.50758409816664 2910.182898450336
2020 7 19 195.57118575776133 8.586404777968617 3253.5415927326844
2020 7 20 197.48361704631836 7.747870375968561 3634.9079942343515
