2020 6 22 183.3689476705406 173.56819221574398 193.1697031253372
2020 6 23 183.19604625662413 164.1410657621816 203.2971742846707
2020 6 24 182.94892732654128 155.1593172765029 213.8730649976611
2020 6 25 182.75166188519265 146.71104541982237 225.05702349017005
2020 6 26 182.48659236912627 138.66817050832276 236.7420571495747
2020 6 27 182.13546607180996 131.00053051749475 248.9216402738315
2020 6 28 181.82199035146607 123.78346593118128 261.77835511198003
2020 6 29 181.552117375859 116.99332016497483 275.3611150342034
2020 6 30 181.23350290738225 110.54398060092791 289.57410265499254
2020 7 1 180.99516329092413 104.49878830192897 304.64807457584936
2020 7 2 180.6407827709193 98.71700455235397 320.31088638803965
2020 7 3 180.31765572454805 93.27181976171347 336.83315535349914
2020 7 4 180.0256116299012 88.14276798124178 354.2646588308372
2020 7 5 179.81322494084856 83.33453431704486 372.7540862681654
2020 7 6 179.69234765123298 78.8308862457719 392.39767565462944
2020 7 7 179.595870949754 74.58129768834317 413.1295597606835
2020 7 8 179.51159918294792 70.56584137116343 434.98474555217206
2020 7 9 179.48810412788308 66.79045290586373 458.14327979161203
2020 7 10 179.45246630404137 63.21253426033945 482.5037692802255
2020 7 11 179.4532658530712 59.83911491082568 508.25751192183685
2020 7 12 179.47228063526592 56.65179639670436 535.4374563111493
2020 7 13 179.4245011800996 53.61316501991079 563.8716150776379
2020 7 14 179.3220975152547 50.72119080235237 593.6440509867033
2020 7 15 179.219752295664 47.98521399460768 624.9884722843884
2020 7 16 179.08714627624494 45.38870204236958 657.8821484260602
2020 7 17 178.9485790173364 42.93115337260111 692.4847875574917
2020 7 18 178.64563384583607 40.567206192601276 728.2709073514841
2020 7 19 178.18100967307984 38.29659578650655 765.245181524707
2020 7 20 177.8125458766421 36.17348312870527 804.5044337924438
