2020 6 22 386.87530865437617 355.04989608866475 418.7007212200876
2020 6 23 388.017442329051 326.7921430650361 454.49650100390045
2020 6 24 389.27697060073893 300.87940254833114 493.4861105290134
2020 6 25 390.54058737797874 277.0213935646069 535.8204975112969
2020 6 26 391.90872464241966 255.1264175093872 581.9243724652794
2020 6 27 393.3104463197076 234.9807003950848 632.0379375937406
2020 6 28 394.5799323680931 216.34376439055802 686.2465760915351
2020 6 29 395.9332324086724 199.2286803430326 745.2432233568635
2020 6 30 397.4729690856179 183.5590578679412 809.6539979243762
2020 7 1 398.8361914420223 169.03759147881559 879.2599864810841
2020 7 2 400.34326663243763 155.72391408214776 955.156830248204
2020 7 3 401.7825085465543 143.43024307077687 1037.4295872927312
2020 7 4 403.13837372070043 132.07548829359507 1126.5602918673198
2020 7 5 404.3433275105286 121.56870020934187 1222.9141515232218
2020 7 6 405.24740577569287 111.8061984810542 1326.5882106776614
2020 7 7 405.98231938149775 102.78043902586309 1438.4909840908804
2020 7 8 406.7185657484759 94.48330047764948 1559.833183089808
2020 7 9 407.35903867470813 86.83340463611852 1691.0386315462022
2020 7 10 408.0454101155068 79.81245592107695 1833.4667812528378
2020 7 11 408.69546672954016 73.35185946942812 1987.7226078027766
2020 7 12 409.2790031298169 67.40210555646411 2154.6279411960295
2020 7 13 410.0212280119099 61.96094755457451 2336.3790229203905
2020 7 14 410.90787938828515 56.980658775904146 2534.2768011284747
2020 7 15 411.8794632990585 52.41218671402688 2749.449066297389
2020 7 16 413.0122027833004 48.230210646503124 2983.9509279162926
2020 7 17 414.2390833073206 44.3925447586743 3239.1112162872073
2020 7 18 415.8322571939811 40.89910479186015 3518.9261921925527
2020 7 19 417.9519116798292 37.731757860755096 3827.3167820053964
2020 7 20 419.9131104571577 34.79441914192566 4161.18404260214
