2020 6 22 231.52980414468558 203.9779123934359 259.0816958959353
2020 6 23 218.5941596205417 169.62254696329953 273.7680650815091
2020 6 24 206.54159071354246 141.17798114070854 289.48778108112185
2020 6 25 194.98040063697482 117.38501771536447 305.8674195181876
2020 6 26 184.02548259240905 97.57731923487653 323.10973330718184
2020 6 27 174.25498363651351 81.4136603378207 342.3229314797848
2020 6 28 165.00323158730913 67.92750755580262 362.6786114347882
2020 6 29 156.19945466286916 56.657536060992946 384.1496893853512
2020 6 30 147.93088214208436 47.281135528446015 407.0529168587147
2020 7 1 139.85196985839883 39.377180305965005 430.6391173505949
2020 7 2 132.41212722676704 32.8502334532677 456.20124664093424
2020 7 3 125.38194568564607 27.408600373052003 483.32851658909084
2020 7 4 118.54763255837571 22.829595672581544 511.38506828566165
2020 7 5 111.80631493046542 18.961749246709193 539.8644456185384
2020 7 6 105.16128106657258 15.700517833083882 568.5437343673904
2020 7 7 98.83403987250567 12.988668001840495 598.3294825497626
2020 7 8 92.83052330770637 10.737732116758815 629.3308233448138
2020 7 9 87.01170511210327 8.85606553388248 660.7183228942678
2020 7 10 81.45731824350038 7.293930782402328 692.909596629964
2020 7 11 76.19773960056739 6.001992629837943 726.1609748595406
2020 7 12 71.22585946541828 4.93480067619522 760.5133722608531
2020 7 13 66.66423248897388 4.0633094343748395 797.4074235267649
2020 7 14 62.401739037956865 3.3461503320702057 836.1748466797108
2020 7 15 58.40851851826504 2.7553918273460116 876.7832045925403
2020 7 16 54.68307485094268 2.2695084879441985 919.5474539620039
2020 7 17 51.18665346077415 1.8689486250606024 964.2529385175568
2020 7 18 47.99827908767621 1.54217091395853 1012.723421575478
2020 7 19 45.119419724142226 1.276092523185511 1065.9705777289792
2020 7 20 42.313105686081855 1.0530901927516485 1119.6518887689967
