2020 6 22 340.4263766835525 310.1956534990139 370.65709986809117
2020 6 23 326.9012619217262 271.3775464844082 387.58903741947506
2020 6 24 314.1904920947474 237.6471115165003 405.6228562286246
2020 6 25 301.5912545619034 207.81968380599957 424.0016927174501
2020 6 26 289.41739592403434 181.6809103836418 443.1010056025613
2020 6 27 278.4706360492338 159.29160382780304 464.18701192816945
2020 6 28 267.2300509633522 139.25650867086046 485.0964873625728
2020 6 29 255.82050901508092 121.41686251119852 505.8174871152771
2020 6 30 244.96584291782986 105.89473873898713 527.557524455041
2020 7 1 233.96202134346734 92.09341255859873 548.9188417508834
2020 7 2 223.8737557297261 80.25664281460587 572.1334693613834
2020 7 3 214.113785145371 69.9030013711085 596.0571875889868
2020 7 4 204.29172937924346 60.72586562864739 619.6239338395804
2020 7 5 194.35765850760558 52.58631149422231 642.4161220762638
2020 7 6 184.50523088388465 45.429154332164124 664.7198716095073
2020 7 7 175.06430559374277 39.22445548307723 687.4811540279368
2020 7 8 166.12500398629422 33.871346852757156 711.0946417752144
2020 7 9 157.50140693943436 29.22009684900425 734.9166700909789
2020 7 10 149.25039453148912 25.193634561302606 759.1864702146291
2020 7 11 141.3842030820625 21.714004293983635 784.0165228646969
2020 7 12 134.01495841593177 18.727613996673213 810.1153907826616
2020 7 13 127.24982693142864 16.1826958066182 838.4130227006987
2020 7 14 120.96098031679085 14.000749734508029 868.5871166740978
2020 7 15 114.94450123394272 12.108551208458941 899.5711698773282
2020 7 16 109.08726926786068 10.457334279242492 930.564769195878
2020 7 17 103.4534028151989 9.024090822472367 961.9855619353635
2020 7 18 98.37256449180043 7.810141887782599 996.9041527645062
2020 7 19 94.03599866413839 6.798776352952505 1038.1039191506059
2020 7 20 89.7633638408793 5.909177174994887 1079.601740423438
