2020 6 22 25.859704535740352 24.718497866657245 27.000911204823463
2020 6 23 25.144906248656124 22.97107905791931 27.416994448278345
2020 6 24 24.44986598280189 21.347190105631512 27.83948952221445
2020 6 25 23.748089270973118 19.81544284544883 28.23894954098136
2020 6 26 23.041251891104906 18.37257477424046 28.614171651510954
2020 6 27 22.404359564617753 17.073766776333848 29.05511519075746
2020 6 28 21.761294371665514 15.848654930173435 29.47201783727019
2020 6 29 21.113591892501862 14.694629842331475 29.863624214781424
2020 6 30 20.50757519271149 13.640230697103828 30.292127901236075
2020 7 1 19.875423946142078 12.63253655419983 30.662482760786254
2020 7 2 19.283852454829198 11.712694197176054 31.069907317386093
2020 7 3 18.709888478721147 10.859830467773488 31.482745485486852
2020 7 4 18.133151384556953 10.05754289666743 31.867656965477526
2020 7 5 17.535703398556958 9.293177738207506 32.18963294718432
2020 7 6 16.902108778447296 8.55731552644513 32.41237469551359
2020 7 7 16.273469013080216 7.870639364502039 32.602258908081474
2020 7 8 15.66821023287782 7.239065080002139 32.79325553572296
2020 7 9 15.052205889813294 6.642805605875626 32.91576497568726
2020 7 10 14.444445385582311 6.08860826243378 33.003799010351294
2020 7 11 13.845894625901071 5.574184846650294 33.05704198730477
2020 7 12 13.242757749132206 5.0913931824516725 33.04020483180548
2020 7 13 12.665893937553221 4.650417101595204 33.023376252082734
2020 7 14 12.114158718025331 4.247634870028901 33.00655624376858
2020 7 15 11.58645747146203 3.8797384395684555 32.98974480249728
2020 7 16 11.081743261151614 3.5437062789162614 32.97294192390533
2020 7 17 10.599014755679514 3.2367785578419945 32.95614760363145
2020 7 18 10.157936671789555 2.962732258291471 33.003484385015106
2020 7 19 9.777976655895708 2.7243608929313092 33.189826311897576
2020 7 20 9.419493202476703 2.507192007653478 33.40187710403688
