2020 6 22 309.09713058802566 254.13953553064272 364.0547256454086
2020 6 23 318.0457326932279 215.08837045019135 441.0748295613562
2020 6 24 326.24942944395036 181.358851275443 532.9971117800221
2020 6 25 336.003565208331 153.66293874688955 646.2637386039172
2020 6 26 346.47359275789864 130.39058800605366 784.4165548301908
2020 6 27 355.08244622399263 109.81964230293562 947.1501835586768
2020 6 28 364.68982611272673 92.73671927706384 1145.7371412773387
2020 6 29 375.24787995001014 78.48676432241085 1388.1314503337535
2020 6 30 386.3485064985778 66.47601396183937 1682.6835386346372
2020 7 1 399.9727671029839 56.68097707602535 2049.298687166705
2020 7 2 411.9310674715911 48.02503681123881 2484.7928850148323
2020 7 3 425.41720234191143 40.82741441870725 3019.8928399985407
2020 7 4 441.2249363861527 34.88894794520551 3683.572574468966
2020 7 5 461.1020919671491 30.089583419251284 4522.178555124047
2020 7 6 485.22250030757795 26.168887672591925 5584.535299395222
2020 7 7 511.9831862894854 22.833408130783283 6912.3282531026
2020 7 8 540.704613678982 19.94469138668796 8562.366590234811
2020 7 9 574.6216331186577 17.553648750215164 10663.045225869197
2020 7 10 610.8475712605366 15.454794217318062 13282.467321180819
2020 7 11 651.4783928737056 13.660560236717041 16591.483129692304
2020 7 12 696.4570096847167 12.109126780844237 20766.762209041157
2020 7 13 743.0020349433057 10.707132635111092 25946.870331402675
2020 7 14 791.0159147821373 9.443801878383242 32361.781832681863
2020 7 15 843.1313212191092 8.34145555890431 40403.530956227274
2020 7 16 898.4141555001789 7.36514963265914 50430.862378059195
2020 7 17 958.1726075335495 6.510087989177653 62994.531221404
2020 7 18 1015.8565987334042 5.713194496978606 78290.43463306368
2020 7 19 1067.1364888392905 4.9583006804951655 96539.19630314388
2020 7 20 1126.074744604156 4.326708275962456 119500.21350984497
