2020 6 22 401.687173048632 340.81468850370317 462.5596575935609
2020 6 23 401.0742183303709 288.726982970504 531.8423165619604
2020 6 24 400.437070982498 244.5819045742442 611.4688822976756
2020 6 25 399.81097102815994 207.19254275682218 703.0323316319867
2020 6 26 399.1708207128946 175.51112337723183 808.2803784776956
2020 6 27 398.46667269860245 148.64546007670495 929.1530084553524
2020 6 28 397.7787455808916 125.8977384752394 1068.1362155487006
2020 6 29 397.1069590259298 106.63591089667443 1227.9487578709093
2020 6 30 396.431331131634 90.31972621588109 1411.656767194021
2020 7 1 395.7816898173317 76.50571269802094 1622.9369659210163
2020 7 2 395.0983981501144 64.79778261742358 1865.6967507803788
2020 7 3 394.4162861420741 54.88155699833765 2144.7686749171407
2020 7 4 393.74029392412245 46.48353288192909 2465.6112023346404
2020 7 5 393.0901287784579 39.37349407208891 2834.6040226014197
2020 7 6 392.46566497206106 33.35346101295289 3258.9963218067032
2020 7 7 391.8421931901822 28.253864376521378 3746.9279450899417
2020 7 8 391.219711856889 23.93397350568355 4307.911896602821
2020 7 9 390.61292573888153 20.275474540216575 4953.04739070581
2020 7 10 390.00708075288213 17.17620635509389 5694.795771920006
2020 7 11 389.4168361952977 14.551331730797775 6547.839469248918
2020 7 12 388.84700301666777 12.328320813189919 7528.99180006381
2020 7 13 388.26338652659786 10.44445644591876 8656.880579747876
2020 7 14 387.6757809109146 8.848330495712785 9953.62548735204
2020 7 15 387.0939222961251 7.496236014777633 11444.739145394084
2020 7 16 386.5129369869798 6.35075220308241 13159.230701672786
2020 7 17 385.93282367274327 5.38030732562954 15130.563524424037
2020 7 18 385.31731204285745 4.557648428972129 17395.792065516067
2020 7 19 384.65208645176205 3.860175949381328 19997.864005436626
2020 7 20 384.01331337883914 3.2696940003374753 22990.470811097148
