2020 6 22 357.27470912786015 330.856329986225 383.6930882694954
2020 6 23 365.7821501487695 313.70640191677245 421.8548413843599
2020 6 24 373.9601642360025 296.9891741786307 463.1985659185978
2020 6 25 382.57205033756065 281.3621598287566 508.90510151447353
2020 6 26 391.1254464389552 266.3685375309221 558.7801539425499
2020 6 27 399.38872729365403 251.84610307026358 612.8555146982404
2020 6 28 408.3181040736887 238.4253738971749 672.9181881425568
2020 6 29 417.99531016691066 226.0399267544101 739.7707113900686
2020 6 30 427.62127663715523 214.14612897944116 812.7682524897073
2020 7 1 438.1387080142347 203.21358087073696 894.241942795228
2020 7 2 448.08149809669544 192.452656294301 982.1819293455867
2020 7 3 458.5005783637593 182.3692208808703 1079.319387991727
2020 7 4 469.6748986208151 173.01813473219963 1187.2712469248747
2020 7 5 482.2250414335781 164.55303222560732 1308.8097452753402
2020 7 6 496.08165651632675 156.8334765884357 1445.4256129610242
2020 7 7 510.6139451353216 149.5637951662644 1597.1102541758141
2020 7 8 525.6861993546538 142.6645506146645 1765.070225916466
2020 7 9 541.8503043771038 136.25913591289722 1952.8659242994918
2020 7 10 558.5114327026148 130.1413142910145 2160.6422579078708
2020 7 11 576.3097276886373 124.44377490806764 2392.942397171698
2020 7 12 595.3199809347856 119.13489897688495 2652.8953601379167
2020 7 13 614.2912678437724 113.91921645130081 2938.119792529202
2020 7 14 633.5234864872177 108.8681484025524 3252.3663774642587
2020 7 15 653.4995838073974 104.0654000925143 3600.950951199066
2020 7 16 673.9593356174797 99.45124074555086 3986.090638767371
2020 7 17 695.2104455846711 95.06392190684186 4413.314864122437
2020 7 18 714.9408395951086 90.57057813229538 4872.420873464208
2020 7 19 730.84521961853 85.73399284125533 5349.395517752596
2020 7 20 747.3895876239981 81.18925903139747 5875.157227914207
