2020 6 22 129.54450125322307 116.63663072999964 142.4523717764465
2020 6 23 124.91232601493958 101.22764296599402 151.08444980599623
2020 6 24 120.60311185290185 87.98184851395713 160.42988948281206
2020 6 25 116.30584740683143 76.36955539240535 170.1715435518101
2020 6 26 112.23494409277575 66.33800550049098 180.6118973243676
2020 6 27 108.32066528833366 57.63250862552192 191.71553500762326
2020 6 28 104.27004115171046 49.924253143441454 203.01887116992373
2020 6 29 100.31835803192783 43.221812705865545 214.88635900652687
2020 6 30 96.78177404973877 37.533508713677335 228.0159236284393
2020 7 1 93.16264385969085 32.51346219472714 241.45949060399607
2020 7 2 89.89005840646855 28.23854984148454 256.2430862799707
2020 7 3 86.6871447659279 24.51148200163518 271.8027273927281
2020 7 4 83.46733712176825 21.239285064689984 287.89638280917336
2020 7 5 80.21994488487569 18.366463853457695 304.4353104821805
2020 7 6 76.88671917790172 15.833641628556597 321.1191449371761
2020 7 7 73.54673490213459 13.620193966954183 338.1106240731751
2020 7 8 70.35184063777189 11.716172946776886 356.00117873232784
2020 7 9 67.21598658505678 10.06504176856327 374.43483829819894
2020 7 10 64.22837551760234 8.64786809725403 393.8701484362074
2020 7 11 61.308841281602184 7.421521141610012 413.9174002198923
2020 7 12 58.444797785881605 6.359734051736391 434.46369242682573
2020 7 13 55.795520181471296 5.4586664805790175 456.6317999646471
2020 7 14 53.35066223992256 4.693515259269296 480.6211654792218
2020 7 15 51.03981148171092 4.037981262542945 506.11295962086524
2020 7 16 48.880481316134954 3.4780730583707777 533.4667774126237
2020 7 17 46.855600781973386 2.9988683966875236 562.7693125397391
2020 7 18 45.12410237722871 2.5990965356351365 596.1976514245059
2020 7 19 43.826576388852935 2.2739281027783567 636.500036886611
2020 7 20 42.52578871469927 1.9873358836499095 678.9375980331326
