2020 6 22 17.65271125485481 14.75528500207634 20.550137507633277
2020 6 23 18.94544705268748 13.236623849751359 25.67506117953765
2020 6 24 20.332851925364867 11.874268163248047 32.07807083179567
2020 6 25 21.82185863807146 10.652130483814776 40.07790365499843
2020 6 26 23.419907653285527 9.555779125437773 50.07278554255322
2020 6 27 24.930429857092083 8.488805550710023 62.12290813193236
2020 6 28 26.53837675453839 7.540967484895069 77.07291841171502
2020 6 29 28.481823806476484 6.764826978720878 96.29385179399695
2020 6 30 30.567592541410544 6.068569337249518 120.30822349027379
2020 7 1 32.806105399936826 5.443972760404371 150.31145155923645
2020 7 2 35.20854807436206 4.883661662084133 187.7970749993764
2020 7 3 37.78692540282613 4.381019575112422 234.63110104038012
2020 7 4 40.554121356639264 3.9301110202886886 293.1448936337473
2020 7 5 43.52396342058623 3.525611416926445 366.2512270645303
2020 7 6 46.71129168790139 3.162744207223196 457.5892817490707
2020 7 7 50.13203301517747 2.837224451991436 571.7058000047002
2020 7 8 53.80328060775482 2.5452082316975133 714.2814195946321
2020 7 9 57.74337943327389 2.283247255307504 892.4134517682492
2020 7 10 61.97201789019638 2.048248140935927 1114.9691802831633
2020 7 11 67.05160297055885 1.8553257222370316 1402.7656462724983
2020 7 12 72.54754022835658 1.6805744708360717 1764.8482964009459
2020 7 13 78.49395629655518 1.522282862882183 2220.3919219050135
2020 7 14 84.92777502437298 1.3789005812232262 2793.520721817888
2020 7 15 91.88894675330629 1.2490233315100436 3514.5858468673405
2020 7 16 99.42069638594417 1.131379088456483 4421.77270371631
2020 7 17 107.56979178793814 1.0248156375502657 5563.123137469531
2020 7 18 115.4472967559883 0.9193383325152397 6950.490080700268
2020 7 19 123.90168379743682 0.8247170892632348 8683.847394376933
2020 7 20 132.9751988934615 0.7398345671739383 10849.48035221561
