2020 6 22 1422.5158488617924 1388.6765491629353 1456.3551485606492
2020 6 23 1450.4578145767541 1382.269608355561 1520.2876560539612
2020 6 24 1479.1520523675176 1376.086082398306 1587.239946844708
2020 6 25 1508.251880606428 1369.7794463710009 1656.966857625911
2020 6 26 1537.9836899666022 1363.5557429078824 1729.8222046887556
2020 6 27 1568.463365219744 1357.5037403093952 1806.062884031433
2020 6 28 1599.450849112754 1351.3953068397775 1885.553002701789
2020 6 29 1630.8963244059794 1345.184061251426 1968.3599134916713
2020 6 30 1663.0457944162215 1339.0721089055776 2054.906934020191
2020 7 1 1695.603075438497 1332.8059984265824 2144.9801668006157
2020 7 2 1729.0652501721825 1326.7794927692873 2239.3400247515374
2020 7 3 1763.1877900314844 1320.7802369671701 2337.85086877232
2020 7 4 1797.844633991723 1314.7039150251585 2440.5108782284024
2020 7 5 1832.969944850976 1308.4999773820794 2547.3901193331753
2020 7 6 1868.5726510971192 1302.1762140445355 2658.659737551332
2020 7 7 1904.9078330795815 1295.9115471726757 2774.847855575519
2020 7 8 1942.1248865057087 1289.7962885675076 2896.368982824255
2020 7 9 1980.0094852148438 1283.6703182925442 3023.1231258620874
2020 7 10 2018.6678009508757 1277.5959471020506 3155.47742254834
2020 7 11 2058.0897406328663 1271.555919267801 3293.6401057087496
2020 7 12 2098.1372217415965 1265.455282482427 3437.6212897508917
2020 7 13 2139.147876600386 1259.4948355506483 3588.1979147094235
2020 7 14 2181.0163853325357 1253.5955824227 3745.4645362590354
2020 7 15 2223.5705460208433 1247.647043768065 3909.3941647748593
2020 7 16 2266.9160074414003 1241.704860120427 4080.430050045696
2020 7 17 2311.086559150573 1235.780093522888 4258.912984499286
2020 7 18 2356.511096607859 1230.0939167435088 4445.927810957061
2020 7 19 2403.6935737963777 1224.8854934239503 4642.786900596936
2020 7 20 2451.651141446094 1219.6126951482586 4848.035022311451
