2020 6 22 30.329760704311 27.523488921316396 33.1360324873056
2020 6 23 30.03055930888062 24.73047301061223 35.84482528495498
2020 6 24 29.7570240134061 22.239591099003697 38.80216781470256
2020 6 25 29.485980231895763 19.999593701205967 42.00350302034482
2020 6 26 29.239707856765822 18.000338717802286 45.50073186312983
2020 6 27 29.03972501657232 16.228168987838338 49.35797303777997
2020 6 28 28.84110994436637 14.630472949788556 53.542204765552896
2020 6 29 28.643853285399004 13.19007331602893 58.08114707145877
2020 6 30 28.447945748902377 11.891483937621633 63.00486989483779
2020 7 1 28.231860668966053 10.711748835413703 68.29833671656657
2020 7 2 28.03877092579269 9.657155511437939 74.0882030715896
2020 7 3 27.82579385847492 8.699084558806037 80.3128559515267
2020 7 4 27.614434523664876 7.836062293045735 87.06048417530185
2020 7 5 27.38379364537192 7.0527320502574185 94.30917569936878
2020 7 6 27.13436658645647 6.342372701939679 102.09006273184772
2020 7 7 26.887211450070264 5.703561570702437 110.5129042991133
2020 7 8 26.64230754225973 5.129092237175664 119.63066423716685
2020 7 9 26.379482666328663 4.608604581455319 129.41018994797108
2020 7 10 26.119250543119882 4.140934731933452 139.98916890713875
2020 7 11 25.841829533550257 3.7175907501235077 151.32706962283976
2020 7 12 25.56735510226869 3.337526882233885 163.58324132795113
2020 7 13 25.295795952713963 2.996318432647211 176.83205595702555
2020 7 14 25.027121120735767 2.6899930597150137 191.15390892212162
2020 7 15 24.780229968644846 2.4170191850385008 206.78029183109348
2020 7 16 24.535774383980428 2.171746027279006 223.68409482629173
2020 7 17 24.293730340005876 1.9513625858650416 241.96974399827107
2020 7 18 24.081636960916224 1.7555570691878069 262.0247334012908
2020 7 19 23.884145633609116 1.5803287665017585 283.88065790357047
2020 7 20 23.675628082652374 1.4217538850900602 307.4093168668955
