2020 6 22 164.25075169327323 145.1845956438978 183.31690774264865
2020 6 23 162.11148493171672 126.65492418905833 201.938159713069
2020 6 24 160.10136319529434 110.5692944426441 222.57711525560012
2020 6 25 158.01613971087963 96.45751701936402 245.18640207513533
2020 6 26 156.05679872234828 84.20706631666658 270.24551551487406
2020 6 27 154.26800220351848 73.59138185636195 298.11904088297473
2020 6 28 152.40332771572034 64.26800119001474 328.68122742366984
2020 6 29 150.51358349510878 56.10573447749797 362.2738740542049
2020 6 30 148.64727139552016 48.98010491959384 399.2998348307572
2020 7 1 146.71123053351945 42.72885458577933 439.8605388470453
2020 7 2 144.98372694141122 37.32883246386582 485.09100479156393
2020 7 3 143.2765644550922 32.611258752981335 534.9724791100565
2020 7 4 141.58950356097375 28.489886429835714 589.9832208353021
2020 7 5 139.83384671237326 24.87156864580976 650.2820642186464
2020 7 6 138.01259537970967 21.697251194778502 716.3374342266324
2020 7 7 136.21506474482214 18.92806666573603 789.1026800669384
2020 7 8 134.39839432696854 16.50639576662516 869.0128842333132
2020 7 9 132.48000034609052 14.379086192214707 956.200969954736
2020 7 10 130.58898939671593 12.525939802145716 1052.1366386288244
2020 7 11 128.5617944877973 10.895971362630744 1156.3828489790153
2020 7 12 126.36526485469471 9.461087852088848 1269.1516417426778
2020 7 13 124.16678920414738 8.212207733495434 1392.5210211932358
2020 7 14 122.00656215927192 7.1281819715047385 1527.8826664104888
2020 7 15 119.84580526811297 6.185022766554812 1675.9250121917635
2020 7 16 117.72331574765984 5.366656852438059 1838.3117422809719
2020 7 17 115.60164088695291 4.654895850585578 2015.8584775937902
2020 7 18 113.70478377896808 4.045046180466543 2213.8064994617835
2020 7 19 112.19543196921636 3.5277726918776846 2438.130755561246
2020 7 20 110.68158204024161 3.0758758235825265 2684.6525671684462
