2020 6 22 31.739655672704487 29.65921465786435 33.82009668754462
2020 6 23 30.49094713399056 26.623919121157016 34.62009747753771
2020 6 24 29.31348361025405 23.91856573060203 35.46413528677627
2020 6 25 28.15172050058459 21.463822506141238 36.2927349149123
2020 6 26 27.031916591562606 19.257893651339575 37.135428978829246
2020 6 27 26.023325818235037 17.326174257297016 38.08927884389009
2020 6 28 25.025938537500885 15.570625929662686 39.0289472207532
2020 6 29 24.030470292472824 13.970366096366995 39.93517438222134
2020 6 30 23.071112917552423 12.532544998650764 40.85664978522494
2020 7 1 22.106542649771466 11.219066733673737 41.72233059025137
2020 7 2 21.20795732579006 10.056269317947793 42.65477807404355
2020 7 3 20.3366671243996 9.00961288090517 43.58949972327209
2020 7 4 19.477568831356248 8.061435561267192 44.494113008043364
2020 7 5 18.626504174737608 7.201349532651739 45.35294792948973
2020 7 6 17.780198577173547 6.4204900927301365 46.14940290219375
2020 7 7 16.969765804777637 5.72336961604488 46.95314929920543
2020 7 8 16.201197002499246 5.103601393370228 47.78451776313553
2020 7 9 15.446282902886292 4.5442823471941205 48.568213759690984
2020 7 10 14.71758117378513 4.043623631879115 49.336577863567705
2020 7 11 14.010445738708242 3.594604274085112 50.07415138502939
2020 7 12 13.323057637276781 3.1917952124258386 50.7718983965511
2020 7 13 12.682924856784892 2.837366124319186 51.5309297180018
2020 7 14 12.077228591171636 2.523117478075365 52.316260586845964
2020 7 15 11.496954142979497 2.242940910525298 53.098379862679266
2020 7 16 10.949564048893745 1.9948524292157959 53.915302139861744
2020 7 17 10.431413267826938 1.7747834836166148 54.760436827194525
2020 7 18 9.959474037496964 1.582682806476618 55.732691989499905
2020 7 19 9.55608689224337 1.4188756505134625 56.986341068515344
2020 7 20 9.176316635276429 1.2731031928044476 58.311594302385025
