2020 6 22 334.0874081001951 313.00637765035617 355.168438550034
2020 6 23 322.8246223955535 283.38132477388154 364.83705296796643
2020 6 24 311.7412743746874 256.3844014843853 374.54255685333345
2020 6 25 301.1723223187497 232.06950215999439 384.66709746557365
2020 6 26 291.11977006743444 210.18238120074665 395.26722837962694
2020 6 27 281.17701858487015 190.196520290501 405.85297329688575
2020 6 28 271.842184412596 172.29259029173156 417.10953830715715
2020 6 29 263.271259813106 156.36177036260415 429.37492142144475
2020 6 30 255.03024008123657 141.93941407694683 442.098296327792
2020 7 1 247.62218091515922 129.16735392811393 456.19545916776207
2020 7 2 240.36432266098967 117.51065634773626 470.62241219063475
2020 7 3 233.2417750687575 106.86806762973158 485.35402810368936
2020 7 4 226.7365142454968 97.3754748406844 501.3921037888338
2020 7 5 220.80488378977424 88.89449881982382 518.8274193164964
2020 7 6 215.1785698188974 81.21262374471686 537.2218120288704
2020 7 7 209.76235929146938 74.21977171157985 556.4349800472336
2020 7 8 204.40740991799657 67.80248104642348 576.1361515683083
2020 7 9 199.3915541046112 62.007183829646486 597.1053109624316
2020 7 10 194.68906684270056 56.766405186655525 619.4075078744746
2020 7 11 190.23451074613268 52.00852492017141 642.9786574186767
2020 7 12 185.95449568038612 47.66928020154999 667.6922392050047
2020 7 13 181.60883974609482 43.6505611582036 692.7742658129745
2020 7 14 177.425400091054 39.98521696375278 719.0299042382775
2020 7 15 173.48436953256464 36.660564753044504 746.8724573335872
2020 7 16 169.76125901857566 33.63989942702022 776.3544456818516
2020 7 17 166.28005892948732 30.90022713286991 807.7411081193806
2020 7 18 162.70263240489643 28.35252889770874 839.5824603566173
2020 7 19 158.76604857744687 25.938887445938168 870.428509245369
2020 7 20 155.16798878212057 23.7704648699872 903.741599093368
