2020 6 22 143.34282840193583 130.34465222829095 156.34100457558074
2020 6 23 142.808726883364 118.08350719456975 169.88248484440197
2020 6 24 142.27661544992804 106.97573266717849 184.59686078680977
2020 6 25 141.74648668648555 96.91283441322025 200.5857227927621
2020 6 26 141.2530172373847 87.82023759789082 218.00854194597193
2020 6 27 140.83039229831542 79.62370780702753 237.05139152215173
2020 6 28 140.40903184083112 72.19218506294685 257.7576168392274
2020 6 29 139.98893208163952 65.4542689319824 280.2725122684186
2020 6 30 139.57008924876783 59.345223000033606 304.7540635132694
2020 7 1 139.15249958152887 53.806352899357826 331.37405618608386
2020 7 2 138.77020863810634 48.797608294402956 360.4003653317769
2020 7 3 138.3889679551237 44.255119459739554 391.96919887518027
2020 7 4 138.00877464722095 40.135483415084884 426.30326616182265
2020 7 5 137.5958563880783 36.389516716739905 463.5404720937149
2020 7 6 137.15050515674213 32.9842683074769 503.91689039669114
2020 7 7 136.70659537665645 29.89767531809899 547.8102727041552
2020 7 8 136.26412238233127 27.099918697418616 595.5269620828955
2020 7 9 135.82308152337723 24.563969793401164 647.3999854311099
2020 7 10 135.3834681644567 22.265329233943426 703.7913777577382
2020 7 11 134.912150624148 20.176342125986153 764.9224977873035
2020 7 12 134.40946217209583 18.278411886213718 831.1762802743971
2020 7 13 133.90864675874815 16.55901446336865 903.1686358934678
2020 7 14 133.40969740508254 15.001355790918854 981.3966113089452
2020 7 15 132.91260715808068 13.590221571674014 1066.4003048953164
2020 7 16 132.4173690906315 12.311828673445584 1158.7665956621368
2020 7 17 131.92397630143466 11.1536905034879 1259.1331951599811
2020 7 18 131.48622284152464 10.10904371867977 1368.7065470890016
2020 7 19 131.12499331041082 9.168009519950525 1488.596739528297
2020 7 20 130.76475617813034 8.31457464197025 1618.9885681829676
