2020 6 22 357.884153240021 324.28033705937565 391.4879694206664
2020 6 23 368.6893759591643 302.7031340280981 441.1766585507608
2020 6 24 379.15970122545036 282.01884804121266 496.3808562293704
2020 6 25 389.9273708643445 262.74795900563714 558.4927254320128
2020 6 26 401.0008290906798 244.79388679560657 628.3766193762045
2020 6 27 412.38875992461533 228.06665079067122 707.0050473320529
2020 6 28 425.5790726932809 213.3003503212711 798.0077898473901
2020 6 29 440.3359925054787 200.06383256824722 902.870489449987
2020 6 30 456.39421121920265 188.00746860055057 1023.1317497885974
2020 7 1 474.6748412443736 177.35191665823464 1163.0809940195447
2020 7 2 493.6876922879148 167.30028108179792 1322.1732185801127
2020 7 3 513.9047297641 157.96833435544627 1504.2123497780642
2020 7 4 536.3319658775797 149.58181978166814 1715.3609448936763
2020 7 5 562.6231728394296 142.44522761110505 1965.376670862441
2020 7 6 591.716516422804 136.03227030270133 2257.1188871909735
2020 7 7 622.3142819385148 129.9080276260836 2592.1675709514893
2020 7 8 654.4942633102479 124.05950150024198 2976.951171701407
2020 7 9 689.5119065063055 118.69674066383403 3424.1906078610027
2020 7 10 727.0213225366883 113.67222026076574 3941.6907402308907
2020 7 11 767.8749328186074 109.06422682712018 4544.469181749896
2020 7 12 811.7127066169545 104.7408163313571 5243.501347730194
2020 7 13 858.053167154327 100.58878997188376 6050.058936269733
2020 7 14 907.8085161867077 96.69154107281544 6986.105990731151
2020 7 15 960.4489950130197 92.9452886116756 8066.975450626213
2020 7 16 1015.2807703304941 89.26084827770237 9307.841016357643
2020 7 17 1074.1531701156841 85.80249329821196 10747.922387222541
2020 7 18 1132.9080791070935 82.19605388996823 12375.474990126819
2020 7 19 1185.39641448048 78.05336713006245 14145.926673927423
2020 7 20 1238.456636347545 73.99700345485765 16147.466016942091
