2020 6 22 658.0317636559075 628.5837569896369 687.4797703221782
2020 6 23 640.5158687497449 584.5091378104967 699.0845009397641
2020 6 24 622.9907017581501 543.0909721645071 710.3661181251298
2020 6 25 606.1652841637459 504.79968336708674 722.0809270695952
2020 6 26 589.944285261926 469.33309002360716 734.1676192949417
2020 6 27 573.4273999372323 435.7776111929943 745.5482131088565
2020 6 28 557.5148486353213 404.7290586363106 757.2897206638343
2020 6 29 542.3395123885073 376.1072954751594 769.6177247525535
2020 6 30 527.4622044233377 349.429837545015 781.983170203053
2020 7 1 513.8880685577979 325.23757854470244 795.8742551819699
2020 7 2 500.51792246184397 302.6282511189352 809.7870109172072
2020 7 3 487.4602466397345 281.56924413062075 823.8857208598577
2020 7 4 475.39807593874417 262.35393031830307 839.3366997359079
2020 7 5 464.17219160403573 244.74673571039946 856.0269685994361
2020 7 6 453.5559942610195 228.50290243540914 873.684641701191
2020 7 7 443.2788087087583 213.38564080463453 891.8918697444693
2020 7 8 433.2815083501519 199.29113592586273 910.573120818884
2020 7 9 423.8926177830663 186.30373455210585 930.4504393177114
2020 7 10 415.05184809266547 174.3141810179748 951.5182257673608
2020 7 11 406.68892550300245 163.2194626434902 973.735812491083
2020 7 12 398.66703808779505 152.9001416040536 996.8852596477526
2020 7 13 390.5496914012134 143.1359478088969 1019.9506947765357
2020 7 14 382.62523762278903 134.00541527433805 1043.6219221392648
2020 7 15 375.0103695470703 125.50942415350843 1068.248357671452
2020 7 16 367.6663678849839 117.59201557943106 1093.7957928300264
2020 7 17 360.72614592322594 110.2571979309638 1120.7275704358494
2020 7 18 353.44508494061756 103.2356692933989 1146.8565101006147
2020 7 19 346.08357598185034 96.59487042236057 1172.8567209379462
2020 7 20 339.89027899411695 90.66451522596385 1202.8857718783604
