2020 6 22 594.4749379477147 555.5178626039902 633.4320132914393
2020 6 23 607.1914312929147 530.2413142372743 689.3533823908006
2020 6 24 618.9317030106922 505.02482029538584 748.7945183543927
2020 6 25 630.9595666243092 481.05697665552714 813.4344098364763
2020 6 26 642.0784844728491 457.35540836845894 882.1812038639553
2020 6 27 651.3505451486586 433.36651718620595 953.9313878217208
2020 6 28 661.1390787069205 410.89041738127395 1032.0775103864532
2020 6 29 671.6895664202409 389.962140133715 1117.585188348898
2020 6 30 681.9810180695388 369.85168707656106 1209.4660540493426
2020 7 1 693.4983366710651 351.3576326790402 1310.7951716154607
2020 7 2 703.5468803247784 332.94566170455533 1417.4698482966191
2020 7 3 714.2231324070223 315.7266740448792 1533.7972138943567
2020 7 4 725.6906556763925 299.67637094933485 1661.0225453870946
2020 7 5 739.1538307613264 285.1900794988066 1802.9473410265539
2020 7 6 754.4586613258957 272.01825381223045 1960.8817215648335
2020 7 7 770.154248467413 259.48141257672836 2132.842777947795
2020 7 8 786.0632734193925 247.4842699162407 2319.5709065461615
2020 7 9 803.4167119513363 236.39310898246697 2525.939413143552
2020 7 10 821.035277843182 225.76429328018622 2750.2972855463845
2020 7 11 839.9645120283944 215.86753510473358 2997.6791898546194
2020 7 12 859.3712793656347 206.41518401160812 3267.459163192368
2020 7 13 878.1748402406253 197.12414620981338 3557.520043097838
2020 7 14 896.8740287495526 188.13552806631523 3871.240836238231
2020 7 15 915.9713835858103 179.55677983314064 4212.627175842541
2020 7 16 935.0718786437991 171.29011346872662 4582.263005550496
2020 7 17 954.5249022581656 163.39565444741808 4984.1081440885855
2020 7 18 971.4547799375423 155.36384882554236 5405.905505259761
2020 7 19 984.2469755320421 147.01709270909566 5838.702786713237
2020 7 20 997.5448495971114 139.16912916800462 6308.1503559479725
