2020 6 22 423.019804817561 376.3126508232353 469.7269588118867
2020 6 23 454.6389548013762 359.93978294432816 560.3848307045536
2020 6 24 486.9263285793554 342.9371875161651 666.450302763961
2020 6 25 522.3319372638033 327.3189733257968 793.7205855901698
2020 6 26 559.4267051373137 311.8572979480545 943.950113552313
2020 6 27 598.586971356758 296.80886177732174 1121.6540618517392
2020 6 28 642.7204052992867 283.59327278269325 1336.9940390063252
2020 6 29 692.2863867230668 271.92740661338587 1598.2078967063574
2020 6 30 744.7361968812087 260.37272746264773 1908.2891810815768
2020 7 1 804.6939570821801 250.54464015829436 2287.5877423015686
2020 7 2 864.8418239912116 239.64377280210502 2729.094946847314
2020 7 3 929.7786730959858 229.29841944327833 3256.7386528887737
2020 7 4 999.9064859750009 219.4773969081085 3887.5010183812146
2020 7 5 1078.3740614066369 210.74657878861885 4652.2885533637345
2020 7 6 1165.5581145274884 202.86312759481407 5578.571478326006
2020 7 7 1259.7907970531169 195.2745746768548 6689.27977743157
2020 7 8 1360.3608874112244 187.77131309719502 8014.330670235227
2020 7 9 1471.7262815326735 180.9382490469951 9618.154859911872
2020 7 10 1591.210821862359 174.23117797971992 11536.415116258024
2020 7 11 1718.2384335164777 167.53649125013695 13821.614369117002
2020 7 12 1858.318900120855 161.3829899359788 16582.904430111903
2020 7 13 2004.7802268526073 155.01787294888547 19850.877990575078
2020 7 14 2158.7073990799786 148.5885261955 23722.494378336796
2020 7 15 2324.4531108323094 142.4258357888243 28349.21154607922
2020 7 16 2501.3489591505045 136.4221865374172 33859.08162824096
2020 7 17 2690.0112040784616 130.57912241366927 40416.87968866774
2020 7 18 2877.8579825673123 124.25599532365833 48018.73588872792
2020 7 19 3035.802680941101 116.38161723261241 56332.58820489578
2020 7 20 3206.3776212937664 109.15813716159501 66159.3971628567
