2020 6 22 214.8428636978718 195.85374577013056 233.83198162561303
2020 6 23 229.7576558918868 190.9634936510407 272.13661276145973
2020 6 24 245.36670201923505 185.91179101983786 316.3119404256151
2020 6 25 262.40051598428295 181.26977855066806 368.1278302694017
2020 6 26 279.8375911930153 176.20535026951137 427.33857800035753
2020 6 27 297.1868354710987 170.4974924833979 494.1693357624465
2020 6 28 316.4942540941696 165.4808615591327 572.9191907404189
2020 6 29 336.5860723192977 160.36612092784247 663.3677611921805
2020 6 30 357.4535832365153 155.17134670239048 767.1107238866855
2020 7 1 380.1455984165821 150.37525617981893 888.2169278246223
2020 7 2 402.58476448343106 145.05754473333167 1024.4859098178974
2020 7 3 426.9462490239177 140.14327385740754 1183.1823075695145
2020 7 4 453.41586926453186 135.60358266395096 1368.2181883822725
2020 7 5 483.5463230235175 131.81500508328423 1588.286369410372
2020 7 6 517.1150103885205 128.52372972165324 1848.4677316663099
2020 7 7 553.014098622593 125.31463387743935 2151.27008631324
2020 7 8 591.4053684993322 122.18566561868889 2503.6752900708066
2020 7 9 634.2181443742813 119.49768231155961 2921.2441479212885
2020 7 10 680.1302052333517 116.86883240786864 3408.456122727893
2020 7 11 731.3857142466371 114.64488354256127 3987.048641450326
2020 7 12 786.5039059991925 112.46325518695353 4663.858444088869
2020 7 13 845.7758773551692 110.32314200528921 5455.5581189465265
2020 7 14 909.5146626222104 108.2237539869035 6381.650460880976
2020 7 15 978.0568867861166 106.16431615459507 7464.948904755964
2020 7 16 1050.3122623896315 103.98642876334063 8721.0550835133
2020 7 17 1127.9056089988624 101.85321922299494 10188.522753480192
2020 7 18 1204.2530026556594 99.13361214488386 11839.881435932284
2020 7 19 1277.8408442929222 95.8340358104103 13680.952112911835
2020 7 20 1356.58948759709 92.69408817433917 15815.414498545897
