2020 6 22 463.92950126572435 437.42543239718447 490.43357013426424
2020 6 23 458.45567030304386 407.586616188005 512.3152205348656
2020 6 24 452.8956548538978 379.6492035583572 535.0046816554161
2020 6 25 447.5354615182409 353.7376991797253 558.8554098581875
2020 6 26 442.2060018778605 329.5688340018275 583.7285717165787
2020 6 27 436.48757323932415 306.7140964661175 609.1115407823752
2020 6 28 430.9706884206679 285.5339348927515 635.7763253143577
2020 6 29 425.69675922793755 265.93113947793705 663.8639480487475
2020 6 30 420.456258576797 247.65470266668703 693.1439231681256
2020 7 1 415.57217972817415 230.80627452014716 724.1965301457005
2020 7 2 410.53224263240946 214.98600498066156 756.2698091656438
2020 7 3 405.6134324487652 200.28153475578583 789.8740899458027
2020 7 4 400.94623377235257 186.6779498940911 825.3467617228836
2020 7 5 396.66970516592545 174.15524153648468 863.1061308186858
2020 7 6 392.75766867221114 162.61258145537562 903.2868210527097
2020 7 7 388.8842134700067 151.83494573168804 945.3380667260179
2020 7 8 385.0489590628478 141.77163008553015 989.3469489124063
2020 7 9 381.4203667911111 132.43745550824363 1035.838416140505
2020 7 10 377.8538438449832 123.7275170395424 1084.5903138260153
2020 7 11 374.4311255802461 115.62656853467914 1135.9537780823755
2020 7 12 371.14886625215576 108.08982270915011 1190.0817521591337
2020 7 13 367.71907414345196 100.99299002966883 1246.223594836478
2020 7 14 364.226920597004 94.33628046214614 1304.6951539878435
2020 7 15 360.74131333549536 88.11143769504186 1365.8147918080165
2020 7 16 357.27588128145044 82.294125728294 1429.747727555078
2020 7 17 353.84373961826805 76.86088556202675 1496.6733240184778
2020 7 18 350.11486401555453 71.71474248867278 1565.3370954646591
2020 7 19 345.89691931766254 66.80492820870121 1634.7887167950526
2020 7 20 341.92000963793197 62.26799331130686 1708.2208248470222
