2020 6 22 35.40966566071652 31.879775095404217 38.93955622602882
2020 6 23 33.723902882360555 27.333470397935933 40.785017289855276
2020 6 24 32.1272704984866 23.44269794941555 42.728674177128646
2020 6 25 30.599887924023115 20.101128724129925 44.75652415132394
2020 6 26 29.126999467288353 17.2239703348898 46.854110206756005
2020 6 27 27.738038483742393 14.76633784031039 49.070966087379006
2020 6 28 26.40363169535098 12.653158945745359 51.37204682916188
2020 6 29 25.128555535283216 10.840061471039222 53.771567761050854
2020 6 30 23.918361678327848 9.288192969785973 56.290243067579794
2020 7 1 22.74221543448458 7.949079394779486 58.86985734410071
2020 7 2 21.63437866900574 6.806691958971272 61.59480143662626
2020 7 3 20.592180043831902 5.8321530389793175 64.47910866417841
2020 7 4 19.592329216068272 4.994916766800717 67.47387341655681
2020 7 5 18.620142682628785 4.2725461182580435 70.53581154551466
2020 7 6 17.6756146246596 3.649922799528949 73.65873096969844
2020 7 7 16.780161817158007 3.1182723663465213 76.92476172042551
2020 7 8 15.932060280451198 2.6644318306171786 80.34471879384901
2020 7 9 15.116550428920016 2.2749262652619797 83.86491564858935
2020 7 10 14.333235619226704 1.9409244531670062 87.48637273995267
2020 7 11 13.579948530696905 1.6545300720340061 91.19974173698733
2020 7 12 12.858923907506039 1.409502138898311 95.0215204243254
2020 7 13 12.18041226426855 1.2012253596725095 99.03471312900977
2020 7 14 11.537382274610016 1.023693235003599 103.21479485527084
2020 7 15 10.925566406668654 0.8721565532713692 107.54686250495334
2020 7 16 10.347057152781685 0.7431206148018435 112.06924439659609
2020 7 17 9.797818402860875 0.6330778105187216 116.7670465773808
2020 7 18 9.287919717293136 0.5399884995039722 121.783162888734
2020 7 19 8.823379312238336 0.4616815630021535 127.26155844082851
2020 7 20 8.382479530257973 0.3947516437532872 132.9922600191859
