2020 6 22 1033.815034446019 968.9247237617177 1098.70534513032
2020 6 23 1089.1016219389765 956.7182936363982 1230.0603518956311
2020 6 24 1145.2779570687906 942.8499935162688 1374.7850315340804
2020 6 25 1207.5442072371663 931.8107973903556 1540.3695570593572
2020 6 26 1272.551207690031 920.4034958990309 1725.0755598579944
2020 6 27 1340.378571773963 908.6445762804807 1931.0089315869845
2020 6 28 1414.3649051077111 898.7602986062975 2165.190534862316
2020 6 29 1495.622582981866 891.0090063776812 2432.6518453762787
2020 6 30 1579.7746719039449 882.2677249407985 2730.2666676897616
2020 7 1 1672.6902878496226 875.8621139157319 3071.25478606056
2020 7 2 1765.2179926769006 866.4383327508987 3444.0831030170425
2020 7 3 1862.968712309778 857.1673309435579 3862.374359331938
2020 7 4 1968.4526572539567 849.0630645471155 4336.2782665332625
2020 7 5 2086.446728163498 843.8552650070009 4882.7303426366125
2020 7 6 2217.45310521441 841.0815916354392 5511.945147681107
2020 7 7 2358.6578881479395 839.0652500501873 6227.1472982962305
2020 7 8 2508.294895960996 836.8546966084568 7033.673242794489
2020 7 9 2670.8465103305366 835.7914643120031 7954.252753677946
2020 7 10 2843.932383401752 834.7295828628598 8995.319328234229
2020 7 11 3031.271103619306 834.5601277273512 10182.245064545037
2020 7 12 3234.545849086735 835.3805917573131 11537.862093875672
2020 7 13 3446.0808818119585 834.8146612909875 13054.800373578577
2020 7 14 3667.566949005894 833.3084368778159 14756.467555430618
2020 7 15 3903.070832308661 831.7555100824412 16679.068515483592
2020 7 16 4152.771125546653 830.008165638607 18848.205992787083
2020 7 17 4419.184930539192 828.4121648419474 21302.796423074407
2020 7 18 4687.358182175133 823.9451496843008 24003.139008339826
2020 7 19 4934.249123626851 812.9005996939691 26853.45882646641
2020 7 20 5197.831352597513 802.6115383275442 30062.314159204754
