2020 6 22 60.591584087508835 54.62080160052263 66.56236657449503
2020 6 23 60.25566114687695 48.965408444916385 72.71612905970989
2020 6 24 59.88313394191797 43.864311025133425 79.39239223239669
2020 6 25 59.51290986525918 39.294633554913204 86.6816210638354
2020 6 26 59.10698220442573 35.17592867465693 94.5847568586115
2020 6 27 58.628356642315765 31.444017861083005 103.08769148568238
2020 6 28 58.19103458872766 28.128109268786126 112.42082900661812
2020 6 29 57.79412321931956 25.179834391611564 122.67071897056216
2020 6 30 57.39991911635342 22.54058578663741 133.85513543819155
2020 7 1 57.045047374407645 20.19236226214744 146.1447350463774
2020 7 2 56.6559525932038 18.075880354337144 159.4693784089249
2020 7 3 56.30568038206022 16.19277900658585 174.1106904810861
2020 7 4 55.99351871781153 14.51619190275957 190.20741135350633
2020 7 5 55.718833422111935 13.022464255703667 207.91371800420362
2020 7 6 55.51663638238888 11.699069200638293 227.53375557906844
2020 7 7 55.35061438242186 10.517631433734781 249.15051787224075
2020 7 8 55.220424173561305 9.462216248749135 272.98002817399237
2020 7 9 55.12579237678642 8.518749643044883 299.2629328736953
2020 7 10 55.03132275147427 7.669354998145456 328.076392955323
2020 7 11 55.00727796188026 6.914444593995174 360.08293555855147
2020 7 12 55.08859204151899 6.247083921592362 395.90159939570987
2020 7 13 55.17002632306178 5.644134824264823 435.2832665090142
2020 7 14 55.25158098419613 5.099380497254284 478.5823608491607
2020 7 15 55.333256202872256 4.607204162449195 526.1885621123758
2020 7 16 55.41505215730339 4.162531155680247 578.5303127483103
2020 7 17 55.532345466240756 3.763433923721853 636.4480020505225
2020 7 18 55.58489295682006 3.3981968774231723 699.4190457095615
2020 7 19 55.44705472819898 3.05676335705242 766.2243015613437
2020 7 20 55.272391593938146 2.7475863594315713 838.8968771007281
