2020 6 22 723.7480933356989 676.8199649804143 770.6762216909834
2020 6 23 734.4269235263497 642.2894149022072 832.7377064116369
2020 6 24 744.5735986213218 608.9173811062254 899.0148697470347
2020 6 25 755.0038935966539 577.3965921030695 970.740185748516
2020 6 26 765.0894234642857 547.1320831307034 1047.556758671219
2020 6 27 774.8675145702919 518.1377014369673 1129.8465690006813
2020 6 28 785.4422950170826 491.1289967674926 1219.5800246767765
2020 6 29 796.7855402463274 465.91843498848584 1317.4093283955308
2020 6 30 808.0431753932256 441.85612588158943 1422.6736603308818
2020 7 1 820.218722749022 419.45147124675435 1537.684949448994
2020 7 2 831.9061960573188 397.839445982469 1660.7349983749527
2020 7 3 844.140823254002 377.5229902690321 1794.3916974070776
2020 7 4 857.3278103009167 358.5894856385312 1940.4471000759854
2020 7 5 872.0007673123707 341.14089646244105 2101.287786244635
2020 7 6 887.8697554976645 324.9110004128941 2277.737282819053
2020 7 7 904.497894712582 309.6253734130392 2470.2102729438457
2020 7 8 921.7205939956497 295.15579347647656 2679.720865167853
2020 7 9 939.9814799654413 281.58985069855686 2909.0659746171405
2020 7 10 958.6720505737582 268.6677676266158 3158.2498403872128
2020 7 11 978.1497939820048 256.4551277231786 3430.1471420241865
2020 7 12 997.9055047842487 244.76675169055162 3725.0393971545454
2020 7 13 1017.291270265964 233.42248428147258 4042.4133670668334
2020 7 14 1036.5637012993134 222.49157543586168 4384.880810661837
2020 7 15 1056.1762850172381 212.06719095353006 4756.256014564131
2020 7 16 1075.9819235240727 202.09547322168532 5158.282928069821
2020 7 17 1096.1071418287506 192.58290763924114 5594.043111385793
2020 7 18 1114.646795231631 183.17337959606635 6056.6022250182305
2020 7 19 1130.4061694659342 173.71517380095727 6540.5983739801595
2020 7 20 1146.969511963449 164.83465398510708 7066.6342983114
