2020 6 22 4218.619052165752 3924.5409935607713 4512.697110770732
2020 6 23 4455.0796908777 3856.0759002120403 5097.311218165072
2020 6 24 4694.399520176123 3779.8080099909203 5745.768020607891
2020 6 25 4949.457657239305 3707.369447665725 6480.246534812253
2020 6 26 5208.041005528844 3628.579466039871 7295.084589269906
2020 6 27 5466.063628939163 3541.6607615647376 8192.673033011904
2020 6 28 5741.568231960311 3459.86858006275 9207.743489130266
2020 6 29 6038.714905490311 3384.6390261699867 10361.019056311387
2020 6 30 6343.8242745809885 3306.8887948763354 11646.019487538795
2020 7 1 6677.593122977168 3237.828217344251 13114.70177239846
2020 7 2 7008.421949752566 3160.2695372606267 14728.336900268261
2020 7 3 7357.362376918631 3085.344871084537 16544.131327546307
2020 7 4 7728.193625608117 3014.0909863447464 18593.945700104105
2020 7 5 8134.798565303155 2951.1451550323263 20938.832610572146
2020 7 6 8580.77784722701 2896.037231343183 23625.717990346522
2020 7 7 9052.261080442337 2842.314001411208 26660.28764982451
2020 7 8 9546.315713864755 2788.5402379183674 30074.80615717875
2020 7 9 10077.885701503115 2738.8657838673553 33959.87881405531
2020 7 10 10635.342463825453 2689.0671992504367 38334.315247582905
2020 7 11 11231.47115921581 2642.155410809504 43300.476490168796
2020 7 12 11874.806415912442 2599.3066550845356 48963.171701709594
2020 7 13 12531.659582726166 2552.045561397144 55270.21076288488
2020 7 14 13203.301577864668 2501.2562038051897 62294.64883664681
2020 7 15 13896.348025317833 2448.7131773169426 70142.99185084453
2020 7 16 14608.70765650917 2394.2668174795294 78893.98996191824
2020 7 17 15339.644633859982 2338.0908301907607 88639.87344126885
2020 7 18 16038.08271599167 2272.7050062540447 99190.55468895615
2020 7 19 16634.131795657533 2190.132097945356 110167.14557306409
2020 7 20 17254.477659155797 2110.841666417722 122372.62943156302
