2020 6 22 30363.1 608.130000 608.130000
2020 6 23 31248.8 1226.27000 1336.94000
2020 6 24 32154.4 1855.82000 2207.59000
2020 6 25 33127.8 2500.7000 3248.1000
2020 6 26 34125.4 3157.000 4482.4000
2020 6 27 35119.8 3818.9000 5929.5000
2020 6 28 36182.4 4494.6000 7637.6000
2020 6 29 37324.7 5188.8000 9655.9000
2020 6 30 38507.2 5895.3000 12021.000
2020 7 1 39813 6636.2000 14838.000
2020 7 2 41119.9 7382.3000 18112.000
2020 7 3 42518.4 8159.4000 21984.000
2020 7 4 44036.5 8980.1000 26600.000
2020 7 5 45753 9875.1000 32200.00
2020 7 6 47682.2 10850.00 39000.0
2020 7 7 49754.9 11909.000 47280.00
2020 7 8 51966.5 13030.000 57170.00
2020 7 9 54390.8 14251.000 69190.00
2020 7 10 56977.4 15558.000 83670.00
2020 7 11 59770.8 16966.000 101100.0
2020 7 12 62795.6 18491.000 122200.0
