2020 6 22 541.3707606392966 506.60635941523344 576.1351618633597
2020 6 23 558.5536752772252 489.1043021080954 632.6119242828232
2020 6 24 575.6974815356316 471.69508571741375 693.9629456478127
2020 6 25 593.216879328806 454.7821352169581 761.0822736948628
2020 6 26 610.6486598877239 437.99971196075694 833.8968886798854
2020 6 27 628.4329258899982 421.7220115061662 913.4597032410863
2020 6 28 646.7351331210272 406.0492510203788 1000.6136739114331
2020 6 29 665.401174931542 390.8527230369435 1095.82131105568
2020 6 30 684.2578069917945 376.0204299281682 1199.5145323709792
2020 7 1 704.185833782048 362.0461104114341 1313.9612386701006
2020 7 2 723.957353778747 348.2122723286578 1437.9524330445909
2020 7 3 744.2840013912352 334.9070273465862 1573.6439849562435
2020 7 4 764.9866525244255 322.02256355584706 1721.7283143809725
2020 7 5 786.8655381789823 309.8865186295254 1885.0990487032452
2020 7 6 809.9877180576639 298.45105027158223 2065.4511159949757
2020 7 7 834.0012462807978 287.5156520148079 2263.5982476966765
2020 7 8 858.5085170912305 276.90571597896684 2480.162265258971
2020 7 9 884.1851233111187 266.8321904178339 2718.7431550871047
2020 7 10 910.6296754440015 257.12512864338026 2980.274495290404
2020 7 11 938.8180527566683 248.0402628453119 3270.0826720092386
2020 7 12 968.370200422306 239.40616631863298 3589.7833651352175
2020 7 13 998.5992584497113 231.00998573512888 3939.8005849564356
2020 7 14 1029.5107183333407 222.84783243066474 4322.915102081062
2020 7 15 1061.648364897395 215.03236688730837 4744.4153909979605
2020 7 16 1094.511498496146 207.43474231549277 5205.772348632132
2020 7 17 1128.678237193055 200.15982712615096 5713.3545002982
2020 7 18 1162.0414896683437 192.80841481441044 6260.961630861159
2020 7 19 1193.2698884052795 185.20915051587707 6844.239248798649
2020 7 20 1228.1782460326185 178.35031482150026 7498.149215804287
