2020 6 22 527.2204274859758 480.7365091502531 573.7043458216986
2020 6 23 511.4783479511753 425.1877295144902 605.7354450460158
2020 6 24 496.9788652980846 376.69979664498743 640.4698368611157
2020 6 25 482.0772024309253 333.1249736596806 676.1479752155134
2020 6 26 467.86507552368295 294.75839921069854 714.1540350720112
2020 6 27 455.2497440997767 261.55259622388314 756.0942207311259
2020 6 28 442.2296353348497 231.65958736740535 799.2602225926912
2020 6 29 428.80260986744463 204.7748418142593 843.4821596508782
2020 6 30 416.1610722073723 181.1905721408259 890.8940201054797
2020 7 1 402.89695491181243 159.88921909900836 938.840279010872
2020 7 2 391.0191423438791 141.47450356219426 991.6121886337696
2020 7 3 379.3930642972179 125.1450274792862 1047.1007610023505
2020 7 4 367.44410050938563 110.47982714710857 1103.8491731742024
2020 7 5 354.76146040939756 97.19943030017582 1160.3385010448842
2020 7 6 341.6681466952293 85.28296776177469 1216.9436687300727
2020 7 7 329.1870905437028 74.85964433907974 1276.7697562304074
2020 7 8 317.4520088358157 65.77622259042822 1340.6619029286644
2020 7 9 305.8955202607127 57.745301787576395 1406.738844069257
2020 7 10 294.6827264474594 50.68037610085152 1475.7183728621062
2020 7 11 283.6583936468239 44.44154317353357 1546.9658214588226
2020 7 12 272.903673754968 38.94834475544843 1620.8742165800943
2020 7 13 262.9689179491414 34.192962646006755 1700.761927248461
2020 7 14 253.5282259552162 30.03540248720431 1785.4433503951336
2020 7 15 244.13925332794935 26.349339548400927 1872.3184752356271
2020 7 16 234.91360534613753 23.0957451620545 1962.0067052073298
2020 7 17 226.0070117784207 20.24099481521573 2055.744242771218
2020 7 18 218.13033069331684 17.801101049555434 2160.256648670446
2020 7 19 211.80945101474444 15.759880245429033 2282.771628616096
2020 7 20 205.4384550873929 13.93536522466599 2409.720652629853
