2020 6 22 5.631345611664616 4.920227305741496 6.342463917587736
2020 6 23 5.50320769772692 4.200161812684131 6.982032939240475
2020 6 24 5.37798548566948 3.585476474256392 7.68609559282757
2020 6 25 5.247587847383663 3.0553990307535916 8.449686525954794
2020 6 26 5.116436798188692 2.6014087623479476 9.282833849521312
2020 6 27 5.003832583544223 2.222638608569326 10.225833147914932
2020 6 28 4.8937065992885636 1.899018122720627 11.264627296371145
2020 6 29 4.782353221552862 1.6211005925150532 12.40054336193119
2020 6 30 4.673533623577261 1.3838557408223684 13.651004300929975
2020 7 1 4.556729702231622 1.1782338129212904 14.997006624493059
2020 7 2 4.449644361563781 1.0049225815450327 16.49810393330621
2020 7 3 4.345075577930326 0.857104408160959 18.149450767704423
2020 7 4 4.239722449877961 0.7303899486588457 19.952545184119256
2020 7 5 4.13059745337762 0.6213191217581636 21.9049994420691
2020 7 6 4.021199449823882 0.5280725427513706 24.032168093448682
2020 7 7 3.914698829352526 0.4488202610259261 26.365903582840684
2020 7 8 3.8139395223216424 0.38179688934650147 28.945936367629727
2020 7 9 3.710082644643847 0.3242125735884529 31.735246197956677
2020 7 10 3.6062858722290962 0.2750714945188126 34.7696646361839
2020 7 11 3.505393016248464 0.23337875597896918 38.09422404892312
2020 7 12 3.407322833996034 0.19800540887585955 41.73666674884626
2020 7 13 3.314538481043402 0.1681413468453251 45.7585264451118
2020 7 14 3.224280726412169 0.14278151632052075 50.16794357412062
2020 7 15 3.13648076864094 0.12124656894500155 55.00226423320528
2020 7 16 3.0510716797917254 0.10295961872217634 60.30243329208181
2020 7 17 2.9702646889784163 0.08750760399177575 66.15833144172852
2020 7 18 2.895291264805542 0.07448341524989788 72.66515430580836
2020 7 19 2.8272505268893817 0.06352734500942236 79.93843692174028
2020 7 20 2.7571174222922665 0.05409990444457926 87.83535474046974
