2020 6 22 135.7323291397012 127.9393248526538 143.52533342674857
2020 6 23 130.23188243941598 115.70025251296994 145.6229074193131
2020 6 24 125.07014211889025 104.7348909895948 147.8806278533492
2020 6 25 120.11298736249422 94.80875929266138 150.17335171952794
2020 6 26 115.45911654690832 85.90767162792928 152.63515917277726
2020 6 27 111.16523396429535 77.97594376138932 155.37484477202506
2020 6 28 106.8333381448757 70.63786469337256 157.88738015750215
2020 6 29 102.67024799177014 63.990349943156716 160.44054524769456
2020 6 30 98.69220963596894 57.9826380103099 163.0706638777417
2020 7 1 94.78054416467589 52.48739859593811 165.59889227637197
2020 7 2 91.12926873936998 47.5713055216567 168.35038577791076
2020 7 3 87.55787749143565 43.08393918254393 171.03532080735735
2020 7 4 84.0680566453157 38.991129423367006 173.64901021298562
2020 7 5 80.60519788275633 35.23511330592549 176.0710221033435
2020 7 6 77.19538330082058 31.801749478223005 178.33110778590037
2020 7 7 73.91265199801586 28.695868216707893 180.58056042527724
2020 7 8 70.75308755175818 25.886940023801284 182.81824340191463
2020 7 9 67.64994186220787 23.324192960737197 184.8804473301979
2020 7 10 64.66785747028376 21.009966820061287 186.92481313260097
2020 7 11 61.73097052869302 18.89733437801514 188.7424585483193
2020 7 12 58.913738998646956 16.99293421838201 190.5358201443833
2020 7 13 56.251271858778615 15.288007376602152 192.43093593713115
2020 7 14 53.68411868868412 13.747341211413005 194.25934409213014
2020 7 15 51.234123321088234 12.361937414568304 196.105125110619
2020 7 16 48.91871825427534 11.121645500079449 198.05563457049016
2020 7 17 46.69707754341127 10.003321549659434 199.98151541103357
2020 7 18 44.6905237186965 9.021911076150682 202.41515036194627
2020 7 19 42.88146211573387 8.15924822500467 205.38237862561672
2020 7 20 41.088910811873006 7.368279637241022 208.12144090008925
