2020 6 22 362.32510874506244 338.3301019675796 386.32011552254534
2020 6 23 359.144442291157 313.1517682053584 408.28722615504324
2020 6 24 356.04433716178056 289.89309044831424 431.56328340567603
2020 6 25 352.9560817405264 268.3497613182988 456.1482133526785
2020 6 26 349.9020036199776 248.41303792256477 482.14322777855347
2020 6 27 346.9769224319997 230.03030937233888 509.76098405656364
2020 6 28 344.0399680279464 212.98383228380305 538.9073509177955
2020 6 29 341.0990583385609 197.1827520465806 569.6750701793305
2020 6 30 338.18328802426225 182.55393983546094 602.1994040926131
2020 7 1 335.2570367592411 168.99131400929485 636.517596597595
2020 7 2 332.4263040692922 156.47169161122673 672.9247951708983
2020 7 3 329.59859095695873 144.86974920020117 711.3721232136585
2020 7 4 326.75352317324916 134.10985845233336 751.9267553591609
2020 7 5 323.84407086373847 124.11263062207652 794.5886917400475
2020 7 6 320.885935392715 114.83206057103698 839.4881175589883
2020 7 7 317.95482084395695 106.24544874198142 886.9246527778324
2020 7 8 315.03716533597554 98.29645487710616 937.0045186398021
2020 7 9 312.0935116630848 90.92571746593067 989.7551686962264
2020 7 10 309.19043259440883 84.11148084578458 1045.5169762878922
2020 7 11 306.29493578136163 77.80263932335023 1104.3546728595047
2020 7 12 303.3880742947052 71.95722248017285 1166.3647880805945
2020 7 13 300.54056270083606 66.55851307852629 1231.9789152349204
2020 7 14 297.7449486164049 61.57042533127143 1301.3873643151223
2020 7 15 294.97533920182207 56.95615932707383 1374.7062153869042
2020 7 16 292.2438453067236 52.690084946759306 1452.2133454121695
2020 7 17 289.5254068946645 48.74133737160439 1534.0295800832068
2020 7 18 286.90298161070115 45.10042709179789 1620.8299973157152
2020 7 19 284.4949425639365 41.76145481460551 1713.6188296722796
2020 7 20 282.13004888109054 38.67304709064528 1811.8577527527234
