2020 6 22 41.67848023684162 34.65927163445633 48.69768883922691
2020 6 23 42.76166540853636 29.583425178295844 58.36067575434252
2020 6 24 43.80364524890191 25.202953703216064 69.8464134435166
2020 6 25 44.88116464195854 21.476946214900643 83.60879819721448
2020 6 26 45.92279492988345 18.271934336287803 99.96665827660344
2020 6 27 46.92475708428191 15.519805383323297 119.38591831133299
2020 6 28 47.98119840280897 13.192991628385755 142.66049925903553
2020 6 29 49.11701108500997 11.2303108031474 170.63779247257807
2020 6 30 50.234188354389524 9.54920354611423 203.94359087584718
2020 7 1 51.48153118390167 8.139660815802321 244.17544511525182
2020 7 2 52.676346928495114 6.924976505403185 291.9477831005008
2020 7 3 53.93550865322745 5.896373573770796 349.2696003208553
2020 7 4 55.24976318844267 5.0232868337922625 418.0079924014082
2020 7 5 56.67285187246227 4.286463123406321 500.85564466580763
2020 7 6 58.211383505506355 3.6636770293048238 600.8196992439621
2020 7 7 59.79168257229816 3.1313763792255247 720.7352354798143
2020 7 8 61.38717502610763 2.674963314918226 864.2503066103334
2020 7 9 63.06791284294676 2.2869340330922285 1036.943301421831
2020 7 10 64.78005500154686 1.9546622572871286 1243.9032466310898
2020 7 11 66.5686972849423 1.6715725083079884 1492.746049583181
2020 7 12 68.43757422911523 1.4302566901657727 1792.061597119982
2020 7 13 70.27963252771858 1.222121341999222 2149.3177767986876
2020 7 14 72.13870333705316 1.0437081486525315 2576.798699718483
2020 7 15 74.06366600494091 0.8915827007091524 3089.8989763171903
2020 7 16 76.05715557738908 0.7618368466206359 3705.8853384189592
2020 7 17 78.13954717735713 0.6513250490142358 4446.388908535874
2020 7 18 80.08884820211378 0.5552594529066543 5324.041036215482
2020 7 19 81.86595019346717 0.4718318132967761 6360.249002618678
2020 7 20 83.8750164333089 0.40204881404128745 7613.0901510805825
