2020 6 22 22.424424230265824 19.290480132849737 25.558368327681908
2020 6 23 23.519042832455614 17.40456269126844 30.552256421066666
2020 6 24 24.66709379357495 15.703020370055652 36.52190783273176
2020 6 25 25.871185343536112 14.167827891825747 43.65797842750579
2020 6 26 27.134053029543974 12.782722205160342 52.18837660688534
2020 6 27 28.16520267306722 11.394828178730881 61.82130088149727
2020 6 28 29.235538117037617 10.157625827961944 73.23226915965013
2020 6 29 30.346548502208236 9.05475368671782 86.74947258957705
2020 6 30 31.499779559733696 8.071626747800808 102.76167980216296
2020 7 1 32.69683576172145 7.1952435825374215 121.72941829540352
2020 7 2 33.939382553508416 6.414014402505864 144.19821967746216
2020 7 3 35.22914867076869 5.717607789595453 170.81430971509687
2020 7 4 36.94881295638659 5.158630709695978 204.1899750365038
2020 7 5 39.15189715943368 4.710074740870727 246.29458771674047
2020 7 6 41.48634092771077 4.300521846406001 297.0813034661205
2020 7 7 43.9599766152212 3.926580610480143 358.34039914280424
2020 7 8 46.58110358245638 3.5851545094425346 432.2313123029233
2020 7 9 49.35851604179959 3.273416270194548 521.3587632932646
2020 7 10 52.301532563220455 2.98878445817403 628.8645739579935
2020 7 11 55.420027339255405 2.728902101073668 758.5384196504167
2020 7 12 58.724463314172084 2.4916171712810287 914.9514186566115
2020 7 13 62.2259272884703 2.2749647654197336 1103.617268176808
2020 7 14 65.93616711649948 2.077150833424532 1331.1866070510512
2020 7 15 69.86763112199533 1.8965373224143924 1605.6814566879289
2020 7 16 74.03350986378001 1.7316286123433489 1936.7780044474218
2020 7 17 78.44778039175465 1.5810591311057642 2336.147697843397
2020 7 18 82.41846303054679 1.429337195335464 2796.820709013824
2020 7 19 85.55053359446691 1.2741457953096786 3313.0575389604014
2020 7 20 88.80162926097526 1.135804422499697 3924.5813008631076
