2020 5 11 1.436240829845421 1.2948947135901812 1.5775869461006606
2020 5 12 1.3406755847874057 1.0897781060895189 1.6175427626292371
2020 5 13 1.2514691034361578 0.9171528063616182 1.6585105470106227
2020 5 14 1.1681982834823184 0.7718720586481437 1.7005159295290688
2020 5 15 1.0904681751902738 0.6496043743083904 1.743585189611454
2020 5 16 1.01791010816941 0.5467043901804933 1.7877452722682314
2020 5 17 0.9501799427871112 0.4601041835052874 1.833023804950779
2020 5 18 0.8869564379300363 0.3872218030098062 1.879449114835698
2020 5 19 0.8279397273720368 0.325884289040467 1.9270502465468746
2020 5 20 0.7728498975221983 0.27426288762133877 1.9758569803263908
2020 5 21 0.7214256598073299 0.23081852686999144 2.0258998506656534
2020 5 22 0.67342311139207 0.19425593017160292 2.077210165408396
2020 5 23 0.628614578358762 0.1634849980135655 2.129820025337508
2020 5 24 0.586787535860352 0.13758830709510367 2.183762344257941
2020 5 25 0.5477436001246448 0.11579375771057449 2.239070869588257
2020 5 26 0.5112975875290379 0.09745155389888785 2.295780203473706
2020 5 27 0.477276636282969 0.0820148300312097 2.353925824434036
2020 5 28 0.44551938655225626 0.06902334622624196 2.413544109559579
2020 5 29 0.41587521513669684 0.05808976647826626 2.4746723572695064
2020 5 30 0.38820352107103606 0.04888811038570869 2.53734881064648
2020 5 31 0.36237305876094367 0.04114403417303204 2.601612681362309
2020 6 1 0.33826131549109156 0.03462665123842645 2.667504174209574
2020 6 2 0.31575393035288185 0.02914164836012873 2.7350645122545676
2020 6 3 0.2947441518358261 0.0245254923237557 2.804335962627288
2020 6 4 0.2751323315099556 0.020640554243512344 2.8753618629646223
2020 6 5 0.2568254513978216 0.017371006210819877 2.9481866485232557
2020 6 6 0.2397366827944323 0.014619367930548095 3.022855879979281
2020 6 7 0.22378497444262935 0.012303600384162814 3.0994162719318865
2020 6 8 0.20889466811063817 0.010354659868492414 3.1779157221289682
2020 6 9 0.194995139748494 0.00871443948473648 3.2584033414329387
2020 6 10 0.1820204645213649 0.0073340367040169024 3.3409294845454895
2020 6 11 0.16990910413103943 0.006172295357616295 3.4255457815105212
2020 6 12 0.15860361494255967 0.005194578581913225 3.512305170014957
2020 6 13 0.14805037553165662 0.004371736133847707 3.601261928507641
2020 6 14 0.13819933236075838 0.0036792352878316638 3.6924717101570494
2020 6 15 0.1290037623773236 0.003096429402135849 3.785991577669049
2020 6 16 0.12042005140851501 0.0026059423473462962 3.8818800389864947
2020 6 17 0.11240748730114863 0.0021931504438655975 3.980197083892995
2020 6 18 0.10492806682579132 0.0018457464626283587 4.08100422154375
2020 6 19 0.09794631542916116 0.0015533726898827721 4.184364518946936
2020 6 20 0.0914291189799244 0.0013073121160083676 4.290342640419716
2020 6 21 0.08534556670986722 0.0011002285412853839 4.399004888043563
2020 6 22 0.07966680460551911 0.0009259478499709827 4.510419243144194
2020 6 23 0.07436589855487101 0.000779273931454477 4.6246554088220835
2020 6 24 0.0694177066000993 0.0006558337602528559 4.741784853560144
2020 6 25 0.06479875969039622 0.0005519470159672944 4.861880855935878
2020 6 26 0.060487150369322513 0.00046451635597067324 4.985018550465949
2020 6 27 0.05646242886873165 0.00039093506934922707 5.111274974611879
2020 6 28 0.052705506116443764 0.000329009358836729 5.240729116976255
2020 6 29 0.049198563197639 0.0002768929336074912 5.37346196671962
2020 6 30 0.045924966840549884 0.00023303196283790185 5.5095565642289435
2020 7 1 0.04286919052560503 0.00019611874884847586 5.649098053069394
2020 7 2 0.04001674084384858 0.0001650527386092795 5.7921737332518894
2020 7 3 0.03735408875535653 0.0001389077111820197 5.938873115849776
2020 7 4 0.0348686054216118 0.00011690416280522467 6.089287978998781
2020 7 5 0.03254850230749395 9.838606629463697e-05 6.243512425315299
2020 7 6 0.030382775268789852 8.280131184943647e-05 6.40164294076891
2020 7 7 0.02836115236003505 6.968524611458476e-05 6.563778455045977
2020 7 8 0.026474045115140638 5.86468187228763e-05 6.730020403442085
2020 7 9 0.024712503069731957 4.935692328126908e-05 6.900472790322034
