2020 5 11 311.83561547288394 281.0001428689624 342.6710880768055
2020 5 12 316.93122734797316 257.3457972580128 382.7158098666427
2020 5 13 322.0990764868741 235.673698580358 427.426860925404
2020 5 14 327.30075414240474 215.78978785701622 477.29438149971816
2020 5 15 332.56742018057935 197.57095617967585 532.9521731154263
2020 5 16 337.96073443345176 180.91520768302158 595.1674256430591
2020 5 17 343.39369438049914 165.63798427742898 664.5612902993142
2020 5 18 348.9045158947625 151.6462610259996 742.027828885305
2020 5 19 354.3938071011676 138.78864626829792 828.2906078537202
2020 5 20 359.9312594216476 127.00622808419364 924.4923877050392
2020 5 21 365.5718631037373 116.22994192387071 1031.9102286479254
2020 5 22 371.36534588202073 106.38850915341997 1151.9910917739605
2020 5 23 377.3500140451662 97.40883910719731 1286.3537262339676
2020 5 24 383.6474874995452 89.24294484771559 1437.1253187927427
2020 5 25 390.23235664761114 81.80401272843265 1606.2515078581255
2020 5 26 396.8787397080273 74.97436247125604 1795.069074962261
2020 5 27 403.49164478882284 68.68719680326241 2005.4190440032203
2020 5 28 409.8632335225064 62.86742041963963 2238.6712405630083
2020 5 29 415.88100568309943 57.471042549612484 2496.571120937534
2020 5 30 421.36135008918285 52.4513982637582 2780.425006267551
2020 5 31 426.1797733808886 47.778794241567915 3091.708023716132
2020 6 1 429.9844975242303 43.40262401209885 3430.0872175975596
2020 6 2 433.52238790525485 39.39691453957245 3803.1015554244664
2020 6 3 436.77466806472944 35.73229892379858 4213.919472252045
2020 6 4 440.10899785336113 32.41327431316294 4669.670890909166
2020 6 5 443.5617277207141 29.409385396347968 5175.699738761747
2020 6 6 446.9478697980219 26.67766992172071 5735.471351393757
2020 6 7 450.12978561631127 24.185959231386146 6352.831936100549
2020 6 8 453.5601267431674 21.939106848266604 7039.83102039047
2020 6 9 457.03456973826644 19.901853634001412 7801.40136262776
2020 6 10 460.6140510710803 18.057193584621373 8646.697184613779
2020 6 11 463.9966153678704 16.374692467176057 9579.359511395529
2020 6 12 467.2080385531777 14.842044164445205 10608.575889000953
2020 6 13 470.3923542753171 13.451282365341433 11747.252144237735
2020 6 14 473.4431522359263 12.186402103869728 13004.272348224105
2020 6 15 476.32626349728775 11.035638268635001 14390.651180105682
2020 6 16 478.8999997283786 9.985966798224965 15914.953955761343
2020 6 17 481.4370736062631 9.035081962016552 17599.035122286103
2020 6 18 484.0574889557814 8.176054208132173 19463.8768415515
2020 6 19 486.70494538131027 7.3989160020974385 21526.836088976535
2020 6 20 489.2576710107503 6.6939849621590355 23803.61622479663
2020 6 21 492.12084625232075 6.060280524353541 26335.652164957442
2020 6 22 495.48145401423835 5.492486808216447 29162.748823493395
2020 6 23 499.3228102607396 4.982965027066779 32320.275372353237
2020 6 24 503.0753151566318 4.519526190025761 35811.9966489203
2020 6 25 507.0950689673493 4.101336872023202 39697.96298609865
2020 6 26 511.0197696741533 3.7208138275573654 43995.64054754596
2020 6 27 515.2648846377349 3.3777076216427746 48783.55263408951
2020 6 28 519.6744856514672 3.067087239778867 54104.75290401305
2020 6 29 523.9777779437856 2.7841819463324913 59991.38073294682
2020 6 30 528.2821240896858 2.5271878299699497 66514.51779967222
2020 7 1 532.8240445446249 2.294882928006472 73772.40572460093
2020 7 2 537.2080934413339 2.083083883771448 81794.9903778663
2020 7 3 541.9543887349901 1.8920969484749046 90739.67639078635
2020 7 4 546.6424704757284 1.718270954231384 100645.74021598796
2020 7 5 551.1835083549976 1.5598245886881232 111598.71078402597
2020 7 6 555.5003614110835 1.415247799223758 123690.63114293295
2020 7 7 559.4086479759806 1.2829444808649337 136994.2309914004
2020 7 8 563.0205297168824 1.162266598338251 151649.38459018175
2020 7 9 566.2447722806792 1.0520917043369178 167761.60233780564
