2020 5 11 45.08979681157963 37.64972006121058 52.52987356194867
2020 5 12 43.24212110203992 30.162414105276213 58.671252809370785
2020 5 13 41.466893715443 24.161812489885296 65.52620357316675
2020 5 14 39.85179880180419 19.40582939990289 73.31994237435666
2020 5 15 38.26824811769356 15.570736704979584 81.98297413850476
2020 5 16 36.77009596304289 12.502701842995323 91.71772407074268
2020 5 17 35.395316992137765 10.061195190401323 102.76983000387287
2020 5 18 34.09854673633946 8.104025182850023 115.23098452556452
2020 5 19 32.92046319554521 6.544493111240077 129.44362485723653
2020 5 20 31.814015902628142 5.291225762841321 145.53089209986507
2020 5 21 30.724790725228416 4.274637950474653 163.5261569772813
2020 5 22 29.701316205614898 3.45732354139046 183.89804672734022
2020 5 23 28.60428461099326 2.7837495465534725 206.14131781781927
2020 5 24 27.410308378954703 2.228026884763556 230.08435347507424
2020 5 25 26.126533094750794 1.7718933922695252 255.63621595780492
2020 5 26 24.879736745565953 1.4075721264232064 283.7992373730513
2020 5 27 23.731014045884237 1.1203417873826316 315.50494811760706
2020 5 28 22.76147877164164 0.8976794423974324 352.4299495025596
2020 5 29 21.967674395482373 0.7246385157227526 395.78408918648773
2020 5 30 21.410777789937033 0.5918553570850136 448.2409505290328
2020 5 31 21.16202302038201 0.4915311272943338 513.8058776031637
2020 6 1 21.295823713664678 0.41703116152041103 598.1792234919419
2020 6 2 21.553108817112225 0.3562245421433792 699.8525228307686
2020 6 3 21.89943159556654 0.30570425311357335 821.5975809317961
2020 6 4 22.17856084842797 0.26133315840187166 961.7915214061798
2020 6 5 22.392474519167067 0.2225918893056869 1122.9251507085498
2020 6 6 22.608451401258865 0.18959381001504141 1311.0542836250434
2020 6 7 22.781442996543188 0.16110958052219934 1528.0881118389452
2020 6 8 22.784197112970013 0.13569149538126088 1769.5423990289041
2020 6 9 22.74657935346402 0.11404315711814175 2046.0135282215394
2020 6 10 22.688870926358383 0.09574757465966992 2363.867461136557
2020 6 11 22.72176632399147 0.08076882699515409 2740.525308366757
2020 6 12 22.815101792925724 0.06834803031866644 3184.4837562255934
2020 6 13 22.9138740324421 0.05785246792193236 3701.0677339095005
2020 6 14 23.05367586998892 0.04907112110216636 4308.009547979359
2020 6 15 23.235180373555753 0.04170963391779526 5022.117889994742
2020 6 16 23.454138793291662 0.03551716124104776 5862.385458557934
2020 6 17 23.664770757512454 0.03022832816090451 6840.644094976267
2020 6 18 23.856328054822388 0.025700269756833177 7976.084544118019
2020 6 19 24.065287920268165 0.021867570000222818 9305.290361266225
2020 6 20 24.29206891911544 0.018620974021938068 10862.190035448079
2020 6 21 24.488703955892007 0.015831641530137185 12665.144517697752
2020 6 22 24.562177266285676 0.013379486127244149 14702.841022175093
2020 6 23 24.537944985118415 0.011253801727959884 17009.76453171227
2020 6 24 24.56808628982665 0.009490764696922995 19716.327165306528
2020 6 25 24.538406535024944 0.00798080417164537 22805.515917648994
2020 6 26 24.514197705322804 0.006712842849359247 26383.775434853902
2020 6 27 24.441145386720784 0.005632949047219269 30470.881244472697
2020 6 28 24.325002543798366 0.0047167963211791255 35137.127320067586
2020 6 29 24.268677435182177 0.003961140362541701 40603.561081637345
2020 6 30 24.26086069341597 0.003334440785488339 47001.37182959475
2020 7 1 24.17244253166921 0.0027958142461216823 54251.11437462897
2020 7 2 24.148594750685604 0.002351625383428667 62763.290421466685
2020 7 3 24.055237009850174 0.0019712363694093116 72430.33385683995
2020 7 4 23.978224342531128 0.0016536873211428294 83634.46081208282
2020 7 5 23.922702206897863 0.0013887577815030186 96645.83297262783
2020 7 6 23.914996900912374 0.0011690397622861864 111874.09700824725
2020 7 7 24.000874227232565 0.0009886582403602871 129939.61089668855
2020 7 8 24.196215356158387 0.0008406057794796886 151513.31999830555
2020 7 9 24.455046004290676 0.0007168747766286932 177056.49169567626
