2020 5 11 387.8863688317584 380.27372258889835 395.49901507461834
2020 5 12 399.3967259092158 383.8738060244675 415.22731051030337
2020 5 13 411.2478027472611 387.5071595823056 435.9388149486479
2020 5 14 423.47133299365737 391.1945047945871 457.70545953736456
2020 5 15 436.0829850788018 394.939848275819 480.5857301457545
2020 5 16 449.0892720550338 398.7382935487829 504.6307470156561
2020 5 17 462.51219530904916 402.59877179297933 529.9110742140966
2020 5 18 476.3649639173789 406.5215603325129 556.4906809918231
2020 5 19 490.6611336488175 410.50688825166685 584.4367718785359
2020 5 20 505.41777139922374 414.55757873634127 613.8237041639654
2020 5 21 520.617145829768 418.6473624552172 644.686985702095
2020 5 22 536.2535824555922 422.76138918393826 677.0772847365531
2020 5 23 552.3146804218122 426.88039162173203 711.0381544638218
2020 5 24 568.7845799524202 430.9836940604314 746.609437973333
2020 5 25 585.666184312986 435.06625702707527 783.8560000213396
2020 5 26 603.0414023540623 439.18196984952226 822.950753565572
2020 5 27 620.9550643427959 443.35334257485994 864.0266952080236
2020 5 28 639.4560394372227 447.6037317950411 907.2296381734957
2020 5 29 658.5731795726496 451.9403254352753 952.6849422404814
2020 5 30 678.3788868428156 456.39925327147415 1000.5870243753527
2020 5 31 698.9524558705466 461.0180475809932 1051.1517137471444
2020 6 1 720.3895350363084 465.8415972185093 1104.6319705441754
2020 6 2 742.5663996853164 470.76883681138867 1160.9593869160035
2020 6 3 765.4731010370641 475.7780726936431 1220.2327402090932
2020 6 4 789.0669943446113 480.8285301751118 1282.501343619596
2020 6 5 813.3680800807315 485.92039142683603 1347.9149592791568
2020 6 6 838.4485477331763 491.08467962749614 1416.716310491196
2020 6 7 864.3449539568539 496.3287891070897 1489.1014123696445
2020 6 8 890.9973099924106 501.60369617922805 1565.10931521062
2020 6 9 918.4601894074962 506.92829662951397 1644.9770060465778
2020 6 10 946.7695469626493 512.3094185332324 1728.9203534373046
2020 6 11 976.023585095582 517.7866824912943 1817.2790237026366
2020 6 12 1006.2558776778883 523.3619434302159 1910.2917911001387
2020 6 13 1037.4373881133897 529.0038796549571 2008.0894284325543
2020 6 14 1069.6246492373696 534.7267830552497 2110.970302743248
2020 6 15 1102.8648566761528 540.5387503732511 2219.2292844487997
2020 6 16 1137.2220548796631 546.4550589376613 2333.2092488504427
2020 6 17 1172.707317143199 552.4638702963208 2453.161716434474
2020 6 18 1209.3147291081284 558.5457676224648 2579.312193756696
2020 6 19 1247.0802351419015 564.7017089797519 2711.982529086201
2020 6 20 1286.0409453043414 570.9326657865163 2851.511365508441
2020 6 21 1326.1698717791264 577.2106325307113 2998.11022920023
2020 6 22 1367.382610910029 583.4843585496393 3151.8652867831943
2020 6 23 1409.7198760572146 589.7596113505206 3313.1454193428367
2020 6 24 1453.3143124597404 596.0798933402796 3482.5520399210045
2020 6 25 1498.1277290359894 602.4149400148775 3660.3112407988883
2020 6 26 1544.2849462754207 608.8020200696711 3847.0508381297454
2020 6 27 1591.7662458712207 615.2181771464782 4043.073226870229
2020 6 28 1640.606395270721 621.662905043676 4248.827107218334
2020 6 29 1690.9867594053974 628.1909280071437 4465.1597706214425
2020 6 30 1742.9356888730554 634.7954755949236 4692.563878779853
2020 7 1 1796.4805452501496 641.4694607484091 4931.549348202774
2020 7 2 1851.7615777520757 648.2461856632182 5182.956412110912
2020 7 3 1908.626175407358 655.0533571248843 5446.85106742162
2020 7 4 1967.2369927192888 661.9320100458068 5724.182144643735
2020 7 5 2027.622680465006 668.8744922479534 6015.5611058983895
2020 7 6 2089.964905706919 675.9237523776114 6322.077631727773
2020 7 7 2154.3477440246606 683.0873465065641 6644.586903357414
2020 7 8 2220.777753056691 690.3470951934336 6983.745211564994
2020 7 9 2289.3548225611275 697.7146716699032 7340.5253982683025
