2020 5 11 2082.430132266308 1997.4844820960784 2167.375782436538
2020 5 12 2111.9838837492293 1943.196801273049 2287.7993654564975
2020 5 13 2141.9435323627818 1890.3721051651935 2414.899260728283
2020 5 14 2172.3769716992165 1839.0264837916925 2549.1152724661915
2020 5 15 2203.3190629743444 1789.1400381551048 2690.880248804725
2020 5 16 2234.782943589162 1740.672668552639 2840.6282650344465
2020 5 17 2266.7906308835604 1693.5918708264473 2998.829900989981
2020 5 18 2299.358388056757 1647.8604279658748 3165.9766418155436
2020 5 19 2332.4747137694603 1603.4216578668309 3342.550749443605
2020 5 20 2366.146077616357 1560.2349696472197 3529.0847150059467
2020 5 21 2400.306991126425 1518.2137654851701 3726.033551972208
2020 5 22 2434.924124524568 1477.3009159896324 3933.916185198234
2020 5 23 2469.95249360835 1437.437189032453 4153.254800532859
2020 5 24 2505.3689397830453 1398.5817391435335 4384.628037027653
2020 5 25 2541.1734313742877 1360.7097234528987 4628.681180624841
2020 5 26 2577.4704245175953 1323.8529667461446 4886.283642880267
2020 5 27 2614.2988399502374 1288.001190496605 5158.247184530354
2020 5 28 2651.706111500926 1253.146259650574 5445.451670757672
2020 5 29 2689.7153621176594 1219.2660818402574 5748.784360877571
2020 5 30 2728.4048036732247 1186.3632560946908 6069.303184025139
2020 5 31 2767.8361416175603 1154.4289446706418 6408.104648683477
2020 6 1 2808.1089872760112 1123.4675327289003 6766.447636043578
2020 6 2 2849.08794485424 1093.384557425652 7145.118728852664
2020 6 3 2890.6935899712043 1064.1181166698525 7545.053334853899
2020 6 4 2932.84861406971 1035.6136234126877 7967.221635531684
2020 6 5 2975.551962146103 1007.849224345415 8412.831073233736
2020 6 6 3018.8621109247088 980.8241056296522 8883.321258622023
2020 6 7 3062.817846962024 954.5285922568519 9380.168462335729
2020 6 8 3107.3211054337594 928.9092270988277 9904.521243750245
2020 6 9 3152.408448379361 903.9587803774498 10457.986028017924
2020 6 10 3198.1420774412845 879.676226407039 11042.35211509161
2020 6 11 3244.627715675161 856.0703117793678 11659.676779528263
2020 6 12 3291.862516513106 833.1172449135247 12311.777158423332
2020 6 13 3339.7932382653025 810.7816951151533 13000.379076086927
2020 6 14 3388.4470621224837 789.0510736088656 13727.59287952797
2020 6 15 3437.860831902804 767.914791221691 14495.692759163747
2020 6 16 3488.081715427385 747.3640098567603 15307.134901311754
2020 6 17 3539.0976776597695 727.3763693055172 16164.26971533148
2020 6 18 3590.868694775465 707.925112296343 17069.44113032869
2020 6 19 3643.442215582263 689.0029216267762 18025.515366040738
2020 6 20 3696.8496394230356 670.5986406965671 19035.45767299958
2020 6 21 3751.0771481250276 652.6927152789137 20102.17712392007
2020 6 22 3806.015142397135 635.2501209949618 21228.21871117412
2020 6 23 3861.6236673286544 618.2512834571336 22416.588657172793
2020 6 24 3918.025236266418 601.7042110201583 23671.37153070573
2020 6 25 3975.1815708251397 585.5894105393696 24995.974702512223
2020 6 26 4033.151697958448 569.9032483148003 26394.574247885594
2020 6 27 4091.886010435801 554.6257976804266 27870.898255802913
2020 6 28 4151.3418024085195 539.7397471712012 29428.885522197084
2020 6 29 4211.609263808901 525.2464442736162 31073.594221733325
2020 6 30 4272.77285987195 511.1449647301515 32810.378072981985
2020 7 1 4334.813959306589 497.4207863911321 34644.15271685259
2020 7 2 4397.799535236041 484.07010746215894 36580.76589280696
2020 7 3 4461.656034799036 471.07288565267436 38625.26781224185
2020 7 4 4526.462192347023 458.4270084854802 40784.231503946074
2020 7 5 4592.232449337123 446.122915110004 43064.07597718942
2020 7 6 4659.097032729183 434.1625330059601 45472.66451146248
2020 7 7 4727.034846189703 422.5320907636623 48016.93888077593
2020 7 8 4796.038252929429 411.2199060588445 50704.33105264599
2020 7 9 4866.141875668738 400.2185433997657 53543.112558901
