2020 5 11 567.4193497943575 526.9408896981193 607.8978098905957
2020 5 12 571.7846376826495 493.1192624712118 656.2690417349935
2020 5 13 576.2206242295874 461.5004808444003 708.5318359175673
2020 5 14 580.8007185709478 431.99694783363475 765.0915224718956
2020 5 15 585.5428265491898 404.47299056468455 826.3316413871624
2020 5 16 590.5047416358459 378.8277658322537 892.7291517938013
2020 5 17 595.625907524218 354.88374184428204 964.6390326136857
2020 5 18 600.9334992671907 332.53772683107513 1042.5712930249063
2020 5 19 606.4177868765229 311.67038252281304 1127.0241247837625
2020 5 20 612.0861132291266 292.18136520197794 1218.567020266387
2020 5 21 617.8368393424757 273.9250550301747 1317.6040805932168
2020 5 22 623.5706405143208 256.77799168787465 1424.5388989987991
2020 5 23 629.1908808588036 240.63561923001063 1539.771399881393
2020 5 24 634.7007653634214 225.4464594492794 1663.9311528876044
2020 5 25 640.0758796716215 211.15104535439806 1797.6227434839843
2020 5 26 645.4965144130759 197.76209421592483 1942.0560293513327
2020 5 27 651.0162361787477 185.23842100440393 2098.254073516987
2020 5 28 656.7440653240936 173.5536182108132 2267.533616063538
2020 5 29 662.711666699831 162.65593595816594 2451.1238797946953
2020 5 30 669.0610900233407 152.52294017539717 2650.7901384377224
2020 5 31 675.8847659509754 143.11544612527447 2868.3589711353634
2020 6 1 683.3348828927681 134.4061086353489 3106.1483754011992
2020 6 2 691.0923147542732 126.27107447776218 3364.674359956961
2020 6 3 698.9947490464903 118.6388227897414 3644.9947750765537
2020 6 4 706.8723679224114 111.44834145773439 3948.068859840724
2020 6 5 714.7514104022878 104.67988901468759 4275.855043983531
2020 6 6 722.7477188262128 98.32680868807958 4631.031629995146
2020 6 7 730.8632590796332 92.36335078692116 5015.901952745777
2020 6 8 738.9494980063208 86.74635354217881 5431.931125947066
2020 6 9 747.0947624826996 81.46737569964799 5882.242847544707
2020 6 10 755.3913618259355 76.51636371245974 6370.37042032473
2020 6 11 763.9668014307856 71.88515134618281 6900.5789248320625
2020 6 12 772.7969461308103 67.54905287011938 7476.338207637119
2020 6 13 781.7291521445953 63.47450701851347 8100.1367571975015
2020 6 14 790.8612066388716 59.653581282708146 8776.983825393867
2020 6 15 800.099940561768 56.062660853982734 9510.388204591054
2020 6 16 809.4136408584228 52.685590839083815 10304.684050819698
2020 6 17 818.8691018150106 49.51411713414508 11165.742993101096
2020 6 18 828.4350201908812 46.53355417540712 12098.751982412201
2020 6 19 838.1468128378518 43.73432675702194 13110.22155676434
2020 6 20 848.076037113815 41.108891720032 14207.871335379688
2020 6 21 858.1578249377848 38.642758791662786 15398.006825106153
2020 6 22 868.1827088768347 36.3166105708264 16684.66359252184
2020 6 23 878.2174105563897 34.125999619844364 18076.77142122953
2020 6 24 888.4042733964762 32.06893168367511 19585.776332593887
2020 6 25 898.5629110278854 30.13057676757073 21217.52204247068
2020 6 26 908.8747249950557 28.31062378908857 22986.087076627526
2020 6 27 919.1551157342567 26.595935060974696 24898.281505750216
2020 6 28 929.3246074745778 24.978526286974315 26963.39592914916
2020 6 29 939.644896566693 23.46050779175426 29200.90589769731
2020 6 30 950.1572093688256 22.03667660596541 31626.497494817533
2020 7 1 960.7479883480366 20.69835074432086 34252.26956203687
2020 7 2 971.57554677868 19.44386168980504 37100.277827945
2020 7 3 982.3650388861082 18.262201037590476 40178.979104819075
2020 7 4 993.355284895407 17.153857962100613 43516.47125108853
2020 7 5 1004.5503251349261 16.114194110521584 47134.77950951752
2020 7 6 1016.0784395789133 15.140861412859856 51063.65125836564
2020 7 7 1027.906274558486 14.228814993759562 55328.42417985459
2020 7 8 1039.9903553040053 13.37334909201819 59955.76740303924
2020 7 9 1052.3964301387673 12.571629360546348 64980.4875542277
