2020 5 11 621.1559405944319 573.313053695725 668.9988274931388
2020 5 12 609.2172925406129 519.0234899300547 706.6329214563656
2020 5 13 597.9998237264837 470.29376616125415 746.9544418520762
2020 5 14 587.2742154790691 426.3635293372939 789.9331504676418
2020 5 15 577.7246862314684 387.2509999944128 836.7079615459738
2020 5 16 568.9979141215815 352.17387565275095 887.2191699923056
2020 5 17 561.3082766729976 320.834362597205 942.1913128024277
2020 5 18 555.057480359292 293.04673182936375 1002.8102807220484
2020 5 19 549.2915405437072 267.8850348776807 1068.0795862456766
2020 5 20 543.9790127381532 245.0756959937354 1138.3622134675281
2020 5 21 539.0358621175441 224.35174618367742 1213.935092456707
2020 5 22 533.5881317049547 205.1515367580742 1293.287559427383
2020 5 23 527.4624175298891 187.31266103166809 1376.050423276235
2020 5 24 520.3300787981673 170.64251151296068 1461.3000697205682
2020 5 25 512.1245497988301 155.0723630805464 1548.5463270794717
2020 5 26 504.16750927324597 140.9589614428065 1641.361678699518
2020 5 27 496.6662746090399 128.22291663026846 1740.821536198584
2020 5 28 489.95036085024907 116.81154069775766 1848.6696338942152
2020 5 29 484.0468298002416 106.58776916309475 1965.9217941369548
2020 5 30 479.54638407883584 97.55211704720857 2096.0203203345677
2020 5 31 476.4631062156167 89.56221127451083 2240.739682121247
2020 6 1 475.4309095740253 82.60853204781586 2405.003886603052
2020 6 2 475.2853955738856 76.34841891342211 2585.784016635279
2020 6 3 475.28728874727585 70.58637196710593 2780.9548119652723
2020 6 4 474.8102514521947 65.1880616687189 2988.054511782265
2020 6 5 474.0208604010135 60.15965410625668 3208.608371083745
2020 6 6 473.34300966871814 55.53311192670539 3446.18784461511
2020 6 7 473.2531698563629 51.33124355554456 3705.632720865605
2020 6 8 472.92490671290864 47.42144382967504 3982.742782433344
2020 6 9 472.5235558805717 43.80209431940013 4279.957920909902
2020 6 10 472.28736527365936 40.47426310995529 4600.845839983261
2020 6 11 472.5638085575539 37.44318315414901 4950.78492280472
2020 6 12 473.3898591743467 34.682632798807205 5333.096508406962
2020 6 13 474.27239433989666 32.129640345688074 5745.551193445818
2020 6 14 475.5977204689839 29.79445941663719 6195.248821469389
2020 6 15 476.9451825776052 27.630154065401108 6680.383866526704
2020 6 16 478.7770633900226 25.650908402431856 7210.240261508176
2020 6 17 480.8943150125807 23.82835514255989 7786.313994624761
2020 6 18 483.07684269406775 22.138068786783364 8409.319371894126
2020 6 19 485.4939432984611 20.577980343344574 9086.084176061744
2020 6 20 487.9419539695808 19.128630180371935 9817.665769432904
2020 6 21 490.79943615197124 17.796929254127132 10616.142340642731
2020 6 22 493.5785443150077 16.554490237435004 11477.502269349701
2020 6 23 495.5508288021676 15.371199915655941 12389.62267072247
2020 6 24 498.2224010964313 14.29393576536394 13391.515900483912
2020 6 25 500.6766647370353 13.285522052942405 14468.19966706011
2020 6 26 503.666937049361 12.362152530232011 15646.589118336622
2020 6 27 507.0264339528893 11.511582993844332 16931.869977530314
2020 6 28 509.6026686004211 10.701244291706315 18295.82463883511
2020 6 29 512.567249763004 9.955828115416145 19783.125812321407
2020 6 30 516.1648995764576 9.274296765934071 21415.10080597944
2020 7 1 519.6877775242193 8.637622806864973 23177.55291816993
2020 7 2 524.2014772658806 8.060724681181247 25128.171278482012
2020 7 3 528.1652123069675 7.5132972752133265 27214.71088832183
2020 7 4 532.01563071193 7.00100895052679 29467.124932803803
2020 7 5 536.6157838864511 6.533147281985714 31945.930416192314
2020 7 6 542.0252120360462 6.105920191677495 34679.06560847229
2020 7 7 548.1578909961822 5.714164231023419 37688.819365638024
2020 7 8 554.8903643066362 5.353072463019181 40996.254318407584
2020 7 9 562.0592917662187 5.018211760225639 44620.07467791167
