2020 5 11 196.77797809158105 188.6425776150095 204.9133785681526
2020 5 12 200.3463316152658 184.12297473500473 217.25456650420912
2020 5 13 203.99293282653483 179.7240981079027 230.3537014932252
2020 5 14 207.76353505351955 175.48108648429118 244.3077093088553
2020 5 15 211.71998734682495 171.43635206012777 259.2435863365062
2020 5 16 215.8500850203296 167.56444494276553 275.2129437043485
2020 5 17 220.1949998957126 163.88420345117117 292.33718172841895
2020 5 18 224.70964458809965 160.3460223282208 310.63614378430685
2020 5 19 229.3674740589996 156.92035066108625 330.15051496068156
2020 5 20 234.1717650277976 153.60201356469454 350.9626366098504
2020 5 21 239.0720760373982 150.35082438753966 373.07980978874576
2020 5 22 244.00116474903837 147.1220594149683 396.47566055625833
2020 5 23 248.9526079745839 143.91483457283562 421.20985863783454
2020 5 24 253.8829373244255 140.70723636583224 447.2813786903696
2020 5 25 258.8574345339544 137.5414933482983 474.87243288857667
2020 5 26 263.89979791028577 134.43124673365116 504.111166706636
2020 5 27 269.0564184919017 131.39950110300688 535.1808125045192
2020 5 28 274.34254796605273 128.4501683616834 568.2225421767156
2020 5 29 279.7738339868262 125.58637227959166 603.3897896511079
2020 5 30 285.41321323771285 122.8315678225017 640.9504298518103
2020 5 31 291.24011759982216 120.16897497222601 681.0150468387756
2020 6 1 297.2466283480492 117.58912186279274 723.7258390636667
2020 6 2 303.4452049563088 115.09162928519304 769.2813192237329
2020 6 3 309.7907556878811 112.65389966269163 817.7492300897537
2020 6 4 316.26329194340616 110.26572639113705 869.2557459108
2020 6 5 322.8552980660213 107.92268488875229 923.9631127664379
2020 6 6 329.56850287036593 105.62401510942445 982.0671699246311
2020 6 7 336.4801365067499 103.39316283572238 1044.0004744263647
2020 6 8 343.5341923129158 101.20865121353492 1109.8317142118535
2020 6 9 350.69180253453743 99.05723473430913 1179.670846341699
2020 6 10 357.99614883746744 96.95087513038636 1253.8967388208043
2020 6 11 365.49442817371227 94.90062409346831 1332.9393771798734
2020 6 12 373.17047150449474 92.89910810552908 1417.0402073144933
2020 6 13 380.9723116536696 90.93098924791866 1506.312840074851
2020 6 14 388.8784808034609 88.990535586194 1600.9771706215931
2020 6 15 396.963326145325 87.09483254871796 1701.6508047211626
2020 6 16 405.2584004572262 85.24875879875714 1808.8357167468562
2020 6 17 413.69001232437466 83.4340737636557 1922.6078266874117
2020 6 18 422.26696831643244 81.65195121460447 2043.3961769954562
2020 6 19 431.0149737282491 79.9065841311623 2171.740302854322
2020 6 20 439.96466121747085 78.20231705576313 2308.2486728325293
2020 6 21 449.2641891181753 76.56355075685684 2454.1979587766177
2020 6 22 458.7756174596072 74.96173920806086 2609.4593156773212
2020 6 23 468.5228678989611 73.3990693858414 2774.7390350836836
2020 6 24 478.6537828082628 71.89663724437912 2951.53307016449
2020 6 25 489.035785262563 70.42976939585799 3139.789116528413
2020 6 26 499.8169259345711 69.01788148251624 3341.16943617776
2020 6 27 510.9447715427031 67.64935247560729 3556.1947429772013
2020 6 28 522.2532140436847 66.29906858169227 3784.590904744668
2020 6 29 534.086491485603 65.01059024561502 4029.645364494484
2020 6 30 546.196640134653 63.74821787043356 4290.633271234689
2020 7 1 558.5424115882756 62.50581000789046 4568.218454141213
2020 7 2 571.2170009571926 61.293184877675 4864.169197186656
2020 7 3 584.0097547142173 60.08590238268895 5177.850076939749
2020 7 4 597.0349828883747 58.8968409608396 5511.28062471433
2020 7 5 610.3458226308044 57.730827769433894 5866.137465892992
2020 7 6 623.7131960567576 56.565176105159516 6241.533710434045
2020 7 7 637.5387678528541 55.438063785798995 6642.608496706154
2020 7 8 651.6506954358036 54.33166155110441 7069.246428618358
2020 7 9 666.0488302760364 53.245159144736654 7523.002441339957
