2020 5 11 192.08823811150316 179.25349419328091 204.9229820297254
2020 5 12 192.72868261692318 167.85150553862664 219.32423417179325
2020 5 13 193.599459374951 157.37351820032944 234.99724158029002
2020 5 14 194.7704521247361 147.79045236069948 252.1498853101268
2020 5 15 196.36070402382663 139.10369199875976 271.08811838334515
2020 5 16 198.37394364350092 131.21796843254762 292.0147817310618
2020 5 17 200.89280052104095 124.10007884849033 315.27078513419804
2020 5 18 204.09291955703645 117.76938498008049 341.3978371740576
2020 5 19 207.57122681783463 111.89274756095821 370.0701549909367
2020 5 20 211.3600283480557 106.44477046852465 401.5983987287158
2020 5 21 215.21453584419024 101.26031341025511 435.8061438252342
2020 5 22 218.88291860551024 96.20772148058118 472.40842709683454
2020 5 23 221.95925833194661 91.11952891035602 510.67210389769474
2020 5 24 224.28437427558256 85.9742934767358 550.2071711029972
2020 5 25 225.66704455269868 80.74899187345814 590.4312249121575
2020 5 26 226.95506696029062 75.80435368435377 633.3260061049342
2020 5 27 228.5172539702494 71.25161596368397 680.0816408259464
2020 5 28 230.67226801717356 67.15380190963828 732.02132454983
2020 5 29 233.45023380907955 63.46709948014032 789.8401817008288
2020 5 30 237.618651777346 60.35171572102514 856.8170491235068
2020 5 31 243.39792140196545 57.779484507705746 935.0135257625637
2020 6 1 251.6386948569401 55.86784498327351 1029.26242396224
2020 6 2 261.358239515526 54.28581864399298 1137.918876168182
2020 6 3 271.7604597243092 52.812410541525665 1259.3836572491778
2020 6 4 282.150711823268 51.29621005946982 1391.8398669501112
2020 6 5 292.66179725238834 49.77328436660899 1536.863651585512
2020 6 6 303.62180000940816 48.30532500890012 1697.2994248505156
2020 6 7 315.7061361670879 46.994237527154894 1878.4741178678214
2020 6 8 327.71471044257527 45.63586406523345 2075.6753668972606
2020 6 9 339.7519813941064 44.257142908271 2290.8673610219876
2020 6 10 352.23139268094593 42.920074781608115 2528.369006778124
2020 6 11 365.7673152396025 41.69628467120626 2794.7866886890884
2020 6 12 380.2534142230941 40.55640778582687 3092.5627730395886
2020 6 13 395.2883953724909 39.44504358286492 3421.864017952415
2020 6 14 410.65967846167 38.3383715617991 3783.9949123519295
2020 6 15 427.379684184933 37.33285941931803 4191.369547751637
2020 6 16 446.0365357367355 36.463442348068774 4654.919683317565
2020 6 17 466.20699397142045 35.67142871427953 5177.033327132287
2020 6 18 487.6549797230505 34.9245755955898 5761.766724347458
2020 6 19 511.0451815920205 34.26178943459298 6423.833764599343
2020 6 20 535.9244390305487 33.6361962559773 7166.592014934959
2020 6 21 563.3099856179459 33.10330958158381 8012.550426674904
2020 6 22 589.8874610340919 32.44914213637211 8926.968344025596
2020 6 23 615.4457998260399 31.68286167476811 9911.343176450171
2020 6 24 643.1566171044511 30.988478042813124 11021.095441657268
2020 6 25 671.1909983770352 30.26478660205979 12239.268458192599
2020 6 26 701.6309617398911 29.611365797208194 13613.670495900175
2020 6 27 734.0013444904164 28.995260256674356 15153.079942219792
2020 6 28 767.2419536054828 28.367354950137525 16853.697184128014
2020 6 29 806.8486246358548 27.93276260190011 18851.946289553474
2020 6 30 853.9803756116286 27.69456085969494 21215.168041535067
2020 7 1 905.0365927215731 27.496375105961555 23903.733792659452
2020 7 2 963.8149541676255 27.44147976847771 27056.35270014717
2020 7 3 1025.0887981314338 27.349056462882633 30587.65530029578
2020 7 4 1091.6640508620217 27.294455240772116 34621.804160547996
2020 7 5 1166.4845366234395 27.33800946314738 39312.376945279866
2020 7 6 1254.508758025559 27.5708969370382 44910.593473442605
2020 7 7 1350.6365557052582 27.83788113179463 51358.32407551201
2020 7 8 1458.926080777591 28.20629769953098 58914.10703482815
2020 7 9 1581.8342005601194 28.694360141216684 67821.20765290708
