2020 5 11 616.8954592197338 595.4633555587458 638.3275628807218
2020 5 12 607.9676149458278 566.4618855308073 650.9406642897717
2020 5 13 599.1583240513786 538.8629791265358 663.791590369428
2020 5 14 590.5976484292438 512.7175317229392 677.030241043839
2020 5 15 582.2784600495323 487.94411116431604 690.6695377047065
2020 5 16 574.193453539626 464.4657323288825 704.7223849302984
2020 5 17 566.313662420923 442.1922519808907 719.1752462092935
2020 5 18 558.6978631214939 421.10859369398327 734.1224400219478
2020 5 19 551.2765981461406 401.0996324393747 749.5013338048756
2020 5 20 544.0734599862086 382.12837824004293 765.3649308771434
2020 5 21 536.9674626937207 364.05655140553273 781.568541458111
2020 5 22 529.9167251511046 346.81392918284956 798.0605455930205
2020 5 23 522.7545918029576 330.2544640231322 814.5933590485724
2020 5 24 515.475610078739 314.35069599884156 831.1357475115676
2020 5 25 508.0415696022406 299.05642381476514 847.6006388684984
2020 5 26 500.67045038085666 284.48020071036245 864.317808948808
2020 5 27 493.46789823828277 270.6494456765391 881.4710670859341
2020 5 28 486.5891209260328 257.6118592688139 899.3580164331465
2020 5 29 480.0931912209402 245.3542361148328 918.1383155338723
2020 5 30 474.12713992825616 233.90633054230236 938.1582861082111
2020 5 31 468.80174302900286 223.27205426502013 959.7357582877452
2020 6 1 464.3054684726262 213.48764411221157 983.3844426434572
2020 6 2 460.13089796678344 204.26010558544164 1008.2058745500524
2020 6 3 456.1495959752115 195.50054076981897 1033.9950550787182
2020 6 4 452.1325662545545 187.08654763892628 1060.2848298157571
2020 6 5 448.0373004639901 178.98766671279873 1086.9766058234877
2020 6 6 444.0044018527227 171.24947883072295 1114.4016407468755
2020 6 7 440.04423513765505 163.85988772379642 1142.6100619302242
2020 6 8 435.9704535050096 156.73370539368892 1171.145786622113
2020 6 9 431.93662129561375 149.91824082588707 1200.4001728346798
2020 6 10 427.89581154356404 143.3837662939782 1230.2621960904662
2020 6 11 424.0288514394045 137.17969758622658 1261.2582447593995
2020 6 12 420.3164342525648 131.2827638738694 1293.3909643217557
2020 6 13 416.64298600631673 125.64134093666672 1326.3622182021425
2020 6 14 413.18539095186094 120.2977491098747 1360.7589321447922
2020 6 15 410.02982455309393 115.26100377238113 1396.947845054091
2020 6 16 407.17170804695 110.51198172811509 1435.0304782089931
2020 6 17 404.44418006889475 105.98866673220928 1474.5413237301198
2020 6 18 401.7764040403587 101.66136397441907 1515.2912589229786
2020 6 19 399.2519076330819 97.54253765123812 1557.6413549484562
2020 6 20 396.89478285090877 93.62760197900927 1601.766170645141
2020 6 21 394.6553763319041 89.89428185366734 1647.5598717356638
2020 6 22 392.155385217683 86.2475908192957 1693.5221858413747
2020 6 23 389.3675647896799 82.68204717611182 1739.4553398919952
2020 6 24 386.7193670170149 79.28934628672548 1787.1695434670833
2020 6 25 383.99200577917895 76.01593466249814 1835.743494690885
2020 6 26 381.3350778059967 72.88779916255406 1885.8824133033143
2020 6 27 378.5792011028177 69.86596294590034 1936.8104905715336
2020 6 28 375.5966816812114 66.92390628488788 1987.852479323517
2020 6 29 372.6261024208753 64.10368049520088 2040.178445767146
2020 6 30 369.6904826503484 61.40427362747678 2093.944555455119
2020 7 1 366.70594877488446 58.80657298671316 2148.7195509700946
2020 7 2 363.88654846908327 56.34138544030397 2205.7538142921226
2020 7 3 360.9470040442539 53.95758076725278 2263.4422900674704
2020 7 4 358.1107984087239 51.686533109047645 2323.138641787074
2020 7 5 355.43828511164634 49.53148205029059 2385.3267657929127
2020 7 6 353.0645956490518 47.50514780408214 2451.0511484936565
2020 7 7 350.9617465465655 45.59601985316949 2520.3566604598086
2020 7 8 349.03226274494455 43.78451158184477 2592.776886922286
2020 7 9 347.28441065871056 42.06642785792204 2668.548491863522
