2020 5 11 669.6274918103006 642.1311933641506 697.1237902564508
2020 5 12 661.6995830725735 608.4839928845176 717.1456718748052
2020 5 13 653.9310849543219 576.6601590518748 737.8136384235429
2020 5 14 646.5451587465475 546.7576569674898 759.4059938914863
2020 5 15 639.4747594662368 518.6020205986252 781.9028783768001
2020 5 16 632.4114640702935 491.83933324785164 804.9803632119407
2020 5 17 625.9078310916395 466.8323314541043 829.35204248219
2020 5 18 619.849141821174 443.37875808547403 854.9625472888629
2020 5 19 614.4988686331101 421.5682684853212 882.2601391223395
2020 5 20 609.5476306263735 401.0727411750931 910.9359057676623
2020 5 21 604.7024145234424 381.61716304229526 940.6425346942327
2020 5 22 599.7552306049276 363.01669703532497 971.0994037393526
2020 5 23 594.4735057607885 345.0958524864475 1001.9352206789094
2020 5 24 588.2796337411029 327.5031875111185 1032.1344412457547
2020 5 25 581.2482969935036 310.30522509528714 1061.6613389276451
2020 5 26 574.1832933311633 293.9475284936223 1091.8179344570651
2020 5 27 567.4533296659146 278.57968354073574 1123.3049233351796
2020 5 28 561.7379794631643 264.4746621623888 1157.5522997013734
2020 5 29 557.3152703806066 251.6652974909757 1195.3888874400889
2020 5 30 554.7009188547311 240.27720272633755 1238.2662980924417
2020 5 31 554.0566170956349 230.25247507924098 1287.0520705641295
2020 6 1 556.554705755966 221.95158434416015 1345.0578396740068
2020 6 2 560.2233335927476 214.41226533476558 1408.479542729616
2020 6 3 564.6778816800165 207.4205814012941 1476.806799156875
2020 6 4 568.8247923551355 200.53087283722962 1547.5515032301425
2020 6 5 572.5084765078211 193.69597375131988 1620.3420357704103
2020 6 6 576.2822664191959 187.11644992741194 1696.7438442354342
2020 6 7 580.6311003736 180.93905877366376 1778.3679815105395
2020 6 8 583.8873141853732 174.6148912450745 1860.4717443748239
2020 6 9 586.8408451398283 168.41578537860028 1945.3434360795134
2020 6 10 589.5037260827228 162.3490571702366 2033.073822578444
2020 6 11 592.8096981082087 156.6746458926947 2126.93685472367
2020 6 12 596.5458080026567 151.30734803637085 2226.6101271898424
2020 6 13 600.3399802536218 146.1326755442996 2331.0831551356073
2020 6 14 604.52300724633 141.22375510974462 2441.874276698965
2020 6 15 609.0150009345098 136.5451055500114 2559.0613399245904
2020 6 16 613.9279849634563 132.1083616618835 2683.5010159658545
2020 6 17 618.9161242323812 127.82342412113911 2814.147096543646
2020 6 18 623.6941196420925 123.62569781062695 2950.013892716411
2020 6 19 628.6172612292124 119.5872838506407 3092.9523880256065
2020 6 20 633.7611218864257 115.71538702611551 3243.7115406863622
2020 6 21 638.4153696391569 111.87176992890255 3399.097751784462
2020 6 22 642.1433952659304 107.98752824895935 3556.814114031278
2020 6 23 644.8900259438748 104.06944979043766 3716.291932012522
2020 6 24 648.3760115469928 100.41094768496173 3887.113261089593
2020 6 25 651.3931475435218 96.80553136537439 4062.8626874091524
2020 6 26 654.970820256207 93.41078988028177 4249.966939282777
2020 6 27 658.2460230119799 90.08915381189595 4443.597609151657
2020 6 28 661.1567440867652 86.83350793626558 4643.479137456323
2020 6 29 664.7306602562975 83.78092552855232 4856.919118037285
2020 6 30 668.9585042737663 80.91563936552568 5084.806811779804
2020 7 1 672.8068278432149 78.09918679673959 5320.297886512171
2020 7 2 677.3780014057786 75.46210563084222 5572.236145023828
2020 7 3 680.9808130282654 72.80272905375148 5827.883321692819
2020 7 4 684.7800933221981 70.25602770995837 6096.776668030598
2020 7 5 689.0760246725571 67.84719208989512 6382.309608863182
2020 7 6 694.2162363928313 65.60142232055554 6688.785250533896
2020 7 7 700.3788875788061 63.52298263837282 7019.459493624452
2020 7 8 707.3337775263325 61.5772865415255 7373.873139829272
2020 7 9 715.2601523734065 59.76974747198999 7755.588829362809
