2020 5 11 1.5187446341289421 1.3352569483323766 1.7022323199255078
2020 5 12 1.3883411591233654 1.073180284599733 1.744020392459004
2020 5 13 1.2687950095881693 0.8622801375518392 1.7864078864144561
2020 5 14 1.1592643604331703 0.6926367211850157 1.8294337770146107
2020 5 15 1.058828688950203 0.5561532957390415 1.8729271718320726
2020 5 16 0.9668014287569252 0.4464098639253711 1.9169361764978592
2020 5 17 0.882479144629401 0.3581861293699153 1.9613973387117876
2020 5 18 0.8054029715015699 0.2873540483437451 2.006649036869909
2020 5 19 0.7349921047466129 0.2305054149815079 2.0527788971605556
2020 5 20 0.6708064423904536 0.184925268062744 2.1001637816653873
2020 5 21 0.612236145361165 0.14836093488441715 2.1486741991004816
2020 5 22 0.5587231842222996 0.11901255905693502 2.1981063917583
2020 5 23 0.5096794443588508 0.0954254718015048 2.247857041788812
2020 5 24 0.46471547042951483 0.07647094224079383 2.2977404786945024
2020 5 25 0.4234794758076717 0.06124209739434651 2.347550444271983
2020 5 26 0.38603048768223963 0.049064516323790906 2.3991496228561786
2020 5 27 0.3521264962923148 0.03933802084604847 2.4533330236855115
2020 5 28 0.3215300838331533 0.03157654838088477 2.5110384975407833
2020 5 29 0.2938837102881555 0.025375058213890786 2.5723778246706073
2020 5 30 0.2689519668871459 0.020420652668480622 2.6381696094589064
2020 5 31 0.24655796742738736 0.0164656706481731 2.7097899006539294
2020 6 1 0.22658741410237215 0.013313992224337877 2.7894963677198517
2020 6 2 0.2085014797453514 0.010781265467095331 2.8748350447993865
2020 6 3 0.1918780459561542 0.008731317912326701 2.9630451134277034
2020 6 4 0.1764929876457786 0.007067188978769475 3.0526186054911313
2020 6 5 0.16228285464362202 0.0057178822178946855 3.143885153960754
2020 6 6 0.14923645150649795 0.0046268837476543334 3.2382604100918746
2020 6 7 0.13727045770548918 0.0037450316385005777 3.3361537198589772
2020 6 8 0.126214133890419 0.0030298963326461496 3.4357965211303956
2020 6 9 0.1159911177067236 0.002449946745283436 3.5368579363311103
2020 6 10 0.10659613921318765 0.001981004759157177 3.64089199836337
2020 6 11 0.09800078622568813 0.0016025409188158038 3.749306502032243
2020 6 12 0.09013701864830685 0.0012970108205732874 3.8624222331237767
2020 6 13 0.08290425458521028 0.0010497311169609823 3.978950640296457
2020 6 14 0.07627190441616931 0.0008498499515857603 4.099956651461238
2020 6 15 0.07018627789092372 0.0006882082941833652 4.225509961891714
2020 6 16 0.06461378870321029 0.0005575812917413349 4.3565681651115025
2020 6 17 0.059516926516077345 0.0004520347132615108 4.493929446133504
2020 6 18 0.054840101135141976 0.00036660403551771326 4.636979776612765
2020 6 19 0.05054403791618963 0.00029740765377256264 4.785704727673351
2020 6 20 0.04660284926525978 0.00024137991838504518 4.940935352355199
2020 6 21 0.04295770924237244 0.00019584872288185882 5.100006544621852
2020 6 22 0.039609365370661835 0.00015895928836500147 5.265586086897291
2020 6 23 0.03654834292888465 0.0001291239132706886 5.440042257838644
2020 6 24 0.03373823576501348 0.00010493912573482695 5.62241561678565
2020 6 25 0.031154386318999604 8.53158393313779e-05 5.812602030826707
2020 6 26 0.028792900553360954 6.942908131151456e-05 6.01378893692489
2020 6 27 0.026616505100282108 5.6515301589716434e-05 6.223211542716914
2020 6 28 0.02462392361452616 4.60444695755389e-05 6.444440677582147
2020 6 29 0.022783488605648536 3.751917941606588e-05 6.6743133115032895
2020 6 30 0.021068905922130975 3.055310028127965e-05 6.908956559316281
2020 7 1 0.019486538573371143 2.4885009865953337e-05 7.152892925369318
2020 7 2 0.018028314003889736 2.027520952918512e-05 7.407387496026842
2020 7 3 0.016669405031298237 1.6508318237226266e-05 7.666907398533212
2020 7 4 0.015418467034529043 1.3446758060882167e-05 7.938068332513376
2020 7 5 0.014260006503049297 1.0951762280069611e-05 8.218099928843495
2020 7 6 0.013192034014197544 8.922351401377294e-06 8.509997055722005
2020 7 7 0.012209958636311328 7.272999133474943e-06 8.816076808686201
2020 7 8 0.011304006874240585 5.930334896319833e-06 9.135341174031947
2020 7 9 0.010470057301482458 4.838048191803294e-06 9.470032390431983
