2020 5 11 363.9482504426828 313.5297171357508 414.3667837496148
2020 5 12 370.1934266331172 274.83431452666736 479.7280249299295
2020 5 13 376.6125254929121 240.96420678263678 555.4857057292262
2020 5 14 383.79807192317855 211.68736531004197 644.1731890582348
2020 5 15 391.73518048510454 186.30653690477754 748.0516284714952
2020 5 16 400.56353963381946 164.31461889311413 870.0698293259925
2020 5 17 410.2577140004331 145.19221108897926 1013.4394739672787
2020 5 18 420.9335524265401 128.55959308512425 1182.278898528239
2020 5 19 432.5379781046597 114.03109639843848 1381.0748828296698
2020 5 20 445.0558890653912 101.30094715119729 1615.1929495667362
2020 5 21 457.88224388664526 89.97970731417976 1888.803047912132
2020 5 22 470.65934923758493 79.84139272721185 2207.0340890870098
2020 5 23 482.5964540058176 70.64241761001865 2573.270747686998
2020 5 24 493.6667349632874 62.33210524114789 2994.04459809722
2020 5 25 503.27125664257727 54.78227531363614 3473.192351824754
2020 5 26 513.2087353755163 48.16280376614557 4030.0280944830984
2020 5 27 523.9383624572246 42.39910402549762 4680.817482999784
2020 5 28 536.4132736418218 37.44823500913195 5450.287765720008
2020 5 29 551.5209723978253 33.23853511917759 6369.982506814002
2020 5 30 570.2562306947694 29.695042545033616 7481.852086630673
2020 5 31 594.263099917289 26.77068249738712 8848.610784158058
2020 6 1 626.353565348157 24.45293851034547 10570.360759751844
2020 6 2 662.5406747588854 22.428140416652052 12667.016999388987
2020 6 3 702.1647873540493 20.616578698205046 15205.290091226478
2020 6 4 743.5471697180778 18.933385524157973 18238.951609412386
2020 6 5 785.8575107771857 17.34913908170308 21840.80715227481
2020 6 6 830.3473233732915 15.892417729325162 26147.622284559453
2020 6 7 878.0789751429292 14.571850469083468 31326.47496748159
2020 6 8 926.260323614337 13.322943593838914 37449.21710767045
2020 6 9 976.2787832815577 12.16947384545543 44736.031977703526
2020 6 10 1028.7148538502936 11.11233612693866 53427.71822689525
2020 6 11 1086.0576796560483 10.16961072886108 63916.66529138349
2020 6 12 1149.1191266828207 9.330479715373661 76613.24273678605
2020 6 13 1217.1765365042543 8.571422728130855 91920.86368943368
2020 6 14 1290.678050567406 7.884069776308406 110393.74247398
2020 6 15 1371.2408234770292 7.267857378603476 132803.350130714
2020 6 16 1460.4148042370489 6.718795957007406 160109.0106183711
2020 6 17 1558.7795058261725 6.226817618128836 193400.8096624847
2020 6 18 1664.221962294913 5.772671597043214 233671.18466050967
2020 6 19 1779.212559951321 5.360027063888154 282665.9190261576
2020 6 20 1904.2144917840033 4.983103290032311 342261.7920501382
2020 6 21 2037.9986699393676 4.63268526504757 414422.5618035393
2020 6 22 2171.7162149286746 4.285391637675093 499872.4799246635
2020 6 23 2305.3811608394267 3.946716890827863 600909.8054232692
2020 6 24 2446.603688695929 3.633661921356459 722194.9813468251
2020 6 25 2592.926025919846 3.3401644350637203 866911.617339431
2020 6 26 2748.7520723643515 3.0713429037689366 1040878.8742438788
2020 6 27 2911.5488981612048 2.821481764530496 1248850.4819629896
2020 6 28 3078.916256621185 2.58703307918461 1496200.416832664
2020 6 29 3264.8424552852334 2.379575708355855 1796884.3728812037
2020 6 30 3469.578267289742 2.1942808076018547 2162168.2826217283
2020 7 1 3686.145710981022 2.0227776276384515 2601082.136029749
2020 7 2 3920.5113282145044 1.867027793807199 3132114.5328373113
2020 7 3 4160.67314165576 1.7189344936895983 3764287.7120722886
2020 7 4 4416.754551652509 1.583087002090644 4525148.887891309
2020 7 5 4692.443747564611 1.4593542263781294 5443740.91034994
2020 7 6 4997.600858772664 1.3491050753000746 6563026.989612837
2020 7 7 5330.823867580669 1.2494041403824176 7923245.339521974
2020 7 8 5698.541924269374 1.1599486317133767 9583622.580206702
2020 7 9 6117.100490480839 1.0820835846886072 11634788.506243795
