2020 5 11 25.211169005943454 23.50850597973384 26.913832032153067
2020 5 12 24.84234886483223 21.598988442901543 28.31249524633647
2020 5 13 24.464169228028496 19.831745980541722 29.76702832264397
2020 5 14 24.057656056335656 18.181464992258373 31.254806811480567
2020 5 15 23.628083263001177 16.64597847068732 32.77821168126931
2020 5 16 23.159221512734575 15.207086123154323 34.31072479981044
2020 5 17 22.654826385076447 13.863131301219601 35.84846210844661
2020 5 18 22.117944189788606 12.611348946197465 37.38632781067471
2020 5 19 21.56473246365335 11.456031779860902 38.94105816424248
2020 5 20 21.014273488498507 10.400664118378499 40.540427373028315
2020 5 21 20.467304303486035 9.437293355516124 42.18511069371702
2020 5 22 19.939247463283515 8.565311534479447 43.906153944722384
2020 5 23 19.473324706638557 7.794737159851044 45.80423061073322
2020 5 24 19.048983961816454 7.105773579026107 47.85656043068244
2020 5 25 18.676970574690895 6.493776520422861 50.109079022172885
2020 5 26 18.3122223498689 5.934488768635208 52.46761944137824
2020 5 27 17.913183038998564 5.409949384104836 54.81851276554327
2020 5 28 17.468823263549965 4.915459842496068 57.10944034922352
2020 5 29 16.99597945049248 4.455051834018097 59.366951412615784
2020 5 30 16.459059331830076 4.0176172593184605 61.44517591426746
2020 5 31 15.839838906917304 3.598904045823086 63.22558484476977
2020 6 1 15.112564081431207 3.193985195469119 64.5332889220387
2020 6 2 14.373110737115445 2.824993231315801 65.67344507206195
2020 6 3 13.659003365572957 2.4965002126559557 66.78423682801012
2020 6 4 13.00096925110639 2.2099686943967476 68.01450783038483
2020 6 5 12.384437355732697 1.9579893376649595 69.3187155458898
2020 6 6 11.79714263265527 1.7347405219494085 70.64793201054907
2020 6 7 11.237698596843416 1.536946407523413 72.00263677798497
2020 6 8 10.7301993503158 1.3651805752410187 73.546157569638
2020 6 9 10.26179704707423 1.2146692243349781 75.23365332343933
2020 6 10 9.813841774732934 1.0807517710879062 76.9598681893357
2020 6 11 9.3706445076682 0.9599692723990193 78.60965716913921
2020 6 12 8.93333397464797 0.8512378083741735 80.1762918758065
2020 6 13 8.516431910024334 0.7548218752823556 81.7741485009062
2020 6 14 8.112565720827595 0.6687575201342622 83.34220329988668
2020 6 15 7.721735961343698 0.592002025934855 84.87749816681647
2020 6 16 7.338092596177022 0.5231634423954862 86.31310467604942
2020 6 17 6.96797813184493 0.4619350875455636 87.70792514240053
2020 6 18 6.611278430739055 0.4075243512241241 89.0591667272508
2020 6 19 6.262870732225274 0.3589081553579861 90.29695007721197
2020 6 20 5.923381155763516 0.31555056706921575 91.41579479331693
2020 6 21 5.6022941900938275 0.27743075461293787 92.54850280710454
2020 6 22 5.311282268403064 0.24454340197637117 93.90455077242359
2020 6 23 5.043394889506992 0.21592330168064439 95.42204906880022
2020 6 24 4.7890190590742225 0.1906527505214615 96.96407014986156
2020 6 25 4.5583039892145685 0.1687709089777385 98.7503012942679
2020 6 26 4.345576428633179 0.1496549762645028 100.71832475185126
2020 6 27 4.149328349522126 0.1329298572704739 102.87742385310078
2020 6 28 3.9713269118257197 0.11837453180372669 105.31547202083527
2020 6 29 3.797967721404933 0.1053237229819681 107.73190569619713
2020 6 30 3.635039252557082 0.09379116664849659 110.28499815761224
2020 7 1 3.4818405266181647 0.08359208746677839 112.98173433302898
2020 7 2 3.3324735526501916 0.07443906447775865 115.65924024308589
2020 7 3 3.1920264578541695 0.06634437987204311 118.48738969582465
2020 7 4 3.0574985057385016 0.059129930923850986 121.38469427451976
2020 7 5 2.926335318848569 0.052655423186497845 124.26133834649401
2020 7 6 2.798592845605005 0.04685015535595473 127.11247955836265
2020 7 7 2.6676361049750823 0.0415377595588908 129.62977034844306
2020 7 8 2.539522667748072 0.03677659734713854 132.03729967408208
2020 7 9 2.412871521053997 0.032493247012440135 134.24567638436645
