2020 5 11 2351.3450037457483 2255.0153394853623 2447.6746680061337
2020 5 12 2377.4890163467144 2186.7129120787745 2576.24273242223
2020 5 13 2404.1318220000608 2120.670710517963 2711.7895435389114
2020 5 14 2432.138401649419 2057.562701442802 2855.669556642221
2020 5 15 2461.6501528289305 1997.3300405523726 3008.567651409069
2020 5 16 2492.4831617485593 1939.6421052643086 3170.8293572744374
2020 5 17 2525.252763745809 1884.8268586527863 3343.814708265554
2020 5 18 2558.9029721889738 1831.8964242337352 3526.8328825277554
2020 5 19 2594.2584075619798 1781.352150427688 3721.6004809507795
2020 5 20 2630.90611479384 1732.7543712732063 3928.2770862993525
2020 5 21 2668.154819701714 1685.5372668924856 4146.5557094078895
2020 5 22 2705.0473040716042 1639.0486297746907 4375.590018098522
2020 5 23 2740.8547534550607 1592.8756564978094 4614.694745799994
2020 5 24 2774.8605293593823 1546.680876557857 4863.033913544278
2020 5 25 2807.5518329244387 1500.8579426725735 5121.694353595923
2020 5 26 2839.9380940474784 1456.0236284650384 5392.853634627092
2020 5 27 2873.0787520691288 1412.7238639966 5679.092105757002
2020 5 28 2907.6334835182706 1371.2169172452534 5982.554057425364
2020 5 29 2945.333005062247 1332.2165455353181 6307.846897141877
2020 5 30 2987.339086040368 1296.0522558291711 6659.003340245775
2020 5 31 3034.6843695879525 1262.9261717797851 7040.274658711872
2020 6 1 3089.765500771865 1233.5538731072127 7459.582133676242
2020 6 2 3147.779818847106 1205.6365979385569 7908.530758042988
2020 6 3 3207.8682992359218 1178.7283512174185 8386.973374583302
2020 6 4 3268.673674421882 1152.2626056799859 8893.2357364553
2020 6 5 3329.243678188049 1125.9018172311642 9426.281343471925
2020 6 6 3390.043233106593 1099.8421504617145 9988.748863049399
2020 6 7 3452.559221866686 1074.5822876956795 10586.564756677064
2020 6 8 3513.6818211562654 1049.1100625948625 11212.351734562588
2020 6 9 3574.237481163103 1023.7492747308 11869.867739413721
2020 6 10 3635.9166507843843 999.0244280506961 12566.207144877277
2020 6 11 3699.960302451929 975.2539431039619 13307.890277017881
2020 6 12 3766.5377278966785 952.4195667685157 14098.405024302085
2020 6 13 3835.0707378127518 930.3113946952377 14938.713584553818
2020 6 14 3905.3649671387025 908.8411573687855 15831.11027126191
2020 6 15 3977.209477461518 887.9273553555065 16777.877622346066
2020 6 16 4053.842148888162 868.2687171795745 17795.88904264663
2020 6 17 4132.857342826673 849.2393636227151 18879.64622985674
2020 6 18 4214.151557496146 830.7788986220247 20032.778907375843
2020 6 19 4297.798282981841 812.8682531853905 21259.924324372445
2020 6 20 4384.065801253997 795.525403724846 22566.992082556066
2020 6 21 4474.220412481444 778.9437019676866 23965.514220380916
2020 6 22 4564.92908661904 762.4813187200184 25443.7429278021
2020 6 23 4654.620228930195 745.889729199699 26997.229448957904
2020 6 24 4747.425913233925 729.8758751378913 28653.408713932793
2020 6 25 4840.490535270714 713.9611568124146 30401.583036258242
2020 6 26 4937.1103533875375 698.6487480203917 32267.28611389519
2020 6 27 5035.879448313574 683.6959735944133 34248.92705060094
2020 6 28 5133.360694292667 668.6201193025307 36330.07028856396
2020 6 29 5234.105585765262 654.0560064153877 38547.417650828946
2020 6 30 5338.231333880718 639.984539142926 40910.4349085262
2020 7 1 5444.786431300455 626.258715559353 43421.05168217488
2020 7 2 5555.902091483693 613.1071886875101 46105.149336412236
2020 7 3 5666.677894914423 599.9441048434392 48933.52817002193
2020 7 4 5781.055442537607 587.2111109486603 51947.4469248836
2020 7 5 5899.679571644412 574.9452057115907 55164.413384378895
2020 7 6 6024.165859062214 563.2695921565022 58612.65169101894
2020 7 7 6155.272905205946 552.2045282133708 62315.29410269959
2020 7 8 6291.28753701687 541.5411206664718 66272.63441079375
2020 7 9 6434.441361335839 531.4394455184758 70524.8300248539
