2020 5 11 589.0516134259115 544.2635394786238 633.839687373199
2020 5 12 590.9354990722359 504.51000073376724 684.1902059650146
2020 5 13 592.9540127188453 467.7698937275625 738.6893319016652
2020 5 14 595.3578762417777 434.0038801264251 798.0010532835894
2020 5 15 598.091695023486 402.9086959245143 862.504302234488
2020 5 16 601.0558280242508 374.18809225227545 932.535446907544
2020 5 17 604.5721737871246 347.8494192462991 1009.0867430022064
2020 5 18 608.4690960897033 323.57182947712386 1092.522972210232
2020 5 19 612.678022224698 301.14121486503996 1183.3732274118738
2020 5 20 617.1765801736537 280.39358178902353 1282.2814446994719
2020 5 21 621.7140961493144 261.0780849695209 1389.4688836645892
2020 5 22 626.1671773242025 243.04371052567421 1505.352989041863
2020 5 23 630.2710891398135 226.10718004024335 1629.9859202363937
2020 5 24 633.7448341399255 210.11515473520134 1763.238328997509
2020 5 25 636.4890586589478 195.00599074972473 1905.3012305855439
2020 5 26 639.1718092743012 180.96083625550565 2058.590452145539
2020 5 27 642.1236986895146 168.00026964222687 2225.0428150639314
2020 5 28 645.570261614102 156.0938054467414 2406.6209600612146
2020 5 29 649.8537622676514 145.22906455647492 2606.068133670314
2020 5 30 655.4389370044958 135.40509811636213 2827.150408075123
2020 5 31 662.677357447962 126.57729261212471 3073.9119091247394
2020 6 1 672.4206267460332 118.78820001273313 3353.4596868439944
2020 6 2 683.0821308939431 111.6153252146829 3662.295047528615
2020 6 3 694.2472665850687 104.93024706741721 4001.3663364770387
2020 6 4 705.4748785465179 98.62742419456123 4371.138577549262
2020 6 5 716.5588368198572 92.65772346936689 4773.066887606769
2020 6 6 727.7343538701222 87.03867655692683 5211.40259326301
2020 6 7 739.2938480687689 81.78546431799914 5691.494526393233
2020 6 8 750.3979156072469 76.77861451458041 6210.894456432287
2020 6 9 761.6039004957398 72.07164392042925 6777.157424061447
2020 6 10 772.9991728920288 67.65531429854309 7395.243290540642
2020 6 11 785.0103935858908 63.548591005982175 8073.961015238932
2020 6 12 797.6380031607682 59.725938187959336 8819.389907578583
2020 6 13 810.6985635419016 56.15043916161913 9636.181702043456
2020 6 14 824.5569464172924 52.82943442120955 10535.560391158135
2020 6 15 839.0086001647487 49.727682428027926 11523.434683703728
2020 6 16 854.5112980474327 46.8553249457288 12614.894560557068
2020 6 17 870.8421099524273 44.17858085926132 13817.730172285854
2020 6 18 887.9115828196063 41.676393079054854 15142.024911815188
2020 6 19 905.9552232574341 39.3459449279629 16604.14760635388
2020 6 20 924.9137072032512 37.169617327761436 18217.500468271115
2020 6 21 944.7752689529535 35.13401658568552 19997.588963800754
2020 6 22 964.0561269678414 33.17244005613342 21930.29631222619
2020 6 23 982.3971493853911 31.274502396063962 24019.46384104354
2020 6 24 1001.0871069882595 29.485153894808704 26307.65380445661
2020 6 25 1019.296150202779 27.77354450603895 28791.843733568698
2020 6 26 1037.807033539192 26.160493580323926 31509.7821867015
2020 6 27 1056.026131960555 24.625297471721847 34465.22715634861
2020 6 28 1073.1045594913176 23.146134956685263 37650.21028785734
2020 6 29 1090.675621600906 21.760489364300895 41137.116201448145
2020 6 30 1108.88007616751 20.464692435037822 44959.99374196014
2020 7 1 1127.1327789778577 19.241340609922595 49127.76829656134
2020 7 2 1146.2705013462967 18.101098358754367 53707.37340071176
2020 7 3 1164.7753650909904 17.013301978083454 58669.004538382746
2020 7 4 1183.7803275184501 15.993818609378646 64099.14707439408
2020 7 5 1203.4364665751555 15.040033772960765 70050.3484363744
2020 7 6 1224.5632528849555 14.157428051069514 76620.68740862174
2020 7 7 1247.3134905646195 13.341098084916204 83885.66078613288
2020 7 8 1271.3165776811204 12.58071803508149 91895.31277685499
2020 7 9 1296.9226180582464 11.874967627658489 100752.2287217811
