2020 5 11 305.374390709477 275.41871004208923 335.33007137686474
2020 5 12 317.939197665543 258.62780401192555 383.3681762293792
2020 5 13 331.02086108180475 242.86045022292606 438.2878798974446
2020 5 14 344.71755034351185 228.11069004208562 501.1768066112902
2020 5 15 359.0134862114892 214.27825171495144 573.1367975833962
2020 5 16 373.9981744885999 201.3418265017303 655.5820149282129
2020 5 17 389.6785541074731 189.2242208350762 750.0100494755781
2020 5 18 406.12519741939957 177.8887570238421 858.2486982834962
2020 5 19 423.37477501971216 167.27999618984134 982.3378520702902
2020 5 20 441.4517451694506 157.34134408669527 1124.5881552398112
2020 5 21 460.3005535794616 147.99317983551728 1287.437429231005
2020 5 22 479.96092242828746 139.2025962266839 1473.8874944642919
2020 5 23 500.292078918776 130.88516133876513 1686.8209379030393
2020 5 24 521.3165324293243 123.02076419297198 1929.9507992041079
2020 5 25 542.9435217167039 115.56259765434173 2207.083877830627
2020 5 26 565.467713829125 108.55658444513391 2524.012138438306
2020 5 27 588.9568097275412 101.98116413631251 2886.5860580920944
2020 5 28 613.7073416420149 95.85349948773987 3302.64401194343
2020 5 29 639.7957228022708 90.14052397695143 3780.272651737423
2020 5 30 667.4414343734812 84.83121274233474 4329.624950340099
2020 5 31 697.001260264355 79.92607449494383 4963.477136638585
2020 6 1 728.8470651372228 75.41657665494627 5697.080722612613
2020 6 2 762.5407643159838 71.20216008798441 6542.182041772349
2020 6 3 797.9564934215604 67.23860478357265 7514.055714971776
2020 6 4 834.759012143328 63.47393960073043 8627.875890189645
2020 6 5 872.988924021882 59.89952818247144 9904.008971916583
2020 6 6 913.0637847593778 56.53286027484048 11369.96022965232
2020 6 7 954.9782959425296 53.35541677588506 13052.895649675336
2020 6 8 998.5080522429594 50.33930629277233 14980.710834625586
2020 6 9 1043.8605122920314 47.48555224397119 17190.827422291703
2020 6 10 1091.4416917856106 44.8012573668263 19729.784220538797
2020 6 11 1141.7211977185195 42.29043625117079 22653.297359969907
2020 6 12 1194.8708085929509 39.94084653876634 26020.999471133277
2020 6 13 1250.6878698102907 37.72825506403373 29893.56133475071
2020 6 14 1309.5168552661007 35.650435792479584 34352.1232777807
2020 6 15 1371.4659296864068 33.696657135411016 39484.92872968924
2020 6 16 1436.7152458323499 31.85903462930881 45395.30641274334
2020 6 17 1505.3012132444676 30.126777378562103 52197.73115531691
2020 6 18 1577.080200481397 28.487083475049637 60016.67637078086
2020 6 19 1652.4519242631268 26.939703367594923 69013.32851413291
2020 6 20 1731.425809015551 25.47637486897 79358.60165223046
2020 6 21 1814.1740090029982 24.09253240869039 91254.65749572853
2020 6 22 1900.0945958893833 22.773469202603067 104894.61137134454
2020 6 23 1989.2650826548916 21.516804144521352 120528.11434810884
2020 6 24 2082.7275223032802 20.33064305799384 138498.13289741374
2020 6 25 2180.019822672 19.20439232962512 159110.046295888
2020 6 26 2281.857024670756 18.140532185731903 182789.51710512454
2020 6 27 2388.328440201774 17.134628570603265 209983.2201411015
2020 6 28 2498.9953871434845 16.178961316169246 241154.63433025457
2020 6 29 2615.4637730489994 15.280955917838828 277018.351013774
2020 6 30 2738.065196236393 14.436912292991519 318290.2606956402
2020 7 1 2866.1184563067986 13.637933043679073 365676.801732272
2020 7 2 3000.9329412400193 12.886847151839477 420216.7293573265
2020 7 3 3141.4417032113433 12.17434749343873 482800.5695696888
2020 7 4 3289.206651388643 11.503866078448015 554809.2613896984
2020 7 5 3444.985845928656 10.874030816034367 637737.3326004669
2020 7 6 3609.814099819649 10.283954208270925 733370.1534133476
2020 7 7 3783.6961716797564 9.729223956352161 843580.9152325682
2020 7 8 3967.667204440047 9.208821815970802 970736.0930046604
2020 7 9 4162.903749474357 8.721640955790336 1117625.4351785234
