2020 5 11 213.94436672284286 203.02151340330866 224.86722004237703
2020 5 12 216.98261950940528 195.39772454555026 239.69809020156782
2020 5 13 220.10544484866023 188.09752635775587 255.55287679966696
2020 5 14 223.40195287280397 181.18008628536208 272.6058472570984
2020 5 15 226.85390003203975 174.60306198619455 290.92618624791567
2020 5 16 230.4114243224429 168.30499701891046 310.54472716856327
2020 5 17 234.18371811428855 162.35023592672576 331.70051106014597
2020 5 18 238.08444454970248 156.65238040528732 354.3919635309268
2020 5 19 242.10666344183454 151.19168519198064 378.7198556683022
2020 5 20 246.30711942701586 145.99021404025973 404.8902969458328
2020 5 21 250.55436133756837 140.95222574360702 432.8262894195826
2020 5 22 254.787562772788 136.03899424063493 462.5389946472329
2020 5 23 258.91925957900037 131.20464136917667 493.9773110006929
2020 5 24 262.80727013540644 126.38464726351448 526.9597167708966
2020 5 25 266.4777035486556 121.60901251921342 561.5909932155872
2020 5 26 270.1846720753279 117.00711152901822 598.4671664671627
2020 5 27 274.0327999917974 112.61815357575554 637.9632162214205
2020 5 28 278.1780493491745 108.49340910078168 680.6299420709112
2020 5 29 282.7703463439162 104.66963652818733 727.0905900632786
2020 5 30 288.0479285424694 101.2062313732677 778.2898455197338
2020 5 31 294.0448591962371 98.07556293853072 834.7718778749993
2020 6 1 301.22293129783117 95.39405162662003 898.351653343762
2020 6 2 309.0423557233897 92.93347299311775 968.1640816153075
2020 6 3 317.23555867462545 90.58772252708506 1043.9368152803313
2020 6 4 325.54078281786815 88.2711431659994 1125.2936889265582
2020 6 5 333.8115599710268 85.94550794319119 1212.1202648286578
2020 6 6 342.3662601414593 83.70014443688108 1305.914250656404
2020 6 7 351.34832696490963 81.56432530738059 1407.7599203486648
2020 6 8 360.10001972874807 79.3748217871418 1515.681109810673
2020 6 9 368.87069528169724 77.20022594228723 1631.0380621571662
2020 6 10 377.75306172219916 75.06387385838819 1754.724012270983
2020 6 11 387.03720592279205 73.02397694297771 1888.6621822517081
2020 6 12 396.8917677403728 71.10408683381408 2034.4939133492926
2020 6 13 406.9095037176188 69.21895450590796 2191.13618817347
2020 6 14 417.5623909554478 67.44883382143695 2361.8974712258687
2020 6 15 428.8403243168207 65.77989421309626 2547.9246331406844
2020 6 16 440.80206620748004 64.21041651967282 2750.8566270155584
2020 6 17 453.36543365808757 62.717420856169376 2971.6236519804884
2020 6 18 466.53742749032097 61.29380101579097 3211.750386690949
2020 6 19 480.3757370187449 59.93975779914386 3473.2334393907086
2020 6 20 495.07583654205183 58.671941282789774 3759.268170019069
2020 6 21 510.36258127757554 57.44715375405587 4069.897804440968
2020 6 22 525.7264655661183 56.20348582989269 4403.045908716815
2020 6 23 541.0589325362542 54.93393775818907 4759.327651357732
2020 6 24 557.2870914401817 53.73860627303244 5148.384101227533
2020 6 25 573.6324000357112 52.53364565859683 5565.830043403276
2020 6 26 590.7107367333612 51.37892992469639 6019.5845147393065
2020 6 27 607.9384272779412 50.21836095910741 6506.67188683319
2020 6 28 625.1981774731016 49.04515242338383 7028.138612980675
2020 6 29 643.1552550808959 47.91561566314704 7593.727942121977
2020 6 30 661.8769110746653 46.83062940902448 8207.770775157434
2020 7 1 680.8509040819953 45.74950619744627 8867.837372643166
2020 7 2 700.8579843938995 44.726210559645374 9587.357481276902
2020 7 3 720.7170451691402 43.67883859893115 10355.190933955062
2020 7 4 741.3379744348892 42.66806309972844 11187.380163825785
2020 7 5 762.7537563224613 41.692468454834085 12089.539220021134
2020 7 6 785.3362019143933 40.76913470356992 13073.134876282124
2020 7 7 809.549316370304 39.916193928917124 14152.770470436846
2020 7 8 834.9578531615866 39.10323125802476 15329.414716491392
2020 7 9 861.8583390835561 38.3393500934659 16616.633983319647
