2020 5 11 302.46167530956114 282.9534933401478 321.9698572789745
2020 5 12 294.3378379271058 257.5964100027329 333.5278027139022
2020 5 13 286.43081489057573 234.51050863401926 345.4990820250627
2020 5 14 278.775768934915 213.52596861478932 357.94776899161394
2020 5 15 271.33847724621654 194.42925967096193 370.86190300921044
2020 5 16 264.11985254302596 177.0549777888408 384.26963664442343
2020 5 17 257.1412571157883 161.26543745810116 398.2319148840455
2020 5 18 250.38848501185814 146.90997390986615 412.76567562734084
2020 5 19 243.8634286557351 133.86195968403865 427.91291052855473
2020 5 20 237.5426219354116 121.99160079237086 443.6760288497926
2020 5 21 231.37041911986458 111.16603882786141 459.9913741186104
2020 5 22 225.3465748863241 101.29536577004174 476.8827936676933
2020 5 23 219.41929168805623 92.27403796595392 494.2669354664002
2020 5 24 213.55624820264933 84.01759753631217 512.0783067580471
2020 5 25 207.7662867871461 76.46703864462621 530.3311076674648
2020 5 26 202.1220873815052 69.59091125217373 549.2058919821555
2020 5 27 196.6530416300247 63.34061784560182 568.8117373788477
2020 5 28 191.43283142583394 57.68417745629112 589.4091974819162
2020 5 29 186.45712013462133 52.56478701661706 611.0786623383058
2020 5 30 181.76423961240053 47.94300974596675 634.0478745836921
2020 5 31 177.33665853570983 43.76642629516116 658.393881122197
2020 6 1 173.24190272205666 40.00921165548501 684.5099758996662
2020 6 2 169.31183840308827 36.59074144401837 711.9391464934091
2020 6 3 165.52120007530226 33.475216693423974 740.6788221032244
2020 6 4 161.78192025539946 30.61818707314469 770.428722195015
2020 6 5 158.08781282278275 27.997560057193184 801.1863892993549
2020 6 6 154.4503198946896 25.5963217805078 833.0314214741238
2020 6 7 150.93404361214627 23.40724614677269 866.3445763548013
2020 6 8 147.4305988709488 21.3949620817511 900.6040902219402
2020 6 9 143.99653687409815 19.553938423553248 936.1454657896444
2020 6 10 140.65412387177662 17.87291715127707 973.1652491901752
2020 6 11 137.44434408111462 16.343405821719827 1012.0298587554872
2020 6 12 134.34862165444224 14.949638109592502 1052.747061270073
2020 6 13 131.36251544068048 13.679169823055677 1095.415021341435
2020 6 14 128.4800104034902 12.520546920317638 1140.1227777604147
2020 6 15 125.69196803276498 11.463100741623881 1186.932184147662
2020 6 16 123.00174630469805 10.498366696766977 1236.0158344780093
2020 6 17 120.35250381310944 9.613407762452816 1286.9624461956935
2020 6 18 117.7489513985067 8.802138166442047 1339.887414170583
2020 6 19 115.22873636434649 8.061350612698712 1395.2962793084084
2020 6 20 112.78267893186926 7.384322058007811 1453.2412905725016
2020 6 21 110.37789118614475 6.763455798932022 1513.4553989262251
2020 6 22 107.99756512712575 6.193148303708698 1575.7967780234783
2020 6 23 105.63213289997579 5.668840650462776 1640.1744118477568
2020 6 24 103.35129904186584 5.190680178926953 1707.6912554957917
2020 6 25 101.09739615761326 4.751731159267098 1777.618638452773
2020 6 26 98.89264677465904 4.3499017916024805 1850.4094423422416
2020 6 27 96.71729372155595 3.981231168542336 1925.8312952158362
2020 6 28 94.58457096188324 3.6435918512937593 2004.2233443762407
2020 6 29 92.52313090650468 3.3355212768650886 2086.3203184906656
2020 6 30 90.49288361716249 3.0530033028991337 2171.470420318579
2020 7 1 88.47665392982142 2.7933844577493283 2259.3631424555533
2020 7 2 86.53519901956116 2.556785362134191 2351.5757331786804
2020 7 3 84.61415594830956 2.3395705388858725 2446.948843349165
2020 7 4 82.74717873972833 2.141125215553633 2546.5202521369783
2020 7 5 80.93479673772401 1.959859035249129 2650.555842642381
2020 7 6 79.1850489727902 1.7944941813660171 2759.592917284695
2020 7 7 77.53422252440555 1.6444666288368925 2875.24458838292
2020 7 8 75.96640007670763 1.508012566368597 2997.5449187974123
2020 7 9 74.45504030112227 1.383372653951171 3126.0243581049117
