2020 5 11 1386.4427518438717 1328.8959841696694 1443.9895195180743
2020 5 12 1349.1534938776063 1239.516882166464 1463.4355715899333
2020 5 13 1313.615951112371 1156.8372015821292 1483.9557264679013
2020 5 14 1279.9418591890408 1080.4892053210815 1505.8112371624356
2020 5 15 1249.0999927859293 1010.842135018519 1530.305101544169
2020 5 16 1221.481201430074 947.6913083711504 1558.235579169546
2020 5 17 1196.20164863142 889.8268447819222 1588.8809456405165
2020 5 18 1174.9061421004674 838.0699475290198 1624.7259754168645
2020 5 19 1155.047003938971 790.0776440362588 1662.8416946899588
2020 5 20 1136.0718801528321 745.2087098199395 1702.6410084776862
2020 5 21 1117.6717831305962 703.0606208100896 1743.7875145431801
2020 5 22 1098.9747143546547 662.922106868691 1785.0000865247953
2020 5 23 1078.6465707268687 623.9025784830347 1824.0293920095576
2020 5 24 1056.8849366545135 586.1330938855242 1860.8521380631917
2020 5 25 1033.1438450015228 549.3088147625967 1894.160009971161
2020 5 26 1009.8633122082127 514.7593734952826 1927.9307001936697
2020 5 27 987.9250773364405 482.7997696360211 1963.864558026958
2020 5 28 967.5416053683543 453.3513316577829 2002.6114457175772
2020 5 29 948.9752526389982 426.3534750593297 2045.0133870392112
2020 5 30 932.9033295279244 401.92401353801955 2092.9207810775106
2020 5 31 919.4026032020886 379.8848081020367 2147.1081667400413
2020 6 1 908.9132355188991 360.21763118175966 2209.274748014422
2020 6 2 899.9194670475708 342.1139550906553 2276.585712431264
2020 6 3 891.17310102433 324.9803470716729 2346.3482063672695
2020 6 4 881.8842661389015 308.4759984769163 2416.5964009101976
2020 6 5 871.8850347201453 292.5274770184536 2486.7357981699906
2020 6 6 862.2754319756951 277.4961961783451 2559.6988344585575
2020 6 7 853.4699404810979 263.4619781238897 2636.8752985043143
2020 6 8 844.3938129238699 250.02623075869042 2715.2647046516618
2020 6 9 835.1466623175091 237.19644542487498 2795.1241638421916
2020 6 10 826.3829969533857 225.1335611431969 2878.6116244644913
2020 6 11 818.6713569580613 213.94570042707207 2967.9370407326046
2020 6 12 811.8098565706761 203.51717588459925 3062.8554190802797
2020 6 13 804.8629653309611 193.5611530373416 3160.270267782879
2020 6 14 798.6839009855349 184.26253508596596 3263.564853173241
2020 6 15 792.7209804030481 175.44954165932208 3370.925022849314
2020 6 16 787.4444569486883 167.20012433338508 3484.5464662971094
2020 6 17 782.5634411154033 159.41510594007568 3603.5924250154017
2020 6 18 777.850431307833 152.02062746913575 3727.339789549826
2020 6 19 773.6587219962302 145.06547628485325 3857.6986176353757
2020 6 20 769.8981511398174 138.50513824602191 3994.6537301529806
2020 6 21 767.2129263179999 132.4316472230846 4141.955633092516
2020 6 22 764.3750084723425 126.59650701706245 4293.8143528599285
2020 6 23 760.7941127094588 120.89368068358635 4447.008163050338
2020 6 24 758.1138568770485 115.58820118732892 4610.833970750623
2020 6 25 755.0693917616899 110.4585853231669 4778.422505743734
2020 6 26 752.4624684171037 105.61883258589991 4954.79391967092
2020 6 27 749.9705074483269 101.00600729593879 5138.3729309510645
2020 6 28 745.9290385065239 96.3848446092723 5318.080795370421
2020 6 29 741.9093483827481 91.97510642247809 5504.073707015454
2020 6 30 738.0419143672103 87.78330970163988 5697.540332199362
2020 7 1 733.9867783387084 83.75783223774441 5896.20259823518
2020 7 2 730.7808035841123 80.01130927938125 6108.434264180916
2020 7 3 726.8941991315311 76.35631627937109 6322.498848461034
2020 7 4 722.9770846575739 72.86291059858122 6543.619966199849
2020 7 5 719.7682942128029 69.59859177385181 6778.694448113703
2020 7 6 717.7140207950733 66.59077701920843 7032.9527809391875
2020 7 7 716.8952776005862 63.8270404989412 7308.797583977415
2020 7 8 716.5250277599365 61.217855512099696 7600.024405377309
2020 7 9 716.5169518376808 58.746258143424875 7906.694940928216
