2020 5 11 1071.2175515476335 1044.121531385709 1098.3135717095583
2020 5 12 1077.3189475695833 1023.5190631970911 1132.4968068774886
2020 5 13 1083.7794097836909 1003.6312384885081 1168.0848647616097
2020 5 14 1091.0876378918842 984.8790452204928 1205.6632132831926
2020 5 15 1099.738788223959 967.6449397027883 1245.879977890224
2020 5 16 1109.5179739721618 951.644596240489 1288.6384622470262
2020 5 17 1120.6819812697318 937.0220133723358 1334.3718028544467
2020 5 18 1133.431468887792 923.8558399835271 1383.4822492763362
2020 5 19 1147.0418615638098 911.4581604072405 1435.273953545607
2020 5 20 1161.4682408799551 899.7453793180752 1489.821045729932
2020 5 21 1176.0381355261873 888.153734877084 1546.3925339209445
2020 5 22 1190.199377446126 876.2647809661931 1604.3344826802934
2020 5 23 1202.8142747799018 863.2709591771337 1662.1332062538224
2020 5 24 1213.644036277494 849.0926483159927 1719.362632563168
2020 5 25 1222.641121853767 833.7968012932641 1775.828062781776
2020 5 26 1231.3103706156676 818.5074405637498 1833.574826054407
2020 5 27 1240.6654687014643 803.9134943501367 1894.1291897306464
2020 5 28 1251.1497143880454 790.2653550243572 1958.298740418577
2020 5 29 1262.4723492989501 777.322514028403 2025.8158094443997
2020 5 30 1276.9528609271497 766.472908611983 2100.5635294327326
2020 5 31 1294.3072905107374 757.4000732272549 2182.523584809193
2020 6 1 1316.1338487499017 750.9136077814258 2274.824977026026
2020 6 2 1340.6946870973945 745.8327212861105 2375.119687747007
2020 6 3 1366.053787112455 740.975313810271 2480.438483845451
2020 6 4 1391.2313328652417 735.7908827122242 2589.2267598137078
2020 6 5 1416.5522529917191 730.4731310300954 2702.1895255281156
2020 6 6 1442.2034208474429 725.1264644672141 2819.831495354741
2020 6 7 1469.9146915744766 720.621189049135 2945.7148721838794
2020 6 8 1497.8196161087608 715.9778069844498 3076.53898780743
2020 6 9 1525.4257193748067 710.968277599518 3211.4713292512783
2020 6 10 1553.6461069608088 706.04296073904 3352.5436656190745
2020 6 11 1583.785181243914 701.7864433453441 3502.826656872322
2020 6 12 1615.458056053551 697.9761555065467 3661.9454998698784
2020 6 13 1647.6526261315948 694.1382916516576 3828.0392338351107
2020 6 14 1680.109031098999 690.1615363264539 4000.7840928962896
2020 6 15 1714.0954646629382 686.5734424791864 4183.445224426804
2020 6 16 1750.547293345347 683.7161303101208 4378.785145051215
2020 6 17 1788.8233762497118 681.2804485045526 4585.870309746668
2020 6 18 1827.97760488935 678.8691466676164 4802.854820248175
2020 6 19 1869.0421926889658 676.8575662151566 5032.873708937707
2020 6 20 1911.5031573660178 675.0235585609837 5275.184737131024
2020 6 21 1956.9554592005477 673.910226859305 5534.755104533202
2020 6 22 2001.3685339795938 672.0686721151412 5801.10197156375
2020 6 23 2044.4369228725882 669.4421224644544 6073.4468593561805
2020 6 24 2089.798684522905 667.2733132767444 6362.63722536648
2020 6 25 2135.396233189244 664.8654472384299 6663.251070768213
2020 6 26 2183.1207270078658 662.8187381269404 6981.600358568995
2020 6 27 2232.1634245396017 660.854717190527 7315.963985173369
2020 6 28 2279.838247981889 658.1653676431681 7658.24684820932
2020 6 29 2331.053655464324 656.2151352684374 8025.016508185051
2020 6 30 2385.7836764990034 654.9361956141676 8417.49027754839
2020 7 1 2441.523731677708 653.5842693788643 8828.188394774468
2020 7 2 2501.2110122766394 652.9431736079562 9268.488638973104
2020 7 3 2560.3973102075665 651.7910100879031 9723.485073915203
2020 7 4 2621.5152757437004 650.7760897296573 10202.834672444786
2020 7 5 2686.6903965648917 650.407747581096 10715.927551929643
2020 7 6 2756.7060494785637 650.8191698355109 11267.667221303367
2020 7 7 2831.130292132398 651.8408906880442 11858.37638603976
2020 7 8 2909.908658008575 653.4040956541684 12489.875139434178
2020 7 9 2993.555242322096 655.5719643023415 13166.489882478336
