2020 5 11 43.483732423189025 38.868647285718986 48.09881756065907
2020 5 12 45.0643247322745 36.00175827275964 55.143201639683426
2020 5 13 46.718529438823445 33.359236064349176 63.23905499784495
2020 5 14 48.393170208295395 30.88190846498606 72.46896998589828
2020 5 15 50.02950510560865 28.525801072635506 82.89876116175506
2020 5 16 51.62207387738912 26.292948212811694 94.66541414018565
2020 5 17 53.174987524856846 24.188852765490296 107.93653960553631
2020 5 18 54.672921920401436 22.20687774372549 122.86171815857
2020 5 19 56.16730830173855 20.368720439650264 139.74791276903412
2020 5 20 57.65266877660034 18.66462933063045 158.83087149486292
2020 5 21 59.19355338387829 17.108364827383895 180.5644100980957
2020 5 22 60.79179336973414 15.686536431002251 205.32117751397047
2020 5 23 62.51207782566662 14.403229180213824 233.7387402703906
2020 5 24 64.42727967801771 13.25860262829388 266.6362413434027
2020 5 25 66.47376641805114 12.219881881914272 304.4643867668723
2020 5 26 68.585258354611 11.262537794840899 347.6592767070267
2020 5 27 70.68652611619541 10.3675024079371 396.59049544843634
2020 5 28 72.69284646348596 9.52022766709987 451.5146273216966
2020 5 29 74.59226613147518 8.720737474184057 513.0275498049201
2020 5 30 76.2891244957914 7.9589026213452385 581.1862825974291
2020 5 31 77.6806784820254 7.227742798135935 655.7803633408073
2020 6 1 78.83498143291001 6.539315806556839 737.7312889856547
2020 6 2 79.82874595433998 5.901720652209993 828.2605617418059
2020 6 3 80.74507210139319 5.31964106087821 928.9655265618924
2020 6 4 81.67191643456765 4.79497127773823 1041.9148144946087
2020 6 5 82.70144230588326 4.327452879429228 1169.771382107117
2020 6 6 83.74394599829063 3.905518373097263 1313.3176219022607
2020 6 7 84.79959110538655 3.524723246579199 1474.4788617516956
2020 6 8 85.77297583867215 3.1770840430601086 1653.754984217797
2020 6 9 86.75753371355717 2.8637320749830284 1854.8285897948454
2020 6 10 87.75339298261115 2.5812856336616097 2080.3499492686883
2020 6 11 88.66178705059566 2.323787486942131 2330.9470566795344
2020 6 12 89.47966445125925 2.0893574051414614 2609.103938359024
2020 6 13 90.30508651648205 1.878577275654369 2920.4538737391304
2020 6 14 90.9345787882744 1.6848269880698488 3262.3752743932314
2020 6 15 91.56845908000594 1.5110594685223837 3644.3282075692205
2020 6 16 92.10356215615921 1.353510826156333 4066.8924068619426
2020 6 17 92.64179224029084 1.212388787261857 4538.45342871116
2020 6 18 93.18316760585004 1.0859806534776115 5064.692513090942
2020 6 19 93.62269106562125 0.9715284202093856 5646.241839286933
2020 6 20 93.95877675433965 0.8680434918604156 6288.203906826721
2020 6 21 94.08428959278528 0.7736249999967773 6988.981924162255
2020 6 22 94.20997009489321 0.6894765599098043 7767.856936578941
2020 6 23 94.4419912379662 0.6152581077916707 8642.286548241256
2020 6 24 94.35528109518023 0.5469487230355254 9585.931868888523
2020 6 25 94.26865056368543 0.48622342695154946 10632.613172687807
2020 6 26 94.07586068533982 0.4316922276553429 11781.598145198128
2020 6 27 93.77744346903573 0.38279033313721145 13041.467487402679
2020 6 28 93.69134346831872 0.3402908165667501 14465.456347314459
2020 6 29 93.49973424721196 0.30212633228179314 16028.627290677843
2020 6 30 93.20314455655209 0.2679016020552624 17742.654188580378
2020 7 1 93.01253375653489 0.2378557530819996 19659.966772423093
2020 7 2 92.61266624378523 0.2106435054579369 21740.155845632988
2020 7 3 92.31889041379405 0.18678190725224128 24064.9470587695
2020 7 4 92.02604646754824 0.16562333977940513 26638.34063810121
2020 7 5 91.63041993397283 0.14667495078312265 29456.900087629292
2020 7 6 91.02996292334903 0.1295637814482091 32507.292047950228
2020 7 7 90.1940665124276 0.11410810572980455 35788.083726995406
2020 7 8 89.17610494764958 0.10025609025831614 39324.70137343703
2020 7 9 88.06410777837489 0.08796698750937378 43164.27739063322
