2020 5 11 476.0777346882807 457.9327494730781 494.2227199034833
2020 5 12 460.7797699623767 426.32953077902863 496.5683636836996
2020 5 13 446.03971899312484 396.9687178180134 498.9966318752119
2020 5 14 431.88993573779277 369.735628886972 501.56961539593414
2020 5 15 418.36876188814045 344.5246687015261 504.36459743494265
2020 5 16 405.43840944413 321.17070150800913 507.3771011712194
2020 5 17 393.1544382787412 299.5952707295973 510.71638582567533
2020 5 18 381.3995958527619 279.58882230089364 514.2815281623692
2020 5 19 370.16376394793576 261.04119736471387 518.0974896808633
2020 5 20 359.37541835159544 243.80614760559334 522.1048025470068
2020 5 21 348.968509762653 227.7544917762679 526.240467817864
2020 5 22 338.8196417514125 212.73136460351216 530.3435571397745
2020 5 23 328.8457971817168 198.62376665950504 534.2906013501637
2020 5 24 318.9829275840488 185.3414288796868 537.9703014179332
2020 5 25 309.2550191561548 172.85384557112778 541.4040678388266
2020 5 26 299.80428622400336 161.1967315943724 544.8256254243172
2020 5 27 290.7085053530822 150.36132541065635 548.3890021531051
2020 5 28 282.02611212506656 140.3253413704786 552.2349314156777
2020 5 29 273.8341278209019 131.07420228729387 556.5603449772303
2020 5 30 266.1562615624381 122.56514766139888 561.4809380153611
2020 5 31 258.99564618113453 114.74754264249317 567.0820801742105
2020 6 1 252.4929436423301 107.63470480569694 573.7578152351633
2020 6 2 246.2967438252058 101.02382948871104 580.8376250231332
2020 6 3 240.291410938007 94.83491057959955 588.0963240225124
2020 6 4 234.38706478440602 89.00720405486172 595.3345274405794
2020 6 5 228.56131510937627 83.51236984168867 602.4929537493834
2020 6 6 222.8371456807937 78.34096571365814 609.623524925915
2020 6 7 217.2984721612949 73.50460866517592 616.953765115505
2020 6 8 211.78788919952848 68.92975741854875 624.061041545984
2020 6 9 206.370328757739 64.62443340566004 631.1125174458355
2020 6 10 201.07183819003885 60.58190800253964 638.1839996414245
2020 6 11 195.97275472847346 56.81135235464899 645.5358473088282
2020 6 12 191.0709208978441 53.29516743694627 653.1961807250777
2020 6 13 186.36395765112107 50.016763169899235 661.19445119002
2020 6 14 181.82581001263486 46.9542140124053 669.4782037633739
2020 6 15 177.42682302584274 44.08658521239379 677.9712359227925
2020 6 16 173.2684659877242 41.427437288686654 687.0848200844813
2020 6 17 169.3004012979033 38.950875589714244 696.6890355379626
2020 6 18 165.46589582618878 36.63218516481738 706.6031563606409
2020 6 19 161.7338830800627 34.45498661104642 716.7251667066092
2020 6 20 158.09623874837064 32.40935952792498 727.0373505387456
2020 6 21 154.6251145791951 30.502547483305655 737.8874333171251
2020 6 22 151.18634291203486 28.69927125428914 748.6901410858899
2020 6 23 147.71445685085857 26.981799402844725 759.108296955379
2020 6 24 144.35023250957678 25.37220967198608 769.8149683224563
2020 6 25 141.0171353738283 23.850643106043467 780.4300334948981
2020 6 26 137.81877673044394 22.430096441326494 791.5112209189504
2020 6 27 134.71033297020344 21.09698531750794 802.8495296923725
2020 6 28 131.58708781957048 19.82980845209921 813.8442039741651
2020 6 29 128.56528461147673 18.64311846494753 825.1689901643314
2020 6 30 125.6371862441622 17.530969805611008 836.8073996448061
2020 7 1 122.78369506417667 16.4862709997145 848.6627063315631
2020 7 2 120.0646668593167 15.513179990468812 861.1674092004467
2020 7 3 117.34152357607975 14.589213454361841 873.3949722814081
2020 7 4 114.71342629556 13.72441661884437 886.0438867612557
2020 7 5 112.19480504501136 12.916937443218044 899.2669343935581
2020 7 6 109.81988075608695 12.167143791310204 913.3958544720334
2020 7 7 107.58464027821529 11.470779743086414 928.4904193481175
2020 7 8 105.43682628594084 10.818741540464416 944.1963123033287
2020 7 9 103.37608653919584 10.208302246048458 960.5636523369451
