2020 5 11 534.3957043975649 460.4685569621856 608.3228518329444
2020 5 12 553.2212001981553 410.81418784259716 716.7805545391003
2020 5 13 572.7091562271613 366.5137370722591 844.5742196895267
2020 5 14 593.5178698017389 327.396367462268 996.0873695884518
2020 5 15 615.9231429229555 292.9175625830461 1176.1919477582537
2020 5 16 639.8986747319143 262.41432893249447 1390.245059657184
2020 5 17 665.7277702255165 235.46497534666545 1645.2527416902292
2020 5 18 693.5318385839144 211.61304407589967 1949.339862516684
2020 5 19 723.3092895969114 190.4250511257064 2311.9132313801683
2020 5 20 755.1269236985859 171.55905125661624 2744.3590246233543
2020 5 21 788.1933758514858 154.52790224609217 3257.1461784545477
2020 5 22 822.2989244283415 139.10732506109943 3864.0587198455637
2020 5 23 856.9450258396281 125.06738222996891 4579.664207820525
2020 5 24 891.6839717980928 112.24498058945278 5420.491472374454
2020 5 25 926.3047782932208 100.5450403800396 6406.415953271518
2020 5 26 962.1112177308348 90.04744088793845 7570.571998156634
2020 5 27 999.9605396962727 80.70752113485041 8951.458978234312
2020 5 28 1040.83941464059 72.46069867967798 10598.013271864922
2020 5 29 1085.3493262596833 65.19299225571906 12567.394913629149
2020 5 30 1134.549499998703 58.82162336369582 14935.007421591408
2020 5 31 1189.8642365752737 53.274316582798356 17799.793883825736
2020 6 1 1252.9678783166048 48.47814959445968 21290.269283607733
2020 6 2 1321.3485346010207 44.18845747197421 25498.014680793265
2020 6 3 1394.139629891884 40.30104051506141 30550.460650679062
2020 6 4 1470.224727118958 36.73491727249474 36588.3626834057
2020 6 5 1548.700445405373 33.44033185279766 43775.735124975494
2020 6 6 1631.0998294875135 30.435498273846168 52367.49250340943
2020 6 7 1718.162527015879 27.705878710246164 62654.497574117966
2020 6 8 1807.5194117860533 25.183124441199112 74876.46717377183
2020 6 9 1899.3576135710318 22.85990308906619 89392.84608274218
2020 6 10 1995.8620199080071 20.75100611370426 106723.53053499828
2020 6 11 2099.661287861916 18.861526635076174 127542.0159792947
2020 6 12 2211.7342415293665 17.169923243561854 152596.2109079897
2020 6 13 2330.5464902720887 15.635910284122463 182624.26378124874
2020 6 14 2456.9380534601887 14.246980390068693 218655.05572006703
2020 6 15 2590.604738463739 12.983867235099973 261831.96002092128
2020 6 16 2734.647626150244 11.848297669775786 313848.5721357864
2020 6 17 2888.103948135851 10.818129666810542 376360.1924606294
2020 6 18 3049.677171974771 9.87567930973245 451258.30465667514
2020 6 19 3221.333603844306 9.018714093407853 541216.1190051008
2020 6 20 3404.8577403682125 8.242287627308183 649477.5013618602
2020 6 21 3603.5002868349115 7.543991545360829 780284.2168431737
2020 6 22 3809.4138739874725 6.895816207563518 936500.8094681265
2020 6 23 4022.529222884157 6.295068698768017 1122870.5268408502
2020 6 24 4248.944339814094 5.748812108206039 1346713.4508347232
2020 6 25 4484.466941706598 5.24503667755144 1614026.5424277377
2020 6 26 4734.580070693966 4.787203402104918 1934951.9719097228
2020 6 27 4996.211405635125 4.3668754405082675 2318695.021456582
2020 6 28 5261.182084569557 3.9737354591177727 2773382.754630022
2020 6 29 5542.90714270131 3.618029667644496 3318657.3619744107
2020 6 30 5842.564492582655 3.2960226102120265 3972842.645961311
2020 7 1 6157.42160538918 3.0021101804055705 4755303.134719627
2020 7 2 6494.516598768821 2.7369759826118187 5695941.09647373
2020 7 3 6842.284084652266 2.4919777389807667 6815819.713895511
2020 7 4 7208.6737762685625 2.26891031964764 8155877.595203102
2020 7 5 7595.916839078371 2.0661989979502446 9760800.300684018
2020 7 6 8010.463602428657 1.883366987257999 11689895.794542924
2020 7 7 8457.00435395034 1.7189162961342797 14013926.05620725
2020 7 8 8932.153080449512 1.5695802400461967 16806146.448517278
2020 7 9 9439.884283660242 1.4342526312084178 20165781.941393174
