2020 5 11 176.35222671628688 167.19051962166967 185.51393381090412
2020 5 12 176.6240504119377 158.75355572988641 195.44744581565175
2020 5 13 176.90432471910938 150.74956680084023 205.92174432684962
2020 5 14 177.25459819945397 143.20839158934152 217.03833831594733
2020 5 15 177.63274417920098 136.0664186230055 228.78833580478457
2020 5 16 178.06577672072586 129.32204943096875 241.24410739064047
2020 5 17 178.58123180068793 122.97107017188584 254.48823642342094
2020 5 18 179.14749696502523 116.96594656416872 268.52973954022224
2020 5 19 179.78624245339492 111.30022522139515 283.4519404792003
2020 5 20 180.48947836617427 105.94746031889146 299.3014536451347
2020 5 21 181.1899600281324 100.84889467212803 316.02808024234866
2020 5 22 181.88572484020614 95.99155149589285 333.67651485004194
2020 5 23 182.4747233036468 91.31040338375936 352.109749275541
2020 5 24 182.92062211423075 86.784975772387 371.2814770151763
2020 5 25 183.21362691929647 82.41077643487347 391.1845231980613
2020 5 26 183.48698407237055 78.247999903218 412.11154676577036
2020 5 27 183.79432742125337 74.30981521162308 434.2335108772908
2020 5 28 184.29726618237805 70.64871045307187 458.00387070044576
2020 5 29 185.0106862768269 67.24814000104253 483.59509754871584
2020 5 30 186.05189699516677 64.12939326767535 511.46583432304163
2020 5 31 187.5756356393471 61.31958431983273 542.2532122673539
2020 6 1 189.7297317752944 58.83487432207522 576.6800119526906
2020 6 2 192.151610710008 56.526214391689926 614.031246806216
2020 6 3 194.75209337875663 54.351591810880684 654.2736473803803
2020 6 4 197.28085004761064 52.23079001083962 696.7942571195306
2020 6 5 199.73413341973418 50.16406710584336 741.6956974301331
2020 6 6 202.21061424609937 48.17728645210951 789.4634414942574
2020 6 7 204.69559780247414 46.26390364274576 840.2209082675179
2020 6 8 207.0388056245116 44.38756648522293 893.5344538906293
2020 6 9 209.32548242030563 42.56945786705435 949.8711016167417
2020 6 10 211.6374148233886 40.82581872782329 1009.7597308732771
2020 6 11 214.13754738195973 39.184977742673816 1074.2003978498506
2020 6 12 216.82396444874533 37.63876781586632 1143.5398478201578
2020 6 13 219.59963406192284 36.16321329381391 1217.648124172693
2020 6 14 222.51532258610575 34.76271158276811 1297.1384244832268
2020 6 15 225.58374117510135 33.43425998098621 1382.4826554135486
2020 6 16 228.83483146801098 32.177377886093 1474.3022312474095
2020 6 17 232.1746532037935 30.973633806808433 1572.4899355153125
2020 6 18 235.55472165822647 29.81378771595018 1677.15933246963
2020 6 19 239.0184836087347 28.70173826668697 1789.0413595845127
2020 6 20 242.55942355153553 27.634319553629478 1908.583389936087
2020 6 21 246.10843208600346 26.60154106778878 2035.7638311717415
2020 6 22 249.45715433064572 25.580099209806853 2169.332808749599
2020 6 23 252.62318678846577 24.574472570464398 2309.6804589673548
2020 6 24 255.89412403812864 23.61467600387569 2459.6998168796804
2020 6 25 259.08565778276903 22.681129937353898 2618.2929635848304
2020 6 26 262.3738922056177 21.78947004626769 2787.68664238722
2020 6 27 265.6462421817434 20.928078848270772 2967.427273178888
2020 6 28 268.8524552965375 20.092314856161867 3157.5622792776535
2020 6 29 272.2056064743288 19.298016365756627 3361.1512434071833
2020 6 30 275.72013194920754 18.54359418864181 3579.34316469047
2020 7 1 279.2194859339346 17.81459262565706 3810.91316651829
2020 7 2 282.9063256531417 17.123378451289344 4059.417599010349
2020 7 3 286.4658212458108 16.44832945899454 4321.600878903247
2020 7 4 290.122525608901 15.80290275278827 4601.508498424416
2020 7 5 293.93209295333446 15.188586266433651 4901.229737927503
2020 7 6 298.0176010344901 14.609824528928245 5224.240560004744
2020 7 7 302.35986677236383 14.06291979051437 5572.044587923435
2020 7 8 306.9874681674183 13.546816345395687 5947.096043035103
2020 7 9 311.9651047964118 13.061974734696204 6352.800998279149
