2020 5 11 277.1780771634474 271.5767726137439 282.7793817131509
2020 5 12 280.37461994078967 269.15762206805937 291.8206019203474
2020 5 13 283.6105249374072 266.76241911893277 301.1534945769328
2020 5 14 286.9008830548362 264.40462095977915 310.80303266458327
2020 5 15 290.2346706556595 262.0725060553786 320.7674542165223
2020 5 16 293.612188216496 259.76546802044305 331.05685401845045
2020 5 17 297.04613480071157 257.49388912946165 341.6956195159517
2020 5 18 300.53356968229957 255.2537266463692 352.6915995326145
2020 5 19 304.09209780305315 253.05866024374996 364.0768190039243
2020 5 20 307.70863988495176 250.89568414608544 375.8485748224229
2020 5 21 311.3639750467826 248.74775637354693 387.995796526825
2020 5 22 315.0603269496116 246.61629514950062 400.5326119931664
2020 5 23 318.76891402218166 244.4783267220434 413.4342824494599
2020 5 24 322.46959170215484 242.31934655093895 426.6846561409198
2020 5 25 326.16549016398903 240.14355703497574 440.2965276593391
2020 5 26 329.90643087152574 237.98927914238732 454.3462594323733
2020 5 27 333.71741282361927 235.87390136467624 468.88168380748556
2020 5 28 337.6465281005604 233.82970768866912 483.9862512653128
2020 5 29 341.7079949771172 231.86285043175323 499.70080155118046
2020 5 30 345.9504114516205 230.00216938872367 516.1187586194862
2020 5 31 350.399152144073 228.25857519877883 533.3053702891165
2020 6 1 355.1500730857462 226.68777940692706 551.437136918038
2020 6 2 360.0355161807207 225.17254126295447 570.2942159043919
2020 6 3 365.05627284582573 223.7100281886444 589.9040211239042
2020 6 4 370.1320319425301 222.24781421358855 610.163857999385
2020 6 5 375.2540100401273 220.78053371990737 631.0793560466894
2020 6 6 380.44995378174696 219.32475612711542 652.7169964708715
2020 6 7 385.7616516356704 217.90383274673047 675.1716806345962
2020 6 8 391.05549598715345 216.44013970594523 698.237803236845
2020 6 9 396.39947334956054 214.97381702420856 722.0517408549248
2020 6 10 401.7936563466249 213.50505121156516 746.636299187302
2020 6 11 407.29429048919894 212.06388116573353 772.1193279288798
2020 6 12 412.8970292463794 210.64639283644703 798.5229090061721
2020 6 13 418.58023532104477 209.24011191505224 825.8359612126877
2020 6 14 424.37265157356296 207.85870829677606 854.1443741212661
2020 6 15 430.28711011184777 206.50694027623683 883.5074604832598
2020 6 16 436.35124097268175 205.19623494846425 914.0180368936301
2020 6 17 442.4828900937335 203.885410044331 945.5446604770649
2020 6 18 448.68978351166294 202.5779280386076 978.1353799563493
2020 6 19 455.0058863794146 201.2888278685054 1011.8976963144268
2020 6 20 461.4333540205647 200.0178644208268 1046.875324090238
2020 6 21 467.898483011617 198.73189403875799 1082.9414542189359
2020 6 22 474.39261955060766 197.42803850980383 1120.1075919659443
2020 6 23 480.89495149725866 196.09863680186396 1158.3557876158422
2020 6 24 487.57342618573216 194.81367065448381 1198.1196439633954
2020 6 25 494.304546084953 193.52110108608142 1239.1499628266974
2020 6 26 501.16518216451004 192.2514329291867 1281.6771170215968
2020 6 27 508.100429224466 190.98218860200447 1325.6110781812024
2020 6 28 515.1274688305745 189.71975300638405 1371.0401262523856
2020 6 29 522.336430655007 188.4968711648621 1418.2515751699186
2020 6 30 529.6634632385505 187.28807320757016 1467.1353996675318
2020 7 1 537.0017894489979 186.05467786661936 1517.450725702277
2020 7 2 544.5168718975773 184.85542010095253 1569.703789671448
2020 7 3 552.0565089355399 183.63652469402996 1623.5237821144808
2020 7 4 559.7187059214979 182.43170802784581 1679.2424992127478
2020 7 5 567.5424933849441 181.2528019497319 1737.0392019735343
2020 7 6 575.5409945440323 180.1023853445009 1797.0251892685746
2020 7 7 583.7942344832063 179.0037105427349 1859.5261148270633
2020 7 8 592.3137175988691 177.9570847834927 1924.6719078962708
2020 7 9 601.0717708379472 176.9509021439446 1992.4712110243922
