2020 5 11 0.39989356353027616 0.3788262141388418 0.4209609129217105
2020 5 12 0.3536974940044231 0.3174118982841622 0.39194641811272934
2020 5 13 0.3146527366936682 0.26758244201197307 0.3669426732384467
2020 5 14 0.28149934297657503 0.22692021285859937 0.3453779836695408
2020 5 15 0.2516314190817067 0.19226961647959995 0.3248257407321533
2020 5 16 0.2247468747220046 0.16276825841660372 0.3052567783238218
2020 5 17 0.2005688444182357 0.13767339500016734 0.2866414674940398
2020 5 18 0.17885089524690126 0.11635078157629426 0.2689599041111958
2020 5 19 0.16031423521089636 0.09887029051159332 0.25361665078172924
2020 5 20 0.14361990045364145 0.08396741858465875 0.2390239036928521
2020 5 21 0.12860851431162293 0.07127842147989713 0.2251784066598622
2020 5 22 0.11512998677642623 0.060486922928255187 0.21207160739353667
2020 5 23 0.10304381696712242 0.05131862101273442 0.19969044371599912
2020 5 24 0.09221919254289485 0.04353639711618716 0.1880180822487928
2020 5 25 0.08253168141060763 0.036934310323498615 0.17702799690700233
2020 5 26 0.07386183123750238 0.03133339847649675 0.16668030709640344
2020 5 27 0.06610273800935902 0.02658183817398351 0.1569374633343797
2020 5 28 0.05946535696915969 0.022674133819250535 0.14849209289225185
2020 5 29 0.05377027634278254 0.019446065544475748 0.1411900048390249
2020 5 30 0.0488700444155166 0.0167677744737083 0.13490193100157194
2020 5 31 0.044643076245309894 0.014536142549950696 0.12951967064042932
2020 6 1 0.040988800405958786 0.012668948134940633 0.12495294910297543
2020 6 2 0.03782378042055143 0.011100365432537574 0.12112686129026375
2020 6 3 0.03490315284011359 0.009725993935995578 0.1174179291593961
2020 6 4 0.032046142103668074 0.00847667201339416 0.11327790175410657
2020 6 5 0.02927434141737451 0.007348507276805269 0.10875838779401781
2020 6 6 0.026742285004188255 0.00637049057836998 0.10441919149623688
2020 6 7 0.024429236410448706 0.0055226386367197055 0.10025311862270472
2020 6 8 0.022316252762399572 0.004787627755913457 0.09625326196803886
2020 6 9 0.020282511786509545 0.004128231610225566 0.09196650229945755
2020 6 10 0.01852819515433155 0.0035788030939671893 0.08829726156877049
2020 6 11 0.0170115627536607 0.0031190992126579804 0.08518399696494253
2020 6 12 0.01569798598232098 0.0027329136335600013 0.08257564354099062
2020 6 13 0.014485839277059813 0.0023945429174513115 0.08004715849404198
2020 6 14 0.013434485644436878 0.0021091744608674246 0.0779674089959218
2020 6 15 0.012459437184036854 0.0018578146476114874 0.07594169461980103
2020 6 16 0.011612951097860133 0.0016450283131144484 0.07432088029605484
2020 6 17 0.010823974727692802 0.0014566136371178405 0.07273465881468875
2020 6 18 0.010088600900706516 0.001289779191593799 0.07118229186488802
2020 6 19 0.009403187894862292 0.001142053267028265 0.06966305689351551
2020 6 20 0.00876434140435594 0.0010112472531970443 0.0681762467687976
2020 6 21 0.008168897730319443 0.0008954232141549121 0.0667211694511878
2020 6 22 0.007613908113535197 0.0007928651770501116 0.06529714767125527
2020 6 23 0.007061305685707679 0.0006983758654554276 0.06360062636240607
2020 6 24 0.006548810051748348 0.0006151472703912074 0.06194818331201112
2020 6 25 0.0060735103396932335 0.0005418374015874468 0.0603386732984583
2020 6 26 0.005632706942922048 0.00047726419979450904 0.05877098085477156
2020 6 27 0.005223896186936394 0.0004203864770836267 0.057244019495539325
2020 6 28 0.004820524151902566 0.0003683370923001419 0.05549119455691371
2020 6 29 0.004448299175084447 0.000322732107144194 0.05379204151786019
2020 6 30 0.004125450397925581 0.0002842706694165167 0.05239444073534202
2020 7 1 0.00382603334799783 0.00025039285432610953 0.05103315179175353
2020 7 2 0.003548347396772058 0.00022055241093379402 0.049707231249123775
2020 7 3 0.00329081534398225 0.00019426818748332345 0.04841576018146554
2020 7 4 0.003051974459445716 0.0001711163732387611 0.04715784353791592
2020 7 5 0.002830468175050302 0.00015072366489701533 0.045932609522423534
2020 7 6 0.0026250383797207805 0.00013276124738974892 0.044739208989552394
2020 7 7 0.0024345182736013765 0.00011693949202021517 0.043576814855983734
2020 7 8 0.002257825740867627 0.00010300328644698967 0.04244462152730794
2020 7 9 0.0020939572035264787 9.072792121455876e-05 0.04134184433970934
