2020 5 11 512.3246384575775 494.44295768536836 530.2063192297867
2020 5 12 522.0186584713169 486.21993316964745 559.0888614533493
2020 5 13 531.899571046968 478.1368930085397 589.5484677843702
2020 5 14 542.1215950873648 470.32673594705363 621.8383205254928
2020 5 15 552.7288088295821 462.80790178967226 656.1132011870621
2020 5 16 563.6747739929767 455.5191303577395 692.4330178957478
2020 5 17 575.0483961198231 448.5155740369149 731.0224162368816
2020 5 18 586.8106584539408 441.74382549197554 771.9647216854121
2020 5 19 599.0173342543261 435.2277536125422 815.4682143454785
2020 5 20 611.6918544355368 428.9632299384533 861.714538273273
2020 5 21 624.6463090957126 422.7971200188922 910.600116200298
2020 5 22 637.7805282468775 416.65562327024816 962.1211161072955
2020 5 23 650.8292808485397 410.3670844824653 1016.0115882778937
2020 5 24 663.6498272136951 403.8612330380334 1072.147556406184
2020 5 25 676.2535481653314 397.1728877583183 1130.6268204282135
2020 5 26 688.9718619964277 390.5220284666372 1192.0871757073587
2020 5 27 702.0035213092448 384.02457182438724 1257.0167883458794
2020 5 28 715.6054746792482 377.81235350567187 1326.0627423170085
2020 5 29 729.9110833191746 371.9329865509121 1399.7168248273379
2020 5 30 745.366812874537 366.5854419060879 1479.1190271730022
2020 5 31 762.2041545118757 361.83332694651955 1565.1177553944456
2020 6 1 781.179704808764 357.97730733817934 1659.7262258336866
2020 6 2 801.2282058003871 354.4375808252686 1761.3295401443258
2020 6 3 822.185450569358 351.10724195244075 1870.0192849998043
2020 6 4 843.5138828630892 347.7326181864175 1985.0136279581811
2020 6 5 865.1102755242198 344.2728065693672 2106.4079520514497
2020 6 6 887.3128034572215 340.86859195546 2235.3557422878853
2020 6 7 910.344356554325 337.59761665256013 2372.8503328471534
2020 6 8 933.2458955050581 334.0881155839779 2516.904956723486
2020 6 9 956.5513817216209 330.55345724342664 2669.2406916890714
2020 6 10 980.2035484862655 326.9748780699916 2830.1399060206163
2020 6 11 1004.5761885828102 323.4802866207943 3001.129594894529
2020 6 12 1029.5548513633098 320.0230441247303 3182.4500358415103
2020 6 13 1054.822182130525 316.499422149515 3373.697834370579
2020 6 14 1080.8069326814161 313.04379469071404 3576.7498061303013
2020 6 15 1107.8306227860444 309.74141191424684 3793.34266390084
2020 6 16 1136.0920885347728 306.63102467388376 4024.976151237013
2020 6 17 1165.5461508328926 303.6791640261494 4272.424808755976
2020 6 18 1196.1939264819412 300.86777979187247 4536.662739514984
2020 6 19 1228.1257654875158 298.202696648588 4819.056635212817
2020 6 20 1261.5142585605038 295.7079390898141 5121.39973692385
2020 6 21 1295.9074499291387 293.25678556902534 5443.105276321607
2020 6 22 1330.4213952287043 290.6410849103235 5781.587793719882
2020 6 23 1364.790860920616 287.81634332545525 6136.49657316171
2020 6 24 1400.19509904243 285.05003219203934 6513.852249200707
2020 6 25 1435.8288555321226 282.17006202993883 6911.208037732585
2020 6 26 1472.9213667970853 279.4276503421117 7335.459730633379
2020 6 27 1510.7682890538156 276.6732256797816 7784.739492800559
2020 6 28 1549.0302100002014 273.8438582112299 8258.66397076989
2020 6 29 1588.5945921284674 271.102370877754 8763.218042747983
2020 6 30 1629.7068550878819 268.4800309308274 9301.561506406473
2020 7 1 1671.582402578849 265.83352111823865 9871.260406658068
2020 7 2 1715.3306801611448 263.3398040929748 10480.557005245086
2020 7 3 1759.274475545375 260.7237188480785 11121.66091693954
2020 7 4 1804.3440347109595 258.13362246586905 11801.981658940269
2020 7 5 1851.067558777431 255.6406965043323 12527.18441152953
2020 7 6 1899.7694273653806 253.2779706930425 13302.149529041091
2020 7 7 1950.809058651942 251.0779229287404 14132.453017269192
2020 7 8 2003.9407931398093 248.98976349824588 15019.805217757417
2020 7 9 2059.3068343313435 247.01678350931505 15968.77307582524
