2020 5 11 43.83893448231716 40.88332575388823 46.794543210746085
2020 5 12 43.642911640697854 37.95576808131624 49.726911805466024
2020 5 13 43.43615888858057 35.227751875167 52.82981216544286
2020 5 14 43.29749390618141 32.7502343296903 56.20795120817083
2020 5 15 43.30128441496122 30.554375588526515 59.98645954067463
2020 5 16 43.4438103469639 28.603640844422916 64.21116684590258
2020 5 17 43.637420579407355 26.810775469848195 68.80822114191737
2020 5 18 43.88273439578849 25.161522707962025 73.8145577648624
2020 5 19 44.19333547204384 23.65036672526051 79.29264367433518
2020 5 20 44.57217448177027 22.26530955853523 85.2957706829402
2020 5 21 44.94184302091732 20.955163499872388 91.72962166223776
2020 5 22 45.300918223327194 19.7157407436255 98.6208977847836
2020 5 23 45.57853094518996 18.51292291367739 105.84629669151298
2020 5 24 45.77819150983837 17.351133250270408 113.4160820956905
2020 5 25 45.9022027175828 16.233247804490166 121.33764491104746
2020 5 26 46.10328115348543 15.21452052999548 130.01532152454178
2020 5 27 46.382307845079666 14.285157079786911 139.53093446371668
2020 5 28 46.81809095030703 13.460321709124068 150.2094667604777
2020 5 29 47.4144930561321 12.728114164053345 162.20743264054818
2020 5 30 48.256270365376615 12.09956677827932 175.9771850078192
2020 5 31 49.43565786579436 11.582962468959465 192.09252026125188
2020 6 1 51.057059202045174 11.18522701881871 211.28917156189232
2020 6 2 52.90233615975183 10.838544016435932 233.11062142927122
2020 6 3 54.90273701916191 10.520724342588194 257.57541306754564
2020 6 4 56.9787792186112 10.212224125757144 284.60776694830577
2020 6 5 59.038075817623834 9.895699077587203 314.0013893115317
2020 6 6 61.1717984141896 9.588984635303426 346.4307160228714
2020 6 7 63.38263687295182 9.291776721903345 382.2092675043838
2020 6 8 65.56742624986956 8.988248315389594 421.0440331203193
2020 6 9 67.71792079420584 8.679610089264054 463.1208171358211
2020 6 10 70.05214671596255 8.396078930648855 510.1766839460728
2020 6 11 72.58393397894055 8.13584479798236 562.8665347791228
2020 6 12 75.32855689072234 7.897276634560272 621.938971758177
2020 6 13 78.17696247884767 7.665704028454211 687.2110184049363
2020 6 14 81.26375768158884 7.45373603365668 760.4820786624525
2020 6 15 84.47243411789987 7.247629265779953 841.565365626871
2020 6 16 87.94901049837 7.059336974288742 932.7006079972331
2020 6 17 91.5686700450287 6.875936487515305 1033.705116310732
2020 6 18 95.49037005028201 6.708794707058428 1147.3756260488701
2020 6 19 99.73965262102338 6.556930437349471 1275.463799565054
2020 6 20 104.34475386982044 6.419464588953514 1419.9832939581572
2020 6 21 109.33690359114304 6.295611647834903 1583.2515974675198
2020 6 22 114.3851216071044 6.16362433996117 1762.6457287953597
2020 6 23 119.47521292564532 6.024100871138411 1959.4200604368477
2020 6 24 124.7918112344929 5.887735738592918 2178.1614481693045
2020 6 25 130.13639084379838 5.74461535986417 2417.681131489649
2020 6 26 135.70986793377693 5.604973982863234 2683.5393944162465
2020 6 27 141.2951896589303 5.459357622494895 2974.146664046891
2020 6 28 146.63799754496978 5.2992723512289075 3286.281211977188
2020 6 29 152.1828335126165 5.143881275846097 3631.174055653089
2020 6 30 157.93733686813573 4.993046747986838 4012.2631545932445
2020 7 1 163.9094357835769 4.8466351555676646 4433.347279688901
2020 7 2 170.38135339226696 4.712618562750154 4906.034775920477
2020 7 3 176.82399903884328 4.574429993112867 5420.919588234531
2020 7 4 183.80584451679076 4.447940273527731 5998.902937108363
2020 7 5 191.06336618429904 4.324948180791146 6638.511393334915
2020 7 6 198.92683540932876 4.212586693513241 7357.412585709118
2020 7 7 207.668154839842 4.114880785068347 8174.663469486348
2020 7 8 217.11758915459419 4.025861018147205 9095.44739100143
2020 7 9 226.86996825057008 3.9364116650225323 10114.62580446994
