2020 5 11 451.22326772695135 407.4032026762701 495.04333277763266
2020 5 12 475.4277900506137 387.6590835996002 572.1450223373884
2020 5 13 501.00966384879064 368.9362236514035 661.3501338669055
2020 5 14 528.915964798397 351.81565657354537 765.7148035131347
2020 5 15 559.3066496389854 336.10817498853817 887.8951547958304
2020 5 16 592.7578047181008 321.89177702967993 1031.6574574682156
2020 5 17 629.1438006184302 308.783992397847 1200.3227233034338
2020 5 18 668.2629120651577 296.45516918494906 1397.516154195404
2020 5 19 710.9677401951694 285.13025135781083 1629.5172215696598
2020 5 20 757.3002793473569 274.5983741022222 1902.0924635146912
2020 5 21 806.3484847007395 264.3453750077341 2219.4994428393156
2020 5 22 857.8808321410769 254.248158072443 2587.9666014048908
2020 5 23 910.6976106566948 243.9412483319788 3011.54404904181
2020 5 24 964.7368513851576 233.50859970864238 3497.7386772338364
2020 5 25 1018.8871204904722 222.77286164190696 4051.2030803649673
2020 5 26 1075.531934371226 212.41157155989183 4690.078351981388
2020 5 27 1135.9010843564688 202.64578564255962 5432.212529303772
2020 5 28 1202.6960503108435 193.87085014155093 6306.303611651653
2020 5 29 1277.2779061071867 186.09796225802725 7341.2788324527755
2020 5 30 1362.6323842413012 179.53241736512223 8581.445803988461
2020 5 31 1463.1640222666574 174.44665423256154 10090.775089465647
2020 6 1 1584.4147945962025 171.09091806246124 11957.308463587096
2020 6 2 1722.492068979402 168.5317109069592 14220.259246145155
2020 6 3 1875.3658829332655 166.2811701208626 16934.29356761176
2020 6 4 2039.8016427522673 163.88283287514295 20148.207559766306
2020 6 5 2214.2920213182597 161.16851864404333 23928.981701846547
2020 6 6 2403.70879839966 158.49916032208864 28419.21116748453
2020 6 7 2610.6142905246993 155.95877649318447 33767.222147710796
2020 6 8 2829.745229262046 153.12549086297625 40049.40462728236
2020 6 9 3061.2164460954987 150.01611960329097 47414.676757115034
2020 6 10 3313.258945920732 147.05011389294825 56159.81346765429
2020 6 11 3593.140678999096 144.45731131387754 66638.03232612176
2020 6 12 3906.272740832712 142.29649419415122 79249.44800212818
2020 6 13 4248.782398305209 140.2440971505587 94289.98741333222
2020 6 14 4621.323974500546 138.22130261859797 112185.03031298841
2020 6 15 5029.002147369367 136.30160247837944 133536.3202431261
2020 6 16 5483.402127190536 134.70013315945832 159236.88592896037
2020 6 17 5978.859822958294 133.1174802295804 189883.81433745535
2020 6 18 6515.887629391586 131.48223321184767 226327.54132016594
2020 6 19 7101.151867757122 129.86707396023246 269765.7835596114
2020 6 20 7746.580384145137 128.41065795603802 321829.50760957616
2020 6 21 8454.815101238277 127.0392474234193 384113.43346245325
2020 6 22 9205.192913756655 125.34278919474052 457424.1251811066
2020 6 23 9997.553856644077 123.33382716558529 543503.546234421
2020 6 24 10863.46588443118 121.42302149553616 646072.3048428776
2020 6 25 11792.757358162657 119.41194913703265 767306.586196115
2020 6 26 12814.156250694918 117.5619049542934 912110.9477564038
2020 6 27 13910.315273378423 115.61478245186673 1083266.8918152663
2020 6 28 15077.925691758237 113.51442164418343 1284801.9857798484
2020 6 29 16359.67046243631 111.57362975398337 1525205.6241940018
2020 6 30 17759.122758373145 109.72568823537776 1811407.658206347
2020 7 1 19278.288145909213 107.90835330242967 2151314.9782296126
2020 7 2 20948.02674597631 106.23653383428719 2557306.2697705464
2020 7 3 22717.574531383856 104.3633604539687 3034444.869923131
2020 7 4 24636.60175954809 102.52321505739643 3600607.3177261557
2020 7 5 26717.735443986883 100.71551529179845 4272403.557225133
2020 7 6 29003.245796727344 99.04741161276738 5074112.2375518195
2020 7 7 31538.552020309795 97.5923281193152 6035757.5578661775
2020 7 8 34330.900348679635 96.26822210239588 7186432.281600803
2020 7 9 37428.30958333155 95.12425238862278 8568581.143432172
