2020 5 11 84.24336835826409 80.72968321717856 87.75705349934964
2020 5 12 85.26277230424672 78.29966993459885 92.52243897373008
2020 5 13 86.30758477011229 75.95480694133208 97.56078062924593
2020 5 14 87.38333131264679 73.69612231523439 102.89398184536095
2020 5 15 88.49267866007706 71.5216344276206 108.54250155529229
2020 5 16 89.65302369283891 69.44114220202427 114.54638325097453
2020 5 17 90.86020949383636 67.44566541045205 120.92276885300433
2020 5 18 92.13461572517576 65.54536291857481 127.72193327638576
2020 5 19 93.45077635901224 63.715590168436066 134.93649969533473
2020 5 20 94.79792543191006 61.94520668207473 142.57618874979704
2020 5 21 96.16961534137134 60.227360781751464 150.6561152705278
2020 5 22 97.56367185550377 58.55873108073716 159.19788464250794
2020 5 23 98.94298749878867 56.91535495199842 168.16692062476207
2020 5 24 100.30115058939968 55.29471323682229 177.5721675242513
2020 5 25 101.62016319597136 53.68835777509901 187.40111423992624
2020 5 26 102.94920230462014 52.12480130893599 197.760613683301
2020 5 27 104.31045310465792 50.61428860828167 208.72127182930146
2020 5 28 105.7235114841683 49.16395345932771 220.35706132528847
2020 5 29 107.189978452585 47.771111845577096 232.7129431836126
2020 5 30 108.74626978667139 46.448696672133686 245.91249579642792
2020 5 31 110.41131400186575 45.19968921698328 260.05556188740326
2020 6 1 112.24499514323219 44.04286685557277 275.34918199324056
2020 6 2 114.16167854376475 42.936270983751186 291.67111370751803
2020 6 3 116.12753603851681 41.86366378620802 309.002579311266
2020 6 4 118.10215318860975 40.80880608865719 327.29713463227097
2020 6 5 120.08908066315034 39.77317997105557 346.61588847884354
2020 6 6 122.11376053087348 38.76526780542386 367.0874166846045
2020 6 7 124.19896190210136 37.79127386755847 388.8473351449532
2020 6 8 126.29293361348994 36.83358618169701 411.81310057506494
2020 6 9 128.43130556664065 35.90282068457234 436.1649110909797
2020 6 10 130.62438465381229 35.00074695520812 462.019550801388
2020 6 11 132.90195370301657 34.13394287807646 489.5731665127354
2020 6 12 135.2575235991001 33.29843947034488 518.9110527449673
2020 6 13 137.67919873996487 32.489382657828436 550.1004612161349
2020 6 14 140.20373014961405 31.714023919995284 583.4022509786188
2020 6 15 142.84019043599463 30.972016449513774 618.9931803558349
2020 6 16 145.59310055164778 30.261869557538066 657.0451532124542
2020 6 17 148.4410120003975 29.576723841873285 697.6256272001989
2020 6 18 151.3499764970012 28.908155343295153 740.7375588692546
2020 6 19 154.33774930272725 28.258863760335938 786.6204290082572
2020 6 20 157.37894509986657 27.623137916139285 835.3170541351143
2020 6 21 160.53674325978938 27.011661483718093 887.329117808483
2020 6 22 163.68274503012128 26.40107506248969 942.1643629649011
2020 6 23 166.7901894957472 25.78812757819808 999.8115158567922
2020 6 24 169.97464704264453 25.19219683917854 1061.0938776658452
2020 6 25 173.18929803982599 24.6055011224146 1125.941411817199
2020 6 26 176.50840515370948 24.038671586517747 1195.0358647734276
2020 6 27 179.89747821368283 23.485765626343404 1268.4134000708962
2020 6 28 183.24148796228224 22.93119858112821 1345.5199195360503
2020 6 29 186.6938505274974 22.395507149966015 1427.6529134778102
2020 6 30 190.2784905832185 21.880395100625975 1515.3135897296593
2020 7 1 193.9388104110382 21.377918951254337 1608.411372969644
2020 7 2 197.7603375344341 20.896990358805784 1707.9818936310824
2020 7 3 201.60019227499876 20.420860549397048 1813.2243693508922
2020 7 4 205.53638476917175 19.957785394976632 1925.1475753967466
2020 7 5 209.60864554673924 19.5109610455759 2044.5339964718007
2020 7 6 213.83707483318628 19.08116680720136 2172.0603558326443
2020 7 7 218.19700902297214 18.664963195464654 2308.0104101800343
2020 7 8 222.7118439065417 18.263484183950965 2453.1678140828394
2020 7 9 227.4071193221483 17.877777097630887 2608.41312561681
