2020 5 11 1506.7158307561308 1454.3750840558796 1559.056577456382
2020 5 12 1442.4345980437245 1343.9868179025991 1544.3617482040102
2020 5 13 1381.6365408165427 1242.667292028017 1530.5985034204975
2020 5 14 1323.8683574923634 1149.4062318246195 1517.475553013586
2020 5 15 1269.9147669900583 1064.3591607388098 1506.068965835913
2020 5 16 1219.4292520262788 986.6686879532492 1496.2533696803353
2020 5 17 1171.970022655951 915.4737385556838 1487.7523541938203
2020 5 18 1128.1494045869324 850.8154372434537 1481.5738944355326
2020 5 19 1086.6243808602048 791.2194153146695 1476.2840701799225
2020 5 20 1047.063979995648 736.1154344758452 1471.6057064800627
2020 5 21 1009.3234484825402 685.1160095536328 1467.4756892656608
2020 5 22 972.4056676426524 637.2850192260311 1462.5756721104715
2020 5 23 935.5716427703816 591.9632468690235 1455.786983959782
2020 5 24 898.9956688153342 549.1450847158039 1447.260284597552
2020 5 25 862.5336554743222 508.62021542862715 1436.6649961346989
2020 5 26 827.5328319791264 471.0755181038882 1426.117862131759
2020 5 27 794.3758623564302 436.5433573364253 1416.3780826993786
2020 5 28 763.0678264923648 404.8285700905898 1407.632743436836
2020 5 29 733.4779982729448 375.67478585528795 1399.8347754435285
2020 5 30 706.477173890651 349.35887063141126 1394.8312568753718
2020 5 31 681.6997219313304 325.49433494877786 1392.2729185360868
2020 6 1 659.6753826236951 304.159594614736 1393.567318615012
2020 6 2 639.2674772682783 284.6404674536882 1396.7744686116396
2020 6 3 619.6283379709243 266.43514832817783 1400.2892596824174
2020 6 4 600.3197970225738 249.27694637912538 1403.1965297283882
2020 6 5 581.5023256544747 233.1777872758633 1405.851286670116
2020 6 6 563.3520851913383 218.14939707795 1408.6981494673255
2020 6 7 546.5930091615342 204.4089237035117 1413.6128599896433
2020 6 8 530.388448425562 191.55483940653852 1418.6894217984545
2020 6 9 514.7185892272506 179.52868199501825 1423.929438891632
2020 6 10 499.759321655928 168.34392253637736 1429.8738858255438
2020 6 11 485.64919460187633 157.99556488747703 1437.028739850756
2020 6 12 472.27053147904286 148.39169726861257 1445.204976708491
2020 6 13 459.2894301690738 139.38072134244277 1453.5164969283203
2020 6 14 446.5993136041747 130.89695543696024 1461.6675123392772
2020 6 15 434.0358141642568 122.8639192498445 1469.1310802595613
2020 6 16 422.1189834773971 115.40687183442006 1477.6253182707042
2020 6 17 410.75835418161506 108.46503139846057 1486.9703322306195
2020 6 18 399.7497293730004 101.9529630509908 1496.5418826251298
2020 6 19 389.1916414466538 95.87152738675852 1506.7571807680604
2020 6 20 378.94826674051484 90.16167837829978 1517.181023355183
2020 6 21 369.11414167051515 84.82511843049961 1528.2360820076253
2020 6 22 359.625905598785 79.82526249325359 1539.7471456830224
2020 6 23 349.9655799757923 75.02777762368544 1549.5638478037145
2020 6 24 340.74745530449536 70.55778995977548 1560.252105385909
2020 6 25 331.59075741036 66.31655636718072 1570.183565921965
2020 6 26 322.80231786948826 62.35470223141352 1580.7568785686915
2020 6 27 314.39219833068455 58.657620391170646 1592.1133732703515
2020 6 28 305.9920033386412 55.14071355131172 1602.492105467278
2020 6 29 298.06683514987225 51.87982410809031 1614.2508096886456
2020 6 30 290.77409135673025 48.88612544144667 1628.4091987921784
2020 7 1 283.71633147248735 46.07468466974765 1643.008484792753
2020 7 2 277.37878610218667 43.51407059152806 1660.9173893924747
2020 7 3 271.12033973728273 41.085963876336635 1678.6474581552081
2020 7 4 264.928167703903 38.78199113874133 1696.1028385195948
2020 7 5 259.2733633360143 36.66517890205707 1716.2746068314336
2020 7 6 254.12409696702778 34.718329181670235 1739.2337353959447
2020 7 7 249.17985009251947 32.888891486900995 1763.2032410497318
2020 7 8 244.5049934351444 31.178713389753128 1788.7286168786698
2020 7 9 239.94937791654087 29.561483685332174 1814.8542264533262
