2020 5 11 155.2299176609072 151.96439941931482 158.4954359024996
2020 5 12 156.9277794778672 150.3942702125765 163.60020349868702
2020 5 13 158.62040062410563 148.81754387041997 168.84455987766466
2020 5 14 160.63499665765744 147.5422961350406 174.58032396563618
2020 5 15 162.78892453759437 146.3824503594876 180.6345554668753
2020 5 16 165.08347557737972 145.33220203119816 187.02273138073974
2020 5 17 167.52010700231673 144.38609749101317 193.7611484467052
2020 5 18 170.1040609394067 143.54213170679455 200.87115164377215
2020 5 19 173.031454848886 142.95927739808644 208.6005470294863
2020 5 20 176.32178588902923 142.63702672976686 217.00417387395368
2020 5 21 179.63264294632353 142.28149202018224 225.69460444383145
2020 5 22 182.97451882542052 141.90217029855975 234.69392528206177
2020 5 23 186.1842215057213 141.37313931736276 243.80280528092825
2020 5 24 189.26458112657178 140.70511539983454 253.02211741296853
2020 5 25 192.21539098601343 139.90604888652373 262.3487315387609
2020 5 26 195.02887898379376 138.9780832253021 271.7689145047633
2020 5 27 197.88354846383234 138.0562725536271 281.527348952267
2020 5 28 200.96873599523778 137.27224885955863 291.90469057118
2020 5 29 204.29370077692883 136.62360268890797 302.9429575512559
2020 5 30 208.06337115553274 136.2386343094343 314.9765033806092
2020 5 31 212.49792903383232 136.2445683226783 328.38928529587736
2020 6 1 217.83769255844055 136.770282107449 343.6260503114092
2020 6 2 223.7271671476766 137.55891698142176 360.22525299432215
2020 6 3 229.9892524181215 138.4832976785055 377.96986601380354
2020 6 4 236.207257401582 139.28181001853432 396.2280813275459
2020 6 5 242.59337278832365 140.0849266824626 415.36827813351334
2020 6 6 249.15214362257953 140.89267421940863 435.4330614365906
2020 6 7 256.12586965044665 141.83945739615115 456.88239378309925
2020 6 8 263.05050598512327 142.65732178075555 478.9525582825231
2020 6 9 270.16235725608476 143.4799020756143 502.0888443214495
2020 6 10 277.46648501901063 144.30722547326678 526.3427519753319
2020 6 11 285.2327246359132 145.27695405651244 552.2702747455314
2020 6 12 293.2163399758081 146.25319910850786 579.4749813174957
2020 6 13 301.7030739214767 147.37549514817667 608.5724666300595
2020 6 14 310.4354444270672 148.50640329621874 639.1310394421903
2020 6 15 319.42056109681096 149.64598963894997 671.2240661172856
2020 6 16 328.6657393124195 150.79432076980962 704.928597002953
2020 6 17 338.1785061890236 151.95146379325178 740.3255514168679
2020 6 18 347.9666067034992 153.1174863286667 777.4999119214249
2020 6 19 358.36988729190534 154.43849413892423 817.2824781463808
2020 6 20 369.0841984358766 155.77089882929388 859.1006106153659
2020 6 21 380.470857571968 157.26336707370712 903.8778411740749
2020 6 22 391.8459292333858 158.62014310989304 950.1268240027852
2020 6 23 403.1873577137063 159.83733876447735 997.8360473477466
2020 6 24 414.8570478662251 161.0638747539806 1047.9409192889555
2020 6 25 426.8645007626653 162.29982275287526 1100.5617338030129
2020 6 26 439.2194924698881 163.54525498563865 1155.8248252519204
2020 6 27 451.513171191849 164.64426099794088 1212.76049001146
2020 6 28 463.28967576605675 165.4365893628188 1270.1874230104977
2020 6 29 475.37333873305346 166.23273070140127 1330.3336502649452
2020 6 30 487.7721714919488 167.03270336311147 1393.3279364651894
2020 7 1 500.4943943976134 167.83652578567674 1459.3051435989062
2020 7 2 513.5484422107268 168.64421649555348 1528.4065196717809
2020 7 3 526.4531667522994 169.2949476801068 1599.3222651945482
2020 7 4 539.6821682301955 169.9481897783656 1673.5283938047482
2020 7 5 553.2435952516245 170.6039524789506 1751.177574289577
2020 7 6 567.673463848666 171.42496105762828 1834.0997654859564
2020 7 7 583.2015971183229 172.46791875829936 1923.2809013091016
2020 7 8 599.4140633126478 173.59398541763673 2017.6544052568952
2020 7 9 616.4774099124429 174.84330145087577 2118.005777637401
