2020 5 11 105.02197088533495 101.05907780661562 108.98486396405428
2020 5 12 104.69278365167354 96.94179974243629 112.74183131659355
2020 5 13 104.35658989794993 92.98482171171605 116.61965391241067
2020 5 14 104.0543843545926 89.21868247267324 120.66763227182109
2020 5 15 103.79832682484378 85.6439001752672 124.90862087481945
2020 5 16 103.58692232967257 82.24867425285947 129.35163962475764
2020 5 17 103.41675710081986 79.02044941578299 134.00365610121455
2020 5 18 103.28732948695365 75.94984490858005 138.87540230735098
2020 5 19 103.18903030743701 73.02132946923717 143.96589849293818
2020 5 20 103.12289350347949 70.22842670393399 149.287728842227
2020 5 21 103.04954109797853 67.53740341795455 154.7957783279119
2020 5 22 102.95777912525466 64.9373955620082 160.4793179121552
2020 5 23 102.82506747271367 62.411601730316136 166.30758121649683
2020 5 24 102.64120977001782 59.95290285928138 172.26451503468266
2020 5 25 102.39576005642715 57.55489616699172 178.33089624346857
2020 5 26 102.13854275846488 55.245861092696 184.58939163197726
2020 5 27 101.90661859388987 53.04279315699583 191.1120711368322
2020 5 28 101.71210761560918 50.946777705894334 197.9344128125132
2020 5 29 101.5670561095004 48.9581753581292 205.09582618868538
2020 5 30 101.49573876262171 47.08263622549196 212.66481953866136
2020 5 31 101.52243905637353 45.324393095361316 220.71841628107427
2020 6 1 101.68388721093926 43.69196404065867 229.36994001373347
2020 6 2 101.90693534413624 42.144687697211026 238.49895135354544
2020 6 3 102.14276830163901 40.657290462730664 248.02007687343686
2020 6 4 102.36682301093617 39.21748190518627 257.89137079339463
2020 6 5 102.5790181482733 37.82392993415172 268.1244301616775
2020 6 6 102.79165314273392 36.47989636668702 278.7635345391929
2020 6 7 103.01713120981607 35.18802309207135 289.85842983271743
2020 6 8 103.20581534689171 33.92916249584823 301.28998779199577
2020 6 9 103.36994052535552 32.707150531045585 313.09968416312074
2020 6 10 103.53432670727261 31.529151242426842 325.3722864854201
2020 6 11 103.73645004021147 30.404991872370633 338.243712493223
2020 6 12 103.95148426336792 29.324582465783315 351.66513089990747
2020 6 13 104.16696422875972 28.282564271097723 365.61910753426605
2020 6 14 104.39545910193296 27.28098552339062 380.1708878527002
2020 6 15 104.64964680992014 26.321459140086013 395.39357345887026
2020 6 16 104.92970638694047 25.402032822706232 411.3212133986215
2020 6 17 105.2231757192652 24.51778756313876 427.9400943512644
2020 6 18 105.50477015348434 23.6613647102299 445.17880584316765
2020 6 19 105.79984783472591 22.83771214171516 463.16565732553306
2020 6 20 106.10851605142712 22.04548641423261 481.9351265217862
2020 6 21 106.40528230029804 21.278082600817353 501.4070677532746
2020 6 22 106.66436363447018 20.529690222392695 521.4842551366418
2020 6 23 106.89833666441504 19.80266627835904 542.2395279434917
2020 6 24 107.13282292461673 19.10138864659179 563.8208685463364
2020 6 25 107.34197136770166 18.420336217902985 586.1250993999821
2020 6 26 107.55152811769058 17.763566443172206 609.3116649484314
2020 6 27 107.76149397169452 17.130213534013112 633.4154695342173
2020 6 28 107.97186972838064 16.519442571380555 658.4727982833047
2020 6 29 108.23476547432061 15.938421003404777 684.8391632753699
2020 6 30 108.53747845667606 15.383604256429571 712.5091694784078
2020 7 1 108.8672292022267 14.851812901874768 741.4690803693135
2020 7 2 109.25052317665646 14.345572656986961 771.9639129891443
2020 7 3 109.63516663221024 13.856588163113344 803.7129244292819
2020 7 4 110.03439232636879 13.385943102675087 836.8646678373497
2020 7 5 110.47490028604787 12.936128940820549 871.6867774592658
2020 7 6 110.99714770541578 12.510794930794512 908.5888811983117
2020 7 7 111.55980889376774 12.103722588945606 947.3638093236277
2020 7 8 112.15987020324864 11.713643727865952 988.086875994748
2020 7 9 112.8152597426194 11.341577563315505 1031.0194378973972
