2020 5 11 2553.3252740608264 2397.0029551036423 2709.647593018011
2020 5 12 2421.241177305814 2133.87481110481 2726.754558021957
2020 5 13 2296.7194787563076 1900.274303673387 2744.791251796123
2020 5 14 2179.4200608392534 1692.9236422331935 2763.925161494824
2020 5 15 2070.257720939091 1509.8654826597444 2785.9143666814557
2020 5 16 1968.507392360444 1348.0196641055804 2810.6949426976526
2020 5 17 1873.7067614526748 1204.8569866145972 2838.4785090594764
2020 5 18 1785.8882621526664 1078.4524988896048 2870.1977167098808
2020 5 19 1703.0895374625468 965.8552094760223 2903.723958450466
2020 5 20 1624.8489279537462 865.4217421411432 2938.8682651460126
2020 5 21 1550.731504250387 775.7133840030122 2975.3943376239004
2020 5 22 1479.1047107042707 694.8587474388919 3010.666284602901
2020 5 23 1409.48096259769 621.8185803630928 3043.6994164460243
2020 5 24 1341.8023502734884 555.8683320879452 3074.218256128551
2020 5 25 1276.0076916608027 496.3469962934812 3101.9140214248755
2020 5 26 1213.5187609195038 443.2300241501936 3130.0526015275964
2020 5 27 1154.669828527262 396.00916713884584 3159.941865971465
2020 5 28 1099.3703152550415 354.0576831642929 3192.020093102764
2020 5 29 1047.7011808018149 316.8666052010971 3227.2751155867795
2020 5 30 1000.1144431495628 284.0824060034107 3268.014423854281
2020 5 31 955.9355876806934 255.04424631439537 3313.341069525736
2020 6 1 915.1181315586471 229.3504405637221 3364.1830316424684
2020 6 2 876.803905844769 206.4356603510728 3418.600428613738
2020 6 3 840.2577424120375 185.84892701512723 3474.5371674321696
2020 6 4 805.0428680464178 167.2727336087297 3530.5952506608805
2020 6 5 771.1198860692667 150.51506883051098 3586.7510456717346
2020 6 6 738.5943183152723 135.4299620796334 3643.6510145360344
2020 6 7 707.992992824873 121.95800881127437 3704.1783841467795
2020 6 8 678.6301233100008 109.82111712555299 3765.5573292166864
2020 6 9 650.3581606375462 98.87152092478733 3827.24935869392
2020 6 10 623.4396409568961 89.04034178510324 3890.985617767848
2020 6 11 598.0237967444397 80.24220235964818 3958.208046232405
2020 6 12 573.9794878067972 72.35841753317571 4028.8118181903656
2020 6 13 550.9019109547943 65.24921343059141 4100.674971301733
2020 6 14 528.8780765063162 58.85339680704097 4174.756958334034
2020 6 15 507.62484543712645 53.07228157142135 4249.31009936992
2020 6 16 487.4260331276637 47.87998630724585 4326.871714129592
2020 6 17 468.05119826318156 43.19766534094583 4406.028800906868
2020 6 18 449.4464991742082 38.973241949861595 4486.634011132455
2020 6 19 431.69335642609184 35.17165182522829 4569.832214287579
2020 6 20 414.72216876079233 31.74745785956898 4655.427545819566
2020 6 21 398.55600674558144 28.66718345162823 4744.173391725733
2020 6 22 383.09452373322534 25.891129838537182 4835.497919010815
2020 6 23 368.05777834936265 23.37206980436199 4926.370641688894
2020 6 24 353.909408500573 21.117034270867943 5022.942086872078
2020 6 25 340.1505283923923 19.070362369577424 5119.215509962492
2020 6 26 326.99720746828757 17.226016144528707 5218.397563848428
2020 6 27 314.400061446829 15.562546399797348 5320.260006763072
2020 6 28 302.05962487107973 14.048398932683897 5420.242784186902
2020 6 29 290.2474811141309 12.683612154541343 5522.89266121365
2020 6 30 278.9876922195428 11.45536497050694 5629.207401398159
2020 7 1 268.12994134774266 10.344630237505031 5736.867089782299
2020 7 2 257.96210214629565 9.351908897163646 5852.3058744994805
2020 7 3 248.13697284390545 8.452899863019226 5969.09501872061
2020 7 4 238.67574927407725 7.639962357917164 6087.966832962797
2020 7 5 229.76367189286515 6.911237789674464 6214.011465849328
2020 7 6 221.33709634063786 6.256615363964758 6346.796268588167
2020 7 7 213.42952679254378 5.669932885857059 6488.439104728885
2020 7 8 205.8520515410436 5.139527742263843 6634.6896574164975
2020 7 9 198.53013295371684 4.658404107482712 6783.802595414432
