2020 5 11 634.7603300180326 542.3892285322187 727.1314315038466
2020 5 12 639.7636725473155 467.21961516236473 839.367299517729
2020 5 13 645.2066869786435 402.7600345152993 969.4523628571562
2020 5 14 651.5607559087346 347.7333724278827 1120.9973171649092
2020 5 15 658.863374736571 300.69750785055174 1297.7561050507559
2020 5 16 667.0235828641728 260.3779499755712 1503.914179139672
2020 5 17 676.981451464491 226.12699035886334 1746.6472248322814
2020 5 18 688.3892550180392 196.8161683162379 2031.9149525134783
2020 5 19 700.815271643556 171.54080093696797 2366.2115134573082
2020 5 20 714.4054592319604 149.7413815863651 2758.680868473241
2020 5 21 728.4058409378335 130.7429732834139 3216.8130724917087
2020 5 22 742.3481706653264 114.0953174144219 3749.5589216902317
2020 5 23 755.1335954212573 99.34859997765439 4363.342974002774
2020 5 24 765.7839018816775 86.19800645316913 5063.9907979504105
2020 5 25 773.9262991340039 74.48893036437015 5859.568126291108
2020 5 26 782.1119437942593 64.36623656045002 6779.8064305325815
2020 5 27 791.0409717053498 55.67322280300062 7850.260658212839
2020 5 28 801.710554896003 48.2695736272302 9105.988986312455
2020 5 29 814.9926848956662 41.99912366260401 10590.62297151052
2020 5 30 832.4644890418381 36.74780257940955 12368.894909437704
2020 5 31 854.9714589652675 32.35881042049175 14515.004606976421
2020 6 1 885.7455191842068 28.783880308629247 17163.503887313964
2020 6 2 920.2554871727635 25.689309247181523 20346.19326287434
2020 6 3 956.5221837571202 22.93894310898643 24128.172769578967
2020 6 4 993.5219587617037 20.466343256385233 28595.591232246126
2020 6 5 1030.89610674059 18.238495542590393 33859.750477259884
2020 6 6 1069.5607586096637 16.251116253588968 40089.19689936957
2020 6 7 1110.9330425925073 14.499400515757642 47511.85671252988
2020 6 8 1151.7288009916083 12.908091534800414 56215.74948472818
2020 6 9 1194.2805850727634 11.494319360624091 66526.73333055055
2020 6 10 1238.8056631572829 10.239253157538913 78751.28510370667
2020 6 11 1286.7246049127014 9.135559071556424 93332.3703931255
2020 6 12 1338.2980787295662 8.163619211024882 110743.82816955767
2020 6 13 1392.9876361469978 7.301483490607966 131490.25101324118
2020 6 14 1453.109561872029 6.547155284267977 156425.07183612112
2020 6 15 1517.6974999841298 5.879188532275689 186289.7680878776
2020 6 16 1589.0648342844356 5.294511303046162 222335.9956174121
2020 6 17 1666.901873284424 4.778354002178644 265792.67191410164
2020 6 18 1751.5379199016627 4.32107704162861 318219.3500588454
2020 6 19 1844.3937549085192 3.917237113962947 381699.63625558367
2020 6 20 1946.0961019677854 3.5594730670756185 458655.395510807
2020 6 21 2056.8929626722115 3.2407608043015816 551948.1662547215
2020 6 22 2169.3915495539545 2.9433283306264637 662981.1001562004
2020 6 23 2279.5412393838146 2.661658903807936 793751.8114163297
2020 6 24 2396.942800882446 2.4088817529014204 950894.2927916577
2020 6 25 2514.754646497437 2.1744465548011584 1136911.0215639137
2020 6 26 2638.638628162303 1.9630703407497767 1359444.189436549
2020 6 27 2763.1596309285305 1.7681754012778415 1622718.8193214312
2020 6 28 2883.5016305642093 1.5861952544033868 1931074.936587253
2020 6 29 3011.022019010904 1.4240101061562214 2299323.5795150492
2020 6 30 3147.3847930559214 1.2799228083436194 2740241.6903038723
2020 7 1 3287.6324382624766 1.1494833210916768 3263715.8394474164
2020 7 2 3440.019452743073 1.034396528028342 3893037.437967727
2020 7 3 3590.0328564716538 0.9279946209890706 4633027.368935911
2020 7 4 3749.401953710106 0.8332649744104966 5517306.209107828
2020 7 5 3919.624207627504 0.7490450412895989 6575922.1984845055
2020 7 6 4108.766100343974 0.6754761269361802 7856432.858939533
2020 7 7 4317.424829178581 0.6108409925424362 9406160.165555838
2020 7 8 4544.858022594122 0.553547724832128 11279397.20949653
2020 7 9 4794.5134183583195 0.5028756028934431 13551106.700293737
