2020 5 11 89.48335154109117 86.13963094320346 92.82707213897888
2020 5 12 89.15822224579401 82.6184384253042 95.94707529221822
2020 5 13 88.82451976387067 79.23214524551051 99.16144735739833
2020 5 14 88.45512680980613 75.95169624858933 102.44226746941638
2020 5 15 88.09400586609078 72.81285139286861 105.83943655753134
2020 5 16 87.71122234056926 69.78460167653883 109.32146435616082
2020 5 17 87.29441620029974 66.85390302274416 112.87356977896118
2020 5 18 86.84627216321365 64.02076619241738 116.49800963039463
2020 5 19 86.36639047127912 61.282599997132856 120.1931725599143
2020 5 20 85.86237018040113 58.64253564834402 123.96825808692944
2020 5 21 85.36657535306061 56.11981463833415 127.86954250209246
2020 5 22 84.85485789690468 53.69326806027576 131.8654618803476
2020 5 23 84.39956273395995 51.405403299606654 136.06916773640336
2020 5 24 84.00772757480144 49.25218801833138 140.50525435369514
2020 5 25 83.69009079436995 47.23159896365547 145.20702123096433
2020 5 26 83.37022141361166 45.29196751882723 150.06016717002245
2020 5 27 83.02079032091022 43.41526578114919 155.0201067908773
2020 5 28 82.5672335048881 41.56110851743527 159.94682442851405
2020 5 29 82.01452863577197 39.73498316652562 164.83325209289558
2020 5 30 81.31746998381108 37.91736464137756 169.57140279866115
2020 5 31 80.42616043905193 36.08955104035593 174.0283263485748
2020 6 1 79.29054448258887 34.23583629264419 178.05261682620065
2020 6 2 78.07337052608624 32.43519795345602 181.95081455139035
2020 6 3 76.82363064172435 30.707972644359632 185.81491762265048
2020 6 4 75.64432580693894 29.092882760486816 189.8830594005945
2020 6 5 74.53278026314818 27.58183649284195 194.1649140575663
2020 6 6 73.43145238528369 26.147008761655055 198.52739213198956
2020 6 7 72.37351259983163 24.796476567300832 203.06119174497525
2020 6 8 71.38426226599998 23.53401347646797 207.8484902320874
2020 6 9 70.4143911189402 22.33775725833041 212.7657073909657
2020 6 10 69.45191938834846 21.20047495154436 217.78179608989026
2020 6 11 68.44561454856317 20.10369903622833 222.73744129060026
2020 6 12 67.40895980921837 19.050466352193617 227.65963875782722
2020 6 13 66.39077152492048 18.053194116543683 232.6999504745154
2020 6 14 65.33620946195161 17.094055167926896 237.67045806383163
2020 6 15 64.27159239946612 16.17886055349433 242.64962613818602
2020 6 16 63.19795362511046 15.306026540767885 247.63355402665636
2020 6 17 62.15262110887092 14.48279296045832 252.76048901498785
2020 6 18 61.13732887243252 13.706807908169681 258.0454213177884
2020 6 19 60.128588654615 12.970150548152484 263.39850762711535
2020 6 20 59.11922373010101 12.269359096622802 268.78699619589247
2020 6 21 58.13893036599408 11.608949083445514 274.34085839260496
2020 6 22 57.22259781287781 10.993612004434077 280.2345889237427
2020 6 23 56.370009403538326 10.420362975911052 286.496379929003
2020 6 24 55.504684189522905 9.872302606586475 292.768792861886
2020 6 25 54.677691843618156 9.357522943976184 299.3106583782172
2020 6 26 53.85180481902697 8.867666283569017 305.937300793117
2020 6 27 53.04943955835049 8.405272205965403 312.7734142280694
2020 6 28 52.26555860711773 7.968023669145766 319.80077634678827
2020 6 29 51.46967301260809 7.549925135308609 326.8417015151201
2020 6 30 50.6647902055232 7.15066754003215 333.9035487966734
2020 7 1 49.880808763344916 6.773697111861987 341.1727735930709
2020 7 2 49.08030774899218 6.412709178027714 348.4042878501529
2020 7 3 48.32688534838897 6.075431890412529 356.03208252429414
2020 7 4 47.58304585753068 5.755644486342218 363.8122693191681
2020 7 5 46.848703206813305 5.452453323258221 371.7475462301969
2020 7 6 46.10839478299385 5.163220111211139 379.71863613691914
2020 7 7 45.35519251376358 4.88657584522495 387.6581178728339
2020 7 8 44.59084792679722 4.622228021128924 395.56320637993355
2020 7 9 43.80800927833161 4.368928249920007 403.35116763058113
