2020 5 11 81.36197497939055 76.03560395887332 86.68834599990777
2020 5 12 82.67410997684433 72.20273926791916 93.85427092431958
2020 5 13 84.02598765858184 68.57931292864907 101.63364776358371
2020 5 14 85.32240539357629 65.074418189608 109.96402066400127
2020 5 15 86.59887329837443 61.718177805789296 118.92569987319315
2020 5 16 87.82353384630446 58.484504342455416 128.52035227121542
2020 5 17 88.9642329086609 55.35281073230352 138.7408662418674
2020 5 18 90.01786627969706 52.32542124450289 149.61527543001984
2020 5 19 91.00497592122345 49.4176852859933 161.2107063176326
2020 5 20 91.92011931755052 46.6265757973403 173.55814288744068
2020 5 21 92.86340355129282 44.00271450731401 186.88705121555085
2020 5 22 93.83028233160115 41.53310156405728 201.26759526091203
2020 5 23 94.91669088279625 39.250546118902214 216.98948985878593
2020 5 24 96.15434506347302 37.15077654440395 234.25649721108894
2020 5 25 97.54398127794519 35.21582287403368 253.22848226435184
2020 5 26 98.91924895368882 33.36921099804024 273.64753376603585
2020 5 27 100.20909398387549 31.5840726775073 295.4231228996513
2020 5 28 101.33879251144064 29.838656917542348 318.40980594932824
2020 5 29 102.30226632100599 28.137003367016874 342.6227689611346
2020 5 30 102.98584154013199 26.452890423283844 367.7088748223397
2020 5 31 103.27387277320884 24.766805965391544 393.2031413250864
2020 6 1 103.12500345057954 23.08322181313187 418.79848071063833
2020 6 2 102.79423406932047 21.473319355919188 445.320352994121
2020 6 3 102.42821951215815 19.96811277011387 473.3645315983381
2020 6 4 102.1720387023366 18.589573777534653 503.67636625704034
2020 6 5 102.02475767389416 17.3259020770799 536.462898662111
2020 6 6 101.91372328381112 16.154250918967676 571.5731265526532
2020 6 7 101.83880484961959 15.067537346248603 609.1831108978056
2020 6 8 101.87184745613307 14.069893349745435 649.9133391959466
2020 6 9 101.97686143571586 13.148243590782103 693.825895414022
2020 6 10 102.11800108446286 12.291610445694605 740.9505357549937
2020 6 11 102.15113427895349 11.47776468664919 790.4907871819469
2020 6 12 102.11212028799966 10.709697152098894 842.7849296703877
2020 6 13 102.10918638592058 9.99680963875474 898.8362047822314
2020 6 14 102.07018841588254 9.327844457621676 958.297832076102
2020 6 15 101.99515496162971 8.7003504792777 1021.3546218166455
2020 6 16 101.8481289111595 8.108922896468469 1087.8391318088632
2020 6 17 101.62937090112455 7.551971034626071 1157.882981679674
2020 6 18 101.41108275801267 7.033272758416459 1232.4368190672667
2020 6 19 101.12162829738601 6.54523247319697 1310.920459554003
2020 6 20 100.72585395372373 6.084122234549043 1393.0130496661595
2020 6 21 100.29605303911104 5.653348250784558 1479.7544489140496
2020 6 22 100.00978117270475 5.261061219195128 1573.9876902295055
2020 6 23 99.79497172114911 4.89971139768262 1675.333702014923
2020 6 24 99.5453768654208 4.561449925912507 1782.6134722211075
2020 6 25 99.33156490064475 4.248152085820297 1897.392493102918
2020 6 26 99.08312906081187 3.9548723270303223 2018.8917683853342
2020 6 27 98.9053053237811 3.6846333875769672 2149.5973465795782
2020 6 28 98.83259842652197 3.4367641961883253 2291.042629427024
2020 6 29 98.69013120236974 3.203141752347911 2440.1767727844153
2020 6 30 98.58272591393676 2.986531689158141 2599.880571125987
2020 7 1 98.51025615004404 2.7856245385732117 2770.954862475314
2020 7 2 98.40304662112258 2.5972487644192808 2952.3073044401613
2020 7 3 98.4002192887525 2.4243637437779486 3148.6570291565263
2020 7 4 98.36263786303184 2.2621304924112784 3356.9533458244687
2020 7 5 98.290329889442 2.1099545777436046 3577.8436517514647
2020 7 6 98.11392898304553 1.965780040556374 3809.477724718532
2020 7 7 97.82810997477449 1.8292584311951792 4051.8473994063456
2020 7 8 97.48668848232424 1.70116285836865 4307.299882579189
2020 7 9 97.06210132493489 1.5805652495488223 4575.130409928595
