2020 5 11 1137.8680544083952 1114.5620225955652 1161.1740862212255
2020 5 12 1119.2080992733852 1073.8456580699847 1165.508944726485
2020 5 13 1101.2394847644512 1034.986431124713 1170.2612621168184
2020 5 14 1084.2973739288793 998.2270229496387 1175.8172354147644
2020 5 15 1068.9085405745057 963.9632139772798 1182.8013207486179
2020 5 16 1054.988780918422 932.0033767899482 1191.2108178437106
2020 5 17 1042.6055848724354 902.3004572188219 1201.210397858056
2020 5 18 1031.7959070170405 874.780145318361 1212.939344145105
2020 5 19 1021.7660399974163 848.6653298622257 1225.5677804758038
2020 5 20 1012.6425920110912 824.0019990360853 1239.297965343602
2020 5 21 1003.8877278931351 800.2890505341231 1253.5333556128098
2020 5 22 994.6466728615563 776.8105817520348 1267.2306532223388
2020 5 23 984.1025733703057 752.9368094701399 1279.3090964341511
2020 5 24 972.1220093703398 728.6121924330602 1289.4899887031875
2020 5 25 958.5153862592732 703.7453541223548 1297.4015152533382
2020 5 26 945.157449710105 679.7699550788467 1305.4404090201053
2020 5 27 932.4450736760076 656.9417659219021 1314.163635560458
2020 5 28 920.8667810832233 635.5587388073559 1324.3025230522235
2020 5 29 910.4952997411518 615.605399811452 1336.048398380588
2020 5 30 902.5640460480817 597.8494066662081 1351.3078030499069
2020 5 31 897.0050581608357 582.1311537432839 1370.189778622492
2020 6 1 895.1862953275588 569.2312360324648 1394.996548899737
2020 6 2 894.9485099158062 557.6201453770128 1422.7103758535536
2020 6 3 895.037036784229 546.4491736583532 1451.4934242281156
2020 6 4 894.63615032451 535.2031852936934 1480.0650841130293
2020 6 5 893.963664047516 524.0260526001377 1508.7495322431892
2020 6 6 893.3459982858573 513.1141806124053 1538.0815681083009
2020 6 7 893.7600315666125 503.0218635165019 1569.7594070072562
2020 6 8 893.4683223646405 492.7307390332275 1600.8498016288443
2020 6 9 892.9052837695801 482.50047108622607 1632.0696491247077
2020 6 10 892.7766056787702 472.7171322163859 1664.691631592095
2020 6 11 893.7870468951544 463.73530709999693 1700.0896590060179
2020 6 12 895.5588917205546 455.318596161468 1737.6864958644471
2020 6 13 897.5518968070298 447.1653031027301 1776.5370825810155
2020 6 14 899.7674693034135 439.26668394648055 1816.6880290802198
2020 6 15 902.261849060831 431.6410278520961 1858.2983015882858
2020 6 16 905.3661549877995 424.4362327400518 1902.1035968257413
2020 6 17 908.4811415340342 417.351697448685 1946.9415055511392
2020 6 18 911.4964513227749 410.33470013563647 1992.5997866769549
2020 6 19 914.9648112459843 403.63512801511786 2040.2973365786863
2020 6 20 918.7799146829335 397.192083639327 2089.8804196718934
2020 6 21 923.7832044427375 391.3586671917126 2143.334960465388
2020 6 22 927.915711577428 385.2304763013518 2196.0731712393526
2020 6 23 930.7700145726951 378.65991535022187 2247.0401983393854
2020 6 24 934.7075718071185 372.6385453980661 2301.7840484771536
2020 6 25 938.1506719657166 366.5091606497351 2356.6029475474384
2020 6 26 942.0624528440637 360.6587412429493 2413.8728550609576
2020 6 27 945.876069808047 354.8578839640047 2472.241207751565
2020 6 28 948.0959905048973 348.54664003801344 2527.815126215397
2020 6 29 950.7819529346625 342.5170579395852 2585.8669702194184
2020 6 30 954.110963414932 336.82069821932186 2646.980207440615
2020 7 1 957.3356910573044 331.1781451864994 2709.216119991205
2020 7 2 961.6764592393731 326.01242812499305 2776.042825853525
2020 7 3 965.2189023191114 320.64997802584645 2842.1565916457303
2020 7 4 969.0089716165966 315.4536603487753 2910.535641243766
2020 7 5 973.5792927401139 310.5907123658262 2982.858692972034
2020 7 6 979.5316718198791 306.2367568694031 3061.147194432106
2020 7 7 987.1173999800694 302.4431024484108 3146.4811365572414
2020 7 8 995.4195975471616 298.89796383953797 3236.2904106842884
2020 7 9 1004.5748271321047 295.62955605649194 3331.2094352180593
