2020 5 11 254.26871520878854 240.14586579284605 268.39156462473096
2020 5 12 248.98859086094672 222.11618768074302 277.3950774345639
2020 5 13 244.1033954256911 205.6946350711741 287.01845314391954
2020 5 14 239.50100249731435 190.64470267738133 297.1955045443638
2020 5 15 235.550500422852 177.1457562788558 308.43466158131673
2020 5 16 232.1883675149256 164.99610507054288 320.7839518023553
2020 5 17 229.28401095952233 153.97094516308374 334.1938386029986
2020 5 18 227.45243491223826 144.37850175338954 349.6749887577214
2020 5 19 225.95807573014508 135.58843658738445 366.36921428792334
2020 5 20 224.72672969988184 127.48546134352235 384.27098918653525
2020 5 21 223.6645886548996 119.95891433025484 403.3253501434732
2020 5 22 222.50284102348508 112.82060833420526 423.1358666329734
2020 5 23 220.81259578267475 105.83604050506243 442.902910547992
2020 5 24 218.61248300188313 99.03334256914475 462.54494405893126
2020 5 25 215.65127497957042 92.31318034970238 481.4013472084664
2020 5 26 212.8280890534098 86.09094455205725 501.2450309850168
2020 5 27 210.35322395270398 80.41405804543174 522.6399913902407
2020 5 28 208.43772498617474 75.31434217100777 546.2664543964972
2020 5 29 207.04439418683296 70.72041248781149 572.2837423948866
2020 5 30 206.57952175635856 66.72065088028505 602.0807410940841
2020 5 31 207.0431951867131 63.2466681467281 636.1324010370091
2020 6 1 209.07462377722157 60.43216049407393 676.9235791865616
2020 6 2 211.88538545626045 57.962401686316085 722.7891634592893
2020 6 3 214.84082489169077 55.62281813365326 772.1270402514364
2020 6 4 217.54485809900484 53.30190658053102 823.7810443812012
2020 6 5 220.06343399356481 51.0240584181367 878.0594647542316
2020 6 6 222.85540328811803 48.900182252281624 936.8887618303037
2020 6 7 226.3910686764795 47.020125888513704 1002.6371747286507
2020 6 8 230.01709084872914 45.219467818140615 1073.1513808918112
2020 6 9 233.57354861565457 43.46267362134219 1148.0292490445272
2020 6 10 237.34995935753616 41.804827595467366 1228.9424409698481
2020 6 11 241.69032056695144 40.29879411639755 1318.1622659938573
2020 6 12 246.60995014952445 38.930367539491115 1416.585753866264
2020 6 13 251.46798889581544 37.582877541036325 1521.4292307705634
2020 6 14 256.99259176283016 36.367345879877426 1637.4861562963981
2020 6 15 262.4181691383429 35.15993902909798 1760.991765978812
2020 6 16 268.62020418582966 34.081304587531775 1898.2545126332923
2020 6 17 275.57862112553863 33.113129313655946 2050.5256576030633
2020 6 18 282.8285084497855 32.1858215147974 2215.838993066974
2020 6 19 290.71143055191067 31.3348165463208 2397.9451596712975
2020 6 20 299.0927097275364 30.53634682240456 2597.3159368140327
2020 6 21 307.94194929718464 29.781330727838377 2815.228279613588
2020 6 22 316.99087151559996 29.038972981139448 3050.8551789562453
2020 6 23 325.45815763681645 28.237478300814598 3298.046317820544
2020 6 24 334.8904485790363 27.522208058265925 3572.752745753733
2020 6 25 344.25821605334613 26.797287586492548 3866.735772024822
2020 6 26 354.14852792587334 26.111738886248823 4187.835108455141
2020 6 27 365.1269440510031 25.503005378236477 4545.105915832298
2020 6 28 375.8194169497739 24.86472012055931 4925.06026086528
2020 6 29 387.43170099266604 24.282549194981662 5344.727995210795
2020 6 30 399.67641622697397 23.73115878175791 5803.93067932925
2020 7 1 412.1064978539667 23.180317219304396 6299.65872945924
2020 7 2 426.52396224307915 22.732304186900546 6862.198778866365
2020 7 3 440.69272492114 22.252812648597512 7462.855645066413
2020 7 4 454.420660379988 21.73740867041478 8100.65305331856
2020 7 5 469.2410362531421 21.26574330777011 8804.80950605311
2020 7 6 486.4621866883065 20.8912089787604 9606.153846152221
2020 7 7 505.82460573955916 20.58808610214086 10510.233387380358
2020 7 8 526.7614980239679 20.32207771203137 11516.101727761043
2020 7 9 548.9835372927529 20.07565307707685 12627.385455625254
