2020 5 11 167.57472204938725 160.99299141199202 174.1564526867825
2020 5 12 167.20889336561015 154.3342079027471 180.59929199528798
2020 5 13 166.84885707499748 147.9554456220876 187.28587490431786
2020 5 14 166.5290516397442 141.87531073451646 194.2643130945606
2020 5 15 166.24495874794457 136.0749383781882 201.5437194555515
2020 5 16 165.96959154908438 130.5184515421155 209.1058881179844
2020 5 17 165.7429071908613 125.22678388943521 217.01255974739905
2020 5 18 165.5588101263799 120.1816015082142 225.27355246579307
2020 5 19 165.44103983654443 115.3876804303852 233.93898713988165
2020 5 20 165.38345487220013 110.82690208400898 243.0227343540602
2020 5 21 165.32588995142012 106.44639167479198 252.45919944763077
2020 5 22 165.2502138316553 102.22735004659675 262.2343911828091
2020 5 23 165.09797462928475 98.12814667001368 272.26652485763003
2020 5 24 164.81642414542358 94.11637558600856 282.4689702313956
2020 5 25 164.40753516907782 90.19562841286084 292.8346637341552
2020 5 26 163.9837229035416 86.42947011362313 303.55235707441636
2020 5 27 163.59279636231952 82.83732638970055 314.7211687892547
2020 5 28 163.33231456943346 79.4600582498207 326.55008011483983
2020 5 29 163.24377667678826 76.30392869930719 339.16652343473334
2020 5 30 163.4269471627434 73.40014002942395 352.8348303761319
2020 5 31 163.93509716201518 70.75272278827171 367.75514508201013
2020 6 1 164.95071911538577 68.41913117325947 384.4412606190657
2020 6 2 166.1272064838946 66.22662166886727 402.24472887231434
2020 6 3 167.41407949371742 64.14503184218246 421.11963532143767
2020 6 4 168.6622335823955 62.1102144339488 440.75775649156384
2020 6 5 169.83794255798566 60.1098409111581 461.0980288383541
2020 6 6 171.03007921181253 58.176806620008286 482.39932199389256
2020 6 7 172.3355884361655 56.341653454873274 504.98083970566523
2020 6 8 173.5731004461388 54.53890086434938 528.3909702802849
2020 6 9 174.8503468543548 52.80352343766957 552.9802658485359
2020 6 10 176.11439191867916 51.11653907483591 578.6423785648369
2020 6 11 177.46724706893497 49.50657552155305 605.7571614860245
2020 6 12 178.87063639704448 47.958517362148406 634.2795428895041
2020 6 13 180.2880135144889 46.45964144286246 664.1551628632454
2020 6 14 181.789443426105 45.02637663276998 695.7062379239794
2020 6 15 183.46785567508817 43.67806630476535 729.3856224988954
2020 6 16 185.3840817719254 42.42305797485413 765.5792723985614
2020 6 17 187.46409114209385 41.23700996667096 804.1626503694024
2020 6 18 189.6401294082119 40.100111133977755 845.0023616026707
2020 6 19 191.9333453216115 39.01399300423676 888.325706660341
2020 6 20 194.3535241153711 37.97746334985476 934.3295203741641
2020 6 21 196.71943712194306 36.951905436691355 982.3081550551104
2020 6 22 198.7994957611944 35.89493704489953 1031.1793202108959
2020 6 23 200.5514466754945 34.80498822889679 1080.6659035070093
2020 6 24 202.36096014883785 33.75544601521565 1132.7543415669122
2020 6 25 204.08217682050437 32.72010063714918 1186.7678087765942
2020 6 26 205.97300637027521 31.74135780558174 1244.2580058347316
2020 6 27 207.8514039493294 30.7872761852053 1304.3522534871724
2020 6 28 209.71670809851065 29.857395561870064 1367.1592222513675
2020 6 29 211.70717840285624 28.971037197225147 1433.6973031659045
2020 6 30 213.8465192599491 28.128778507948926 1504.353941263951
2020 7 1 215.9383775107398 27.30191697202824 1578.0066296699888
2020 7 2 218.20071897863252 26.518329176815264 1656.361630974803
2020 7 3 220.27876381737624 25.731952544536284 1737.0283861087491
2020 7 4 222.38015799035188 24.969310930389426 1821.6517715115347
2020 7 5 224.57705032474442 24.23774428018891 1911.0158515297574
2020 7 6 226.99883739445957 23.54954123141735 2006.4928702472153
2020 7 7 229.63806433394578 22.900727435392067 2108.431208070396
2020 7 8 232.4490874870341 22.283861452432618 2216.8440612196164
2020 7 9 235.4496272892986 21.698481077737814 2332.310602116459
