2020 5 11 168.60397802955924 143.55337315826964 193.65458290084885
2020 5 12 175.5174787103757 127.27519053234997 231.4953441498864
2020 5 13 182.66953042551114 112.81028387521305 276.67105512766216
2020 5 14 190.38469128801393 100.15709982831105 331.0741660966386
2020 5 15 199.02681820446418 89.2393710203039 397.2201303645011
2020 5 16 208.67507715577455 79.78697342294586 477.8066377385513
2020 5 17 219.0250919338303 71.42527460310892 575.2781035015938
2020 5 18 230.13409739432518 64.0199899504854 693.2787181305977
2020 5 19 242.4995030734733 57.5752444728847 837.5710380965608
2020 5 20 256.2683685851333 51.95474517258429 1014.4475768779579
2020 5 21 271.16266142098067 46.95258864531029 1230.0368752215243
2020 5 22 286.84327420639727 42.41829822072989 1491.083101577518
2020 5 23 302.9166288091584 38.24587781019865 1804.8581770391236
2020 5 24 319.38106367599835 34.41953120412184 2181.6259957909597
2020 5 25 336.2264576033631 30.92060895492789 2633.53429527852
2020 5 26 353.96034283106354 27.777370135391994 3179.0521829996937
2020 5 27 372.6295818304777 24.95365769682224 3837.5702189844765
2020 5 28 392.8831265223769 22.457144375536227 4638.670814647759
2020 5 29 415.5019301774045 20.282671124461025 5621.9314459559055
2020 5 30 441.4287460494916 18.41666079894439 6840.753799338834
2020 5 31 471.8146680400586 16.84086469178592 8367.845412382414
2020 6 1 508.8475468587701 15.562496493777296 10316.627240175187
2020 6 2 550.4247741386207 14.431252421208255 12752.461591124404
2020 6 3 596.2849362719767 13.405461013868885 15783.935657095939
2020 6 4 645.9660646294438 12.452584138176464 19536.04196704569
2020 6 5 698.7470558122968 11.547400834192297 24148.650428811477
2020 6 6 755.8407085772136 10.708015665335742 29850.330917420928
2020 6 7 818.8156673199173 9.946876566762818 36946.25537014074
2020 6 8 885.7199597953837 9.223834144795005 45669.54796125722
2020 6 9 958.090909212447 8.553349964648747 56452.476444235355
2020 6 10 1036.3751885275258 7.931603546778937 69781.33655692126
2020 6 11 1122.7236532223396 7.3678152817527245 86369.5309654712
2020 6 12 1218.0731123568821 6.8559577259964515 107039.99920977328
2020 6 13 1321.5203071462815 6.379659986463266 132657.4464715892
2020 6 14 1435.8794807342122 5.94671749267118 164619.2791329778
2020 6 15 1562.4453964943011 5.552724924111099 204546.73603606565
2020 6 16 1705.1959181556208 5.202706216169299 254816.6610690582
2020 6 17 1863.7325508102304 4.883123053766222 317851.08928547066
2020 6 18 2037.008758915295 4.583170712987117 396478.45056952594
2020 6 19 2229.672777575926 4.309018364056394 495193.98933674284
2020 6 20 2444.1471949683614 4.058198902339243 619284.6486787705
2020 6 21 2679.2521175086576 3.821979146880216 774471.1857324073
2020 6 22 2928.34936447016 3.5872089846514665 966053.4321911623
2020 6 23 3186.469369632519 3.3495427959403927 1200364.1215772736
2020 6 24 3467.341419982311 3.127622892850851 1491505.5175590538
2020 6 25 3767.3915192446057 2.915373202781909 1850861.520811912
2020 6 26 4093.4067748507405 2.7175274010581174 2296798.9919531415
2020 6 27 4441.047194538591 2.5287350820308947 2846482.5446598516
2020 6 28 4803.919001050655 2.3449203210901515 3518558.77657594
2020 6 29 5204.170796781436 2.1782404622627385 4354979.227997666
2020 6 30 5646.144980983132 2.0269135361351895 5397238.677952406
2020 7 1 6125.654670288074 1.88609960844282 6688937.839131537
2020 7 2 6655.744750622836 1.758103340655483 8300537.621753157
2020 7 3 7220.996636327769 1.6359642201290006 10287071.50011445
2020 7 4 7845.873305529238 1.5249428756184558 12765587.909163635
2020 7 5 8537.44955073345 1.4239096314442088 15861807.64582025
2020 7 6 9303.722994090913 1.3318615099849016 19734521.68968786
2020 7 7 10153.743938041218 1.2479069739231397 24584527.830717925
2020 7 8 11104.300281470714 1.1720558540423462 30681868.139970392
2020 7 9 12181.368101853135 1.1047758022123413 38395123.22465768
