2020 5 11 236.51427535752188 205.6389359057194 267.3896148093244
2020 5 12 233.62774472293728 176.62949081466593 298.583520899612
2020 5 13 230.79686580124692 151.72784305915403 333.4426367442716
2020 5 14 228.11096911356 130.40965132154193 372.53139966505125
2020 5 15 225.5249923648328 112.1259800354361 416.31458846192373
2020 5 16 223.0172992946411 96.4300585451491 465.3339588525632
2020 5 17 220.63729661944186 82.97448102914429 520.3334131072374
2020 5 18 218.31611427542938 71.4090254037758 581.9122641900591
2020 5 19 216.1026440740511 61.48287297904278 651.0006761655726
2020 5 20 214.0027828588999 52.96243486209187 728.5663510856814
2020 5 21 211.92249278458004 45.62257249251438 815.371014023009
2020 5 22 209.81862318930564 39.29048411350075 912.3494468955479
2020 5 23 207.57431358465564 33.80703469780643 1020.1607897667769
2020 5 24 205.1332506019279 29.05291071176983 1139.6271202973928
2020 5 25 202.52923008159019 24.940191467867113 1272.0188026480228
2020 5 26 199.9677273105562 21.410832363371643 1419.8499910536436
2020 5 27 197.5273693542169 18.390425519980624 1585.491936594826
2020 5 28 195.37978784103447 15.82059041127185 1772.5689133319588
2020 5 29 193.57045644259412 13.635356695851769 1984.5765825605151
2020 5 30 192.27976901842803 11.787314097142456 2227.0869771298085
2020 5 31 191.5636001883197 10.224434600480734 2505.7862490747393
2020 6 1 191.77634947646482 8.918214543930196 2831.4781574071903
2020 6 2 192.32978543209356 7.794702333986146 3204.5287488588274
2020 6 3 193.10046033142342 6.821469118144879 3630.322141636155
2020 6 4 193.77499149065696 5.966246672543466 4110.826143629832
2020 6 5 194.33872150404275 5.214761261971479 4652.528366070286
2020 6 6 194.94948615611594 4.55914814486384 5266.6999109234785
2020 6 7 195.72155086466555 3.989687707150398 5966.252869450932
2020 6 8 196.2177955758242 3.4856709466926112 6750.2232897012955
2020 6 9 196.62363137767613 3.043698160171209 7634.05454940888
2020 6 10 196.96141403139035 2.656699774345868 8630.934244559088
2020 6 11 197.46080236948393 2.321079216532554 9765.04593826659
2020 6 12 198.0859914385465 2.0293214206772188 11054.339437423556
2020 6 13 198.69002497417182 1.7740003360955467 12512.569204941032
2020 6 14 199.37479918017812 1.551507172839752 14168.129576392683
2020 6 15 200.3693019485026 1.3593107558867257 16064.582561571538
2020 6 16 201.72915073433907 1.1933679632547434 18243.77616320174
2020 6 17 203.15948563187925 1.048045618055173 20724.12176763082
2020 6 18 204.60470764069683 0.9204443775381953 23542.16861300311
2020 6 19 206.14145802062234 0.8087442969967589 26752.759324131457
2020 6 20 207.77642350880393 0.7109395646546163 30412.446373536484
2020 6 21 209.34184944340666 0.6246804454529593 34560.68961930586
2020 6 22 210.42518823657164 0.5474134926479446 39193.21535549832
2020 6 23 211.022611327242 0.47842504097079436 44355.13677858505
2020 6 24 211.6956681925735 0.4182985723476949 50212.44734691696
2020 6 25 212.1780208273332 0.3653474856640881 56797.5014990344
2020 6 26 212.7011218165906 0.3191675805276961 64256.75871076634
2020 6 27 213.09136613947152 0.2786235206814835 72655.12015797496
2020 6 28 213.36286650683485 0.24307360088101052 82110.41707539886
2020 6 29 213.8141310095699 0.21226394150574066 92865.26825479112
2020 6 30 214.43116448760435 0.18552303626761077 105100.37702903224
2020 7 1 214.98486431445252 0.16209460085358784 118915.56098391274
2020 7 2 215.73584123856136 0.1417724475813481 134655.04655098173
2020 7 3 216.3181063178571 0.12388553275975343 152370.8452395351
2020 7 4 216.9979474319688 0.10831032687459344 172485.03478297143
2020 7 5 217.8725376177881 0.09478941448202739 195407.5625389442
2020 7 6 219.0661818282492 0.08309366094820153 221659.3914402128
2020 7 7 220.5222185950657 0.07293805512564047 251696.8771055041
2020 7 8 222.25475848487548 0.06411190798173019 286109.345493633
2020 7 9 224.36795205793538 0.056459679797768544 325699.24539030297
