2020 5 11 1122.3768650118857 1071.9160617267287 1172.837668297043
2020 5 12 1127.7712885415706 1028.6466604399802 1231.4548138551747
2020 5 13 1133.1827571832173 987.115788294999 1292.991881919139
2020 5 14 1138.7152818637817 947.3445281043699 1357.7125207830074
2020 5 15 1144.3317203039906 909.2230061490651 1425.7405935539607
2020 5 16 1150.0743101624244 872.713732159731 1497.299867237477
2020 5 17 1155.9786670385063 837.7713509861807 1572.62385722637
2020 5 18 1162.051333471114 804.3280302502301 1651.9248723189237
2020 5 19 1168.2787816875998 772.3047996508046 1735.3993963984763
2020 5 20 1174.636238751675 741.6204128939212 1823.2355737360263
2020 5 21 1181.015199428063 712.1468795564911 1915.4972044452472
2020 5 22 1187.4222744555066 683.8407497319971 2012.4169863674526
2020 5 23 1193.676091451682 656.5514411154195 2113.9220411311708
2020 5 24 1199.7307374454551 630.2234728372815 2220.1358992107967
2020 5 25 1205.5754046987045 604.8248311345711 2331.2410619729053
2020 5 26 1211.4485451203366 580.4497803137401 2447.9064056215907
2020 5 27 1217.4534054508972 557.1064714979904 2570.618530191998
2020 5 28 1223.75447957887 534.8238618771978 2700.044742056055
2020 5 29 1230.4080715452512 513.5723008289007 2836.6931686062544
2020 5 30 1237.5840471965773 493.36812703003915 2981.3782769260442
2020 5 31 1245.441393003747 474.2137416073567 3134.983647268986
2020 6 1 1254.2420633631705 456.1431860179045 3298.7519458953698
2020 6 2 1263.4480477381592 438.88602147716716 3471.977777702944
2020 6 3 1272.8905845703996 422.34044286906624 3654.764501907933
2020 6 4 1282.279877158954 406.3775354685775 3846.818768311576
2020 6 5 1291.590314571039 390.9710269889331 4048.520957428636
2020 6 6 1300.9762057121266 376.1509840154839 4260.8237116900855
2020 6 7 1310.4303034288741 361.89270561939077 4484.25953403762
2020 6 8 1319.5707062271358 348.06929366030147 4718.103684513533
2020 6 9 1328.6785982885294 334.7485095083424 4963.798088891119
2020 6 10 1337.8412769596393 321.93548329498515 5222.2568085459425
2020 6 11 1347.2786067029929 309.6637822257024 5494.998598997962
2020 6 12 1356.9463212056473 297.89751141362666 5782.652945863163
2020 6 13 1366.6999074591895 286.5819447505752 6085.435845480974
2020 6 14 1376.689775289701 275.7310420424816 6404.812538683333
2020 6 15 1386.9702688966304 265.33457211414185 6741.963174021243
2020 6 16 1397.4118517873603 255.34623295672858 7097.271357146993
2020 6 17 1407.9405378590573 245.73545036788477 7471.347782905478
2020 6 18 1418.548551460612 236.4864007127932 7865.140683526846
2020 6 19 1429.314105373565 227.59840822260904 8280.11959356021
2020 6 20 1440.2917007191807 219.065212685122 8717.748604399874
2020 6 21 1451.3448514688303 210.8506147835118 9178.45461489008
2020 6 22 1462.244598222441 202.90944154752427 9662.0009288844
2020 6 23 1473.0039645675565 195.23651409553707 10169.55332187105
2020 6 24 1483.9678689513332 187.87035171995814 10704.633379692063
2020 6 25 1494.8419696144258 180.76040987219966 11266.630675132708
2020 6 26 1505.8411912211852 173.92503789264586 11858.475511637052
2020 6 27 1516.765718442659 167.3301673024266 12480.184848277226
2020 6 28 1527.566638584141 160.96298048448892 13132.819624580123
2020 6 29 1538.509478936518 154.84492543812348 13820.14195021719
2020 6 30 1549.6335942277049 148.9697670217746 14544.360335406309
2020 7 1 1560.743933718738 143.30846864777047 15305.645807220752
2020 7 2 1572.095232632093 137.8771274671901 16108.360552957525
2020 7 3 1583.2901553917518 132.63067703534693 16950.725983749766
2020 7 4 1594.5840482818978 127.58547525716304 17837.347901607605
2020 7 5 1606.0069729701256 122.73606852779872 18770.887521689183
2020 7 6 1617.687470208183 118.08441416551523 19755.339167441878
2020 7 7 1629.68894875091 113.62628501576366 20794.303439062754
2020 7 8 1641.9597817373717 109.34903910147308 21890.209252058452
2020 7 9 1654.543113982698 105.24746027532252 23046.806117865228
