2020 5 11 24713.7 288.1043000 288.1043000
2020 5 12 24606.8 549.437000 592.08000
2020 5 13 24522.3 788.178000 916.992000
2020 5 14 24466.3 1008.13000 1268.94000
2020 5 15 24444.5 1212.86000 1655.54000
2020 5 16 24455.7 1405.30000 2085.57000
2020 5 17 24501.1 1588.21000 2570.00000
2020 5 18 24582.9 1763.81000 3121.54000
2020 5 19 24693.2 1933.55000 3754.5000
2020 5 20 24830.9 2098.89000 4486.8000
2020 5 21 24986.5 2260.24000 5336.1000
2020 5 22 25150.2 2417.000 6322.6000
2020 5 23 25308.4 2570.49000 7466.000
2020 5 24 25456.5 2718.69000 8790.000
2020 5 25 25591.3 2862.12000 10321.000
2020 5 26 25739.1 3004.11000 12109.000
2020 5 27 25910.6 3146.50000 14210.000
2020 5 28 26117.9 3291.6000 16698.000
2020 5 29 26368.7 3441.5000 19663.000
2020 5 30 26684.4 3599.8000 23230.000
