2020 5 11 164.9728476203469 161.48005667435797 168.46563856633585
2020 5 12 166.4224473553171 159.44956943660148 173.54454518348797
2020 5 13 167.88078302014057 157.4407801140689 178.77239801010597
2020 5 14 169.3220662502881 155.42932159053697 184.12596757738964
2020 5 15 170.73262717424402 153.40400143625195 189.59299282657415
2020 5 16 172.112685522403 151.36710728912175 195.17542264160227
2020 5 17 173.46675465020988 149.32459172115054 200.8801013783744
2020 5 18 174.78264625626966 147.26760293591983 206.69497190782403
2020 5 19 176.08842965657294 145.22202211460055 212.65440681910314
2020 5 20 177.3717489463066 143.17828312413053 218.74675423155261
2020 5 21 178.66098830469357 141.16053516538796 225.0094082345243
2020 5 22 179.9679806937774 139.17784515375342 231.46191673918747
2020 5 23 181.34553808393323 137.27018038022496 238.17791995903553
2020 5 24 182.8204220431497 135.4543533819635 245.20277095106218
2020 5 25 184.40636843469136 133.73594671842213 252.56768492631625
2020 5 26 186.00607273100502 132.03934017711808 260.1538115642678
2020 5 27 187.5620580266901 130.32337158867483 267.88723932064505
2020 5 28 189.0439424214514 128.56917214285792 275.7261280034573
2020 5 29 190.44972945960723 126.77886823231206 283.6663307138953
2020 5 30 191.70379674540686 124.90553802682719 291.5936405137338
2020 5 31 192.72867962228332 122.9051822384814 299.38132150941425
2020 6 1 193.43081331265847 120.72754721663559 306.8671263143985
2020 6 2 194.06063583081692 118.54176687100028 314.421332368302
2020 6 3 194.6624639263259 116.37720716402943 322.1128219029935
2020 6 4 195.31136594412428 114.27919898519903 330.0672694577861
2020 6 5 196.00778926762715 112.24555264744234 338.294802216101
2020 6 6 196.7066958334297 110.24809590030053 346.7274213357517
2020 6 7 197.40809449604916 108.2861847348107 355.37023897087266
2020 6 8 198.23424785639747 106.4262476233043 364.4485734816407
2020 6 9 199.09455000731785 104.61473431835485 373.81524954514356
2020 6 10 199.97399798581134 102.8421537425588 383.45159582869235
2020 6 11 200.8108896585668 101.07572399123391 393.24730034717345
2020 6 12 201.6046483325559 99.31616130044057 403.2019212772322
2020 6 13 202.4015445497012 97.58722971215707 413.408532437799
2020 6 14 203.18592244571022 95.88084158676375 423.8415099878191
2020 6 15 203.94188211200992 94.189446360879 434.47215854054735
2020 6 16 204.66907933709365 92.51330560781037 445.30217486673547
2020 6 17 205.33549433442346 90.8383460002533 456.26426267847523
2020 6 18 205.98818383102375 89.18667968966761 467.46088604377513
2020 6 19 206.59511025521272 87.5443324648491 478.8237110975625
2020 6 20 207.15584624266603 85.91189770396802 490.35153869235023
2020 6 21 207.76621308347976 84.32985465377305 502.27077924351556
2020 6 22 208.4587960919391 82.80958510018404 514.6741556387606
2020 6 23 209.20209931387902 81.33595375724865 527.5033540089356
2020 6 24 209.98044235695463 79.90113902678652 540.7340136652198
2020 6 25 210.82670109932064 78.51637644527148 554.4639569816235
2020 6 26 211.6926908885268 77.16169120711405 568.5854435516236
2020 6 27 212.6277878515372 75.85427198055386 583.2426471636098
2020 6 28 213.58347525831869 74.57487753699223 598.3228393919413
2020 6 29 214.54345814514403 73.31706197223966 613.792941718153
2020 6 30 215.5243640122506 72.08613693175413 629.7105503826004
2020 7 1 216.54312289570643 70.88703860790038 646.1384474530602
2020 7 2 217.5164083616732 69.69142389896565 662.8448595117354
2020 7 3 218.56142174464773 68.53755475179925 680.1884768803153
2020 7 4 219.61145568206604 67.40279002142181 697.9858973660367
2020 7 5 220.68353481049263 66.29203116999008 716.3030272593795
2020 7 6 221.7095969931114 65.18418162483412 734.9344996976422
2020 7 7 222.57738192086654 64.04690884796881 753.5101082687513
2020 7 8 223.38825801293763 62.91212519435786 772.3510618748201
2020 7 9 224.17182567445306 61.78892490116818 791.5584884675369
