2020 5 11 827.2460162247552 797.7047753925402 856.78725705697
2020 5 12 838.275333269168 779.4980421578435 899.1888384140466
2020 5 13 849.6101733779153 761.8542197618391 943.8588229019811
2020 5 14 861.8473660006408 745.2814768230661 991.5801115027463
2020 5 15 875.2940980427069 729.9627741539884 1042.9029998789554
2020 5 16 889.7666756548983 715.6394885924861 1097.854604162454
2020 5 17 905.5328470482224 702.4452245268556 1157.0025262273994
2020 5 18 922.5850347345643 690.2751066966911 1220.623295095996
2020 5 19 940.6147409718895 678.8069620958021 1288.610873270988
2020 5 20 959.8468898991065 668.1428303360769 1361.549898523381
2020 5 21 979.3414727132233 657.5551887414837 1438.4319475361513
2020 5 22 998.7910271298751 646.8392474088148 1519.0075833525368
2020 5 23 1016.7090693494931 635.0559449461077 1601.1801241850906
2020 5 24 1032.6366041104177 622.0432061750854 1684.156873237397
2020 5 25 1046.5377879480839 607.926162204438 1767.7218847081683
2020 5 26 1060.1796868229726 593.870177046919 1854.679195435586
2020 5 27 1074.6777709115663 580.5191729656917 1947.100809883483
2020 5 28 1090.672986174587 568.1699397684611 2046.4812292308866
2020 5 29 1108.6121759936943 556.9720750960525 2154.1349174076104
2020 5 30 1130.8660713030818 548.0143941804388 2275.2621892774896
2020 5 31 1157.827814909632 541.2657098217024 2411.773706805056
2020 6 1 1192.099930803143 537.7171097751625 2570.3642939543
2020 6 2 1230.098581185725 535.4150993617952 2745.230960626025
2020 6 3 1270.182989580576 533.5035963701291 2933.9458487194497
2020 6 4 1310.7608713390737 531.2575536832171 3133.7562335429066
2020 6 5 1351.4236260091513 528.5299613156607 3344.2779768865967
2020 6 6 1393.251751719234 525.7787972679885 3568.704541408864
2020 6 7 1437.8603007987665 523.6026560192407 3811.997585862887
2020 6 8 1481.64817085827 520.6165621327519 4065.9146115931535
2020 6 9 1525.926834635946 517.351392800815 4334.432518215759
2020 6 10 1570.986327206069 513.9227967611199 4619.1428931617265
2020 6 11 1618.8283499135196 510.991906889012 4926.8238395517365
2020 6 12 1668.9329613914088 508.3320339096543 5257.451304122244
2020 6 13 1719.52049640444 505.36074849409897 5606.9023964515045
2020 6 14 1771.76365456703 502.44275926139414 5979.979347131501
2020 6 15 1826.7277539648235 499.8631083448209 6381.706725873434
2020 6 16 1884.6956720931296 497.6520786295479 6814.958699140665
2020 6 17 1945.7090264592698 495.7692532009315 7281.984580084533
2020 6 18 2008.9742290416839 493.96404452468863 7782.050945272138
2020 6 19 2075.581963792151 492.48147352767506 8321.437095717321
2020 6 20 2146.316404702606 491.458519657234 8905.899888296488
2020 6 21 2220.376979604003 490.64733149731325 9535.211872131098
2020 6 22 2293.20450662449 489.00030281205574 10192.722834519733
2020 6 23 2364.9970155025935 486.6287299319429 10880.355541559296
2020 6 24 2441.3910520879713 484.75301365486575 11625.207599322208
2020 6 25 2518.1699230153104 482.4709662880162 12411.13315688864
2020 6 26 2599.690773379685 480.6455773407866 13261.662213922906
2020 6 27 2683.111404567413 478.6904089841498 14166.70628179678
2020 6 28 2765.3937875167767 476.06254581403005 15113.371628955416
2020 6 29 2852.7553728448506 473.88910127446513 16137.26449972939
2020 6 30 2945.716224247096 472.19725426476396 17246.585393992493
2020 7 1 3040.2403535177323 470.2764519664529 18423.581124250642
2020 7 2 3141.9043975059303 468.99871315486524 19705.787697196352
2020 7 3 3242.723945221101 467.0909218706159 21050.612046545688
2020 7 4 3347.2397402553984 465.25730657036127 22490.207307722005
2020 7 5 3458.4557687480806 463.8939726175821 24050.637769631165
2020 7 6 3579.268160148306 463.3261644679898 25760.372062086328
2020 7 7 3709.7294637869018 463.46177311045193 27630.72002756224
2020 7 8 3848.7614466494315 464.0740941332384 29665.284109841225
2020 7 9 3997.9840335174968 465.28770144288205 31888.04621900893
