2020 5 11 3.0314060411241943 2.657140486761695 3.4056715954866936
2020 5 12 2.907136242347887 2.233471515881186 3.6694654830645197
2020 5 13 2.7883462520324342 1.8776507886375717 3.9541786756353523
2020 5 14 2.673521094816706 1.5779181608850203 4.259721866693535
2020 5 15 2.561415638348411 1.3248467449403332 4.585673984331287
2020 5 16 2.452134872507425 1.111393335081684 4.933209079078951
2020 5 17 2.3436921421482033 0.930597262929252 5.299389046018508
2020 5 18 2.2374110394001203 0.778166301229824 5.686793561454649
2020 5 19 2.135257301820322 0.6504626288088712 6.1007592907395285
2020 5 20 2.0370665271901593 0.5435026388516337 6.542856234488089
2020 5 21 1.9427544131067347 0.4539609346669943 7.014945151374569
2020 5 22 1.8530050313556832 0.3792170297577092 7.521805554859075
2020 5 23 1.7667465905381132 0.316645494758226 8.06262917840539
2020 5 24 1.6860429904587861 0.26467429288998046 8.64936383936343
2020 5 25 1.610431131715563 0.22145375115204707 9.286005402904532
2020 5 26 1.5382101433208177 0.18529099809363964 9.969507346926274
2020 5 27 1.4685869341295568 0.15495630023735152 10.69916422125004
2020 5 28 1.4015030335586107 0.12952323615241668 11.47776514074949
2020 5 29 1.3363153640525212 0.10815656151012278 12.303460145582186
2020 5 30 1.2736028595660043 0.09026954700708086 13.183427265151607
2020 5 31 1.2127719083591544 0.07526546373855333 14.115343350203032
2020 6 1 1.1533302078879697 0.0626611755048474 15.095488096111803
2020 6 2 1.0958406642534304 0.05211543112716341 16.131110760991163
2020 6 3 1.04121677661637 0.043344513403838145 17.23778209267634
2020 6 4 0.9897496126956373 0.03606778588073698 18.427559945628413
2020 6 5 0.9416513870777693 0.0300427452429083 19.714816864737916
2020 6 6 0.8958905600078901 0.025024173779747607 21.09199509631008
2020 6 7 0.8523535424314774 0.020843943131556082 22.565376092256308
2020 6 8 0.8109322653082649 0.017362010394251906 24.141680095215527
2020 6 9 0.7715239113596585 0.014461726508635296 25.82809679027377
2020 6 10 0.7337091393243745 0.01203990167400672 27.621554642324238
2020 6 11 0.697136262543932 0.010013611481338659 29.516525367660556
2020 6 12 0.6618053765910527 0.008319995644989135 31.516899044902374
2020 6 13 0.6282650609603371 0.00691282337662498 33.65284067259767
2020 6 14 0.5956391105709169 0.005735005649743621 35.89146498309758
2020 6 15 0.5642109867813419 0.004753086413030805 38.24909065343362
2020 6 16 0.5342060010030306 0.003937305745823573 40.745643482114374
2020 6 17 0.5055740714252568 0.0032598981535420977 43.38816846773679
2020 6 18 0.47847673222985865 0.002699037529086866 46.20207222426275
2020 6 19 0.45263233601847475 0.0022335473584486573 49.179215388775006
2020 6 20 0.4279952690897586 0.001847407268523962 52.32770336223937
2020 6 21 0.4039857720897882 0.0015249443295471555 55.59053274206369
2020 6 22 0.38132314966489794 0.001258766947515591 59.056811822100286
2020 6 23 0.35993184541667606 0.001039050539391328 62.739226457384184
2020 6 24 0.3394405495388493 0.0008568193763359112 66.59896233029585
2020 6 25 0.32011584453676606 0.0007065483495102327 70.6961503021549
2020 6 26 0.3016245086265739 0.0005820433280001137 74.98647546599975
2020 6 27 0.2840756184343621 0.00047923550785046074 79.50591741687855
2020 6 28 0.26802128085670623 0.00039538575480290334 84.43027795279863
2020 6 29 0.25287424309055073 0.00032620682845946867 89.65963876386276
2020 6 30 0.23847784832572705 0.0002689958964661024 95.17552640911842
2020 7 1 0.2249010553506769 0.00022181875424656447 101.03075310296444
2020 7 2 0.21181603138351687 0.00018263833331337166 107.11988612415101
2020 7 3 0.1996688524734927 0.00015053067492217588 113.66529284260962
2020 7 4 0.18821828729241227 0.00012406751464188272 120.61064723334627
2020 7 5 0.17734594956167146 0.0001022048514711284 127.93012492260124
2020 7 6 0.16695383482308812 8.41095516357451e-05 135.58717274168606
2020 7 7 0.15705471803485274 6.915959349790222e-05 143.60834754286083
2020 7 8 0.1476814582579545 5.683999917305573e-05 152.0481886768146
2020 7 9 0.13888914898081509 4.672321960111439e-05 161.0062153104466
