2020 5 11 187.2236698644544 183.4836339428322 190.96370578607662
2020 5 12 184.727330371766 177.42045033345553 192.18165278990853
2020 5 13 182.2701157844712 171.56323259046422 193.4134434601126
2020 5 14 179.8238817363346 165.87895041597517 194.6300973944469
2020 5 15 177.37561017194687 160.35083721332478 195.81666540209864
2020 5 16 174.93081740472675 154.97996638200684 196.97750954694925
2020 5 17 172.48103545278832 149.75471621813455 198.1016736808229
2020 5 18 170.02723486230332 144.67236255390904 199.18823437401701
2020 5 19 167.57890695440906 139.73744637811862 200.24626984995984
2020 5 20 165.14272501350723 134.95159532418387 201.28231149304756
2020 5 21 162.7400447885567 130.32808995330763 202.3213801867335
2020 5 22 160.39299920314656 125.87954756448693 203.39151979059886
2020 5 23 158.11433217770332 121.60994840675016 204.51110573858182
2020 5 24 155.9101219847714 117.51753425557813 205.6912880145982
2020 5 25 153.77691695169722 113.59319685234841 206.93141819676853
2020 5 26 151.67289901472176 109.79990733190438 208.17902522875383
2020 5 27 149.57958459696292 106.12019789001133 209.40933263158772
2020 5 28 147.4794917877713 102.53850025089227 210.5969744715589
2020 5 29 145.3707850231795 99.05120032565756 211.7369472071699
2020 5 30 143.23156432572424 95.6411671174032 212.79473046418818
2020 5 31 141.04128109389842 92.2934142783427 213.73516730173333
2020 6 1 138.78919737093426 89.00048595910737 214.5353508757389
2020 6 2 136.52894568301906 85.79674789701848 215.27031836101253
2020 6 3 134.29465093386185 82.7015145466692 215.99069236324073
2020 6 4 132.115601284597 79.72945000346606 216.74352211897312
2020 6 5 129.98766102520653 76.87369955514909 217.52481856040396
2020 6 6 127.89916098344862 74.12329167539585 218.31757663602482
2020 6 7 125.85438311423415 71.47718052960074 219.13057747466866
2020 6 8 123.87480863212716 68.94399742188828 220.00321509347538
2020 6 9 121.95098740666636 66.51429197844962 220.923046754248
2020 6 10 120.06189064210176 64.17285708703038 221.8555045737481
2020 6 11 118.18774196927352 61.90619389936536 222.76544582275793
2020 6 12 116.33580261705808 59.71590141302861 223.66583883820795
2020 6 13 114.51981763705218 57.60666330839541 224.58320518052295
2020 6 14 112.72762845123337 55.56963653806338 225.49540828551912
2020 6 15 110.9567659485316 53.60132815111222 226.3978734302774
2020 6 16 109.20490258907513 51.69847772093593 227.285954488442
2020 6 17 107.48069887888809 49.86317859749991 228.17751918341787
2020 6 18 105.78371810799902 48.09303270528024 229.0725811803151
2020 6 19 104.10301980992477 46.380948585323715 229.94839358653653
2020 6 20 102.43661216177922 44.72428358533815 230.80013732504463
2020 6 21 100.79280795734626 43.125014908551044 231.64586307311478
2020 6 22 99.19541145267422 41.59150330338585 232.54072041594273
2020 6 23 97.63318703489514 40.116655400173556 233.46213983391158
2020 6 24 96.08780537161908 38.69091728449553 234.36865287878098
2020 6 25 94.57452251302674 37.31892508180558 235.29731529687035
2020 6 26 93.08507228336427 35.99558415792613 236.22965744719428
2020 6 27 91.62647847665463 34.7220305349951 237.18447130004307
2020 6 28 90.2034856498314 33.49836626032487 238.17613765388566
2020 6 29 88.78825225976975 32.31250059949704 239.13408593419825
2020 6 30 87.39522295122353 31.168615414809512 240.0958870979978
2020 7 1 86.02578607154196 30.065843949589826 241.066327818653
2020 7 2 84.67096953727393 28.999699583902743 242.02152910586517
2020 7 3 83.34590284498817 27.974242440729036 243.00456249943005
2020 7 4 82.03660417411385 26.983378734485857 243.9771018045111
2020 7 5 80.74298287146637 26.026003350573657 244.93898843903756
2020 7 6 79.46013333355387 25.0994926995296 245.87546282517712
2020 7 7 78.18503355719446 24.201975081365593 246.7764294023203
2020 7 8 76.9216946900565 23.33385798582355 247.6532353879913
2020 7 9 75.66860416620133 22.49379643662112 248.50042967863976
