2020 5 11 369.112474527533 352.27818845508904 385.946760599977
2020 5 12 378.8668257060543 345.0916692257019 414.2185678366571
2020 5 13 388.866261083229 338.040197929652 444.54750018313183
2020 5 14 399.0295917828889 331.04586675783366 476.982764314845
2020 5 15 409.30686898033434 324.0704159724718 511.6032719471192
2020 5 16 419.718279177156 317.13856899501303 548.5734188940603
2020 5 17 430.23347534806067 310.23330782636754 588.0046636317528
2020 5 18 440.85654122016894 303.36622261856144 630.057595392614
2020 5 19 451.56300089230393 296.52803248548656 674.8623852830744
2020 5 20 462.41641071949107 289.7697374796363 722.6843706598281
2020 5 21 473.53895448799983 283.1706559472819 773.9080342704499
2020 5 22 485.0362001090139 276.7859453991345 828.9375658313243
2020 5 23 496.95406587560086 270.62592436159537 888.12181106196
2020 5 24 509.38615057962284 264.7235568784626 951.9273181574025
2020 5 25 522.391611934803 259.0862710474212 1020.807124064678
2020 5 26 535.7515462569149 253.58015175894303 1094.7147684209401
2020 5 27 549.3151807148195 248.12574337010085 1173.691487387847
2020 5 28 562.9392712827951 242.66085547820109 1257.7613440396258
2020 5 29 576.5146631678529 237.14968078152768 1346.989228250813
2020 5 30 589.9225211002911 231.56009233221297 1441.3907826423074
2020 5 31 602.958539096605 225.83389403461695 1540.7378842786231
2020 6 1 615.2991700679457 219.88095146506996 1644.4194135528185
2020 6 2 627.6810935868157 214.00942499023657 1754.513369356647
2020 6 3 640.177476031965 208.2487581691852 1871.601581462631
2020 6 4 653.0325582285309 202.6789100303409 1996.8250603900385
2020 6 5 666.3139549992651 197.31023049136016 2130.941132611265
2020 6 6 679.9226687500329 192.1006977648983 2274.247994928947
2020 6 7 693.6634058129144 186.98748396852565 2426.7042354994555
2020 6 8 707.9200223400835 182.0745779631327 2590.213794657753
2020 6 9 722.5608067810066 177.31419877038678 2765.074042642829
2020 6 10 737.5664112990062 172.69350220255455 2951.9761295895187
2020 6 11 752.6936925570926 168.14874362350594 3150.751419629125
2020 6 12 767.8404637340285 163.6586329826475 3361.6943729186733
2020 6 13 783.1272521839568 159.25329963321784 3586.03850767789
2020 6 14 798.550314085327 154.93237062202135 3824.5847398649084
2020 6 15 814.1742938429492 150.70872873343126 4078.5067832720247
2020 6 16 829.3700918221127 146.4643841690084 4345.6109926598565
2020 6 17 844.3511259716724 142.25155891432442 4627.59670676824
2020 6 18 859.3490740419155 138.11716877847687 4926.490018982423
2020 6 19 874.3921143688166 134.06737041520418 5243.41990719545
2020 6 20 889.5858925988337 130.11905463410054 5580.063280672446
2020 6 21 904.7000358371956 126.23675255361916 5936.164589566495
2020 6 22 920.3039607867727 122.50279518944375 6316.519878844007
2020 6 23 936.809041998175 118.96341427752999 6725.584065137323
2020 6 24 953.6905516925138 115.53650640729113 7161.717015611391
2020 6 25 971.1628124266465 112.24302910458611 7628.283598484403
2020 6 26 988.8718077141618 109.03380001708591 8124.590890521482
2020 6 27 1006.946168334611 105.92100851913749 8653.537387621966
2020 6 28 1025.9559746201764 102.96073298431916 9222.12064287573
2020 6 29 1045.1044786244693 100.0610945157077 9826.083655343333
2020 6 30 1064.4309381233575 97.2259378808433 10467.913585986487
2020 7 1 1084.1147896767259 94.47111329894236 11151.667204063891
2020 7 2 1103.9299785715068 91.77407001298343 11877.68964432012
2020 7 3 1124.5811773366133 89.19341584013851 12656.077512187709
2020 7 4 1145.473888734854 86.67384357237916 13483.846260629662
2020 7 5 1166.4597508812255 84.2031237503903 14362.282543450305
2020 7 6 1187.1792148952195 81.75584959116063 15289.932568373444
2020 7 7 1207.8335819702363 79.34987505237356 16271.9204973063
2020 7 8 1228.4480991728144 76.98848010176131 17311.598184747287
2020 7 9 1248.620897062436 74.64762544209827 18406.522044446046
