2020 5 11 25.248655432850093 21.44564896599509 29.051661899705103
2020 5 12 24.81328048757531 17.902160869827743 32.84999575287715
2020 5 13 24.388790143890144 14.946603775837113 37.14941046506795
2020 5 14 23.979786561005028 12.484034926204618 42.02406174059595
2020 5 15 23.585003654021016 10.431025897242844 47.55125346562114
2020 5 16 23.20374654609869 8.718743366761506 53.8195724933372
2020 5 17 22.838243972932748 7.291140828482955 60.93644288568106
2020 5 18 22.486373377743 6.099807178157451 69.01542870582365
2020 5 19 22.144174793488 5.1042841904862435 78.17857707517288
2020 5 20 21.812832146039785 4.272538134432302 88.57825377120267
2020 5 21 21.486084510687117 3.576254504418705 100.35987015897517
2020 5 22 21.162758410701006 2.993197100401249 113.70165543683747
2020 5 23 20.834941929798628 2.5038756461112013 128.76682385384206
2020 5 24 20.500692384371725 2.0931640580909945 145.75694527841034
2020 5 25 20.160892131629147 1.748707394945492 164.91123626839197
2020 5 26 19.828065602017922 1.4610517990916296 186.5936146176773
2020 5 27 19.507330378421873 1.2212005294938322 211.18885224014429
2020 5 28 19.20346553114713 1.0214553981350531 239.15250528189517
2020 5 29 18.918389831680244 0.8551291399441668 270.99388997959653
2020 5 30 18.66020513721477 0.7169104327024789 307.3992957044844
2020 5 31 18.431618750892127 0.6020344643174173 349.12495884123246
2020 6 1 18.24385237027689 0.5068077862635969 397.2345239199113
2020 6 2 18.071352276438713 0.42701452333455464 452.2643605102692
2020 6 3 17.9064955836236 0.35992620771094685 515.0680794460668
2020 6 4 17.739568289760463 0.3033062985427397 586.4902223431994
2020 6 5 17.569475531345823 0.2555125258702281 667.6600471991558
2020 6 6 17.403351835739603 0.21528390525502966 760.152570086436
2020 6 7 17.244589005839014 0.18146061870344654 865.7112046562025
2020 6 8 17.078094809051084 0.15285471813827778 985.4674078698647
2020 6 9 16.912071709052835 0.12874815145559457 1121.724241492615
2020 6 10 16.749913257363826 0.10846054149747925 1276.9700695558076
2020 6 11 16.597111449158845 0.09142028960190283 1454.2965987727562
2020 6 12 16.450121092365254 0.07708156678175804 1656.6346652580507
2020 6 13 16.30552713508852 0.06499691546818465 1887.234507731781
2020 6 14 16.168713988509065 0.05483281444964268 2150.686796287096
2020 6 15 16.037352273680074 0.04627275168947063 2451.488665573829
2020 6 16 15.912393453993532 0.039064412851465044 2795.177251869107
2020 6 17 15.787349464274175 0.032976384939170905 3186.8635664654203
2020 6 18 15.666439592014253 0.027843733892638816 3634.072786799778
2020 6 19 15.554795329600667 0.02352478264911175 4145.972907522926
2020 6 20 15.450156810351004 0.019885153029165516 4731.635178041459
2020 6 21 15.348278321543715 0.016811273933140327 5400.658092157761
2020 6 22 15.239922662014768 0.014204729639991398 6161.761030402196
2020 6 23 15.123205343095268 0.011993816570323662 7026.434490317222
2020 6 24 15.016438652081943 0.010134206509909137 8016.654542152762
2020 6 25 14.903431318341243 0.008558203816650274 9142.690124219323
2020 6 26 14.792266109265192 0.007227859781657254 10427.499309363076
2020 6 27 14.676024390089454 0.006101427592232261 11888.697797655328
2020 6 28 14.55483684385202 0.005148109275235269 13549.90658206396
2020 6 29 14.43755545778637 0.0043447699688216905 15445.941061907255
2020 6 30 14.326022512973688 0.003668233661881878 17612.425985537317
2020 7 1 14.211538147902242 0.0030960663769316814 20078.09955872734
2020 7 2 14.106479434585788 0.002614999272129509 22900.982216983008
2020 7 3 13.995626816813697 0.0022074624016820564 26110.08150369466
2020 7 4 13.888439131227345 0.0018638791305905312 29774.081844030698
2020 7 5 13.783920642362983 0.0015740213576265181 33956.20986307559
2020 7 6 13.685691836497709 0.0013298687046069293 38739.324827461314
2020 7 7 13.597724874160653 0.0011245166755719938 44223.26160275881
2020 7 8 13.514756840485205 0.0009512407806942935 50497.923071182624
2020 7 9 13.435757260528833 0.0008049085220995344 57675.80769960867
