2020 5 11 21.087237024411507 20.372960170488756 21.80151387833426
2020 5 12 21.565881436408255 20.12826086967956 23.05308607827853
2020 5 13 22.012990731556428 19.84692754666087 24.33118456748132
2020 5 14 22.426980326457542 19.53130822157325 25.63328948990538
2020 5 15 22.855097730339654 19.22623130010552 27.01232648713371
2020 5 16 23.297850771847475 18.931356585886213 28.473192596356
2020 5 17 23.755769246485904 18.64635794774907 30.021116344811464
2020 5 18 24.22908603208451 18.37067163392778 31.66127713746171
2020 5 19 24.717379918710552 18.103266814809505 33.398293773772174
2020 5 20 25.220174339916326 17.843167278406533 35.23690388970601
2020 5 21 25.736932256535646 17.589447785743335 37.18195089679461
2020 5 22 26.267051075442787 17.341230923531484 39.23836839694665
2020 5 23 26.809857635474064 17.09768441257916 41.41116185592835
2020 5 24 27.36460329772557 16.85801883415017 43.70538731702683
2020 5 25 27.930827676275054 16.62171275096613 46.12671547774684
2020 5 26 28.50876828704525 16.38871907154075 48.682187972193226
2020 5 27 29.0986675606037 16.158991364489303 51.37923654900825
2020 5 28 29.649049430586167 15.90376089134214 54.13437697584215
2020 5 29 30.157139577200592 15.624292490727216 56.94103296341429
2020 5 30 30.620331798203676 15.321962521813441 59.79198917845647
2020 5 31 31.036210017888934 14.998247515046222 62.67940714159542
2020 6 1 31.347401524663123 14.628052381143902 65.48343353742105
2020 6 2 31.60599257602906 14.240992929935338 68.29650265303941
2020 6 3 31.866716797246216 13.864175103166334 71.23041695684913
2020 6 4 32.18623556614118 13.521971778837075 74.4169813875156
2020 6 5 32.508958061492365 13.188214908358162 77.74609998681682
2020 6 6 32.83491640618019 12.862696011631437 81.22415005903683
2020 6 7 33.16414304517233 12.545211754381128 84.85779420358871
2020 6 8 33.55562073295103 12.25786320736962 88.80482964928932
2020 6 9 33.951719519481465 11.977096389633491 92.93545564145452
2020 6 10 34.29214403487018 11.681470997581966 97.093016834368
2020 6 11 34.57502686241786 11.372378328522268 101.26398576871522
2020 6 12 34.860243247588535 11.071464276529396 105.61413321062665
2020 6 13 35.147812440370714 10.778512434733107 110.15115639738175
2020 6 14 35.37527784994019 10.474153082571254 114.68728715623074
2020 6 15 35.60421534294696 10.178388108883174 119.4102201506109
2020 6 16 35.83463444624458 9.89097482902381 124.32764807657854
2020 6 17 36.066544748341364 9.611677411180692 129.447580422826
2020 6 18 36.29995589979938 9.340266682866389 134.77835651650773
2020 6 19 36.53487761363605 9.076519942875125 140.32865910630585
2020 6 20 36.77131966572834 8.820220778549299 146.1075285048597
2020 6 21 37.00929189521958 8.571158888205963 152.12437731359404
2020 6 22 37.24880420492888 8.329129908577544 158.3890057539301
2020 6 23 37.48986656176323 8.093935247125232 164.91161762985033
2020 6 24 37.73248899713226 7.865381919087436 171.70283694781736
2020 6 25 37.97668160736567 7.643282389129591 178.77372522111685
2020 6 26 38.22245455413339 7.427454417465411 186.13579948681016
2020 6 27 38.46981806486843 7.217720910323296 193.8010510646423
2020 6 28 38.78716336991465 7.026739430237302 202.1264506638062
2020 6 29 39.107126520526585 6.840811335588208 210.80949681909036
2020 6 30 39.429729111841446 6.6598029133879155 219.86555348481087
2020 7 1 39.75499291713909 6.483583988704823 229.31064462748915
2020 7 2 40.082939889311575 6.312027831046569 239.1614825789765
2020 7 3 40.41359216234479 6.145011063219886 249.435497607586
2020 7 4 40.74697205281235 5.982413572602038 260.1508687595555
2020 7 5 41.01067343401306 5.813484554767071 270.8641322087766
2020 7 6 41.20318404398082 5.638992092430854 281.53711129483764
2020 7 7 41.372185144609894 5.466395899446391 292.4638297161466
2020 7 8 41.50756078215394 5.294548036389368 303.5720225822264
2020 7 9 41.59173297467636 5.121514757123291 314.7243963348256
