70030 2733929
69801 2733929
69648 2731547
69552 2729166
69456 2723464
69278 2720143
69195 2713538
69055 2710254
68997 2706970
68939 2704760
68894 2702550
68850 2696250
68734 2692160
68663 2688071
68592 2688071
68592 2688071
68592 2685667
68555 2683263
68519 2614406
68453 2547952
68422 2478266
68342 2475034
68291 2471802
68243 2469496
68243 2464884
68243 2460272
68219 2457966
68195 2453866
68141 2449766
68112 2445666
68083 2444587
68048 2443508
68013 2440534
67960 2438639
67942 2433950
67903 2431155
67881 2428360
67860 2425724
67838 2423089
67817 2417962
67773 2415470
67750 2409573
67711 2406168
67694 2402763
67677 2400965
67656 2397551
67618 2392492
67568 2384985
67502 2379096
67453 2374851
67416 2374851
67416 2373163
67400 2369118
67371 2362628
67319 2356598
67264 2348064
67192 2341975
67142 2337115
67110 2335161
67087 2331056
67039 2325229
66957 2319931
66879 2313478
66781 2308748
66717 2305443
66672 2303123
66634 2298280
66568 2291611
66473 2285893
66395 2273591
66266 2263115
66167 2254007
66088 2251180
66049 2246682
65977 2240025
65857 2234704
65745 2225311
65572 2218076
65449 2212333
65356 2209429
65307 2185441
65203 2140369
65036 2096743
64871 2067667
64613 2059675
64417 2053142
64267 2050407
64217 2044885
64091 2037330
63897 2030762
63718 2021815
63465 2014903
63279 2009738
63129 2006854
63065 2001663
62937 1994061
62742 1987631
62559 1978288
62307 1971355
62123 1966135
61990 1963480
61906 1957973
61747 1949579
61513 1942314
61336 1932414
61069 1925402
60876 1919916
60709 1917284
60641 1912085
60441 1904267
60241 1891424
59897 1881150
59685 1873494
59472 1873494
59469 1870356
59402 1864920
59285 1856829
59098 1849841
58916 1839108
58667 1831031
58490 1824989
58372 1823684
58347 1819532
58270 1813315
58136 1806331
57990 1795633
57768 1787000
57604 1780440
57474 1777581
57438 1772468
57323 1763989
57156 1756986
56996 1745857
56915 1738095
56885 1731715
56838 1729334
56744 1722464
56592 1713474
56456 1704657
56251 1694209
56105 1685881
55988 1679762
55954 1676885
55869 1671045
55726 1662295
55600 1654876
55421 1644100
55300 1636235
55197 1629916
55134 1626459
55001 1620507
54847 1612506
54605 1600869
54432 1591728
54281 1584635
54281 1584635
54232 1582238
54135 1576723
53977 1568956
53830 1561682
53593 1551318
53416 1543205
53278 1536998
53223 1534550
53115 1528981
52947 1520606
52799 1513305
52679 1506678
52578 1501378
52467 1495412
52317 1488587
52144 1479092
51959 1469233
51806 1461634
51693 1456991
51582 1452433
51419 1446401
51196 1438900
50958 1430103
50747 1421960
50583 1415225
50437 1410103
50252 1404809
50048 1397631
49795 1390137
49523 1380866
49177 1370360
48931 1362171
48738 1356052
48597 1352007
48353 1345354
48031 1336708
47685 1325189
47332 1313559
47050 1303878
46789 1298152
46541 1293982
46091 1286732
45727 1280703
45295 1272951
45002 1267649
44650 1260532
44421 1254918
44224 1249991
43965 1241103
43748 1233598
43539 1225919
43329 1221768
42974 1212849
42658 1204342
42403 1196954
42183 1191602
41852 1184675
41454 1175684
40965 1166665
40545 1157278
40111 1149595
39665 1141446
39140 1133440
38548 1123528
37962 1112240
37353 1100718
36764 1090311
36224 1083051
35625 1075802
34907 1065212
34097 1052788
33287 1038592
32551 1028012
31895 1018309
31323 1012155
30780 1005630
30190 998756
29549 986553
28927 971627
28299 955837
27696 943651
27112 934346
26571 926127
25999 916693
25439 907505
24898 896443
24399 887746
23843 878929
23257 872870
22639 867418
21988 858191
21335 850619
20735 841394
20218 835885
19716 810329
19219 792190
18715 776375
18189 780810
17649 781360
17174 730382
16765 678200
16397 624314
16019 616464
15660 609615
15277 598333
14883 591686
14489 583817
14129 580852
13766 576378
13403 569501
12984 561273
12576 555241
12202 551487
11921 549619
11684 547545
11453 543383
11233 538573
11018 533232
10810 528712
10596 524295
10397 519854
10217 517229
10058 512718
9890 507991
9691 502813
9468 498527
9245 494585
9062 491525
8914 486960
8780 483028
8626 478609
8464 476570
8305 473208
8165 468377
8026 463027
7899 456949
7778 451105
7664 446326
7549 443597
7435 442444
7316 439220
7191 435996
7080 432616
6992 431098
6924 429007
6846 426227
6755 422776
6652 419089
6549 414327
6461 410604
6394 406454
6338 404004
6278 401505
6199 398563
6114 395851
6012 393287
5923 392310
5852 390825
5808 389198
5754 386980
5682 384752
5582 381712
5484 379006
5393 376445
5330 366677
5284 356662
5246 347142
5189 344111
5105 340571
5007 336941
4923 335039
4867 333133
4815 330678
4758 328164
4683 325174
4609 320243
4529 315097
4454 311255
4380 308922
4317 305811
4245 301367
4167 298127
4072 295640
3983 294275
3902 292546
3838 287976
3779 283089
3707 277372
3626 273541
3549 268092
3491 262654
3441 257253
3389 251998
3331 247269
3246 242597
3133 238363
3005 232352
2893 227362
2807 220952
2721 215021
2631 209555
2502 206618
2379 204388
2269 198469
2199 191891
2128 184576
2045 179935
1959 175828
1877 172407
1805 169016
1742 165687
1686 161597
1634 156283
1581 150806
1530 147266
1466 145234
1394 143681
1326 140437
1273 137112
1227 133609
1192 129612
1164 126396
1140 123500
1106 122318
1065 119703
1021 116926
981 114252
944 111852
912 109818
883 107617
860 105311
838 102362
818 99200
799 96252
781 93376
769 90694
758 88684
745 86287
729 83998
713 80928
697 78456
682 76207
670 74793
662 73322
649 72137
633 70651
613 69290
596 67960
580 66928
564 65989
551 64993
539 63352
528 61749
517 59843
504 58248
488 56279
473 54116
455 52614
442 51030
430 49788
423 48011
417 46519
412 45353
410 44401
409 43530
408 42522
406 41201
404 39432
402 37744
401 36432
399 35634
397 34601
393 33537
390 32574
387 31696
384 30877
382 29850
380 28755
378 27585
377 26516
375 25508
373 24576
371 23649
370 22777
369 22084
367 21653
365 21187
360 20368
357 19608
353 18529
349 17575
345 16594
341 16142
339 14817
337 13478
336 12287
333 11900
327 11221
322 10466
317 9978
313 9754
307 9367
300 9037
292 8669
284 8367
277 8159
268 7953
257 7821
245 7549
234 7328
223 7155
209 7041
195 6780
181 6489
171 6200
159 5779
149 5301
138 4533
128 4077
118 3654
105 3390
91 2968
75 2477
61 2067
50 1611
42 1314
34 1073
25 990
17 900
12 723
10 603
