560656 2717650
559935 2715258
559154 2712737
558279 2710083
557324 2706686
556204 2704214
555416 2701588
554747 2700600
554543 2698869
554162 2696574
553597 2694279
553033 2690199
552108 2687673
551571 2685146
551033 2685146
551033 2685146
551033 2683693
550928 2682239
550823 2679642
550541 2678499
550363 2675831
550014 2674307
549841 2672783
549669 2671532
549489 2670280
549309 2667602
549002 2666176
548875 2663151
548629 2661552
548511 2659952
548392 2658416
548281 2656879
548169 2654562
548005 2653033
547855 2649579
547521 2646906
547241 2644981
547058 2643935
546995 2642096
546836 2639351
546575 2636836
546305 2632999
545885 2630068
545566 2627953
545320 2627357
545134 2625173
544805 2619787
544292 2614996
543751 2611794
543353 2611794
543140 2611794
543140 2610228
543064 2607444
542873 2603598
542592 2600210
542285 2597545
542049 2595221
541838 2593032
541643 2590016
541345 2586207
541000 2582169
540643 2578338
540322 2575627
540053 2573347
539795 2567165
538977 2558144
536581 2547015
533888 2539714
531752 2534707
531151 2532135
530897 2530138
530677 2527856
530421 2524694
530095 2520719
529662 2515838
529149 2512281
528740 2509652
528457 2508505
528298 2506245
528011 2502974
527650 2498958
527241 2494865
526836 2491128
526448 2488301
526130 2485877
525861 2483467
525570 2480348
525210 2476408
524699 2472465
524192 2468522
523346 2465798
522691 2463443
522083 2460871
521787 2457728
521387 2453705
520936 2449671
520563 2445038
519853 2441665
519226 2438750
518588 2436445
518309 2433343
517981 2429904
517602 2426337
517229 2423568
516896 2421697
516682 2420218
516516 2417858
516298 2414893
515984 2411078
515575 2407394
515146 2403841
514731 2401358
514398 2399252
514096 2396858
513749 2393809
513332 2390104
512878 2386038
512281 2382517
511828 2379847
511411 2377884
511177 2375203
510777 2371696
510306 2367451
509769 2363117
509149 2358794
508542 2354431
506608 2350577
504804 2346625
502965 2342492
502495 2337857
501859 2333281
501161 2329296
500437 2326125
499866 2323591
499380 2320470
498799 2316276
498047 2310901
496558 2304100
495123 2297722
493822 2292688
493243 2289765
492603 2286289
491889 2281613
491068 2275641
490109 2270120
488912 2264811
487787 2261025
486791 2257293
486022 2253358
485196 2248597
484256 2243400
483348 2239067
482428 2235151
481683 2232019
480805 2228539
479826 2224039
478706 2218194
477443 2211280
476109 2204503
474702 2197996
473487 2192348
472369 2187084
471026 2173029
469492 2160481
467407 2146447
465280 2141164
462959 2139411
461154 2139673
458702 2137497
456942 2131791
454641 2123770
452475 2116679
449251 2106900
446009 2098356
443371 2091863
441215 2085369
438908 2077149
436030 2067705
432767 2058422
429586 2050007
426750 2041997
424398 2034948
422444 2028286
420277 2020959
417605 2011027
414377 2000561
411150 1990163
407622 1981220
404591 1973530
401691 1965453
398454 1955909
394231 1944368
389242 1932509
384344 1921392
379299 1911844
375216 1904797
371837 1898326
369055 1892269
365485 1883579
361273 1873839
356625 1863831
352182 1855203
348451 1849034
345669 1843848
343846 1839284
341570 1832931
338607 1824170
334402 1813021
329746 1801561
325707 1791741
322404 1783224
319355 1774707
315316 1764315
310561 1752881
305844 1742026
301698 1732345
298361 1717449
295464 1705533
292424 1696457
288854 1692431
284636 1684673
280600 1673890
276369 1662960
272932 1653586
269906 1644609
267230 1636208
264057 1626510
260470 1615297
256704 1604455
253092 1593922
249892 1585985
247257 1579338
245040 1573794
243283 1568203
241391 1561432
239388 1553816
236762 1544044
234492 1534644
232439 1525751
230537 1517279
228338 1507723
225931 1495550
223423 1483995
221197 1473957
219309 1466536
217640 1459739
215769 1451163
213374 1438558
210972 1428036
208622 1416457
206695 1411537
205045 1405237
203683 1401980
202302 1395520
200793 1387659
199225 1379407
197630 1371274
196208 1363711
194943 1357367
193729 1351769
192263 1344858
190651 1336477
189125 1327828
187772 1320227
186497 1313646
185380 1307767
184326 1302094
182857 1296120
180427 1288796
177893 1281348
175764 1273282
174570 1266417
173554 1259875
172599 1254281
171562 1247975
170407 1241368
169179 1233843
168119 1227185
167090 1220697
166212 1215292
165323 1209663
164452 1203611
163330 1195178
162294 1187344
161298 1179476
160544 1173743
159794 1167643
159096 1162043
158091 1154739
156949 1146810
155723 1138808
154675 1130178
153754 1122716
152961 1115783
152307 1110856
151532 1104606
150160 1093586
148681 1082243
147322 1071563
146514 1065342
145784 1059713
144977 1054003
144005 1047167
142936 1039579
141910 1032507
141010 1026045
140244 1020424
139466 1014764
138628 1009405
137710 1004047
136646 998451
135570 992790
134537 986907
133673 981259
132972 976675
132371 971951
131512 966222
130502 960383
129314 956288
128388 952998
127313 960028
126311 966051
125069 971976
123778 965316
122374 957415
120829 947197
119181 935393
117744 924654
116346 918036
115442 914812
114129 906628
113259 898331
112241 888110
111438 878743
110289 864310
109274 851450
108347 841143
107449 831929
106490 817406
105559 803737
104740 790035
103894 782847
102743 771869
100922 760595
99349 750263
97768 742844
96524 735724
94991 726906
93681 718480
92611 711432
91160 703203
89514 695104
87620 686572
85764 676993
83978 669100
82429 661811
80933 655703
79521 647855
77818 638312
76124 628401
74018 617832
72136 608417
70362 599949
68762 592049
67054 583496
65120 573339
63146 561936
61090 550858
59145 539571
57297 529121
55471 519327
53701 510358
52022 501282
50551 486925
48889 475720
47315 465468
45883 461080
44880 454957
43906 448538
42901 440383
41621 430329
40321 420945
39047 412950
38069 404143
36895 394933
35908 387561
34910 382580
34166 376980
33159 368411
32131 360329
31213 353557
30532 348869
30016 344032
29532 338105
28927 330728
28182 321136
27485 312513
26840 305903
26275 301486
25504 297431
24650 292003
23727 285796
22856 279070
22094 272863
21454 266455
20957 261968
20498 254609
19985 247918
19509 239940
19112 235269
18863 230150
18627 226129
18311 222799
17883 218932
17370 214148
16839 207206
16334 201737
15858 196696
15331 193307
14826 189975
14340 186281
13951 182098
13548 177079
13150 171003
12754 164269
12410 159731
12086 157031
11801 155673
11511 151987
11244 145327
10942 138569
10640 134287
10320 131978
10040 130045
9793 127471
9530 124361
9237 120278
8908 114952
8596 110503
8305 106484
8020 100812
7736 95960
7447 92232
7212 90464
7015 86544
6858 81175
6684 76775
6494 74476
6310 72982
6088 65881
5924 58911
5700 51383
5500 49993
5248 47746
5039 46730
4847 44734
4682 42050
4518 38943
4337 36123
4120 34546
3916 32143
3720 27978
3492 24022
3236 21304
2984 21052
2710 20343
2427 18306
2160 16285
1969 14271
1790 12916
1611 11201
1423 9754
1255 8727
1105 7947
981 7220
890 6291
795 5492
705 4898
604 4601
467 3912
343 3095
230 2339
182 1936
151 1213
123 639
99 137
73 111
