364577 3248081
363301 3248081
362450 3246253
362003 3242300
361229 3228493
360018 3206661
358763 3180954
357164 3165100
356001 3159100
355330 3157426
354945 3154034
354157 3149403
353035 3145733
352209 3141318
351370 3138142
350865 3135681
350449 3134387
350285 3131601
349887 3127557
349260 3123454
348638 3119007
347928 3115818
347446 3113982
347124 3113142
347024 3111276
346795 3108492
346437 3105652
346018 3103211
345697 3101142
345461 3099336
345303 3097207
345083 3094733
344811 3092032
344527 3089495
344235 3086661
344004 3084197
343838 3081614
343686 3079392
343436 3076709
343121 3074013
342827 3071497
342586 3069562
342422 3067957
342295 3066133
342177 3063671
341996 3061074
341778 3058518
341547 3056591
341378 3055093
341264 3053883
341211 3052400
341127 3050272
340982 3047690
340785 3044755
340580 3041916
340337 3039508
340150 3037493
339991 3035330
339884 3032773
339725 3029778
339514 3026716
339280 3023437
339009 3020570
338801 3018226
338643 3015648
338522 3013173
338339 3009462
338125 3006596
337903 3003249
337686 3001196
337509 2999173
337374 2997050
337235 2994414
337048 2990876
336830 2987021
336594 2982847
336333 2979704
336115 2977168
335950 2975072
335803 2972248
335611 2968702
335385 2963991
335142 2959096
334889 2955307
334695 2953045
334576 2950939
334472 2948117
334311 2944308
334117 2939778
333868 2935129
333631 2931458
333428 2928839
333327 2926324
333219 2922691
333051 2917873
332804 2912386
332557 2907341
332315 2902813
332144 2900123
332013 2897462
331900 2894982
331750 2890712
331567 2885814
331360 2881074
331158 2877629
331008 2874931
330911 2872036
330796 2868393
330648 2863608
330457 2858011
330268 2852339
330068 2847909
329911 2844834
329803 2841759
329698 2838256
329559 2833486
329331 2827312
329082 2821097
328814 2816288
328640 2813209
328507 2809651
328362 2804964
328159 2798618
327903 2791551
327631 2784605
327303 2779442
327023 2775929
326809 2772474
326622 2767124
326321 2760163
325950 2752108
325578 2745043
325215 2739796
324910 2736133
324602 2732591
324248 2726854
323815 2719148
323356 2710579
322940 2703668
322628 2698982
321376 2678815
320086 2657428
318655 2634710
318055 2626972
317374 2618804
316586 2611246
315959 2605895
315504 2602764
315156 2600206
314799 2597666
314453 2595328
314057 2592537
313692 2589971
313304 2586993
312983 2583494
312403 2577707
311741 2570633
310867 2561880
309947 2552710
308724 2543337
307656 2535694
306728 2528377
305844 2519403
304565 2508466
302687 2495118
300448 2474451
298313 2455114
296592 2438812
295386 2430133
294076 2419866
292605 2407411
290798 2393992
289006 2380985
286954 2368440
285322 2357590
283924 2347537
282818 2337835
281202 2327217
278909 2315208
276313 2302263
273994 2291155
272340 2281223
271202 2272094
269659 2260894
267445 2247943
264725 2234016
262031 2220724
259309 2210273
256994 2201330
254392 2184423
251897 2164506
248844 2143384
245793 2129943
242469 2117138
238757 2105935
235718 2096770
233236 2088591
231456 2079412
228677 2066509
225673 2052933
222275 2038404
219404 2026957
216887 2017806
215128 2011905
214041 2005825
212797 1998314
210787 1986335
208048 1972691
205368 1959510
203271 1949305
201627 1939069
199731 1927042
197362 1913554
194492 1899826
191751 1886834
189406 1875642
187472 1865514
185823 1855034
183862 1842361
181580 1828125
179046 1813793
176613 1798899
174343 1785591
172433 1773296
170786 1761612
169151 1748817
166946 1734234
164326 1719174
161716 1704763
159399 1692781
157641 1683635
156214 1675013
154986 1665858
153779 1656297
152196 1645271
150408 1632574
148263 1618583
146561 1606064
145065 1593743
143640 1580643
141867 1566477
139799 1552091
137795 1538560
135959 1526699
134433 1515956
132572 1502151
131229 1491150
129551 1479348
128177 1470391
126149 1457351
124418 1446107
122974 1436400
121838 1427649
120645 1417845
119143 1406189
117471 1393399
115900 1380693
114661 1370868
113453 1359818
112677 1352514
111755 1343561
110929 1336334
109745 1324990
108680 1313879
107685 1303730
106844 1295416
106057 1287677
105193 1278562
104087 1267740
102846 1255318
101615 1243369
100548 1232829
99705 1223893
99032 1215889
98346 1207217
97498 1197237
96440 1185803
95316 1174059
94303 1163747
93499 1154851
92850 1146535
91736 1132021
90840 1120312
89727 1106925
89035 1098974
88130 1088180
87508 1079775
86993 1072131
86442 1063836
85712 1053927
84769 1042253
83761 1026802
82837 1011829
82019 982132
81352 957462
80651 933661
79920 925923
78989 916940
78001 907508
77106 898878
76359 891224
75752 880703
74991 872340
74154 862786
73174 855537
72266 857020
71404 847610
70738 839680
70189 822836
69641 812533
68835 804293
68017 791840
67275 787445
66767 779355
66091 773494
65580 767633
65046 759435
64472 750115
63434 740794
62374 735363
61614 731892
61195 723638
60822 715620
60275 705960
59572 698407
58787 690508
58050 682391
57433 676949
56950 672800
56559 667763
56145 662725
55542 655286
54881 649516
54159 640869
53596 632050
53079 625640
52581 610976
52353 599846
52053 586989
51760 581725
51100 576461
50521 571741
49944 568729
49153 561614
48490 555681
47705 547438
47123 541564
46237 535689
45427 531788
44387 525349
43651 518910
42956 510682
42484 506728
41749 500402
40973 496132
40202 490190
39420 484077
38443 474597
37710 466788
36922 456188
36254 448911
35390 441635
34612 437418
33708 430597
32744 421720
32022 413064
31549 406722
31061 400791
30385 395010
29660 389096
29016 384826
28040 378207
27328 372293
26556 366380
25792 360921
25029 356166
24429 349455
23995 344662
23560 340828
23017 336397
22639 331428
21968 323417
21353 316739
20747 309588
20118 301710
19439 292630
18707 284245
18291 279631
17836 275598
17375 271302
16715 264288
15971 254411
15459 246991
14975 239802
14570 235202
14058 228024
13578 218197
13241 210070
12873 202167
12325 196075
11868 188939
11306 182016
10913 178416
10424 174374
10066 169059
9752 163744
9426 159157
9063 156058
8610 151762
8265 147003
7862 141090
7654 136373
7383 132052
7240 129805
6938 125316
6700 121691
6454 118025
6335 115310
6165 112970
6047 110664
5858 107806
5718 104947
5564 101846
5361 99583
5131 96468
4916 91771
4835 88080
4720 84022
4603 82804
4429 79681
4291 76910
4191 73215
4124 70952
3985 68390
3846 66751
3733 65072
3687 63228
3628 61053
3562 57933
3511 56082
3465 54045
3424 53027
3378 51439
3319 49935
3259 47890
3189 44889
3110 42248
3026 40255
2932 39382
2840 37756
2682 35129
2497 32350
2326 29637
2145 27958
1980 26124
1817 25024
1741 24004
1688 23493
1631 22724
1560 21936
1489 21312
1393 20608
1309 19757
1229 18529
1175 16939
1100 15589
1025 14429
944 13727
887 12631
819 11541
762 10493
700 9587
647 8776
587 7704
530 6774
477 5279
438 4233
407 2963
377 2425
335 1883
281 1630
227 1377
189 1096
156 936
130 725
90 552
62 413
