908685 10480170
907102 10464138
906047 10446831
904919 10428642
904165 10411917
902761 10395837
901660 10383514
900856 10371698
900432 10359490
899855 10344209
899011 10327350
898227 10313679
897587 10303443
896955 10295713
896514 10286153
896050 10269989
895671 10225104
895133 10180456
894585 10139711
893996 10127681
893401 10117684
892825 10107671
892360 10089971
891918 10069552
891419 10048454
890856 10034674
890289 10023567
889776 10014581
889344 10004424
888947 9992320
888477 9977501
888014 9962589
887568 9946222
887191 9932526
886794 9920131
886376 9908559
885988 9888675
885550 9867022
885104 9845476
884650 9831337
884241 9818246
883836 9806769
883429 9794676
882997 9778138
882611 9759346
882235 9740774
881920 9728386
881392 9719002
880978 9709820
880344 9696973
880014 9681338
879501 9657800
879046 9632321
878337 9608532
877594 9592311
876954 9579959
876419 9566748
875996 9552311
875524 9535306
875011 9516366
874409 9497042
873842 9480300
873259 9465998
872717 9452462
872194 9437117
871719 9419436
871116 9399163
870492 9378961
869870 9360476
869304 9344876
868706 9328277
868115 9307773
867439 9283323
866703 9259095
865917 9238151
865196 9222267
864514 9207448
863816 9190296
863246 9169536
862552 9146125
861794 9123977
860861 9103276
860085 9087136
859363 9072108
858685 9056099
857987 9035588
857274 9011988
856512 8985405
855755 8960416
855024 8940022
854358 8924593
853677 8907827
852975 8887663
852348 8863514
851669 8839172
851074 8816460
850499 8798140
850003 8782871
849435 8764056
848827 8742057
848149 8715380
847262 8689440
846331 8666337
845424 8649184
844761 8635397
844118 8618128
843571 8595238
842978 8567321
842275 8539451
841599 8512403
840914 8491134
840348 8471586
839707 8453119
839125 8430423
838481 8405458
837847 8377509
837352 8353622
836914 8334450
836497 8318626
835965 8297061
835472 8266128
834903 8231993
834355 8198559
833874 8171127
833490 8149673
833081 8131072
832555 8120043
831960 8105228
831444 8088833
830748 8053377
829593 8007620
828249 7960332
827110 7927592
826200 7898083
824989 7866724
823207 7822636
821486 7781425
819914 7739395
818819 7708277
817761 7682964
816774 7656935
815676 7628290
814384 7590408
813138 7553408
811848 7513999
810704 7483701
809370 7457385
807872 7430054
806086 7394151
804163 7351891
802460 7313541
801001 7283669
799805 7262469
798543 7241611
797071 7214314
795379 7180264
793324 7142595
791298 7103297
789210 7068700
786470 7031355
783601 7004812
780876 6966497
778454 6931650
775507 6884904
771602 6842574
768090 6797757
764873 6759203
761881 6727057
757980 6690145
753351 6644442
748294 6594714
743355 6548206
738149 6505930
733037 6466007
727708 6426278
721946 6380321
715327 6326752
707783 6270203
699512 6210644
692065 6154794
685178 6106003
679624 6067253
673358 6023082
666326 5970772
658046 5912295
649655 5852060
642293 5795451
635127 5742986
627399 5691918
617814 5630225
607384 5558760
596066 5485738
585178 5424785
575586 5372029
567902 5329564
561803 5290553
552362 5255450
541937 5211008
529878 5145107
520991 5073470
513310 5008923
508048 4967162
501997 4938801
497270 4916004
491441 4883485
486769 4839652
480179 4785976
473606 4737004
467281 4694123
460723 4656974
454395 4614668
448170 4566655
441983 4513937
435646 4462599
429549 4415900
424620 4376576
417694 4342178
410430 4299078
401851 4246801
394880 4190197
388218 4139084
382766 4098244
375537 4074651
369429 4064450
363010 4057929
358429 4040287
352478 4008342
346504 3964632
341517 3914045
334982 3859950
329987 3815266
325199 3780785
322473 3756339
318583 3735899
314608 3707382
310685 3670982
306684 3619029
302956 3575218
299111 3538097
295569 3505023
291422 3463409
287345 3415547
283411 3367091
279974 3320307
277418 3284431
275137 3256547
272692 3231861
269734 3199887
267104 3166063
264956 3130709
262668 3096232
260702 3066262
258786 3042813
257141 3020861
254975 2992286
252725 2958385
251076 2923567
249533 2889240
248480 2862594
247189 2842995
245825 2826177
244160 2803797
242567 2776365
241259 2747534
240087 2718980
239086 2696944
237970 2680021
236942 2664922
235857 2644526
234903 2618864
233922 2591630
232919 2563830
231998 2542500
231154 2526151
230351 2511656
229550 2493470
228626 2471268
227709 2448636
226810 2425706
226123 2408280
225538 2394915
224882 2382515
224158 2365708
223344 2344620
222628 2321834
221851 2298154
221256 2279633
220744 2265679
220309 2253171
219795 2236490
219164 2215769
218638 2195185
218070 2174909
217647 2160026
217194 2148531
216813 2137853
216352 2123430
215838 2105271
215331 2085415
214797 2064382
214375 2047674
213943 2035405
213507 2024912
212721 2011252
211506 1993724
210262 1975247
209284 1956125
208819 1941910
208458 1931593
208058 1922501
207554 1910170
207025 1894131
206533 1876798
206187 1862930
205928 1853696
205752 1849076
205324 1840634
204720 1828302
203835 1811756
203055 1793887
202349 1774684
201949 1759880
201598 1749630
201205 1741387
200698 1729715
200089 1713189
199627 1695566
199052 1676813
198600 1662953
198141 1652249
197636 1642251
197028 1629461
196249 1613449
195589 1596870
194831 1579250
194157 1565072
193402 1553589
192641 1542558
191726 1529226
190656 1513253
189661 1496750
188571 1478882
187731 1464252
186854 1452503
186031 1442001
184939 1429189
183638 1413987
182122 1398307
180738 1381697
179493 1368347
178325 1356360
176496 1344554
173940 1329762
171030 1313442
168338 1297016
166015 1279441
163928 1264761
161964 1251926
159455 1240072
156432 1225377
153288 1208454
150749 1190608
148162 1171870
145833 1156816
143361 1143810
141141 1129787
138137 1111295
134834 1089284
131358 1066518
127762 1043261
124800 1024953
122077 1010507
119767 995637
116501 975001
112729 950287
108797 924696
105053 899306
101545 879361
98031 865441
94837 854097
91282 836722
87795 813314
83581 786836
79284 760344
75889 739389
72834 722720
70172 707034
66546 686647
63187 662964
60398 639349
57583 616303
55055 598592
52261 584332
49629 569952
46647 551257
43689 531030
41158 512248
38912 494419
37168 480405
35622 469281
34359 458636
32884 445055
31348 429568
29808 414490
28612 399622
27625 388161
26676 379635
25561 371318
24182 360574
23110 348252
22082 336825
21205 325739
20440 317174
19775 309288
19222 301486
18498 291796
17833 282388
17273 273538
16872 266675
16565 261436
16317 257124
15999 251154
15657 243798
15277 236287
14930 228812
14548 220811
14228 213993
13916 205745
13583 197313
13162 187551
12677 179422
12199 171819
11768 163907
11415 157759
11157 150648
10872 143925
10481 135552
10063 128939
9656 122741
9314 117017
8958 112650
8645 108028
8325 103593
7995 98334
7607 93977
7269 89975
6959 86162
6733 83333
6511 81470
6287 79788
6035 77543
5761 74848
5497 72334
5262 69766
5085 67712
4908 66148
4722 64679
4490 62754
4238 60418
4004 58177
3827 55947
3686 54156
3548 52804
3352 51566
3178 49926
2956 47941
2777 45802
2589 43145
2437 40801
2251 38884
2022 37442
1799 35511
1597 33166
1437 30809
1290 28443
1125 26611
987 25125
846 23650
732 21627
591 19106
465 16526
361 13905
262 11952
177 10593
111 9443
75 7984
49 6311
