3767279 71461312
3763647 71461312
3760151 71417743
3756498 71338922
3752950 71232922
3749621 71136338
3746524 70921353
3742432 70733546
3738728 70579893
3735998 70539446
3734155 70296398
3731635 70053350
3729072 69850748
3726282 69850748
3724419 69850748
3723110 69850748
3722474 69797202
3721609 69716456
3720348 69619159
3718791 69537524
3717451 69443640
3716127 69328620
3715071 69196802
3713951 69056472
3712975 68919302
3711920 68812985
3710852 68727424
3709814 68638632
3708659 68529287
3707632 68398611
3706550 68253610
3705849 68116638
3704973 67998978
3704269 67895986
3703249 67781190
3702126 67646578
3701187 67490818
3700499 67323337
3699915 67162120
3698946 67027527
3697916 66901045
3696848 66757292
3695831 66573715
3694828 66370173
3693946 66179223
3693073 66034098
3692060 65936194
3691009 65847520
3689879 65732248
3688992 65571916
3688238 65374701
3687684 65162650
3686761 64976214
3684230 64828663
3681593 64704226
3678958 64563766
3677610 64387217
3676393 64175389
3675414 63947221
3674553 63743692
3673339 63589260
3671879 63467819
3670323 63334976
3669024 63156182
3667973 62936987
3667048 62703676
3665582 62498575
3663980 62335782
3662222 62195870
3660855 62029680
3659140 61824226
3657585 61586857
3656107 61341610
3654453 61129654
3652296 60969544
3650199 60842158
3648254 60697221
3646352 60499614
3644385 60268333
3642645 60028420
3641012 59813656
3639227 59636388
3637437 59480445
3635612 59305181
3633426 59109248
3631559 58881678
3629744 58668817
3628458 58437513
3626439 58247933
3624549 58073585
3622212 57917267
3619919 57719002
3617630 57483911
3615526 57238535
3613363 57024006
3610742 56855211
3608090 56643992
3605539 56486038
3602790 56271515
3599574 56092837
3596109 55841676
3592629 55643267
3589466 55493161
3586590 55382201
3584200 55250033
3580660 55089407
3577706 54848277
3575149 54464103
3573308 54094449
3570829 53804787
3567854 53679364
3565375 53545386
3562698 53304507
3560180 53105826
3557746 52899393
3555231 52788753
3552539 52642991
3549605 52524234
3546983 52397719
3544063 52235983
3541635 52036836
3539271 51820464
3537039 51627305
3534055 51473913
3530751 51361287
3527700 51241075
3524864 51087122
3522394 50771227
3520043 50510048
3517306 50288202
3514108 50229429
3510413 50098212
3506277 49905559
3502055 49696559
3497484 49487226
3493175 49321117
3488970 49159523
3485132 49027086
3482002 48882083
3478868 48695769
3475290 48469869
3470840 48230835
3465761 48012520
3460589 47823414
3455366 47662678
3450795 47498225
3446323 47295284
3441366 47062120
3435335 46829071
3428593 46649373
3422246 46506392
3416759 46375082
3411641 46195039
3406218 45967801
3399211 45695772
3390961 45416210
3381520 45156464
3372169 44942786
3363161 44762073
3354755 44561930
3345737 44303170
3334494 44015120
3321870 43718305
3308044 43465307
3294847 43247999
3282281 43054262
3270367 42832217
3257726 42569479
3242261 42279000
3224674 41981738
3205762 41712276
3187608 41469618
3170021 41247407
3153204 40986831
3132950 40664576
3110234 40317692
3085538 39996669
3062169 39739016
3040279 39511764
3018579 39277999
2996622 38992332
2970990 38639083
2938750 38231653
2900900 37829580
2859064 37463497
2819328 37143629
2781883 36829912
2746494 36509966
2709801 36171357
2667798 35786478
2620411 35405412
2569627 35049922
2523277 34781547
2484508 34549365
2451936 34338251
2421614 34092973
2386139 33779859
2343364 33423625
2294736 33104523
2252147 32848401
2217032 32620455
2187231 32378133
2155452 32112673
2117267 31803363
2079371 31449478
2039485 31097162
2003288 30771168
1964194 30478942
1927261 30175827
1890722 29841364
1851713 29482053
1809055 29108927
1765357 28772656
1719724 28451770
1670722 28153116
1624616 27851677
1584845 27533676
1552865 27214030
1519752 26887465
1485908 26597047
1452283 26315694
1420285 26054838
1392351 25777844
1366065 25495502
1340038 25199569
1313412 24926945
1287692 24686810
1265799 24485860
1245343 24314472
1228153 24164648
1212481 24000773
1198525 23804730
1184644 23568312
1171229 23331393
1158138 23110450
1142930 22918931
1126824 22705864
1112818 22481517
1100157 22225007
1087458 21982676
1073202 21754415
1059894 21569986
1048462 21412827
1038452 21251616
1028970 21067697
1019103 20871870
1008859 20675072
999614 20500168
991716 20350333
984621 20222380
978035 20081183
971354 19915361
964600 19738864
957681 19564821
950993 19412066
945344 19284020
939870 19176877
935221 19058923
930729 18913024
926507 18755489
921937 18599497
917394 18459649
912963 18333408
908723 18227583
904758 18113936
901197 17968699
897401 17796076
892686 17629564
886918 17486525
881909 17381179
877646 17283104
874335 17177650
870846 17043958
867639 16899838
864534 16759688
861562 16634938
858434 16524530
855411 16428450
852620 16319626
849789 16193465
846579 16041708
842771 15890093
838845 15748966
834995 15641720
831613 15539695
828941 15432381
826443 15300241
823434 15156397
820265 15011980
816918 14882501
813981 14784606
810697 14699644
807889 14603978
805116 14480076
802054 14336471
798313 14192270
794424 14065389
790834 13964287
787596 13881556
784614 13788198
781590 13669443
778194 13516053
774240 13350855
770174 13203148
766449 13088693
763177 13005688
760369 12914405
757689 12810903
754451 12687169
750588 12568992
746569 12468984
742979 12397927
740219 12336690
737675 12259457
735215 12160588
731657 12043380
727340 11922939
722351 11795184
717289 11683199
712460 11574441
708096 11477568
704048 11361388
699396 11241033
694320 11120143
688860 11015672
683947 10923381
678692 10840671
673721 10752028
668578 10654786
663177 10546068
657084 10438363
650778 10334008
644757 10235452
638868 10142007
633294 10043946
627538 9929763
621212 9807120
612227 9681393
602753 9563846
593542 9437964
584654 9314525
574244 9165478
563612 9006362
554070 8846778
546239 8712954
538179 8604402
531157 8505027
524828 8407970
519801 8302715
514615 8178240
508182 8038531
501078 7913979
493191 7779934
484916 7656894
475904 7525836
467586 7413415
460371 7296973
453321 7173469
444915 7046568
435568 6916623
424960 6788978
413438 6662663
402079 6541336
392451 6415480
383982 6292242
375524 6168835
366019 6045053
356776 5920406
346891 5797358
337886 5673644
328943 5544751
320888 5411665
312600 5288788
304498 5179400
296873 5086227
288032 4993104
279760 4898077
271932 4792732
265137 4678285
257321 4563226
249508 4449420
242425 4349801
235924 4256122
228159 4163780
219860 4064372
212427 3962763
206163 3865970
200939 3778768
195536 3688964
189740 3597503
183901 3503283
178435 3412069
173847 3324563
169634 3239235
165392 3157660
161294 3078852
157342 3006203
154127 2937420
151407 2872089
148768 2800969
145612 2732327
142420 2664211
139270 2603013
136438 2544342
133784 2488856
131325 2429329
128834 2370014
126028 2305772
123026 2245923
120250 2186921
117719 2131297
115452 2074601
113084 2012452
110274 1951453
107234 1892418
104272 1840989
101639 1790422
99255 1744061
96875 1695242
94785 1643859
92751 1583496
90713 1524386
88542 1470514
86350 1425452
84134 1382966
82212 1340148
80472 1291855
78805 1238459
76974 1185537
75082 1142006
73198 1104161
71347 1070649
69605 1033065
68118 996422
66511 956155
64702 917280
62680 879684
60765 845172
58665 813382
56773 781716
55040 750621
53701 719003
52203 688040
50637 657902
48738 630599
46934 604806
45116 580830
43671 555145
42373 531288
40970 511542
39371 496880
37458 483310
35460 418619
33330 354754
31642 293278
30209 279800
29059 266838
27676 255338
26162 240945
24766 224476
23488 205970
22611 197251
21703 187588
20745 178915
19583 169972
18364 160320
17162 149109
15837 133753
14664 124509
13385 118666
12173 91289
10757 63445
9467 35521
8394 33505
7479 31504
6663 30280
5717 28927
4861 27014
3961 25057
3198 22752
2606 20850
2181 18822
1908 17010
1634 16001
1411 15063
1207 14020
984 12708
