566148 5459021
565727 5459021
565268 5453821
564734 5443220
564179 5427938
563628 5414468
563095 5404246
562628 5394250
562214 5381383
561823 5362835
561189 5342960
560528 5325386
559864 5314340
559479 5307282
559184 5300498
558968 5289122
558673 5274865
558269 5258303
557775 5242954
557284 5229026
556845 5219024
556506 5209274
556238 5197750
555894 5183121
555492 5167398
554970 5151799
554471 5138269
553978 5128434
553608 5119524
553316 5108610
553019 5093595
552638 5076610
552167 5058932
551674 5044225
551208 5033522
550844 5023861
550477 5011490
550039 4994032
549370 4973582
548660 4952630
547919 4935192
547288 4922674
546750 4910970
546319 4894151
545845 4871239
545221 4844544
544440 4814568
543711 4791329
543102 4774112
542679 4762648
542287 4744820
541804 4720362
541149 4693124
540378 4665290
539557 4643124
538535 4626499
537638 4612530
536874 4589585
536297 4562177
535602 4531419
534734 4503259
533731 4479184
532755 4459225
531867 4444489
531184 4424627
530420 4397102
529365 4360399
527904 4323460
526362 4293175
524915 4270746
523789 4250137
522758 4225870
521633 4199437
520335 4168038
518825 4136545
517299 4106930
515735 4084671
514373 4065052
513228 4042023
511976 4013536
510452 3980966
508319 3953612
506420 3929342
504440 3912664
503052 3892094
501521 3867598
500023 3833836
498236 3794195
496185 3757248
494275 3725606
492336 3704593
490926 3685477
489592 3664741
488429 3632720
486772 3598620
485036 3563437
483008 3534877
481099 3509721
479385 3489131
478035 3467203
476834 3438008
475293 3402113
473534 3364694
471623 3335004
469934 3314093
468585 3297635
467468 3272863
466248 3240954
464770 3203840
463163 3169362
461492 3141602
460051 3122830
458875 3107340
457968 3087056
456949 3058485
455728 3026516
454369 2994708
453037 2968410
451717 2952017
450754 2937852
449928 2918121
449071 2885144
447721 2848529
446224 2819232
445008 2802610
444278 2794993
443821 2781624
443168 2759169
442208 2728153
440959 2697645
439796 2668351
438634 2645633
437623 2628687
436651 2618892
435722 2610744
434528 2604462
433164 2597938
431818 2591733
430757 2586408
429635 2581905
428584 2577405
427370 2572095
426162 2565788
424860 2558650
423591 2550904
422463 2543993
421482 2538259
420623 2533431
419756 2528498
418690 2522860
417477 2517049
416258 2511278
415243 2506913
414463 2503364
413779 2499792
412914 2494908
411529 2487682
409855 2476828
408334 2468062
407198 2461446
406308 2458221
405323 2452784
404135 2445837
402656 2437339
400993 2427891
399421 2418691
398159 2411603
397129 2405907
396135 2400481
394921 2393798
393428 2385535
391842 2377032
390242 2368820
388829 2362271
387505 2356241
386287 2350210
384802 2342889
383111 2334697
381198 2325656
379480 2317524
377801 2309594
376385 2302969
374928 2295779
373357 2288389
371422 2279943
369186 2271333
366812 2262469
364694 2254700
362819 2247215
361023 2239516
358784 2229866
356043 2219123
352877 2207586
349805 2195824
346642 2181932
343909 2169771
341335 2159348
339244 2152481
336859 2144735
334089 2136275
331171 2127462
328695 2120351
326747 2114086
325151 2108518
323658 2102600
321829 2094523
319456 2083832
316577 2070596
313746 2058454
311209 2046600
308891 2035157
306581 2023654
303756 2011602
300462 1999364
296887 1987054
293784 1977189
290943 1967141
288360 1956532
285216 1943235
281484 1929634
277054 1914871
272693 1901211
268567 1887539
264646 1873796
260898 1849674
256766 1830293
252309 1809972
246917 1797885
241947 1782036
237179 1767593
233045 1753783
229036 1739567
225052 1724010
221023 1707911
216138 1686762
211300 1666007
206502 1646411
202492 1629598
198572 1611027
193998 1588649
188731 1563914
182736 1537849
177229 1513730
172200 1492096
167774 1473304
163504 1454912
158946 1436055
153673 1414158
148062 1397846
142859 1381560
138505 1369013
134699 1351365
131212 1335819
127856 1319769
124530 1304022
121087 1288057
117834 1273559
114881 1260908
112305 1248851
109852 1236326
107278 1222429
104646 1209089
102266 1196678
100368 1186546
98797 1177354
97090 1165549
95313 1152391
93403 1137619
91781 1125676
90264 1114470
88934 1104907
87651 1096788
86469 1088857
85398 1080276
84350 1070405
83222 1060541
82024 1050474
80976 1041379
80016 1032295
79244 1024777
78430 1016211
77624 1007045
76731 996304
75825 985642
75015 975520
74266 966365
73651 958331
73105 950627
72559 942421
71940 932912
71267 922608
70642 912384
70067 903305
69581 895676
69076 887602
68555 878585
67934 868441
67320 858736
66696 849572
66090 841629
65486 834696
64920 828255
64370 821281
63800 813500
63243 805622
62693 798317
62211 792231
61757 786502
61359 780451
60957 773651
60577 767086
60249 761424
59976 757123
59743 753683
59528 749731
59300 744849
59022 738760
58693 732310
58370 725839
58077 719998
57789 715274
57524 710914
57279 706539
57062 701421
56768 695242
56419 688896
56095 683152
55761 678613
55478 674164
55172 669313
54920 663959
54616 658045
54289 651841
53970 645974
53684 640917
53442 636197
53178 630362
52900 623925
52581 616864
52221 610048
51855 603746
51461 598403
51096 593820
50724 588744
50342 582777
49934 575970
49489 569119
48989 561223
48500 554783
48076 548762
47700 543821
47314 537625
46810 530675
46319 523715
45821 516646
45274 508010
44788 500718
44280 493459
43751 486566
43077 477599
42380 469279
41740 461847
41157 455340
40639 447604
40215 440457
39808 433622
39336 427703
38791 421150
38239 414239
37744 407782
37330 402174
36965 396218
36615 389857
36152 382456
35660 375331
35151 368427
34729 362957
34378 357968
34112 353193
33900 348229
33662 343106
33383 337286
33082 331211
32801 325746
32560 321204
32329 316621
32091 311209
31815 305555
31526 299689
31225 294129
30967 289248
30762 284831
30581 280686
30408 275754
30195 270566
29970 265199
29722 259761
29521 255113
29340 250757
29198 246762
29039 242075
28878 237170
28706 232412
28547 228103
28393 223959
28227 219685
28060 215336
27871 210812
27657 206136
27395 200874
27119 195853
26858 191572
26631 187989
26401 183821
26079 178898
25660 173114
25217 167314
24867 161893
24583 157589
24386 154093
24185 150995
23925 147323
23597 143866
23208 139822
22873 136212
22543 132619
22257 129525
21974 126720
21651 123587
21284 120142
20898 116503
20540 113019
20220 109940
19963 107131
19702 104233
19351 100903
18907 96966
18392 93273
17905 89674
17417 86674
17018 83948
16639 81349
16259 78680
15809 75693
15320 72783
14836 70061
14367 68045
13928 65987
13479 63552
12937 60368
12211 56718
11514 53670
10912 50975
10527 49355
10144 47872
9806 46506
9453 45120
9101 43665
8717 42307
8348 41065
8020 40035
7695 38908
7345 37339
6952 35310
6585 33319
6172 31427
5812 29908
5468 28473
5233 27331
4945 25933
4612 24332
4205 22544
3797 20793
3395 19052
3028 17370
2683 15978
2381 14787
2084 13557
1791 12108
1466 10371
1192 9046
956 7747
791 6871
645 5820
526 4972
421 4144
335 3404
