348954 8955384
348750 8955384
348613 8952343
348567 8946036
348471 8936706
348327 8924337
348162 8911985
348023 8902655
347931 8899404
347907 8893437
347850 8884469
347775 8872678
347669 8859497
347562 8849315
347473 8841958
347414 8841958
347414 8837642
347385 8830894
347343 8820899
347285 8813442
347243 8798733
347166 8787270
347105 8777586
347058 8768359
347016 8750012
346923 8730505
346817 8718035
346738 8707994
346680 8699113
346634 8692422
346603 8688162
346580 8680735
346545 8670456
346497 8662305
346454 8647623
346384 8635795
346327 8626099
346288 8623348
346278 8616936
346249 8607036
346183 8597332
346106 8580416
345983 8566988
345895 8556116
345829 8550488
345782 8542828
345711 8532214
345601 8520862
345466 8511542
345353 8505175
345279 8505175
345279 8497219
345211 8484848
345091 8468876
344941 8457745
344799 8437710
344581 8421276
344392 8407956
344263 8402517
344206 8390572
344081 8373050
343879 8358644
343707 8335953
343384 8318840
343136 8304049
342915 8294435
342794 8275657
342515 8251979
342174 8234673
341818 8223289
341344 8216805
340932 8213563
340656 8204388
340511 8184351
340129 8157948
339543 8137221
338964 8105044
338185 8079235
337609 8056924
337171 8045134
336909 8022546
336485 7993177
335854 7971611
335350 7938356
334285 7911883
333427 7889397
332704 7877660
332360 7854154
331769 7822092
330894 7795905
330117 7755372
328806 7723394
327780 7697279
327000 7682936
326646 7658779
326058 7624213
324934 7595204
323791 7545785
321887 7506775
320519 7476550
319524 7459945
318922 7430579
317982 7393653
316697 7367666
315655 7329351
314051 7298597
312794 7273508
311894 7259927
311398 7237123
310287 7207958
308987 7183972
307644 7141176
305840 7104739
304224 7076704
303148 7059334
302581 7030108
301519 6994631
299970 6970683
298689 6933534
296912 6902635
295621 6877576
294629 6864933
294227 6839635
293439 6809722
292527 6788153
291733 6753615
290483 6723691
289357 6698067
288515 6683264
288120 6658825
287480 6629596
286669 6609498
286004 6574741
285584 6544773
285334 6520478
285057 6506522
284488 6478278
283754 6444312
283129 6419288
281904 6373835
280843 6334105
279950 6299389
279688 6288673
279100 6264725
278015 6231201
276740 6201316
275046 6157677
273849 6123613
273105 6096626
272706 6082304
272124 6059665
271364 6029138
270811 6006827
269471 5963261
268309 5927584
267341 5898011
267062 5886980
266448 5862554
265538 5829612
264618 5801290
262577 5748966
260832 5705157
259376 5667760
258899 5653314
258110 5630132
257160 5603779
255831 5574587
253504 5554097
251338 5536127
250027 5530830
249608 5517110
248713 5493078
247005 5459251
245294 5415994
242120 5377888
239758 5347963
237819 5324706
237146 5294487
235919 5256688
234054 5214674
232164 5171514
228593 5136574
225660 5111049
223426 5088439
222800 5059337
221851 5022104
219726 4980838
216998 4934780
212137 4897791
208453 4869295
205998 4846907
204919 4816794
202739 4778700
199731 4735833
197023 4688642
193912 4650113
191630 4619680
188654 4604590
187183 4585899
185031 4560845
183784 4522714
182281 4478362
178641 4442675
175566 4416013
172747 4404160
172747 4390592
172068 4369784
170807 4334601
169018 4290308
166377 4253775
164318 4226772
162786 4204682
161893 4185129
160226 4158981
157786 4129854
155749 4088211
152076 4054344
149176 4028702
146765 4007226
145505 3977992
143434 3940603
140599 3900872
138221 3859934
133943 3828165
130429 3804637
127719 3784202
127207 3756212
125110 3719753
122123 3679427
119162 3638094
116214 3606027
114156 3582484
112585 3562281
111442 3545391
110299 3520837
108532 3488810
107728 3440111
105167 3398558
103230 3367511
101473 3340279
100777 3304968
99297 3260500
97136 3214430
95103 3166014
92309 3128258
90195 3099930
88649 3075374
87734 3042408
86432 3001452
84547 2957408
83068 2911665
80862 2875716
79242 2850708
78129 2829396
77774 2799072
76857 2760581
75434 2720451
74367 2679566
72978 2648213
72095 2626468
71211 2610115
70957 2586363
70264 2553531
69408 2514243
68625 2472896
67600 2441118
66739 2420757
66056 2404878
65830 2381336
65436 2350909
64904 2316262
64453 2280209
63773 2251349
63231 2231872
62834 2216613
62567 2195574
62244 2168300
61866 2139592
61649 2110792
61042 2089200
60489 2074150
60042 2060497
59946 2040205
59721 2012706
59455 1981734
59246 1948548
58890 1923141
58576 1905881
58301 1892236
58116 1872174
57867 1846449
57545 1818302
57346 1789515
57025 1767753
56778 1753584
56591 1742698
56553 1726044
56462 1704088
56320 1679272
56171 1654030
55908 1634167
55697 1621073
55531 1610011
55484 1594195
55364 1573128
55199 1549790
55035 1525861
54755 1507192
54520 1494193
54330 1483291
54253 1467629
54101 1445503
53920 1419885
53677 1398383
53508 1384149
53369 1376850
53369 1367291
53317 1352256
53232 1332887
53112 1312035
53002 1291688
52798 1275220
52627 1262859
52499 1251271
52451 1236059
52359 1216720
52208 1196477
52095 1175986
51861 1160415
51687 1149550
51523 1140517
51494 1127477
51426 1110753
51338 1093201
51283 1075092
51144 1059852
51025 1047864
50901 1037515
50863 1024950
50799 1009329
50728 993464
50657 977499
50528 964837
50407 955517
50324 947740
50299 937077
50268 923723
50198 910053
50137 897134
49998 886218
49898 877642
49814 869474
49768 858931
49678 845126
49433 830418
49204 816054
48950 804349
48849 795640
48780 787344
48599 776307
48415 762309
48188 747777
48129 734057
48019 723069
47951 715370
47897 707709
47850 697677
47764 684177
47643 669693
47563 654802
47447 643276
47366 635336
47291 628115
47265 618084
47206 604737
47121 590630
47043 575685
46913 564324
46808 557109
46721 553022
46698 545672
46649 534409
46582 520075
46487 506014
46397 495293
46295 487808
46194 481018
46091 470886
45993 458017
45940 444881
45869 432358
45816 423288
45755 416775
45680 412069
45575 405467
45480 396913
45410 387270
45342 377598
45228 370523
45110 365739
44928 361769
44719 356177
44503 348493
44333 340176
44210 331349
44084 324808
43964 319871
43753 315185
43510 308548
43268 300573
43107 292758
42942 284959
42645 278866
42326 274046
41999 269484
41785 262968
41541 254840
41388 246189
41159 239568
40886 234952
40459 232211
40048 227812
39628 221835
39293 214637
38889 207541
38525 200600
37993 195120
37417 190705
36740 186069
36088 179759
35472 172139
34888 164294
34322 156985
33888 151464
33439 147700
32987 143945
32397 139445
31734 134490
31137 129954
30305 125470
29736 121634
29117 118340
28942 115157
28413 111564
27748 107466
26930 103427
26120 99108
25621 95728
25044 92804
24595 89901
23872 86275
23167 82140
21980 78442
20885 74933
19246 72230
18062 69792
17060 67285
16505 64254
15820 60929
14880 57618
14046 54830
13139 52728
12313 51243
11365 49357
10615 46963
9372 44170
8453 41352
7493 38462
6791 36189
5956 34304
5292 32535
4676 30353
4103 27914
3507 25544
3090 23264
2568 21535
2034 20107
1607 18647
1280 16710
1064 14563
839 12474
640 10538
423 9023
282 7866
208 6749
166 5354
124 3834
