110273 1136306
110231 1134081
110180 1132005
110128 1130322
110075 1129166
110023 1128189
109977 1126776
109941 1124517
109910 1122046
109874 1119845
109826 1118541
109787 1117863
109758 1117234
109745 1116353
109736 1114854
109718 1112886
109695 1110763
109660 1108932
109626 1107242
109590 1105803
109566 1104261
109546 1103166
109527 1101495
109506 1099486
109485 1097377
109466 1096004
109446 1095002
109428 1093649
109411 1091674
109394 1089132
109373 1086450
109347 1084252
109311 1082734
109266 1081518
109217 1079968
109179 1077719
109146 1075102
109118 1072187
109085 1070114
109052 1068059
109016 1067043
108986 1065354
108953 1063078
108914 1059962
108860 1057238
108803 1055787
108750 1054940
108713 1053730
108683 1052161
108653 1049628
108612 1046283
108550 1042543
108479 1039341
108399 1036639
108309 1034875
108243 1032264
108187 1029758
108144 1025740
108063 1021759
107952 1017896
107834 1014723
107504 1009323
107190 1003690
106883 997119
106782 992223
106658 986935
106515 982449
106376 979559
106251 977326
106142 973957
106040 969886
105909 964160
105750 959069
105558 953708
105375 950388
105185 947518
105017 944577
104853 939498
104658 931201
104438 923984
104147 919074
103888 917495
103621 914854
103428 911414
103221 906268
102995 900164
102707 893089
102388 886767
102077 882353
101782 879061
101542 875262
101263 869719
100953 862709
100545 856190
100131 850959
99710 846667
99314 843188
98984 839296
98669 833779
98359 827422
97978 820325
97590 815003
97203 810251
96877 806487
96601 803144
96379 799728
96136 794071
95807 786530
95411 778054
94986 772131
94647 768056
94385 764372
94138 758864
93848 751685
93489 743867
93147 737143
92853 732064
92615 728493
92412 725705
92234 721568
92012 716053
91747 709173
91460 702298
91187 696967
90892 690522
90622 684771
90375 678315
90176 672332
89942 665899
89708 659226
89287 652767
88876 646500
88504 639846
88323 635372
88124 632221
87887 630885
87649 629584
87422 628390
87234 627462
87026 626480
86800 625494
86473 624043
86140 622484
85803 620913
85513 619453
85276 618379
85018 617354
84786 616537
84483 615352
84190 614071
83873 612656
83603 611246
83398 610189
83206 609228
82973 608201
82648 606505
82272 604510
81868 602473
81517 600914
81203 599619
80914 598515
80454 596913
79993 595004
79536 593015
79253 591535
78969 590111
78726 588955
78423 587521
78041 585974
77521 583709
76996 581384
76423 578918
75941 576694
75506 574819
75087 572920
74562 571013
73910 568443
73226 565868
72512 563159
71872 560690
71334 558664
70840 556749
70194 554371
69466 551732
68723 548946
67990 546343
67230 543256
66484 540450
65851 537852
65194 535315
64419 532285
63644 529408
62729 526675
61928 524295
61056 521793
60308 519408
59565 517103
58809 514604
58133 512376
57374 509923
56749 507886
56093 505743
55580 503919
55008 501897
54396 499481
53716 496696
52970 493530
52293 490819
51640 488303
51100 486240
50605 484157
49956 481491
49339 479030
48604 476186
47948 473541
47178 470453
46355 467077
45600 463920
44720 460242
43912 456933
43084 453629
42299 450648
41524 447679
40697 444339
39908 441063
39137 437909
38318 434907
37519 431881
36834 429276
36233 426803
35751 424753
35193 422085
34699 419324
34141 416000
33583 412470
33081 409186
32625 405995
32230 403256
31782 400168
31317 396982
30765 393177
30243 389753
29822 387151
29504 385114
29187 382828
28801 380124
28407 377562
27988 375035
27637 372789
27335 370758
27123 369207
26876 367425
26591 365358
26300 363125
26017 360827
25776 358738
25573 357000
25425 355762
25289 354323
25131 352677
24944 350629
24754 348654
24567 346724
24400 344929
24272 343478
24128 341612
23994 339657
23834 337338
23689 335244
23532 333312
23411 331850
23301 330503
23207 329108
23079 327022
22922 324397
22744 321509
22585 318961
22475 317164
22385 315713
22273 313629
22141 310927
21987 307622
21838 304599
21688 301775
21568 299491
21462 297602
21359 295907
21246 294222
21104 292371
20952 290414
20781 288448
20646 286850
20513 285383
20395 283870
20270 282174
20169 280694
20065 279324
19956 277873
19848 276360
19755 274792
19667 273252
19563 271543
19462 270018
19380 268600
19308 267331
19232 265838
19105 264284
18976 262747
18839 261223
18682 259287
18555 257755
18415 255883
18363 254974
18290 253608
18202 252546
18063 250767
17898 248780
17768 246702
17653 244001
17581 241261
17506 238695
17438 236739
17376 234892
17260 232956
17138 230756
17017 228826
16977 226922
16965 225402
16935 223652
16890 221835
16833 220004
16774 218374
16712 216705
16653 215318
16593 213878
16529 212384
16463 210689
16398 208968
16236 207382
16004 205195
15790 203437
15679 201785
15638 200425
15572 198323
15509 196360
15439 194555
15370 192823
15268 190998
15164 189317
15049 187387
14962 185250
14873 183046
14786 181030
14695 179070
14591 176929
14496 174994
14392 172653
14292 170086
14224 167175
14102 164628
13974 162131
13822 160138
13687 157020
13596 154874
13491 152344
13430 150882
13295 148174
13169 145717
13046 142635
12968 140799
12886 138806
12810 137057
12735 134839
12644 132437
12550 130744
12471 129403
12391 128394
12280 126696
12141 124032
12017 121087
11885 118079
11723 114976
11573 112489
11455 110826
11360 109147
11233 106941
11113 104331
11031 102546
10964 100526
10907 99004
10854 97581
10816 96505
10760 94799
10691 92702
10599 90606
10520 88665
10450 87211
10397 85879
10337 84277
10279 82285
10224 79955
10171 77370
10113 74585
10062 72272
10018 70909
9980 69993
9921 68954
9855 67881
9790 66852
9745 65947
9716 65058
9669 63904
9598 62488
9510 60910
9387 59272
9278 57982
9170 56680
9113 55807
9044 54838
8949 53655
8823 52195
8678 50558
8537 49115
8372 47408
8208 45790
8035 44095
7861 42579
7697 41122
7532 39728
7383 37691
7185 35535
6974 38269
6755 41860
6586 45396
6432 43886
6280 42007
6111 40102
5945 38387
5698 36983
5481 35865
5291 34817
5180 33757
5057 32672
4899 31729
4771 30892
4657 30084
4466 29281
4259 28412
3926 27397
3686 26215
3444 25125
3318 24093
3148 23343
2961 22617
2740 21941
2537 21130
2397 20228
2242 19403
2139 18603
1952 17963
1802 17377
1624 16800
1530 16020
1430 15204
1339 14328
1156 13412
1023 12496
845 11583
760 10660
648 9600
574 8426
481 7476
406 6704
362 6136
319 5607
274 5077
238 4586
205 4103
171 3662
138 3241
114 2842
93 2494
74 2161
58 1835
48 1534
40 1256
33 933
