2411275 24479942
2411275 24479942
2411275 24479942
2396125 24479942
2380975 24479942
2365826 24479942
2365826 24479942
2365826 24479942
2365826 24479942
2365826 24479942
2357910 24479942
2349994 24479942
2342079 24479942
2342079 24479942
2342079 24479942
2342079 24479942
2342079 24479942
2336851 24479942
2331623 24479942
2326395 24479942
2326395 24479942
2326395 24479942
2326395 24479942
2326395 24479942
2322712 24479942
2319029 24479942
2315347 24479942
2315347 24479942
2315347 24479942
2315347 24479942
2315347 24479942
2311982 24479942
2308617 24479942
2305252 24479942
2305252 24479942
2305252 24479942
2305252 24479942
2305252 24479942
2301434 24479942
2297616 24479942
2293798 24479942
2293798 24479942
2293798 24479942
2293798 24479942
2292798 24479942
2291798 24465390
2290172 24441611
2289134 24369231
2286118 24311404
2283728 24262803
2281749 24262803
2281749 24242732
2280969 24204726
2279411 24149908
2277076 24102082
2274897 24060375
2272961 24021412
2271111 23972561
2268751 23922306
2266136 23869111
2263246 23822052
2260554 23773181
2257718 23729470
2255187 23687477
2252766 23642481
2250174 23589749
2247043 23530318
2243386 23472384
2239773 23417608
2236269 23372315
2233355 23327746
2230425 23279568
2227257 23222508
2223466 23159393
2219251 23096045
2214896 23039107
2210703 22990288
2206986 22944076
2203453 22889971
2199342 22828003
2194486 22761532
2189023 22697156
2183639 22636364
2178268 22584135
2173614 22534573
2169129 22472018
2163930 22404982
2158082 22331474
2151562 22268697
2145656 22204522
2139689 22150110
2134538 22096758
2128966 22041192
2123168 21976037
2116350 21907774
2109557 21839913
2102613 21769160
2095079 21715323
2089262 21664118
2083861 21616792
2079182 21551155
2072666 21478480
2065344 21409629
2058362 21345684
2051902 21294528
2046929 21245061
2042319 21192501
2037555 21130117
2031788 21062216
2025356 20998385
2019164 20939464
2013449 20891303
2008872 20842393
2004413 20790162
1999679 20728641
1994154 20663945
1988352 20620389
1982797 20598611
1977391 20566067
1972955 20533522
1968905 20472629
1964920 20413381
1960176 20321008
1955063 20230447
1950119 20147423
1945292 20084125
1941220 20026157
1937448 19960777
1933525 19846279
1928806 19752989
1923631 19662043
1918587 19610794
1913806 19541639
1909372 19483537
1905026 19428487
1900197 19365383
1894710 19294840
1888799 19226889
1882498 19155135
1877641 19100559
1872942 19041689
1868821 18989844
1863326 18920310
1857453 18844538
1851045 18763006
1844737 18685565
1839256 18620190
1834437 18564252
1829070 18501813
1822870 18429574
1816639 18359656
1810388 18291678
1804262 18225786
1798621 18162346
1793599 18102868
1788173 18039767
1781458 17962514
1773736 17877626
1766004 17793331
1758447 17713200
1751809 17641266
1745483 17569143
1739012 17494670
1730684 17400537
1721701 17312187
1712934 17233060
1704448 17163713
1696906 17097012
1689060 17012224
1679774 16903750
1668773 16794669
1656577 16697280
1646529 16647360
1636906 16590937
1628166 16532872
1619052 16454630
1609058 16355427
1597443 16254329
1584739 16143623
1572127 16050506
1560795 15955914
1551037 15875630
1541642 15792241
1531476 15703745
1518463 15595762
1504569 15483015
1490082 15368881
1476225 15259412
1463049 15155148
1450414 15054531
1437598 14955866
1422183 14845263
1404336 14725080
1385759 14603896
1368375 14495350
1353791 14404168
1341551 14327519
1324320 14208888
1310733 14114132
1294948 14003666
1284793 13921922
1270722 13823406
1259580 13741253
1250598 13685796
1240003 13593583
1232088 13522901
1222302 13426536
1214345 13348140
1202987 13235904
1192250 13128595
1182500 13028175
1172332 12924773
1161525 12818803
1149063 12703481
1136659 12590601
1125433 12490637
1115792 12400380
1106992 12313428
1097829 12220112
1087643 12117082
1076688 12008623
1066058 11906445
1056630 11814160
1048381 11729458
1040543 11643683
1031906 11550046
1022482 11449864
1012232 11344959
1002084 11246202
992388 11153903
984103 11071690
976737 10992609
970198 10921235
960202 10802807
952583 10711102
944276 10608655
938866 10543620
931419 10451978
924556 10364966
917668 10277916
909875 10188019
901245 10095973
892765 10010723
884801 9931235
878287 9864583
871075 9788635
864824 9724482
857828 9656566
852272 9606674
846294 9549458
841143 9499632
836544 9453786
831629 9400347
826681 9345086
821298 9283502
816081 9224732
810881 9172642
805879 9137416
801394 9112864
796752 9064827
792866 9010264
788709 8943342
784784 8886268
780284 8819615
776170 8760379
772314 8707410
769011 8660588
765656 8600018
762207 8531884
757720 8453803
753992 8398724
750284 8350648
747833 8315126
745260 8275429
742549 8232525
739280 8183200
735740 8131459
732587 8085652
729670 8042055
727342 8003592
724145 7948207
721834 7907376
719079 7860897
717046 7828113
714165 7780637
711501 7737373
709451 7700991
707653 7668085
705671 7632954
703288 7592757
700650 7549942
698303 7511976
695757 7472435
693818 7441636
691890 7409884
690121 7378148
687659 7336456
684986 7291463
682360 7249608
679865 7211453
677638 7176041
675444 7139725
672885 7097823
669824 7051423
666503 7004140
663591 6963693
660823 6924186
658573 6890009
656288 6853340
653861 6816690
650805 6775078
647702 6734965
644986 6699181
642873 6669549
641001 6641221
638961 6611912
636321 6577555
633237 6539904
629828 6500327
626847 6463658
622419 6406935
618528 6354470
614558 6298915
612039 6261056
608902 6215524
605538 6169984
602239 6125068
599295 6085175
596686 6048623
594055 6011767
590893 5965920
586933 5912617
582469 5857612
578065 5806696
573937 5759119
570432 5717197
567038 5675573
562809 5625272
556797 5564420
549959 5499951
542519 5437752
535824 5378683
529822 5323832
524472 5269301
518261 5207643
510920 5140856
503101 5071610
496255 5012489
490137 4957351
484939 4908935
479196 4854118
472072 4788692
463586 4713927
454174 4635140
444822 4559424
435391 4484843
426304 4412731
417241 4338776
407210 4257229
396006 4168694
384514 4078924
373815 3994346
364135 3917751
354358 3845107
343674 3766519
332686 3685008
321442 3596292
309740 3505542
298098 3415435
287120 3334996
276659 3255150
264480 3154727
251936 3046988
239712 2943820
229574 2869577
219545 2799572
210833 2749647
203005 2701648
195208 2654904
186067 2590584
175897 2519497
165865 2447872
157428 2389222
150090 2339311
144112 2298039
137531 2247784
129780 2183656
120880 2110676
113100 2041462
106674 1987356
101921 1945456
97914 1915758
94192 1882217
90402 1848209
86425 1812694
83089 1782230
80277 1753034
77673 1720122
75381 1688576
73186 1652092
71063 1614373
68982 1573623
67056 1536435
65541 1504228
64185 1474039
63042 1447804
61849 1413915
60627 1374584
59408 1331426
58232 1293507
57068 1254453
56043 1226861
55206 1192352
54482 1174202
53708 1138722
52760 1114009
51898 1089296
51128 1077637
50597 1067215
49945 1042934
49269 1016808
48516 980312
47848 957674
46966 923368
46169 883091
45410 818213
44830 771127
44029 708083
43272 662566
42472 612351
41786 595288
40993 584417
40261 571193
39665 557334
39108 539795
38499 523725
37902 507814
37324 491862
36807 476557
36214 459996
35573 442916
34915 426638
34214 411921
33443 396253
32712 381493
32100 369857
31565 360375
31029 351157
30341 338644
29659 325582
28744 309276
27863 294916
26940 280946
26172 269654
25400 258977
24666 249325
23821 238935
22813 226464
21753 213837
20857 203334
20054 195089
19279 187152
18347 177606
17360 167809
16299 156241
15243 146259
14215 135588
13145 125899
12169 116035
11145 105961
10081 95994
8849 84140
7655 73518
6587 63738
5658 55877
4780 48451
3970 41638
3223 35053
2590 28971
2026 22714
1588 17578
1269 13760
1017 11311
791 9057
577 6886
437 5281
331 4089
