1147305 9281420
1145660 9281420
1144563 9278394
1144201 9270904
1143385 9259865
1142149 9248037
1140905 9231913
1139528 9219337
1138571 9210576
1137983 9205303
1137682 9196289
1137070 9184352
1136236 9166833
1135247 9153057
1134569 9142203
1134113 9142203
1134113 9137408
1133969 9128966
1133651 9115580
1133137 9104753
1132600 9095327
1132172 9087621
1131866 9078472
1131592 9067394
1131272 9054405
1130908 9041435
1130549 9029688
1130183 9021041
1129875 9012972
1129629 9003280
1129374 8990996
1129053 8977257
1128663 8964338
1128232 8953471
1127828 8944701
1127500 8936320
1127263 8925759
1127004 8912190
1126660 8896614
1126237 8880544
1125803 8866519
1125383 8855805
1125027 8847026
1124716 8837439
1124421 8824145
1124048 8810582
1123621 8798024
1123143 8789125
1122751 8781440
1122429 8773825
1122183 8759567
1121807 8743906
1121327 8726336
1120704 8713225
1120108 8700497
1119476 8689884
1118979 8679775
1118542 8667793
1118122 8653569
1117565 8637023
1116852 8621487
1116107 8608081
1115340 8597383
1114715 8586449
1114148 8573402
1113588 8557241
1112858 8538755
1111933 8520910
1110949 8502584
1109951 8488055
1109171 8473925
1108489 8461032
1107789 8445018
1106826 8426783
1105667 8409804
1104507 8395696
1103371 8384149
1102349 8372113
1101232 8350916
1100075 8326176
1098720 8299695
1097317 8279040
1095881 8260050
1094500 8243901
1093329 8229465
1092320 8212458
1091240 8191494
1089816 8168453
1088129 8148493
1086507 8132566
1085062 8120014
1083889 8108117
1082831 8093001
1081654 8074412
1080223 8053713
1078583 8034038
1076921 8016865
1075172 8002619
1073643 7989556
1072328 7974282
1071128 7956736
1069760 7937316
1068260 7917656
1066773 7899145
1065276 7883738
1064061 7870156
1063064 7854915
1062183 7835631
1060990 7815195
1059612 7795984
1058008 7779679
1056490 7765540
1055060 7751658
1053956 7735451
1052822 7716123
1051524 7693963
1049847 7673972
1048231 7656326
1046571 7642738
1045337 7628397
1043991 7611177
1042669 7590755
1041043 7568222
1039182 7545947
1037212 7525991
1035194 7507552
1033606 7492200
1032426 7474112
1031409 7455099
1030196 7432595
1028684 7411620
1027011 7391614
1025272 7374938
1023536 7357820
1021623 7338640
1019603 7312156
1017191 7282551
1014624 7255540
1011701 7234058
1009027 7217573
1006487 7200090
1003875 7179541
1000830 7154134
997455 7125729
994121 7100021
990672 7077198
987820 7059014
985462 7040051
983252 7017032
980328 6990860
976828 6955947
973258 6924999
969950 6893988
967113 6873417
964815 6851273
962208 6825367
958991 6796310
955023 6764788
951167 6737664
947370 6711518
944065 6688149
940727 6660479
937133 6630345
932826 6596132
927813 6561347
922656 6527013
917459 6497846
913153 6474020
909292 6451018
904971 6419154
899475 6380982
892724 6337982
885959 6302317
878583 6267873
872351 6238811
866664 6206453
860779 6168843
853408 6123428
844905 6076337
836662 6031894
828713 5993458
821828 5957539
815568 5923860
808961 5886098
800737 5844620
791612 5803378
782466 5767992
773524 5737010
765110 5706448
756830 5671318
747639 5629963
736501 5595737
724830 5559320
714573 5534616
705384 5505675
697737 5485348
690726 5461051
684568 5433805
676419 5396188
666293 5352123
655660 5312199
645589 5278600
638108 5254845
632474 5233909
628604 5213990
624029 5181249
617197 5137137
609159 5090643
600113 5045310
593322 5007986
587250 4971884
582283 4940131
575776 4900799
568549 4859752
561035 4823228
553755 4789682
547828 4760224
542510 4727635
537522 4694857
531710 4658960
524956 4619432
518514 4585514
512276 4551920
506818 4517896
502520 4488148
498408 4459468
493932 4433006
488188 4398594
482205 4366576
476733 4339170
472526 4319158
469579 4302510
467233 4283832
464567 4258420
461348 4227388
458084 4199232
454597 4170171
451671 4142455
449028 4113188
445541 4081060
441549 4047025
437162 4010001
433821 3980433
430181 3943777
427296 3914516
424741 3885022
422619 3864302
419915 3837678
416911 3811047
414172 3789038
410991 3769865
408380 3752503
406036 3733419
404401 3714032
402256 3693432
399809 3670768
397175 3646467
384940 3621313
373174 3600258
361929 3581542
360363 3561250
358652 3538600
356730 3516175
355113 3495864
353457 3477606
352090 3460814
350834 3444554
349460 3426632
347664 3400800
345713 3371535
343939 3344939
342531 3327188
341467 3313902
340449 3298179
339295 3278176
337856 3255284
336262 3229827
334747 3205250
333437 3184695
332373 3166939
331361 3150942
330268 3132443
328934 3109807
327558 3085020
326098 3062411
324867 3045623
323794 3032433
322937 3017963
321910 2997048
320713 2975639
319362 2953072
317920 2933345
316569 2914714
315455 2898911
314644 2886085
313722 2869084
312509 2848599
311110 2825553
309679 2804197
308444 2786213
307269 2768748
306203 2752736
304669 2729765
302918 2706122
300930 2679032
298962 2654745
297106 2633197
295526 2615890
294216 2600946
292698 2581970
290967 2562101
289095 2543275
287284 2527777
285512 2509860
284150 2493789
282882 2476757
281398 2457852
279428 2434884
277116 2408520
274897 2387311
272625 2364967
270745 2346918
269098 2328145
267399 2309262
265432 2289711
263043 2268618
260704 2249907
258430 2228688
256217 2203016
254173 2175789
251965 2147429
249562 2122413
246816 2097922
244165 2077995
241538 2055617
239221 2032142
237051 2008058
234729 1988555
231942 1968089
228937 1943545
225834 1919220
222620 1894465
219434 1872180
216381 1844585
213040 1813239
209140 1781371
205235 1751794
201550 1725218
198397 1700121
195551 1676191
192906 1652957
189878 1628773
186248 1600335
182352 1571628
178585 1541546
174771 1511356
171314 1483035
168026 1455636
164879 1429558
161090 1395840
156795 1363059
152657 1333233
148986 1311691
145927 1291523
142888 1269275
139424 1243226
135475 1215650
131462 1189210
127722 1165752
124153 1141245
120517 1116718
117330 1094122
114210 1073500
110811 1052072
107307 1030256
103727 1007318
100506 986386
97714 967715
95331 948483
93140 927762
90538 905265
87511 881069
84443 858170
81679 837710
79337 821323
77235 806524
75094 789161
73056 772823
71188 757297
69416 744041
67694 727408
66134 712436
64844 698219
63538 683541
62275 669913
61015 655287
60038 643716
59205 632926
58422 623173
57663 613309
56786 600432
55884 588255
54943 576925
54099 565424
53273 554074
52579 543966
51933 534443
51307 522246
50624 509371
49819 495957
49014 484758
48271 475244
47635 470183
46995 457743
46345 444606
45707 428521
45085 420139
44438 412111
43863 405896
43335 395051
42803 381161
42094 364101
41283 350822
40455 342938
39622 333953
38848 326910
38199 316917
37674 309674
37208 295508
36593 279818
35988 263206
35306 253006
34663 244017
34032 235221
33331 226549
32724 219699
32057 214711
31445 208070
30646 200063
29956 192074
29258 183321
28790 177388
28090 170895
27275 166966
26380 157867
25495 149151
24748 140817
24007 133885
23367 127589
22779 117891
22149 110075
21497 101089
20742 96202
19887 91683
19074 88102
18337 83744
17753 78499
16875 73978
15981 69272
14991 65980
14206 61754
13361 58881
12673 55535
12063 51901
11434 47972
10681 44383
9793 41652
8709 37160
7624 32807
6738 28920
6244 26899
5811 25242
5304 23242
4669 21450
3823 19202
3161 17299
2640 15356
2370 13621
1995 12065
1622 10474
1297 9069
1046 7735
830 6220
658 5278
540 4330
436 3566
333 2861
