39380 1768384
39232 1768384
39092 1768384
38947 1768384
38801 1768384
38681 1768384
38589 1768384
38532 1766982
38457 1764581
38364 1760987
38269 1757747
38183 1754831
38122 1752457
38071 1750210
38029 1747710
37979 1744761
37927 1741848
37864 1738767
37806 1735641
37744 1732650
37698 1729916
37661 1727213
37626 1724099
37580 1720718
37526 1717308
37470 1713863
37422 1711083
37383 1708526
37358 1705966
37323 1702680
37272 1699185
37211 1695244
37161 1690972
37125 1686504
37090 1682092
37049 1677284
37006 1671542
36941 1665471
36868 1659393
36787 1653704
36725 1648531
36677 1643397
36639 1638103
36589 1632219
36529 1626142
36458 1620412
36399 1615193
36352 1610341
36310 1605725
36273 1601079
36204 1596212
36137 1591140
36066 1585837
36016 1581343
35965 1577225
35921 1573727
35886 1569987
35851 1566079
35792 1561958
35725 1557529
35647 1552700
35567 1548082
35490 1543355
35414 1538243
35331 1532127
35230 1526175
35108 1520462
35002 1515228
34914 1510281
34853 1504368
34797 1498137
34729 1491355
34617 1483551
34509 1475419
34385 1467347
34307 1461715
34217 1456729
34146 1451593
34058 1445758
33956 1439488
33815 1432809
33671 1426297
33543 1420865
33463 1416190
33401 1411186
33321 1405479
33241 1399342
33136 1393163
33039 1386918
32935 1381304
32864 1376796
32804 1372156
32731 1366995
32639 1360741
32509 1354642
32383 1348694
32267 1343580
32191 1338696
32123 1333642
32048 1328043
31956 1321995
31830 1315933
31693 1310415
31569 1305676
31483 1301368
31407 1296631
31324 1291212
31224 1284946
31067 1277303
30905 1269238
30747 1262983
30651 1259328
30559 1255778
30467 1250658
30362 1244496
30234 1238383
30100 1232223
29983 1226479
29923 1220774
29875 1215318
29825 1210069
29774 1204974
29666 1199677
29543 1193989
29391 1188758
29309 1183788
29250 1178215
29208 1172278
29168 1166296
29052 1160901
28912 1155669
28783 1151128
28730 1148167
28697 1145185
28637 1141665
28559 1136430
28479 1130826
28422 1125581
28385 1120936
28358 1116973
28318 1112592
28255 1102034
28176 1091280
28103 1080516
28047 1075411
28002 1071635
27954 1067752
27899 1062395
27841 1057198
27779 1052439
27717 1048291
27665 1043517
27628 1040088
27602 1037783
27570 1034344
27521 1029191
27454 1023609
27371 1018161
27293 1013141
27235 1009036
27196 1005438
27150 1001716
27079 995861
26975 989528
26861 983388
26758 985964
26677 989393
26601 992251
26522 987937
26426 981313
26310 971576
26188 961671
26070 953423
25981 949450
25885 945821
25773 941741
25638 936784
25487 931487
25347 926640
25226 922268
25141 918493
25052 914783
24944 910437
24781 903638
24612 896337
24427 888860
24283 883322
24152 878704
24021 874263
23860 869248
23654 863083
23402 856523
23110 847629
22853 839613
22658 832452
22540 828989
22419 825765
22284 821899
22082 817359
21867 812136
21673 807771
21550 803873
21474 800929
21403 798217
21316 791487
21193 787600
21059 782886
20929 781712
20829 777315
20728 773589
20594 769402
20430 764361
20256 758811
20103 753322
19966 748629
19863 744440
19745 740494
19634 736151
19477 731282
19337 726478
19185 720961
19072 715755
18986 711258
18915 706961
18836 701748
18730 694611
18610 688597
18478 682687
18365 678156
18278 673498
18210 669429
18149 664948
18077 660215
17991 655102
17885 648815
17768 643536
17673 638940
17580 635440
17482 630536
17349 624558
17215 618644
17086 612760
16988 607645
16912 603438
16841 599356
16756 595010
16650 589991
16543 584978
16432 579996
16335 575020
16249 570659
16159 566465
16053 561828
15921 556765
15800 551786
15669 546915
15555 542121
15449 537567
15367 533827
15291 530030
15207 526093
15125 521673
15046 517200
14979 512744
14925 508827
14851 504775
14770 500710
14654 496108
14543 491726
14437 487289
14348 483240
14281 479908
14212 476774
14140 473569
14052 469807
13962 466127
13871 462389
13787 459085
13720 456476
13652 455223
13581 452454
13468 448880
13356 444005
13231 441933
13134 440006
13054 438797
12986 435837
12902 432348
12803 428275
12692 424182
12586 420247
12482 416429
12384 413065
12293 409783
12189 406189
12070 402391
11954 398861
11824 394859
11717 390944
11622 387477
11557 384666
11476 379805
11368 373334
11233 365589
11101 359533
10992 355016
10910 351758
10825 347675
10718 341881
10581 335431
10425 327813
10279 321730
10125 317057
9992 314594
9837 310834
9675 303805
9458 294543
9224 284702
8950 276156
8707 269159
8489 264170
8318 260233
8104 256407
7846 251834
7553 247335
7271 243188
7077 240605
6857 236999
6648 233369
6344 228275
6092 224159
5921 221360
5767 218739
5557 215253
5290 210770
5029 206314
4805 202522
4562 198460
4391 195660
4196 192773
3971 189158
3700 184708
3496 180948
3321 178017
3127 175250
2932 171987
2757 168807
2602 165502
2428 162091
2297 159463
2185 156193
2101 153595
1990 150349
1872 147825
1779 145624
1719 144073
1673 142419
1619 140607
1555 138309
1493 135616
1449 133288
1417 131122
1399 129793
1378 128154
1358 126340
1335 124053
1314 121516
1291 118918
1268 116450
1244 114464
1223 112811
1194 111140
1164 109183
1129 107173
1100 105033
1067 102992
1043 101266
1019 100135
1000 99265
975 97850
950 96143
931 94125
916 92362
907 90931
892 89483
880 88112
864 86460
852 84933
836 83328
825 81822
818 80654
812 79686
803 78761
786 77610
766 76206
750 74692
742 73104
736 71885
731 70696
721 69751
709 68589
696 67369
688 65957
683 64670
679 63806
676 62974
672 62125
666 60986
659 59631
655 58159
654 56785
654 55916
653 55267
652 54698
651 53861
648 52934
646 51996
645 51179
645 50690
645 50146
644 49630
646 48834
646 48026
645 47187
643 46200
642 44658
641 43150
641 41805
640 40886
639 39783
638 38800
637 38608
635 38760
634 38825
632 38317
631 37676
630 37034
628 36387
626 35675
624 35025
622 34402
621 33861
621 33197
618 32458
615 31483
611 30694
609 30068
607 29691
605 29210
602 28570
598 27843
593 27054
589 26327
585 25663
581 24962
571 24128
558 23271
543 22288
531 21317
519 20450
508 19779
498 19122
485 18261
466 17395
449 16634
431 15959
412 15246
391 14483
371 13823
349 13186
320 12478
289 11614
252 10557
225 9643
197 8806
178 8018
150 7007
127 5982
109 5181
99 4655
89 4187
76 3688
62 3139
49 2521
39 1887
28 1270
20 829
