318732 2933261
318732 2933261
318732 2933261
318732 2933261
318732 2931892
318515 2930523
318298 2929154
318081 2929154
318081 2929154
318081 2928614
317999 2928074
317835 2927427
317323 2926986
316867 2926394
316485 2925785
316430 2925290
316379 2924703
316306 2924010
316219 2923225
316114 2922390
316006 2921493
315914 2920753
315845 2920033
315783 2919335
315712 2918484
315640 2917599
315564 2916626
315488 2915673
315415 2914865
315357 2914139
315304 2913418
315242 2912519
315171 2911547
315093 2910524
315007 2909584
314921 2908585
314845 2907789
314775 2906754
314692 2905832
314600 2904653
314506 2903627
314417 2902564
314342 2901662
314276 2900802
314208 2899803
314122 2898630
314017 2897323
313889 2896028
313775 2894934
313689 2894109
313640 2893463
313583 2892613
313503 2891618
313403 2890541
313277 2889462
313135 2888334
313001 2887344
312883 2886384
312764 2885397
312620 2884180
312441 2882845
312218 2881402
311985 2879928
311780 2878670
311626 2877497
311481 2876367
311298 2874993
311076 2873439
310788 2871753
310484 2870097
310201 2868756
309992 2867546
309788 2866314
309535 2864738
309204 2862613
308814 2860814
308413 2859085
308064 2858021
307763 2856567
307460 2855167
307114 2853335
306716 2851441
306278 2849425
305837 2847674
305466 2846158
305199 2844841
304923 2843353
304582 2841633
304147 2839619
303630 2837586
303112 2835589
302655 2833973
302316 2831978
301954 2830449
301560 2828611
301104 2827086
300597 2825024
300038 2823065
299579 2821487
299274 2819966
298899 2818325
298378 2816448
297713 2814382
297208 2812182
296666 2809297
296177 2806880
295727 2804703
295355 2803132
294947 2801166
294345 2798934
293693 2796740
293053 2794706
292491 2793159
292090 2791348
291703 2789398
291297 2787135
290643 2785070
289952 2782917
289192 2780916
288590 2779250
288142 2777890
287838 2776455
287530 2774590
287071 2772759
286587 2770932
286068 2769426
285608 2767940
285226 2766597
284906 2764969
284556 2763020
284114 2760805
283630 2758588
283060 2756315
282558 2753249
282097 2748591
281766 2742217
281387 2734184
280969 2725579
280598 2717714
280281 2711439
280026 2706402
279742 2701255
279357 2694864
278912 2686877
278376 2677418
277942 2668964
277561 2662170
277276 2657141
276957 2652144
276610 2646072
276193 2638772
275735 2630545
275310 2617954
274986 2606781
274699 2596731
274359 2591640
273918 2585176
273397 2576952
272786 2567633
272213 2559056
271732 2552430
271343 2546996
270988 2542048
270522 2535349
269972 2527912
269220 2517780
268529 2508575
267954 2500625
267473 2494679
266929 2486661
266258 2476741
265475 2465228
264665 2454727
263904 2445243
263329 2438136
262762 2431798
262072 2424269
261195 2414621
260100 2402801
259085 2391846
258153 2381951
257515 2375124
256933 2369234
256286 2362910
255453 2354145
254421 2343310
253214 2331327
252139 2320996
251288 2312852
250603 2306241
249774 2298732
248567 2288095
247243 2276451
245605 2263625
244164 2253257
242920 2244865
242057 2239036
241377 2233972
240399 2226917
239268 2218317
237945 2208465
236921 2200264
236151 2193535
235572 2188127
235122 2183502
234569 2177686
233804 2169673
232642 2157968
231555 2146523
230662 2137049
229969 2129465
229092 2120071
227885 2108013
226506 2094516
225014 2080400
223787 2068146
222820 2058352
222036 2051372
221079 2043288
219822 2033162
218333 2021262
216661 2008167
215224 1996299
214123 1693676
213121 1394518
211844 1096459
210037 1091415
207998 1085909
205719 1080360
203866 1076118
202363 1072759
201125 1069641
199729 1066191
198336 1062755
196573 1058394
194216 1053411
191806 1047618
189510 1042003
187448 1035829
184760 1028850
181696 1021395
178319 1013632
174904 1006087
171918 999817
169399 994679
166793 988963
163554 981880
159661 973918
155736 966728
151743 959582
148182 953200
144378 945668
140902 938325
137098 930434
133829 923952
130333 917218
127317 910929
124864 905790
123273 902155
121703 897909
119641 892322
117312 886214
115075 880521
113100 875441
111574 871255
110446 867916
109530 864712
108353 860256
107009 855230
105568 849606
104280 844522
103244 840281
102501 836936
101865 833654
101008 829382
99927 830400
98687 830853
97485 831552
96515 827066
95836 823804
95147 820210
94273 815767
93206 810295
92077 804290
90993 798286
90098 793259
89502 789740
89014 786552
88380 782537
87559 777655
86601 772176
85574 766312
84696 761108
84043 757696
83532 755199
82880 751754
82025 746403
81018 740053
79965 733414
79055 727749
78307 723221
77697 719451
76988 714930
76104 709321
75112 703102
74134 696963
73416 692019
72886 688120
72363 684545
71782 680201
71086 675012
70352 669239
69688 664363
69114 660353
68710 657465
68211 653973
67521 649461
66598 643399
65599 637108
64701 630851
63969 626225
63328 622042
62604 618387
61819 613822
60841 610400
59669 608480
58444 606267
57393 602895
56739 598705
56220 595347
55677 591483
54924 586735
54108 579884
53423 572723
52992 566136
52706 561984
52320 558124
51723 552031
51026 545080
50363 537663
49829 532187
49407 527636
49068 524461
48720 520910
48318 516569
47842 511232
47300 505414
46693 499112
46186 493348
45797 489072
45442 485196
45022 481144
44537 476106
43971 470648
43369 464949
42874 460120
42516 456041
42147 452274
41719 447934
41197 443123
40571 436451
39972 429911
39483 423916
39126 420191
38604 413475
38123 408085
37592 401732
37054 396661
36429 389299
35895 382698
35488 378381
35088 374346
34573 369387
33962 362645
33250 355146
32598 347461
32070 341008
31685 336336
31355 332862
30946 328189
30565 323186
30035 316753
29561 310970
29085 305396
28765 300768
28433 295956
28068 290217
27637 283920
27201 277307
26764 270983
26382 264836
26134 260566
25842 255733
25583 251737
25214 246330
24869 241308
24503 235973
24236 231459
24058 227957
23904 224278
23665 220006
23336 214519
22947 208803
22580 203063
22263 198091
21968 193212
21716 188876
21437 184556
21150 180137
20676 173381
20297 167816
19928 162602
19760 159436
19503 155063
19246 151222
18919 147359
18625 143724
18217 139570
17885 136132
17516 132164
17246 128466
16888 124289
16528 120552
16101 116149
15716 111861
15311 107301
14990 103712
14650 99929
14348 96735
14023 91895
13676 86891
13297 82798
12863 80156
12420 77784
12006 74514
11701 72003
11401 69421
10979 66653
10530 63422
10078 60333
9666 57005
9176 52265
8570 48408
7895 44902
7296 43232
6793 41308
6367 39803
5912 38054
5484 36229
5009 34170
4492 31895
4044 29859
3776 28407
3521 27259
3239 26028
2863 24472
2588 23129
2334 21838
2161 20812
2017 19843
1873 19183
1737 18424
1607 17840
1500 16925
1395 16052
1273 14997
1160 13919
1052 12794
959 11752
872 10926
790 10211
705 9487
626 8691
559 8002
495 7308
424 6473
358 5569
295 4699
243 3835
192 3185
155 2673
130 2470
112 1997
93 1556
73 1069
56 675
43 340
