196776 1270244
196599 1270244
196480 1269961
196427 1269377
196304 1268485
196122 1267578
195933 1266266
195714 1265264
195554 1264558
195455 1264284
195410 1263697
195317 1262806
195183 1261401
195009 1260309
194882 1259520
194796 1259520
194796 1259265
194769 1258745
194711 1257914
194620 1257088
194532 1255947
194429 1255115
194359 1254534
194314 1254282
194287 1253761
194231 1252631
194123 1251754
194003 1250263
193832 1249379
193711 1248496
193630 1248496
193630 1248176
193601 1247618
193543 1246764
193456 1245502
193321 1244479
193215 1243751
193139 1243458
193100 1242594
193027 1241639
192907 1240640
192785 1239472
192618 1238395
192498 1237656
192419 1237319
192364 1236635
192259 1235533
192095 1233900
191889 1232615
191734 1231749
191636 1231749
191636 1231452
191591 1230829
191500 1216389
191345 1201893
191185 1187060
190961 1186044
190802 1185380
190692 1185097
190636 1184453
190518 1183467
190319 1182421
190112 1181018
189844 1179956
189656 1179238
189532 1178943
189475 1178277
189367 1177260
189185 1176186
188983 1174750
188717 1173665
188526 1172931
188412 1172652
188350 1171956
188232 1170898
188047 1169710
187855 1168107
187595 1166867
187403 1166035
187280 1165747
187221 1165060
187092 1163902
186878 1162645
186627 1161035
186265 1159898
185988 1159148
185807 1158779
185744 1157991
185603 1156715
185363 1155438
185108 1153689
184778 1152429
184546 1151539
184393 1151206
184323 1150424
184182 1149209
183896 1147909
183607 1146151
183209 1144826
182957 1143918
182777 1143488
182673 1142593
182466 1141252
182142 1139943
181807 1138305
181357 1137114
181024 1136320
180805 1135934
180711 1135164
180496 1133954
180127 1132747
179749 1131416
179380 1130525
179164 1129692
178978 1129013
178797 1127907
178503 1126748
178141 1125507
177765 1123989
177391 1122850
177158 1121717
176966 1120757
176760 1119215
176440 1117586
176048 1115998
175666 1114359
175258 1113237
175001 1112266
174763 1111588
174554 1110445
174224 1109163
173840 1107759
173406 1105967
173059 1104363
172784 1102362
172570 1100062
172239 1096736
171864 1092967
171482 1088487
171250 1085324
171065 1082571
170883 1079862
170599 1075576
170252 1070705
169915 1066496
169536 1062934
169297 1060850
169087 1058886
168916 1056296
168651 1052309
168315 1048037
167929 1042386
167639 1038133
167485 1035198
167399 1034432
167197 1032011
166887 1027814
166510 1022891
166104 1019623
165656 1016966
165361 1015800
165131 1013728
164917 1011509
164568 1007657
164130 1002920
163664 998279
163170 994095
162846 991701
162576 989412
162255 986384
161765 981421
161177 975826
160615 970791
160046 965975
159624 962086
159212 958219
158777 953770
158198 948309
157524 942555
156642 936502
155964 932277
155464 928590
155102 926459
154370 922560
153400 917022
152334 910407
151294 904402
150395 899645
149716 896194
149056 892471
148224 887938
147181 882391
146043 876782
144754 871985
143554 867749
142673 864334
141930 861797
141453 860527
140675 858502
139824 855274
138468 850953
137252 846510
136340 843431
135747 840303
135420 838724
134819 836204
133939 833322
132487 828959
131146 824276
129971 820374
129085 816683
128057 812953
126852 807078
125452 799229
123898 791090
122474 784597
121345 780317
120476 776669
119426 772180
117949 766634
116048 760516
114003 755207
112105 750096
110705 745911
109529 741560
108178 737389
106521 732258
104834 726604
103248 721441
101831 717050
100616 713639
99550 710226
98223 705211
97171 701162
95914 696017
94776 692060
93160 685706
91861 680511
90752 675444
89527 654210
88061 631808
86515 608612
84970 602110
83573 596016
82304 590900
81122 585780
79800 580835
78401 575530
76945 570546
75594 565727
74207 560889
73169 556285
72063 551948
70936 547782
69603 543503
68308 539215
67063 535034
65988 530697
65183 526782
64504 523296
63724 519884
62783 515825
61820 511477
60919 507360
60105 503066
59362 499293
58573 495639
57658 492185
56643 485341
55640 478421
54703 471692
53851 467731
53157 463908
52462 460553
51634 456937
50738 417817
49919 378861
49270 340628
48661 338228
48146 335915
47621 333569
47074 330609
46425 327439
45756 324383
45088 322101
44492 320048
44032 318240
43637 316405
43169 314129
42618 311724
42017 309145
41471 306997
40955 305029
40576 303195
40187 301116
39765 298836
39247 296455
38777 294290
38333 292457
37915 290823
37549 289047
37235 287122
36901 284909
36516 282774
36133 280655
35814 278937
35542 277408
35328 275937
35134 274444
34913 272878
34628 271269
34305 269639
34013 268172
33798 266893
33630 265792
33449 264606
33202 263134
32931 261224
32655 259062
32375 257081
32110 255328
31879 253769
31645 251571
31396 249306
31097 246781
30794 244769
30444 241805
30135 239172
29864 236684
29630 235298
29386 233715
29064 231698
28716 229489
28323 227229
27978 225050
27695 223110
27439 221178
27096 219113
26648 216277
26122 213402
25612 210188
25124 207531
24758 205095
24365 203304
23941 200733
23345 197355
22782 193709
22208 190128
21753 187097
21380 184602
21062 182648
20696 180590
20217 177693
19718 174785
19201 172020
18700 169540
18235 167286
17758 164885
17278 162305
16776 159203
16296 156078
15806 153071
15323 150127
14816 147558
14311 144723
13731 142219
13112 139136
12434 136305
11857 132991
11343 129771
10938 126900
10447 124267
9956 121266
9444 117742
8981 114087
8522 110932
8110 108238
7720 105904
7368 103421
6988 100835
6655 97789
6362 94456
6082 91338
5732 88431
5466 86877
5264 85135
5113 83820
4888 81902
4640 79848
4436 77801
4223 75297
4091 73687
3963 72041
3875 70910
3751 69274
3640 67824
3547 66541
3469 64875
3422 63609
3386 62616
3353 62107
3307 61160
3263 59966
3225 58720
3185 57367
3158 56365
3132 55556
3103 54753
3054 52681
2994 50587
2945 48766
2895 47737
2863 46993
2829 46094
2806 45452
2770 44516
2735 43718
2687 42603
2652 41782
2628 41246
2618 40980
2587 40379
2547 39543
2507 38867
2481 38363
2452 37628
2433 36998
2411 36211
2389 35574
2357 34608
2325 33757
2295 33082
2263 32550
2242 32226
2224 31929
2207 31642
2183 31227
2157 30810
2133 30492
2100 30136
2078 29895
2055 29625
2039 29431
2014 29112
1986 28747
1953 25741
1924 22851
1903 19937
1887 19747
1867 19554
1838 19446
1804 19009
1770 18462
1727 17886
1694 17643
1667 17357
1646 17092
1619 16693
1580 16176
1544 15664
1501 15210
1467 14846
1442 14396
1411 13801
1342 13208
1271 12586
1205 11970
1162 11458
1117 10913
1065 10121
995 9104
859 8111
696 7355
537 6611
418 5752
331 4979
276 4266
243 3649
205 2951
157 2414
114 2107
81 1830
62 1582
48 1240
42 993
33 744
24 596
