1401121 26293294
1399712 26293294
1398773 26282127
1398548 26257238
1398036 26220911
1397276 26185137
1396549 26133883
1395578 26094067
1394855 26064864
1394324 26051185
1394109 26026105
1393689 25992081
1393114 25940528
1392347 25900377
1391786 25869170
1391379 25869170
1391379 25856846
1391261 25832928
1390990 25795283
1390632 25754626
1390293 25700369
1389858 25659839
1389508 25634643
1389259 25617660
1389162 25584762
1388982 25537221
1388716 25495161
1388484 25435806
1388082 25391093
1387767 25357883
1387515 25344831
1387481 25316032
1387365 25272592
1387131 25228416
1386855 25191575
1386608 25157509
1386378 25120075
1386134 25077832
1385812 25033320
1385467 24992046
1385075 24951857
1384696 24916685
1384357 24882638
1384040 24843784
1383665 24792280
1383163 24735094
1382550 24682951
1381958 24644483
1381440 24615929
1380973 24586405
1380465 24544597
1379824 24492541
1379028 24430785
1378137 24370270
1377133 24314287
1376187 24269869
1375227 24228186
1374332 24181011
1373337 24120473
1372129 24049826
1370722 23976561
1369139 23908256
1367582 23855410
1366224 23807616
1364995 23751277
1363759 23678113
1362225 23592725
1360468 23511885
1358617 23443474
1356858 23390913
1355265 23339781
1353689 23278322
1352058 23196907
1349794 23105369
1347518 23013712
1345015 22936562
1342882 22875020
1340659 22814982
1338619 22746415
1336378 22658317
1333751 22564921
1330613 22469981
1327504 22390155
1324611 22323602
1322137 22265849
1319895 22197416
1317535 22110462
1314765 22014497
1311616 21923075
1308515 21845784
1305674 21782102
1303237 21722096
1300833 21653497
1298227 21569533
1294985 21473717
1291438 21377832
1287777 21293733
1284340 21227148
1281286 21166827
1278430 21097763
1275428 21012491
1271903 20917839
1268112 20824471
1264268 20747806
1260781 20683860
1257840 20625417
1255346 20563285
1252883 20490824
1250042 20407675
1246842 20319515
1243724 20244354
1240883 20184769
1238631 20129184
1236493 20058733
1234263 19979173
1231620 19891490
1228996 19809405
1226335 19736331
1224063 19677500
1222115 19621761
1220620 19556716
1219083 19476741
1217158 19390195
1214936 19303603
1212816 19230651
1210824 19174590
1209346 19122786
1207925 19062226
1206611 18983411
1204970 18896307
1203258 18811209
1201543 18739601
1199912 18684744
1198492 18631019
1196778 18568693
1195086 18485134
1193170 18399609
1191408 18313549
1189601 18243208
1187993 18183451
1186670 18128480
1185280 18065012
1183456 17984871
1181421 17896466
1179306 17807624
1177449 17729068
1175804 17668489
1174306 17610479
1172721 17548532
1170813 17470384
1168777 17394812
1166784 17326998
1165081 17272295
1163560 17222643
1162093 17167987
1160379 17100544
1158272 17016228
1155763 16921387
1153009 16827247
1150427 16748876
1148209 16686942
1146246 16625454
1143957 16552436
1141029 16460126
1137679 16361230
1134245 16260135
1131263 16173768
1128620 16100749
1126272 16031072
1123577 15945760
1120267 15843850
1116370 15737524
1112337 15640424
1108468 15557248
1105014 15482711
1101713 15404836
1097917 15313330
1092755 15204614
1087030 15092932
1081416 14989270
1076710 14903706
1072535 14830154
1068580 14753028
1064283 14665621
1058901 14563497
1052688 14454309
1046303 14353876
1039918 14257998
1034158 14179233
1028781 14099912
1023380 14017454
1016478 13917673
1008228 13808644
999694 13706925
991972 13615733
985483 13543630
980027 13483362
975264 13431460
969787 13363236
963129 13277024
955601 13186617
948592 13106355
942769 13042220
938147 12987534
934310 12935961
930042 12868417
924685 12784645
918171 12692580
911492 12605246
905592 12520731
899945 12437632
893857 12350504
886876 12254764
878954 12154378
871178 12055183
863408 11962444
856176 11869626
848913 11786684
841191 11692420
832733 11594092
822980 11478812
813388 11374916
804299 11273894
796013 11185184
787947 11100873
779221 11014278
769884 10915995
759427 10808632
749013 10706992
737927 10604203
728431 10514681
719794 10432747
712714 10363155
705172 10290180
696016 10202267
685691 10102627
674735 9996256
665012 9895217
655744 9801443
645669 9700015
634031 9590434
620859 9473849
608677 9362835
596632 9259095
585580 9162966
573959 9073084
562862 8976479
550504 8874566
537456 8767390
523865 8667183
511204 8568504
499253 8481778
488185 8395954
477178 8311309
465766 8215450
454378 8121172
444624 8035748
436627 7955645
429869 7881509
423296 7805172
416262 7725434
408473 7636699
400889 7546432
393902 7463459
388411 7391498
383465 7328135
379201 7264323
374217 7193364
369143 7114074
363775 7031824
359014 6955149
354681 6886201
350958 6828017
347267 6765665
343605 6697175
339279 6615660
335030 6538216
331037 6469044
327794 6410461
324976 6358381
322203 6302508
319411 6243214
316495 6175913
313468 6105798
310533 6038161
308097 5977887
306064 5928930
304423 5882361
302507 5828418
300390 5763091
298035 5693111
295737 5627494
293803 5570899
292022 5522461
290463 5476599
288546 5424205
286262 5362261
283761 5296567
281458 5237149
279579 5187052
277961 5144901
276490 5102209
274688 5048699
272636 4987294
270367 4922626
268294 4865283
266473 4815569
264880 4773145
263446 4732528
261794 4686057
259829 4632675
257700 4578596
255833 4527372
254272 4484581
252902 4448458
251510 4412847
249647 4367045
246379 4281144
243126 4197143
240099 4122870
238439 4090701
236676 4056337
234958 4018326
233112 3971708
231010 3924754
229003 3877529
226903 3829777
225056 3784533
223239 3742075
221511 3698286
219557 3649196
217376 3594911
215216 3541540
213076 3490324
211120 3444962
209184 3404056
207493 3367552
205772 3327636
203876 3283955
201890 3237301
199965 3191419
198289 3148264
196785 3109660
195368 3071303
193738 3030729
191846 2985316
189764 2939792
187826 2894718
186098 2851067
184589 2811820
183177 2775148
181709 2739405
180014 2696559
178217 2652984
176502 2609950
175088 2574066
173855 2541704
172572 2508457
171173 2471920
169651 2430795
168101 2390050
166494 2348827
165102 2312466
163860 2277807
162829 2245655
161691 2208052
160468 2167417
159148 2123151
157858 2081531
156807 2044994
155882 2012787
155034 1980337
154023 1946586
152864 1911844
151684 1878007
150576 1844037
149715 1812065
148988 1785109
148374 1759988
147669 1732586
146857 1700790
145967 1667984
145089 1635428
144282 1603954
143519 1573595
142816 1546336
142093 1519355
141312 1491205
140449 1460422
139609 1429941
138873 1402767
138280 1380081
137706 1359234
137122 1336567
136414 1310916
135728 1284703
135071 1257149
134484 1232409
133937 1209961
133347 1190163
132741 1169326
132049 1146440
131325 1123459
130618 1100819
129888 1079668
128954 1060592
127938 1041556
126864 1022238
125864 1001985
124844 981019
123822 958947
122647 937700
121457 917394
120147 898195
118887 876024
117411 853260
115874 828883
114454 807227
113182 787093
111848 768409
110049 746893
107858 722749
105318 697449
102859 670938
100388 645788
98321 622862
96245 602605
94387 582594
92349 561047
90264 537745
87678 513648
85228 491344
82252 468140
79933 448349
77621 429895
75872 415658
73582 398678
70965 380321
68365 362512
66021 347213
63777 333231
61291 317767
58696 301614
55836 285133
53119 270723
50468 256557
48123 242477
45972 228572
43864 215048
41789 202383
39466 188568
37243 176144
35043 164599
33234 156216
31651 149207
30351 143342
29040 137277
27499 130367
25977 123542
24534 117027
23298 111420
22051 106022
20695 100076
19316 93996
17839 87370
16472 81466
15026 75201
13639 69229
12365 63868
11301 58818
10182 53853
8995 48744
7869 44345
6899 40071
6020 35667
5225 31460
4391 28195
3714 25227
3028 21516
2486 17776
1989 14424
1567 12170
1295 10225
1035 8479
805 6618
596 4877
441 3479
