760786 11023197
760132 11023197
759696 11018496
759514 11008949
759147 10995220
758586 10982360
758014 10965827
757348 10953476
756875 10944957
756595 10940678
756449 10931902
756118 10920090
755664 10902851
755031 10890109
754582 10880403
754257 10880403
754257 10876016
754121 10867404
753855 10854603
753457 10843005
753104 10826366
752695 10813916
752419 10804649
752232 10799411
752130 10788743
751933 10773902
751642 10760866
751353 10748326
751064 10739959
750869 10728716
750595 10717327
750325 10700783
749967 10685933
749678 10672348
749378 10658454
749021 10649176
748775 10637336
748482 10625090
748203 10606934
747770 10589757
747368 10574813
746976 10557982
746561 10546550
746263 10532523
745947 10519398
745659 10494618
744966 10472296
744325 10452376
743660 10444112
743401 10434981
743109 10425275
742847 10408627
742400 10389101
741853 10368272
741234 10349576
740637 10335067
740135 10321842
739659 10305056
739125 10283817
738453 10257965
737671 10233197
736844 10211644
736120 10196320
735513 10182591
734932 10162331
734129 10135640
733206 10105490
732230 10077573
731356 10054624
730561 10037087
729863 10020169
729144 9998321
728296 9970154
727258 9938596
726105 9906943
724922 9879597
723869 9859965
722967 9841325
722088 9817871
721082 9785799
719849 9749833
718512 9712872
717139 9682139
715979 9660426
715053 9642662
714270 9619501
713400 9588797
712401 9553094
711283 9516471
710149 9484646
709146 9461163
708300 9442010
707518 9413205
706136 9376121
704562 9333724
702849 9297801
701563 9267127
700389 9240162
699296 9214474
698215 9184583
696999 9151961
695714 9115562
694354 9082346
693042 9056998
691972 9040810
691124 9025846
690366 9004713
689463 8974403
688397 8939576
687241 8905251
686087 8877262
685094 8856601
684268 8837796
683476 8796572
682598 8754492
681590 8715070
680580 8698497
679574 8680968
678713 8665017
677999 8646086
677351 8622467
676628 8591352
675789 8555013
674888 8518942
673981 8488840
673174 8467795
672549 8448360
671993 8423329
671345 8390428
670518 8351317
669620 8312579
668715 8279812
667935 8257861
667211 8237192
666361 8209181
665422 8172924
664421 8132963
663576 8094593
662831 8061970
662219 8038094
661616 8016042
660902 7985117
660053 7945477
659087 7901156
658076 7858756
657153 7822841
656319 7788523
655526 7757159
654489 7719915
653378 7685460
652309 7653226
651404 7623495
650552 7597815
649692 7575340
648735 7549636
647659 7515162
646369 7471013
644919 7421173
643402 7374043
641981 7333423
640783 7306293
639487 7275787
637630 7235075
635623 7190069
633404 7143076
631648 7105106
629882 7068086
628332 7040819
626684 7010563
624762 6973717
622533 6930373
619939 6881669
617379 6834343
615123 6793325
613078 6762674
610935 6734090
608335 6697778
605301 6651677
601899 6599625
598569 6548379
595493 6502628
592792 6464583
589996 6427060
586813 6382139
582908 6328945
578598 6273576
574370 6222611
570651 6179038
567163 6142060
563190 6104184
558275 6059023
552557 6006280
546114 5950615
539610 5897262
534006 5851630
529620 5817694
526289 5792337
522318 5764343
517456 5727347
511431 5680037
505601 5631720
500541 5588998
496816 5558570
494062 5536044
491354 5513140
487651 5478170
482490 5431190
477056 5379780
472217 5332278
468156 5293596
463488 5248873
458461 5204998
452740 5152487
447066 5103730
440900 5051484
435304 5004275
430165 4963349
425130 4923149
419041 4875689
412208 4820858
405169 4763288
398678 4709234
392792 4659783
387192 4616531
381311 4572842
374661 4522826
367266 4464741
359249 4403650
351597 4347482
344780 4299818
338894 4259665
333772 4222136
328959 4185014
324153 4144421
318657 4096019
312657 4038714
306664 3985179
300942 3938296
295158 3894862
288957 3843454
282339 3786051
275352 3726607
268651 3668825
262398 3617032
256856 3573043
251083 3529933
244356 3478072
237479 3422744
230641 3364444
224899 3316204
219414 3272516
214747 3240123
210208 3206078
205646 3165423
200914 3119819
196261 3074901
192009 3034325
188345 2999817
185126 2969242
182224 2941000
179126 2905530
176000 2866135
172585 2823845
169475 2787309
166759 2758007
164591 2733783
162554 2709412
160265 2678604
157811 2645333
155125 2609868
152775 2579496
150748 2553695
149144 2532820
147581 2510853
145691 2483327
143568 2462695
141332 2448384
139535 2438331
137982 2419482
136553 2401087
134989 2386817
133301 2373483
131533 2352106
129805 2323793
128290 2292087
127056 2259946
126029 2235685
125067 2220218
123955 2206766
122631 2186529
121285 2160213
120093 2131931
119142 2102498
118286 2080238
117447 2066015
116475 2054231
115404 2035305
114333 2010192
113406 1982313
112670 1954133
112059 1933220
111437 1920503
110655 1909583
109702 1891305
108719 1866140
107901 1838523
107199 1810895
106531 1790840
105641 1778293
104630 1766338
103443 1746572
102417 1719697
101509 1690490
100893 1668561
100332 1654476
99726 1648759
98889 1637862
97906 1620716
96836 1597743
95838 1574367
94952 1551616
94140 1535321
93321 1524247
92360 1513468
91424 1496982
90399 1475514
89435 1453705
88464 1431904
87322 1415196
86287 1402687
85195 1389482
84310 1370131
83317 1344927
82493 1318610
81736 1291928
81096 1271554
80372 1257675
79581 1244363
78631 1226041
77580 1203031
76656 1181413
75799 1159655
75067 1143359
74209 1131266
73296 1119924
72192 1103734
71088 1083691
70088 1064014
69228 1044365
68522 1029800
67811 1019576
67051 1010253
66183 996916
65242 980440
64417 963709
63635 946252
62992 933001
62273 923433
61503 914188
60580 900614
59631 883866
58737 867222
57938 850209
57237 837233
56483 827521
55686 817947
54856 804101
54094 787687
53385 771817
52704 756099
52118 743874
51583 734848
51004 726820
50325 716157
49653 703671
49095 691412
48680 678389
48328 668071
47930 661157
47458 656889
46918 649754
46425 639954
45984 628379
45598 616384
45257 606693
44918 599207
44555 591881
44130 581762
43652 569570
43229 557346
42888 544626
42649 534855
42379 527247
42083 519698
41755 508526
41406 494942
41085 481462
40749 467921
40381 457972
39967 450160
39539 442589
39152 431942
38750 420175
38379 409940
38004 399836
37691 392308
37346 386180
36997 380776
36563 373279
36135 364459
35688 356401
35266 347902
34887 341447
34545 336266
34121 331307
33619 324112
33028 315403
32534 306505
32083 299815
31730 295027
31337 292396
30902 287274
30422 279864
29880 270866
29312 262155
28751 253131
28253 246057
27778 240714
27244 234950
26669 226768
26067 216948
25558 208100
25082 199562
24633 193339
24168 188633
23675 184197
23134 177758
22513 170251
21809 162749
21143 155494
20498 149847
19918 145508
19293 140930
18593 134814
17889 127911
17208 121539
16583 115567
15860 110911
15129 107354
14369 104233
13711 100114
13059 95382
12531 90584
12080 85927
11671 82351
11186 79616
10675 76891
10119 73097
9557 68701
9015 64561
8579 60640
8237 57699
7873 55536
7430 53626
6904 50990
6407 47803
5940 44654
5471 41623
4961 39308
4443 37403
3940 35393
3483 32840
3020 29983
2594 27279
2177 24843
1826 22736
1517 21003
1249 19172
959 16998
708 14482
502 12175
374 10260
282 8809
202 7684
142 6474
94 5226
65 3926
