322128 2724916
321719 2724916
321447 2723623
321089 2720866
320369 2718110
319605 2716647
319196 2715697
318931 2714746
318711 2713796
318490 2712587
318219 2711378
317942 2708691
317322 2707212
316968 2705734
316622 2705734
316618 2705734
316618 2704864
316487 2703995
316349 2702290
316065 2701455
315912 2699924
315654 2699229
315541 2698533
315429 2697647
315344 2696761
315259 2694944
315060 2694014
314947 2692494
314784 2691906
314736 2691317
314687 2690531
314630 2689744
314573 2688059
314409 2687159
314302 2685516
314118 2684771
314041 2684027
313963 2683210
313887 2682393
313810 2680505
313606 2679434
313476 2677522
313277 2676682
313206 2675841
313136 2674904
313039 2673966
312941 2671695
312700 2670360
312554 2669026
312409 2669026
312408 2669026
312408 2668239
312334 2667451
312260 2665408
312069 2664151
311951 2662079
311742 2661263
311651 2660447
311559 2659395
311427 2658343
311286 2656055
310978 2654819
310802 2652644
310513 2651704
310391 2650765
310269 2649662
310151 2648559
310021 2646260
309757 2645064
309611 2642832
309361 2641796
309244 2640760
309127 2639519
308979 2638277
308829 2635815
308515 2634594
308350 2632192
308016 2631011
307846 2629830
307677 2628451
307482 2627072
307285 2624172
306876 2622652
306661 2619799
306285 2618468
306123 2617136
305960 2615622
305801 2614107
305639 2610988
305284 2609383
305087 2606449
304757 2605121
304620 2603792
304484 2602150
304311 2600507
304137 2597189
303756 2595512
303547 2592524
303176 2591213
303013 2589901
302850 2588550
302707 2587200
302557 2584438
302231 2583028
302044 2580533
301746 2579448
301624 2578364
301506 2576838
301350 2575311
301187 2572303
300859 2570822
300677 2568126
300360 2566912
300208 2565698
300065 2564368
299919 2563037
299755 2560127
299401 2558547
299184 2555729
298858 2554490
298722 2553252
298596 2551743
298451 2550234
298299 2547148
297940 2545572
297723 2542712
297367 2541429
297218 2540146
297072 2538510
296928 2536873
296775 2533391
296379 2531544
296121 2528258
295871 2526819
295865 2525379
295615 2518372
295364 2511365
294844 2498006
294575 2491653
294093 2479804
293880 2474307
293667 2468810
293392 2458827
293117 2448843
292467 2432245
292093 2425631
291425 2413742
291131 2408469
290836 2403195
290131 2396344
289426 2389494
288299 2376690
287876 2370738
287005 2358714
286556 2352644
286106 2346573
285703 2339541
285301 2332508
284254 2317506
283609 2309536
282498 2295404
282032 2289242
281566 2283079
280684 2271453
279802 2259827
278170 2239446
277421 2230690
276011 2212947
275350 2203961
274689 2194974
273967 2184870
273244 2174766
271434 1825694
270347 1486725
268392 1144348
267525 1140940
266657 1137531
265577 1133629
264497 1129727
262220 1121845
261023 1117866
258597 1109419
257368 1104952
256138 1100485
254774 1095007
253410 1089530
250532 1078247
249019 1072441
245780 1061533
244053 1056430
242326 1051327
240492 1046764
238657 1042202
234989 1033176
233155 1028712
230131 1020375
228940 1016500
227749 1012626
225979 1008868
224208 1005110
220314 996212
218190 991073
213942 978063
211818 970194
209693 962324
209693 962324
209693 962324
207997 956963
206301 951603
203213 941137
201822 936032
200430 930926
198478 926745
196526 922565
193056 913540
191539 908696
188448 899513
186873 895175
185298 890837
183468 885948
181638 881060
177881 871262
175955 866353
172119 856065
170209 850685
168299 845306
166221 840638
164143 835970
160527 828536
158988 825770
155975 819517
154500 816031
153025 812544
151284 808131
149542 803718
145888 794339
143976 789374
139554 777609
137046 770811
134537 764013
132557 758802
130578 753591
126647 743546
124696 738711
120334 722792
117922 711708
115511 700625
113417 700625
111323 701672
107338 698164
105448 694657
101584 685548
99610 680994
97637 676440
95831 672226
94025 668013
91223 660995
90227 658191
87882 651225
86534 647064
85185 642902
84140 639652
83094 636403
80926 630786
79803 628418
77865 622828
77050 619605
76234 616382
75643 612797
75052 609213
73964 603257
73468 600885
72268 595445
71564 592377
70859 589309
70293 586188
69726 583068
68728 577365
68297 574783
67181 568237
66496 564273
65811 560309
65193 556712
64575 553115
63542 546754
63127 543990
62180 537896
61648 534567
61115 531237
60661 528014
60207 524792
59380 519056
59007 516542
57954 510316
57275 506603
56596 502890
56141 499394
55686 495897
54808 489871
54386 487341
53405 481497
52847 478183
52289 474869
51818 471361
51346 467854
50551 462398
50227 460449
49399 455351
48895 452200
48390 449050
48065 446545
47740 444039
47249 439958
47084 438382
46354 433646
45789 430485
45224 427325
44798 424672
44371 422020
43501 417368
43059 415368
42095 410002
41573 406634
41052 403267
40682 400584
40311 397900
39429 392504
38917 389790
37890 380196
37375 373315
36860 366435
36538 364276
36216 362118
35653 358100
35412 356241
34744 350642
34316 346903
33889 343163
33443 340336
32997 337510
32279 332052
32006 329420
31370 323403
31006 320017
30642 316632
30335 314034
30028 311436
29441 306545
29160 304252
28525 298848
28171 295737
27816 292627
27502 290107
27188 287588
26642 282885
26409 280701
25822 278373
25468 278230
25113 278087
24778 274993
24443 271899
23852 266421
23595 264036
22882 257592
22426 253532
21969 249473
21625 246147
21281 242820
20646 236761
20354 234028
19580 226830
19098 222364
18615 217899
18284 214800
17953 211701
17383 206514
17144 204426
16578 198786
16250 195234
15923 191681
15613 188760
15304 185838
14812 180767
14629 178618
14145 173535
13844 170601
13542 167668
13353 165631
13163 163595
12806 159335
12637 157113
12334 152438
12198 149985
12063 147533
11937 145691
11811 143850
11598 140292
11510 138577
11299 134260
11175 131660
11051 129059
10973 127255
10894 125451
10762 122241
10708 120834
10569 117480
10483 115532
10397 113585
10323 111720
10249 109855
10121 106413
10068 104836
9918 100472
9820 97686
9723 94900
9596 91417
9469 87935
9302 83424
9262 82394
9136 79710
9049 78055
8962 76400
8823 74656
8683 72912
8477 69779
8410 68391
8193 65204
8042 63406
7890 61608
7751 60293
7612 57806
7355 55346
7238 54201
7064 53694
6943 52302
6738 50169
6470 47608
6131 45001
5783 42463
5483 40390
5248 38611
5011 36894
4746 35038
4482 33321
4146 31492
3826 29844
3523 28358
3335 27281
3190 26317
3007 25124
2776 23488
2494 21823
2243 20327
2078 19475
1958 18784
1879 18309
1786 17689
1699 17020
1600 16017
1507 15099
1436 14346
1384 13875
1331 13273
1261 12457
1184 11631
1110 10911
1022 10277
934 9714
835 9060
767 8415
692 7745
628 7208
556 6646
492 6096
430 5533
376 5073
320 4576
265 4079
215 3587
170 3105
135 2689
106 1843
86 1175
71 604
59 591
49 581
36 568
