470193 5560366
469708 5560366
469384 5558525
469219 5554604
468876 5548565
468320 5542908
467786 5535546
467188 5530302
466801 5526516
466558 5523736
466445 5519530
466232 5513842
465908 5506358
465557 5500301
465305 5495724
465164 5495724
465164 5493138
465111 5490552
465003 5485876
464804 5482120
464590 5474562
464330 5469096
464162 5465294
464062 5463291
463999 5459006
463881 5452247
463709 5446251
463540 5438679
463308 5433580
463130 5429721
463011 5428126
462950 5424679
462812 5419311
462600 5414002
462359 5409734
462153 5406069
461993 5402223
461831 5397208
461636 5391588
461378 5385233
461102 5375883
460703 5368188
460358 5362945
460122 5361657
459965 5358491
459675 5353022
459245 5347077
458800 5339901
458378 5335029
458095 5331654
457949 5329865
457822 5323837
457557 5317809
457153 5310650
456731 5305708
456255 5299556
455831 5294005
455480 5288109
455179 5280977
454786 5273116
454275 5264074
453712 5255545
453116 5248858
452614 5243696
452210 5237571
451859 5230090
451417 5220943
450848 5210609
450214 5201137
449512 5194329
448982 5189559
448613 5183557
448316 5175549
447859 5166016
447250 4995164
446585 4824984
445874 4652903
445277 4645077
444794 4639049
444353 4634619
443776 4628100
443059 4618845
442310 4612294
441562 4603560
441008 4598121
440592 4590620
440253 4575706
439785 4558781
439217 4531318
438549 4513315
437880 4489081
437342 4478615
436972 4468042
436606 4455274
436083 4437297
435378 4420276
434612 4411911
433815 4404368
433203 4398202
432727 4392195
432349 4385064
431817 4374645
431197 4363601
430404 4321976
429745 4279681
429160 4239630
428915 4234658
428587 4230036
428166 4221330
427423 4206140
426605 4192279
425768 4178500
425151 4172220
424682 4166819
424256 4153578
423719 4134954
423062 4115345
422377 4106258
421612 4098311
420990 4092747
420495 4087591
420078 4082409
419519 4071206
418805 4058611
417985 4049382
417139 4041527
416420 4035978
415873 4027403
415366 4018510
414672 4005620
413723 3993217
412665 3984978
411635 3979343
410832 3977149
410085 3973832
409328 3966821
408391 3955052
407343 3939137
406239 3927304
405322 3915371
404570 3909509
403837 3900362
402880 3891811
401666 3877914
400362 3866449
398954 3857222
397851 3838782
396852 3822199
395906 3804556
394483 3797595
393068 3788461
391760 3780219
390690 3774965
389699 3767669
388475 3762564
387410 3755822
386112 3744929
384759 3730055
383024 3712759
380987 3702289
379240 3689843
377620 3682343
376112 3673779
374186 3666196
371938 3652658
369495 3638785
366993 3628089
364784 3612933
362846 3600719
360836 3586038
358498 3576265
355771 3561207
353121 3546775
350441 3534843
348322 3520848
346335 3510496
343983 3497055
341132 3483067
337717 3465779
334426 3451057
331304 3442528
328755 3425708
326561 3412415
324095 3397948
320985 3390555
317304 3379260
313124 3363010
309245 3348650
306026 3329965
303249 3319111
300069 3307382
296004 3293134
291385 3271992
286274 3250060
282179 3235665
278940 3223476
276652 3215577
272025 3190155
268170 3169423
265267 3148690
264011 3141881
261763 3133818
259030 3122167
257053 3117326
254308 3096418
252047 3079097
250286 3061776
249307 3053903
247313 3042973
244660 3029721
242400 3018159
240031 3004717
237264 2987020
233974 2965924
230850 2944774
227806 2926984
225276 2905004
222890 2888014
220300 2868331
217082 2857019
213241 2829741
209424 2806391
205804 2783576
202970 2763471
200435 2745346
197636 2721314
194292 2706700
190525 2669301
186850 2638825
182997 2603811
179717 2580051
176722 2560143
174293 2541955
170698 2519145
168017 2496335
165044 2476934
163075 2464112
160396 2440037
158086 2419208
155410 2390490
152174 2364331
148455 2326272
145056 2295353
141958 2266166
139569 2232968
137612 2210095
135528 2187324
132893 2171112
129961 2141599
127229 2118944
124858 2099082
122689 2079550
121027 2060019
119340 2090563
117486 2078014
115269 2056138
113227 1974908
111358 1947183
109902 1918622
108516 1905900
107040 1889230
105261 1871046
103352 1849618
101484 1831317
99671 1820907
98154 1805513
96768 1793499
95395 1777785
93848 1764058
92353 1740621
90952 1722009
89601 1706947
88471 1693538
87556 1682788
86642 1667799
85505 1653943
84243 1629689
82972 1608742
81883 1586081
80976 1564177
80228 1545900
79403 1532622
78457 1520768
77505 1502487
76084 1482702
74652 1467091
73329 1451488
72598 1441026
71787 1430607
70824 1419020
69770 1399507
68813 1379644
67884 1344103
67101 1310337
66494 1280923
65870 1264752
65092 1248651
64253 1229348
63474 1170627
62727 1114660
62069 1058399
61527 1051575
60931 1047158
60207 1041894
59426 1033046
58717 1018069
58021 1004205
57415 971835
56886 946515
56360 914634
55636 899492
54823 882349
54028 872518
53459 867587
53058 865564
52773 866020
52311 860515
51681 851469
50857 840094
50026 832911
49196 825388
48543 818346
48007 813522
47461 808045
46776 800541
45994 789920
45264 780336
44571 771997
44004 760512
43237 751617
42692 745354
42058 742453
41611 736611
40956 729489
40311 721950
39774 715757
39318 710843
38853 705496
38310 697432
37649 685126
36814 674470
36003 664644
35349 655958
34944 649374
34458 644153
33882 638870
33269 629738
32736 618426
32154 607783
31635 599810
31144 596136
30692 592025
30092 586279
29427 576917
28752 566973
28157 556447
27607 547588
27153 542243
26597 537610
25953 532051
25212 524605
24588 516401
24010 506247
23551 497509
22925 491374
22322 487706
21629 479500
21127 469201
20666 460073
20190 451412
19760 444359
19393 438495
19065 435446
18684 430836
18283 423542
17900 415977
17535 408129
17021 401412
16640 396690
16382 395136
16283 391860
16105 385687
15854 377470
15610 369372
15407 363170
15152 356468
14989 352924
14784 347764
14619 342757
14379 336288
14120 329353
13916 323189
13745 318487
13617 314897
13433 311312
13221 305557
13013 300167
12829 296667
12646 294916
12518 294771
12284 289856
12117 285363
11930 278644
11851 271598
11695 262201
11496 253767
11356 250153
11189 246680
10995 242386
10703 236850
10439 231811
10219 225120
9984 218916
9744 212575
9456 207960
9247 197414
9118 188718
8914 177962
8745 173891
8577 169820
8528 170354
8433 169189
8335 165501
8215 159655
8143 155508
7947 145753
7820 137621
7612 128920
7458 126200
7255 119935
7058 112036
6875 106288
6662 98385
6524 92684
6395 86827
6291 84991
6122 82225
5967 73753
5672 66638
5404 59907
5090 58785
4968 57986
4827 57387
4714 56204
4546 54458
4359 51854
4204 49978
4047 48028
3925 46749
3727 44872
3550 41378
3354 37500
3211 34159
3073 32991
2911 32623
2735 31882
2558 30940
2420 29640
2316 28674
2189 27652
2079 26833
1956 25789
1837 24991
1747 24465
1583 23543
1401 22648
1173 21204
1043 20193
966 18546
907 17085
845 15097
766 12176
686 9504
589 7506
509 6879
443 6207
384 5645
320 4977
255 4231
207 3530
165 2820
134 2342
114 1859
91 1486
72 1077
51 716
42 587
