498774 7240108
496781 7240108
495452 7234666
494917 7223655
493882 7207647
492202 7194218
490739 7178113
488978 7167005
487863 7158760
487065 7154084
486742 7145118
486157 7132617
485163 7116390
483820 7104452
482739 7096050
482067 7096050
482067 7091837
481892 7082408
481528 7069547
480966 7057975
480442 7045212
479794 7035881
479342 7029473
479028 7026393
478958 7019541
478766 7008779
478414 6998405
478023 6985853
477526 6977213
477189 6971263
476960 6967522
476851 6959902
476631 6948532
476302 6936876
475896 6923360
475417 6913593
475046 6907854
474861 6903502
474785 6894497
474551 6881179
474060 6868729
473610 6852575
473053 6840732
472753 6832373
472488 6827574
472367 6818934
472141 6806336
471702 6788596
471058 6774698
470518 6764758
470192 6764758
470192 6760731
470074 6751352
469800 6738140
469387 6722378
468744 6706669
468061 6694792
467518 6689491
467322 6684804
467209 6675537
466955 6660714
466497 6646600
465987 6628766
465247 6616489
464711 6608188
464340 6602708
464200 6593143
463921 6578201
463482 6563905
462968 6544604
462226 6530681
461645 6521592
461280 6515907
461092 6505687
460769 6490359
460290 6474467
459667 6454173
458926 6438987
458341 6430051
458088 6424664
457860 6411454
457441 6393714
456876 6374135
456388 6354010
455793 6338417
455345 6330049
455048 6323512
454868 6310635
454480 6287118
453870 6265290
453320 6236980
452513 6219311
451927 6206488
451462 6202656
451302 6193090
450875 6180575
450316 6167488
449767 6150159
449155 6135780
448675 6125805
448345 6118666
448100 6105515
447706 6088126
447078 6074490
446623 6047660
445894 6025068
445399 6005861
444976 6005861
444976 5993810
444797 5977323
444446 5957620
443924 5940525
443303 5927866
442855 5918423
442576 5913315
442426 5903887
442144 5890086
441711 5875738
441193 5853719
440365 5836074
439687 5824083
439244 5821178
439179 5811619
438934 5795509
438541 5777259
437882 5763983
437345 5746550
436654 5734161
436293 5715331
435807 5699630
435484 5679189
434965 5661750
434417 5647728
433762 5631413
433303 5620218
432883 5606849
432459 5592326
431867 5570701
431193 5547754
430636 5530251
429743 5509173
429106 5495754
428302 5477291
427746 5451813
426898 5419203
425883 5387195
424967 5370467
423713 5352332
422928 5341383
422151 5328913
421728 5321360
421097 5306733
420613 5296038
420237 5286382
419634 5273277
419031 5260172
418206 5240057
416907 5216832
415496 5189991
414021 5163650
413063 5143649
411565 5115734
410522 5096910
409583 5079222
408375 5063059
406485 5038136
404018 5005195
402148 4978434
399842 4946184
398403 4928110
396498 4905714
394878 4887527
391973 4858457
388984 4827320
386133 4797225
383364 4765193
381468 4743375
379620 4721582
377729 4698491
375007 4665242
372218 4632594
370351 4610685
367939 4584159
366240 4566006
363629 4541938
360623 4521344
356652 4494774
352347 4461288
349345 4434850
345509 4399130
343241 4379618
340316 4354697
337681 4333753
332753 4304640
327462 4271466
323307 4246484
319516 4215634
317214 4198508
315286 4184474
313937 4174908
310341 4151950
305429 4117957
301593 4091721
298931 4070051
297584 4059416
296510 4050590
295655 4042262
293808 4025012
290729 3994257
288133 3967851
285291 3935928
283682 3917511
281407 3893740
279111 3873605
275725 3845421
272499 3815432
270188 3792870
267493 3760295
265676 3738857
263248 3709551
261489 3690096
258279 3660361
255215 3632559
252618 3609388
250156 3582834
248503 3565590
246155 3543931
244207 3528300
241062 3491395
237174 3446020
234144 3407962
231764 3383234
231160 3374971
228958 3344482
227303 3321938
225237 3294691
223744 3278965
221929 3259823
219364 3231327
217881 3213854
215139 3167362
212874 3126432
209866 3079965
207563 3055711
205763 3037408
203862 3012364
202836 2997540
200842 2974153
198415 2952397
195989 2930640
194269 2911173
193696 2900517
192700 2881035
192148 2870373
191436 2855276
190919 2841757
190063 2825765
189113 2806251
188298 2792198
187465 2774135
187017 2765864
186515 2755424
186240 2747000
185598 2733751
184793 2717556
184044 2704140
183337 2686794
182938 2676351
182381 2660902
181890 2647624
180946 2629579
180001 2611895
179247 2599175
178566 2582240
178118 2571636
177479 2556105
176973 2540796
176174 2523381
175406 2505653
174865 2495555
174224 2474635
173811 2460576
173331 2444358
173071 2436967
172092 2421899
171021 2405869
170053 2391488
169505 2376044
169135 2364854
168565 2348546
168109 2335597
167449 2319100
166885 2304125
166424 2292374
165858 2275143
165471 2263959
164928 2248754
164500 2236735
163867 2220433
163219 2203247
162682 2189639
162038 2169643
161645 2156708
161007 2138438
160521 2127838
159831 2109530
159344 2094601
158853 2078484
158138 2060416
157547 2046567
156868 2027830
156462 2015233
155535 1992113
154775 1976696
154066 1963136
153413 1951233
152845 1940705
152106 1926656
151561 1917368
150632 1903394
149748 1888922
149026 1877211
148146 1856762
147496 1841992
146753 1825143
146325 1818373
145383 1806901
144459 1791660
143553 1776884
142754 1758465
142139 1747241
141431 1732306
140826 1721028
139961 1704756
139182 1689841
138520 1674212
137724 1656553
137142 1644127
136315 1630091
135504 1617290
134300 1594474
133141 1571792
132173 1552446
130713 1531259
129641 1516948
128257 1498415
127323 1486704
125894 1468322
123761 1437968
121696 1407826
118969 1371954
117447 1354732
115691 1334049
114522 1318345
112775 1296365
111254 1277242
109521 1256620
107086 1231094
105025 1210995
103050 1191530
101590 1175922
99206 1150334
96954 1126352
94404 1098486
91740 1072146
89640 1052484
87875 1037429
86388 1023182
84206 1000687
82011 977117
80008 955048
78262 937712
76531 921653
74489 903368
72271 883798
70147 864581
68258 842416
66616 821322
64958 800170
63946 790336
62724 778642
61687 767958
59955 749414
58462 728502
57148 709843
56039 693008
55269 684131
54328 672315
53564 662482
52506 648459
51448 634259
50548 621695
49811 611320
49237 602269
48855 580405
48605 560540
48335 541143
47848 532311
47176 520348
46702 510903
45977 497840
45261 484620
44510 469866
44049 461244
43575 452220
43170 443535
42795 435002
42441 427730
42023 420104
41572 411443
41158 402225
40751 394287
40345 385294
39956 377189
39443 366408
39071 359714
38711 352657
38462 347990
38131 339947
37688 329410
37350 320550
37056 314187
36834 310635
36259 301143
35630 289898
35032 278020
34737 271087
34430 264976
34140 259457
33825 250368
33340 239791
32745 231399
32187 225708
31833 221661
31622 216376
31302 210238
30986 205203
30646 199375
30360 194646
30033 188034
29680 181864
29395 176740
29074 172513
28628 167563
28135 162133
27660 156418
27349 151645
27053 147134
26795 143099
26486 140140
26141 138299
25723 137580
25295 137024
24889 136556
24446 136057
24021 136576
23553 135201
23088 132281
22545 126924
22011 122402
21506 116237
21054 110276
20553 103107
19965 97837
19194 92128
18199 86958
17210 81083
16071 75166
14731 68138
13469 62753
11945 57579
10659 54500
8635 50259
6948 45366
5239 39682
4278 33714
3638 29112
3211 24887
2800 21606
2293 17036
1840 12784
1463 8757
1143 6106
874 4159
641 2523
478 1625
364 897
