719738 24208914
719356 24208914
719101 24198898
718991 24178240
718792 24146978
718517 24118269
718257 24081411
717975 24055157
717769 24036366
717659 24025337
717592 24003775
717488 23974961
717354 23935276
717190 23906124
717063 23884224
716967 23884224
716967 23875383
716937 23856415
716880 23826952
716791 23799768
716712 23778158
716646 23759940
716601 23738083
716558 23710043
716509 23678182
716445 23643950
716376 23613682
716316 23589695
716267 23572416
716226 23550742
716166 23520389
716097 23483906
716005 23446049
715922 23415001
715837 23391575
715769 23372367
715710 23348744
715636 23317467
715537 23281077
715411 23243484
715280 23210495
715152 23185472
715027 23162559
714901 23133703
714744 23093271
714557 23044511
714332 23000813
714135 22964556
713942 22946644
713836 22928207
713720 22904371
713591 22867209
713367 22824486
713115 22778447
712794 22735556
712494 22701352
712199 22671547
711931 22635390
711590 22589183
711175 22538000
710673 22483278
710150 22431765
709631 22392405
709213 22358413
708784 22306968
708117 22249113
707407 22181334
706639 22117980
706003 22053889
705324 22006522
704728 21966145
704099 21913489
703390 21842708
702513 21755475
701536 21665894
700484 21590324
699473 21541180
698661 21500064
697891 21437866
696970 21356195
695792 21263581
694446 21169920
692999 21087214
691674 21021886
690521 20965860
689501 20891581
688282 20800640
686816 20700517
685212 20610086
683597 20532880
682126 20476724
680759 20419899
679455 20347985
677891 20253183
676028 20150899
673925 20043111
671731 19951909
669743 19881422
667952 19820383
666244 19741497
664303 19644808
662102 19539284
659767 19431509
657349 19334246
655100 19236592
652653 19178313
651056 19101612
649243 19031702
647612 18925878
645061 18820409
642495 18726072
640059 18628665
638043 18569743
636201 18494622
634186 18422621
631751 18313369
629171 18204804
626741 18115736
624624 18051630
622908 17997365
621295 17922581
619497 17824495
617380 17716401
615220 17612539
613282 17528419
611664 17467727
610308 17409609
608958 17332174
607423 17233623
605678 17128358
603894 17026992
602143 16939238
600567 16874591
599118 16809018
597648 16729685
595966 16628619
594237 16525624
592449 16422065
591193 16335258
589995 16264625
588940 16193820
587419 16105596
585701 16001124
583769 15891461
581703 15779843
579888 15681575
578354 15606046
577014 15539420
575431 15455303
573661 15352277
571719 15245057
569979 15148514
568437 15072027
567051 15007923
565491 14934512
563645 14843291
561518 14737653
559201 14632048
556896 14526325
554865 14438600
553194 14373490
551171 14304106
548473 14208922
545135 14085565
541898 13972811
539050 13872662
536550 13794580
534186 13714160
531752 13632999
528695 13524478
525398 13416659
521446 13301158
517756 13201371
514274 13113748
511119 13038897
507756 12962338
503677 12864882
499058 12758386
494040 12648425
489065 12548404
484819 12465118
481185 12402435
477586 12337549
473081 12253811
467835 12153056
462075 12048222
456276 11947337
450489 11856780
445270 11780889
440139 11711172
434366 11628185
427302 11528147
419608 11419222
412102 11312704
405758 11222470
400294 11149849
395954 11096476
390157 11029211
385996 10980470
380574 10914729
375875 10854104
369793 10777068
364733 10715385
360907 10668607
355904 10602091
352300 10552166
347762 10477859
344179 10407149
339328 10315746
335176 10242146
331208 10170834
327059 10093478
322297 10001132
317245 9908174
311656 9800563
306651 9707884
302139 9627374
297994 9558170
293396 9476137
288130 9379752
282693 9281001
277030 9179153
271878 9090866
267688 9020594
263878 8956846
259569 8877226
254257 8779808
248329 8674958
242598 8570197
237673 8477727
234584 8412769
232338 8366865
230045 8316816
226588 8236584
223963 8172580
221279 8089389
219289 8019171
216707 7931527
214359 7850401
211801 7759801
209035 7662872
206272 7571990
203611 7484975
200907 7399894
198376 7327771
196102 7264403
193654 7185836
190959 7097922
188092 7001106
185354 6914539
182866 6835627
180819 6773586
179051 6711461
177233 6638022
175154 6551617
173061 6463283
171165 6371355
169628 6289933
168430 6220157
167427 6163915
166293 6094876
164912 6016776
163459 5937579
162090 5861347
160827 5792197
159610 5726345
158427 5660991
157263 5591416
156146 5515767
155039 5442842
154098 5373139
153189 5306001
152354 5240184
151509 5167769
150795 5092207
150102 5021000
149456 4956800
148811 4904984
148172 4858343
147476 4808945
146785 4746693
146131 4675371
145476 4606542
144860 4542333
144278 4480664
143787 4423842
143272 4375966
142721 4325752
142110 4268741
141418 4198942
140689 4127219
140007 4056621
139407 3991993
138916 3935736
138405 3866334
137874 3791504
137325 3711794
136812 3637637
136308 3560954
135909 3492102
135585 3439423
135322 3392961
134918 3335865
134447 3269215
133953 3200689
133557 3137669
133207 3084023
132916 3042171
132632 3006475
132267 2962051
131841 2910848
131375 2854135
131033 2805146
130782 2763680
130588 2732322
130333 2699681
129988 2657068
129650 2609187
129295 2548527
129086 2497870
128829 2445722
128609 2410416
128323 2374192
128007 2336301
127639 2294321
127214 2245879
126826 2201583
126459 2160372
125993 2117100
125640 2085989
125371 2061949
125161 2043460
124846 2013589
124303 1978805
123865 1952414
123460 1930267
123229 1910194
122935 1884574
122642 1855426
122343 1820509
122068 1796672
121733 1782362
121413 1776233
121081 1767553
120740 1756001
120351 1742134
119995 1723113
119633 1699657
119227 1675367
118832 1649805
118444 1629962
118096 1614565
117643 1600978
117191 1582478
116714 1560315
116323 1536797
115974 1513579
115670 1495258
115356 1481674
115026 1469674
114710 1453387
114393 1434782
114107 1415366
113845 1396877
113580 1381958
113276 1369956
112959 1357768
112662 1342256
112412 1323424
112161 1303622
111911 1283003
111667 1267011
111428 1254581
111194 1242742
110929 1227337
110672 1208835
110418 1189850
110209 1171118
110042 1156672
109873 1147372
109661 1140952
109429 1132108
109180 1119847
108990 1104995
108832 1089411
108685 1076587
108453 1066521
108176 1057416
107899 1046179
107688 1032887
107479 1019316
107296 1005431
107128 994470
106942 985794
106729 977775
106467 965719
106212 950101
105968 933791
105785 918551
105622 907597
105412 899063
105100 890904
104687 880064
104297 866890
103950 853266
103710 839354
103457 828262
103101 819867
102643 812279
102130 802341
101665 790121
101246 777385
99704 764359
98083 754017
96319 745514
95629 736816
94935 725534
94329 712124
93787 698060
93272 686745
92595 678224
91801 672612
90938 663585
90040 651096
89052 635207
88042 618693
87055 601630
86058 588252
84847 577324
83572 566336
82093 551508
80730 533819
79490 516266
78589 499292
77726 486772
76683 477476
75325 467745
73753 453837
72065 436930
70521 420334
69208 404286
67872 391647
66280 381279
64319 370296
62320 355842
60317 339283
58403 323395
56627 308534
54976 296775
51496 286685
48524 276226
45056 263361
43448 248786
40800 235238
39177 221843
37568 211716
36343 203037
34378 194304
32227 183868
30147 172040
28376 160805
26895 150638
25127 143088
23162 137550
20984 131564
18961 124253
17037 116059
15336 108274
13906 100554
12751 94119
11606 88644
10428 83506
9095 77734
7834 71685
6763 65849
5835 60153
5047 55492
4210 51740
3364 48243
2558 43959
1864 39247
1318 34701
920 30401
709 26895
588 23905
482 20989
392 17727
