463634 11082651
463481 11068223
463318 11053227
463141 11037448
462960 11022402
462805 11010014
462671 10999662
462571 10988946
462479 10976317
462384 10960545
462267 10944271
462143 10930331
462044 10920362
461977 10913706
461930 10905089
461881 10893714
461816 10879244
461736 10862935
461650 10847516
461576 10834665
461519 10824928
461474 10813959
461427 10801026
461373 10785169
461309 10768930
461245 10752244
461182 10738525
461124 10727279
461075 10717245
461031 10704855
460983 10689403
460920 10671532
460844 10654506
460763 10640845
460689 10630622
460620 10619342
460551 10604500
460475 10586123
460381 10567171
460274 10549266
460154 10534445
460046 10522617
459950 10509553
459861 10491497
459755 10468884
459628 10446267
459491 10429742
459376 10418433
459276 10411288
459182 10397208
459026 10378498
458842 10353858
458615 10330399
458398 10307959
458177 10290999
457986 10277493
457790 10263258
457580 10239684
457249 10210835
456846 10178778
456418 10152430
456052 10132377
455763 10118666
455509 10101660
455245 10078724
454925 10047752
454505 10017133
454051 9987417
453565 9965701
453117 9949392
452735 9933151
452365 9907962
451910 9873144
451291 9837354
450623 9805878
449948 9784677
449362 9768051
448796 9751074
448239 9724432
447536 9690602
446693 9652486
445744 9618125
444774 9589970
443892 9569049
443147 9546984
442434 9514355
441547 9474426
440459 9432946
439272 9398708
438081 9373131
436970 9354400
436050 9333712
435142 9303774
434042 9263697
432631 9223643
431128 9187312
429608 9161050
428248 9140581
427041 9118489
425857 9087146
424507 9046215
422871 9004800
421297 8966840
419761 8939677
418549 8918807
417484 8896082
416352 8868459
415084 8834028
413617 8801474
412179 8768575
410710 8744210
409425 8725123
408325 8703813
407236 8672552
405992 8633197
404638 8591621
403268 8555529
401963 8529064
400870 8510556
400011 8489939
399208 8463615
398272 8430144
397180 8396263
396052 8364202
394992 8340975
394096 8323584
393365 8302181
392653 8272703
391794 8235198
390810 8197985
389805 8165108
388867 8139835
388049 8118703
387302 8094332
386545 8062043
385694 8023629
384809 7985018
383973 7949435
383285 7924083
382666 7903550
382034 7880521
381278 7846456
380401 7802771
379473 7759619
378537 7721434
377704 7695112
376992 7673788
376362 7651492
375698 7624897
374902 7591629
373983 7557098
373065 7523328
372311 7500304
371646 7482676
370951 7460621
370041 7428178
369002 7387454
367845 7345813
366696 7307758
365592 7279786
364587 7257263
363438 7228658
362115 7190167
360578 7145204
359044 7104615
357696 7073831
356563 7052565
355559 7034660
354288 7006213
352619 6966128
350711 6916919
348655 6867627
346652 6822912
344782 6787149
343079 6755300
341308 6719997
339234 6677440
336923 6629131
334605 6583397
332362 6543261
330260 6510664
328291 6481996
326239 6448052
323748 6405282
320871 6352992
317816 6301668
315020 6257516
312311 6221045
309580 6184676
306584 6139692
303224 6086598
299624 6028994
296137 5978231
292855 5933237
290164 5898965
287636 5866080
285440 5837136
282912 5801108
280027 5759076
276866 5714081
273813 5671037
271320 5638924
269157 5605618
267283 5576829
265275 5542248
263119 5506617
260592 5464605
258005 5422018
255453 5374893
253102 5329617
250887 5283407
248714 5243628
246439 5202563
244110 5165853
241713 5128992
239372 5095796
236999 5059112
234548 5017582
231718 4965171
228787 4910030
225669 4855650
222832 4811210
219990 4769369
217448 4728913
214922 4684345
212210 4635277
209000 4582557
205991 4535518
203305 4494590
200962 4462068
198660 4430864
196431 4398432
194593 4366997
192604 4328904
190509 4289971
188044 4245103
185817 4206286
183809 4171078
181978 4134410
179741 4090293
177273 4042741
174556 3997166
172129 3958160
169770 3923659
167806 3892201
165901 3861819
163939 3828141
161929 3795401
160040 3761653
158353 3731361
156843 3703560
155368 3678408
154103 3652253
152814 3622116
151470 3588073
150087 3554804
148841 3525278
147851 3500911
146978 3476920
146149 3451435
145256 3421585
144336 3391206
143384 3361506
142527 3335328
141679 3310886
140964 3288415
140212 3262796
139495 3234068
138728 3201786
137978 3169983
137329 3143325
136720 3121502
136194 3101598
135655 3077542
135047 3047300
134344 3016066
133607 2985130
132945 2959072
132383 2935992
131863 2914472
131347 2890522
130780 2861590
130136 2831602
129425 2801668
128774 2776042
128229 2753541
127771 2734191
127309 2712965
126786 2688298
126193 2659854
125495 2632203
124858 2608166
124315 2589403
123874 2572667
123428 2551656
122921 2525127
122386 2494867
121828 2466723
121346 2442739
120935 2423636
120555 2406651
120165 2386423
119663 2358634
119118 2328414
118499 2298708
117893 2272512
117269 2248195
116676 2226592
116106 2206017
115465 2180678
114788 2154200
114135 2129378
113640 2112353
113242 2098548
112756 2083470
112212 2066121
111528 2043693
110826 2018910
110063 1991382
109407 1969107
108820 1952092
108310 1936954
107787 1917590
107259 1894284
106683 1868254
106080 1843434
105541 1822982
105076 1807408
104615 1791644
104107 1772958
103517 1749042
102893 1722681
102268 1697352
101714 1676934
101209 1660957
100730 1639528
100216 1614184
99603 1582993
98919 1555223
98149 1526029
97472 1502030
96838 1480363
96211 1458799
95457 1429682
94639 1399345
93807 1369325
93088 1347295
92438 1324947
91817 1306668
91100 1285793
90270 1264245
89338 1237820
88305 1210013
87279 1181572
86338 1158216
85571 1136422
84725 1115394
83902 1092267
82865 1065497
81895 1038452
80934 1013406
80194 992977
79477 973772
78796 954997
78017 933596
77245 913027
76423 889319
75693 869614
74989 848748
74277 830801
73641 814796
73044 798922
72505 784143
71951 768621
71415 755105
70911 741655
70396 729344
69987 718428
69635 708464
69321 697474
68918 684943
68443 670883
67976 657952
67586 647315
67206 637052
66836 627458
66457 617286
66123 607989
65752 597334
65383 587188
64991 576894
64648 568000
64297 558928
63946 549375
63587 539424
63258 529760
62878 518832
62479 507281
62056 495755
61688 486601
61215 477427
60714 467833
60101 457216
59531 447286
58933 437899
58436 429660
57962 421170
57417 411223
56712 399573
55879 387165
55014 374125
54170 362560
53436 351912
52716 342922
51936 333246
50913 322587
49716 309614
48615 296738
47763 285726
47060 276555
46329 268659
45420 259900
44492 252597
43435 244341
42476 236478
41219 228850
40046 222184
38854 215918
37928 209038
36961 201972
35909 195008
34934 188768
34091 183699
33350 177996
32507 171654
31545 164548
30474 158402
29350 152584
28227 147270
27239 142591
26338 138159
25457 133694
24478 128567
23238 123553
22030 118273
20911 113684
20159 109913
19403 106608
18621 102892
17664 98623
16716 94075
15718 89654
14911 85629
14226 82499
13578 79353
12950 76393
12246 72904
11564 69586
10805 65988
10105 62847
9489 60325
8887 57727
8294 55206
7638 52003
6958 48759
6237 45189
5371 40184
4658 36019
4017 32028
3602 29548
3173 26661
2747 23639
2367 20905
2001 18066
1695 15555
1447 13360
1224 11711
1011 9722
791 7654
602 4909
460 2815
363 1010
303 318
250 0
204 0
158 0
123 0
