69343 4742963
69343 3551475
69324 2756248
69290 2754490
69240 2751903
69195 2749552
69144 2746350
69109 2743982
69087 2742278
69081 2741277
69072 2739125
69052 2736452
69025 2732865
69001 2730430
68988 2728513
68981 2726220
68964 2722873
68942 2718484
68920 2715541
68904 2712831
68883 2710820
68864 2709305
68844 2707835
68823 2705685
68793 2702676
68765 2699432
68745 2696635
68731 2693751
68713 2691875
68689 2689609
68659 2687543
68624 2684220
68588 2680800
68548 2677835
68510 2674980
68478 2671984
68446 2669620
68407 2667517
68360 2665321
68308 2661608
68257 2658770
68194 2654798
68143 2652344
68084 2649894
68016 2648376
67934 2645399
67843 2641264
67763 2634802
67697 2629801
67651 2625960
67598 2625938
67519 2624683
67412 2621415
67293 2616255
67155 2611589
67040 2604826
66933 2599951
66841 2595802
66717 2592946
66569 2587954
66386 2580014
66189 2573873
65983 2565349
65783 2559751
65586 2555159
65397 2551811
65173 2546018
64914 2535671
64617 2527566
64342 2516095
64091 2509170
63856 2503262
63604 2499339
63331 2491742
63034 2480272
62716 2471320
62354 2461431
62017 2455420
61719 2450707
61426 2444633
61126 2436324
60817 2423330
60556 2414985
60243 2400263
59938 2390261
59665 2381568
59410 2377260
59107 2369184
58725 2356813
58300 2339574
57859 2326083
57466 2316888
57124 2316753
56784 2312217
56340 2303942
55819 2291169
55253 2281300
54687 2265015
54215 2253265
53855 2243016
53581 2214886
53259 2158701
52903 2098513
52518 2065259
52181 2059064
51877 2054117
51608 2047529
51342 2038997
51017 2030382
50695 2020431
50383 2012345
50130 2004071
49912 1999510
49712 1993621
49516 1986883
49296 1973777
49069 1961551
48846 1952405
48663 1949249
48494 1935109
48334 1909263
48144 1880746
47933 1861302
47699 1840227
47474 1808446
47265 1779012
47079 1758449
46901 1752020
46718 1742525
46524 1734145
46323 1721480
46126 1712070
45954 1691665
45792 1673077
45634 1652709
45445 1643751
45263 1633593
45094 1621781
44939 1610826
44787 1602453
44636 1595571
44480 1588749
44308 1578859
44111 1568055
43924 1555893
43750 1546171
43616 1538953
43493 1533375
43369 1526163
43234 1516565
43069 1507085
42917 1497336
42779 1489730
42665 1483124
42548 1476954
42409 1469769
42252 1460665
42073 1451222
41864 1441284
41651 1433709
41429 1427725
41240 1421675
41034 1413292
40806 1404150
40529 1395795
40249 1387362
39919 1380338
39616 1373197
39352 1365430
39108 1354918
38818 1342578
38486 1330424
38117 1319798
37648 1311793
37124 1305143
36754 1295850
36497 1286064
36177 1275444
35632 1264467
34961 1252588
34373 1242113
33905 1235039
33558 1227653
33193 1219004
32659 1207747
31969 1196832
31151 1185559
30369 1176649
29751 1168916
29316 1161678
28914 1154019
28357 1144764
27714 1134918
27100 1125331
26547 1117136
26048 1110562
25608 1105471
25019 1100488
24555 1094392
23973 1086459
23543 1078534
22915 1072310
22376 1067191
21922 1063023
21664 1058472
21446 1052627
21094 1044657
20493 1035942
19846 1028079
19331 1022184
18996 1016424
18681 1010591
18332 1002832
17856 994907
17331 986461
16813 979181
16351 972745
15971 966733
15590 959734
15236 951081
14847 941437
14461 931834
14099 923708
13731 917305
13423 910820
13113 903388
12848 893747
12542 883930
12253 873466
11987 865466
11754 858985
11524 854012
11360 849378
11279 843696
11192 835557
11037 826044
10797 816492
10574 808836
10348 800372
10153 790585
9945 781016
9743 770443
9545 760404
9339 749913
9148 742835
8957 736344
8798 729178
8615 719951
8418 709944
8225 700339
8056 691687
7887 685286
7734 679295
7586 671913
7442 663202
7267 653658
7094 644348
6940 636627
6820 628739
6734 623834
6657 616886
6575 609807
6481 599997
6395 590871
6324 583303
6262 577741
6204 572823
6151 568024
6105 561785
6069 555227
6033 548644
5999 542831
5970 538086
5945 533272
5912 528047
5878 521401
5846 515170
5817 508865
5789 504017
5758 499123
5730 493637
5702 487236
5674 479982
5643 473074
5609 465988
5578 460778
5550 456400
5523 451517
5498 445786
5468 439205
5437 432871
5393 425891
5349 419653
5315 415098
5289 410089
5268 404495
5243 397507
5214 390631
5184 383956
5148 378295
5117 374378
5080 369745
5046 363761
5007 354406
4976 344612
4947 335422
4927 329678
4901 325811
4873 322103
4836 317611
4802 312307
4768 307314
4742 301690
4722 297183
4705 292973
4690 289434
4667 285028
4645 279899
4612 273723
4584 267892
4554 262003
4535 257683
4516 253356
4486 249530
4453 245063
4420 240740
4397 236261
4378 232680
4360 229330
4343 226197
4319 222612
4292 218870
4264 215533
4240 212522
4221 210132
4199 207890
4176 205664
4149 203265
4123 200716
4098 198068
4076 194383
4063 191081
4053 188184
4045 186233
4034 183931
4019 181344
4007 178730
3994 176165
3985 173977
3974 171972
3961 170019
3942 167768
3919 165421
3895 162944
3870 160326
3852 157934
3834 155742
3818 153881
3794 151672
3768 149189
3745 146483
3734 143752
3725 140995
3713 138514
3688 136137
3663 134272
3633 132037
3611 129793
3587 127221
3574 125102
3561 123264
3546 121439
3526 119600
3508 117444
3488 115173
3469 112748
3447 110730
3433 109095
3418 107474
3401 105495
3372 103185
3338 100786
3298 98447
3262 96487
3227 94854
3195 93458
3156 91854
3115 89925
3070 87705
3034 85546
3001 83794
2981 82424
2962 81209
2943 79891
2916 78477
2882 77005
2851 75411
2828 73882
2814 72512
2793 71201
2764 69852
2722 68394
2682 66932
2643 65449
2617 64179
2595 63019
2567 61861
2532 60494
2490 59050
2455 57600
2420 56058
2388 54734
2357 53515
2325 52385
2284 51086
2239 49722
2191 48425
2152 47246
2113 46250
2086 45431
2054 44437
2012 43044
1952 41465
1888 40000
1819 38804
1764 37742
1720 36830
1689 36076
1652 35317
1612 34457
1567 33524
1526 32615
1491 31890
1465 31388
1442 30950
1413 30441
1377 29802
1326 29109
1277 28399
1235 27828
1212 27400
1187 27035
1160 26642
1130 26177
1098 25662
1070 25077
1046 24520
1033 24026
1016 23596
996 23154
970 22641
943 22052
917 21461
896 20956
883 20497
869 20035
853 19499
830 18886
804 18225
773 17579
741 17005
695 16545
656 16122
618 15676
594 15174
568 14656
545 14098
525 13386
503 12669
482 12063
459 11574
428 11010
391 10268
348 9541
314 8843
284 8214
253 7360
217 6403
185 5447
164 4741
150 4229
134 3833
114 3499
96 3152
80 2802
68 2484
58 2182
