1002077 14434032
1002077 14434032
1002077 14421029
1001763 14408027
1001448 14395025
1001133 14381665
1000886 14368305
1000638 14354945
1000390 14354945
1000390 14342218
1000111 14329491
999832 14316764
999553 14305327
999376 14293890
999198 14282454
999020 14282454
999020 14278270
998976 14269174
998857 14254781
998636 14241368
998379 14221104
998079 14206136
997882 14194373
997764 14188854
997742 14177670
997661 14160812
997502 14145630
997320 14122269
997078 14104583
996914 14090741
996794 14084136
996742 14070429
996631 14051012
996447 14033616
996241 14012520
995964 13997134
995761 13980378
995555 13967490
995368 13947430
995061 13926346
994729 13907085
994386 13883615
994009 13867123
993734 13848617
993437 13832187
993110 13808356
992605 13786577
992078 13759894
991408 13740612
990914 13726405
990586 13719931
990397 13705281
989962 13681450
989316 13656456
988508 13634284
987620 13607435
986431 13588221
985593 13564125
984678 13544307
983857 13512089
982512 13480945
980919 13452978
979234 13419105
977213 13394397
975843 13365299
974487 13342381
973290 13306125
971302 13270751
968890 13239816
966289 13204053
963482 13178201
961597 13149264
959742 13123820
957761 13084713
954409 13044619
950900 13010075
947473 12967538
943565 12936760
940673 12898805
937584 12867544
935061 12819698
931138 12775513
926804 12734357
922229 12685227
916693 12648737
912805 12606441
908711 12571828
905096 12517504
899644 12451102
893936 12401575
887908 12347397
880660 12323034
875402 12278672
870320 12240454
865011 12183209
857306 12129362
848509 12070701
839570 12008089
829510 11962077
822567 11924213
816536 11891595
811079 11840141
802775 11789946
793861 11747058
785842 11700262
776975 11667093
771231 11627186
764440 11596768
759292 11548361
751779 11503025
744993 11460770
738156 11415797
730606 11384914
725425 11349692
720597 11318799
716828 11271299
711111 11225452
705419 11188441
700234 11149393
695074 11123204
691638 11091708
688630 11063794
686073 11019181
682476 10974547
678702 10937706
675542 10901021
672145 10877206
670009 10848342
668066 10819888
666417 10776215
663911 10732626
661180 10698247
658918 10662394
657512 10638778
656436 10609672
655275 10581891
653505 10538614
651731 10495597
650006 10461482
648269 10426733
647100 10404136
646003 10375680
645109 10349364
643683 10306328
642212 10261656
640565 10222476
638898 10184570
637750 10160628
636923 10132173
636158 10106469
634992 10069922
633687 10036954
632499 10010957
631227 9978598
630368 9955670
629570 9927071
628743 9901774
627415 9860252
625988 9818665
624766 9784880
623338 9749791
622323 9726161
621218 9696290
620238 9668071
618630 9623143
616844 9577131
615166 9540864
613259 9504668
611924 9481898
610563 9450915
609346 9419065
607378 9370047
605225 9319077
603093 9276675
600597 9231386
598790 9202394
597066 9164363
595611 9131529
593319 9080143
590828 9033304
588410 8994846
585715 8952953
583828 8924489
581976 8885417
580239 8854267
577403 8806810
574262 8762619
571298 8720713
567723 8670290
565191 8633688
562515 8591081
560247 8555272
556562 8504444
552224 8456282
548179 8417964
543720 8333460
540880 8264073
535883 8202868
532716 8202868
529550 8202868
527956 8186730
525041 8163375
520942 8119039
518438 8090842
514629 8025831
512003 7981802
509378 7937774
508104 7926852
505660 7904733
501529 7854407
498671 7815003
495591 7765904
492691 7728038
488277 7672257
483709 7618908
478851 7565962
472965 7500917
468628 7454331
464483 7405100
461004 7365962
455423 7306717
449667 7250654
443560 7194052
436279 7125689
430779 7073360
425402 7018757
420158 6973140
412261 6903033
403989 6841028
396689 6789097
388444 6726040
382677 6677618
376297 6622230
367724 6562547
359151 6502863
351799 6442351
347976 6397235
340172 6318612
333931 6260591
327336 6197122
321343 6138707
312688 6056550
304575 5984763
297212 5922208
288124 5844114
281108 5785609
274244 5722321
268707 5673482
260734 5601806
253031 5535465
246072 5473529
238449 5405355
233033 5355853
227767 5301662
224187 5238090
218572 5174518
213657 5121640
209011 5092800
204093 5031640
200641 4984902
196995 4935890
194541 4898498
190717 4825251
187035 4768695
183577 4719092
180137 4681038
177893 4642983
175377 4600847
173532 4563622
170952 4510323
168909 4463129
166925 4418411
164007 4352761
161715 4298837
160047 4261829
159312 4244044
157757 4212218
155672 4170530
153833 4133680
152169 4093862
151037 4063907
149843 4031725
148853 4002053
147396 3958343
146083 3918245
144827 3884025
143554 3845486
142685 3818508
141775 3786672
141022 3759722
139936 3720798
138877 3685507
137774 3655745
136560 3620853
135745 3595806
134970 3565053
134291 3538215
133253 3498784
132246 3461555
131355 3430790
130297 3395255
129541 3371164
128820 3342502
128365 3320014
127583 3286434
126740 3253807
125928 3223776
125033 3187624
124396 3161818
123718 3131832
122980 3106900
121915 3070901
120799 3039963
119985 3015360
119094 2987134
118524 2966621
117821 2938296
117171 2914927
116264 2880606
115439 2850721
114700 2822239
114052 2798121
113158 2774170
112528 2747126
111800 2715555
111248 2682776
110415 2647642
109530 2615522
108639 2586610
107775 2546104
106752 2502691
106022 2466308
105371 2444908
104966 2423529
104343 2394727
103732 2369870
103192 2346039
102517 2319356
101716 2286026
100685 2249111
99848 2210499
98998 2176948
98344 2149793
97670 2125776
97058 2096833
96367 2064935
95601 2033150
94837 2005584
94076 1978884
93365 1952502
92751 1926388
92151 1898588
91491 1868667
90705 1841631
89833 1802870
88964 1765306
88193 1723275
87231 1684989
86530 1656031
85787 1627680
85340 1609103
84669 1580330
83990 1553378
83369 1528017
82796 1503247
82195 1475766
81519 1445632
80710 1416018
79801 1385292
78920 1357914
78208 1333834
77710 1313757
77206 1291316
76635 1266868
76028 1241902
75433 1218227
74835 1196655
74299 1178859
73859 1163365
73494 1146195
73073 1125444
72576 1102495
72093 1081288
71608 1062665
71227 1047609
70878 1032855
70580 1016837
70261 998703
69886 979874
69509 962114
69165 947156
68883 934687
68666 923294
68379 910573
68075 891344
67726 876427
67450 861577
67212 852773
67064 840522
66920 828370
66782 815760
66581 801304
66363 786696
66194 776535
66079 765953
66008 755892
65924 742320
65830 730880
65712 719467
65535 706527
65295 691604
65028 675612
64756 659779
64496 645129
64263 630457
64006 614893
63720 597665
63373 579651
62984 563410
62650 550033
62389 538875
62203 526757
61921 511044
61540 493742
61041 476613
60441 460577
59817 445606
59299 431607
58924 419232
58510 406023
57989 390729
57307 372972
56296 355861
55154 340811
54185 329401
53633 318720
53199 307614
52665 295205
52048 282589
51407 270429
50707 259809
50098 250946
49575 242277
49067 232606
48339 221436
47439 210329
46507 199855
45607 190822
44849 183308
44189 176570
43491 169268
42638 160765
41591 151722
40525 143173
39475 136347
38622 131206
37897 126974
37197 122228
36365 116686
35462 111245
34545 106159
33589 101768
32711 97810
31868 94266
31011 90392
30039 86019
28970 81546
27866 76982
26664 72272
25537 67296
24468 61568
23440 55581
22329 49242
21021 43228
19683 37587
18196 31295
16933 26250
15745 21904
14642 18999
13465 15620
12250 12361
11113 9720
9942 7867
8898 6483
7950 5206
7101 3995
6271 2878
