607343 5979848
607213 5979848
607126 5976100
607044 5968598
606892 5958309
606674 5944089
606410 5930074
606152 5918847
605961 5915298
605899 5911665
605853 5905648
605765 5894557
605600 5883966
605434 5875759
605310 5872626
605262 5869575
605225 5862634
605154 5852163
605056 5842273
604972 5834800
604895 5828505
604819 5821153
604734 5811716
604651 5800877
604565 5789999
604471 5780243
604377 5772661
604286 5765731
604203 5758025
604110 5747803
604004 5736841
603896 5725097
603778 5714789
603669 5706047
603567 5697921
603469 5688983
603352 5678034
603215 5665649
603064 5651935
602907 5639635
602753 5630098
602612 5622392
602459 5611936
602267 5598677
602018 5581010
601750 5566125
601489 5553897
601283 5546101
601117 5540954
601030 5533370
600893 5523630
600687 5507924
600362 5489851
599963 5472329
599533 5458650
599142 5448191
598761 5436008
598378 5419333
597877 5399057
597305 5376927
596592 5356495
595859 5340414
595180 5327510
594594 5312770
593957 5293790
593202 5270619
592208 5244591
591146 5220251
590071 5202079
589240 5188801
588349 5173060
587493 5151669
586401 5122956
585223 5090897
583762 5061002
582315 5039979
581019 5024860
579905 5006030
578635 4979747
577126 4946648
575360 4910962
573527 4879615
571762 4856642
570263 4839742
569002 4819432
567725 4790802
566107 4754966
564166 4716717
562087 4683824
560175 4660632
558590 4643033
557234 4621458
555796 4592792
553947 4555318
551763 4516334
549285 4481908
547047 4458296
545119 4440005
543436 4418607
541727 4391005
539654 4354188
537364 4315394
534824 4280393
532436 4252597
529925 4226801
527795 4207925
526330 4187945
525181 4164211
523647 4129051
521401 4098048
519294 4076510
517608 4059566
516117 4039947
514768 4015270
513264 3984646
511711 3950827
509947 3919490
508325 3897174
506984 3880749
505879 3862040
504893 3837766
503732 3807555
502476 3774519
501039 3745502
499717 3725024
498637 3710976
497780 3693820
496937 3670593
495933 3642702
494838 3613107
493711 3587311
492677 3569642
491470 3550274
490328 3533572
489173 3516163
488294 3507909
487400 3497570
486561 3488108
485847 3480583
485233 3475803
484612 3469300
483861 3461463
482940 3452530
481958 3442943
480996 3433627
480249 3426929
479646 3422431
479002 3416125
478234 3408051
477319 3397815
476393 3388589
475504 3380269
474797 3375222
474193 3370865
473583 3364990
472810 3357245
471889 3347976
470927 3338419
470061 3329936
469354 3324445
468758 3320142
468079 3314607
467260 3306460
466279 3297929
465129 3287970
464098 3279397
463216 3273417
462563 3269480
461792 3263438
460865 3254474
459807 3244064
458639 3233217
457554 3223479
456604 3217271
455828 3212611
454934 3205608
453762 3194482
452353 3182628
450914 3172120
449581 3164049
448443 3157774
447406 3152112
446332 3144680
445070 3135606
443588 3124811
442024 3114795
440459 3105518
438998 3097576
437737 3090322
436253 3080592
434383 3069033
432049 3055414
429774 3043447
427546 3033420
425586 3026166
423238 3021275
420762 3007461
417966 2991685
416219 2976850
414644 2969646
413247 2963121
411525 2956225
410177 2951689
408655 2940027
406743 2923768
405191 2909003
403849 2899472
402718 2892283
401021 2881282
399287 2871138
397162 2856181
394688 2841554
391972 2824657
389231 2810322
386656 2797254
384213 2786054
381683 2774541
378761 2760079
375137 2743925
371268 2726951
367375 2710668
363454 2694918
359765 2681815
355479 2664656
350839 2644393
345112 2621471
339367 2599229
333433 2578666
327879 2558215
322924 2542502
318088 2527818
311992 2504303
304071 2467940
296183 2429616
291276 2406036
287248 2387489
282980 2368508
276598 2340634
269944 2311646
263344 2284819
256593 2257833
249624 2233311
243040 2209265
236744 2189361
230590 2170777
223616 2146936
215723 2120215
208461 2093553
201309 2069228
195423 2048913
189754 2031805
185184 2018334
180275 2001617
175448 1983424
170116 1962529
165439 1941678
161035 1920497
157287 1904385
153870 1887573
150995 1872369
148277 1853693
145490 1837258
142480 1819721
139838 1804885
137524 1792905
135644 1782691
133839 1766710
132003 1750030
130119 1734100
128276 1722247
126832 1710932
125594 1701496
124335 1692540
122854 1679674
121173 1663821
119271 1644473
117555 1628433
115948 1613152
114726 1601978
113501 1590475
112252 1577223
110876 1561819
109428 1544431
108035 1527777
106845 1514175
105804 1503381
104862 1493074
103878 1479672
102733 1463963
101525 1447082
100307 1431138
99334 1417648
98480 1407078
97680 1397015
96751 1384383
95601 1368813
94360 1352926
93174 1338016
92252 1326775
91562 1318803
90867 1311978
89967 1303299
88922 1291932
87824 1278622
86855 1265621
86036 1255298
85445 1248568
84944 1242205
84357 1233757
83612 1223492
82925 1214224
82352 1208114
81982 1204551
81641 1201942
81214 1196642
80638 1188619
79885 1178829
79064 1168861
78132 1159879
77262 1148084
76509 1137962
75877 1128368
75177 1121106
74303 1112335
73370 1102808
72363 1092112
71518 1082384
70821 1073824
70270 1067582
69657 1060491
68935 1051734
68177 1041658
67427 1031548
66736 1018804
66206 1008781
65717 999824
65168 993546
64503 984720
63784 974401
63080 963838
62452 954666
61960 948354
61492 942417
60912 934206
60135 922910
59383 911079
58609 899821
57934 889101
57241 879942
56630 870181
55972 859567
55273 847017
54521 834509
53774 883450
53047 931995
52417 981964
51819 970059
51156 956961
50384 941011
49574 923658
48797 906277
48120 890938
47582 878303
46996 866515
46334 852883
45636 836916
45017 820924
44441 805770
43827 791804
43302 779730
42815 767915
42282 756075
41614 741687
40907 725150
40247 708775
39702 695249
39171 686666
38687 680348
38184 666990
37869 655483
37560 640953
37257 631598
36817 618313
36367 605822
35978 595259
35555 583123
35140 571230
34665 556990
34241 543902
33859 531491
33560 521638
33279 513211
32945 503877
32547 491216
32132 476721
31741 462236
31358 446900
31031 434247
30756 423955
30617 420143
30540 415187
30523 407695
30434 395736
30235 382983
29908 371542
29504 361978
29166 353246
28917 344004
28684 333673
28363 322876
27926 310251
27461 298747
26939 289496
26541 283251
26246 276751
25992 268184
25594 258596
25025 248645
24347 239840
23725 232133
23211 225274
22827 217764
22314 209231
21596 200265
20752 191945
19887 184741
19022 178163
18310 171914
17769 165135
17285 157445
16641 149502
15867 141782
15139 135768
14399 130230
13825 125358
13378 120186
12970 115157
12366 110222
11645 105432
10947 101212
10248 97308
9646 93842
9147 90188
8715 86395
8181 82207
7531 76903
6888 71978
6236 67829
5683 65187
5216 62788
4802 60035
4346 57307
3900 54739
3540 52616
3259 51042
3038 49768
2864 48583
2721 47189
2565 45721
2398 44182
2240 42734
2088 41510
1968 40455
1874 39255
1799 37730
1708 35991
1608 34310
1506 32699
1400 31305
1309 29909
1239 28474
1185 26984
1123 25320
1056 23876
978 22376
895 21189
819 19932
758 17902
705 15861
643 13731
578 10981
520 8226
469 5949
430 5377
400 5091
380 4549
360 4108
