577346 5922231
576145 5911546
574546 5899633
572515 5885026
570000 5870836
567533 5857604
565081 5849320
563496 5842179
562298 5835445
561329 5824618
559718 5813587
557917 5803119
556095 5796318
554731 5789934
553589 5783314
552580 5777081
551751 5770624
550864 5763801
549968 5754489
548707 5745923
547525 5739483
546625 5734107
545959 5728096
545340 5720493
544572 5710806
543600 5700838
542610 5691715
541655 5685482
540970 5680201
540401 5675040
539888 5668465
539212 5660994
538447 5652810
537600 5645569
536865 5639628
536280 5634859
535848 5629138
535425 5622166
534890 5613578
534265 5605121
533617 5596204
532943 5586372
532243 5575131
531501 5564936
530832 5554932
530183 5546339
529579 5537815
528981 5532254
528553 5528103
528273 5524418
528075 5521617
527779 5518279
527335 5513263
526742 5502781
526158 5494055
525623 5486591
525248 5483215
524932 5477820
524592 5468012
524132 5456145
523575 5443733
523047 5435557
522566 5430816
522207 5427113
521902 5423119
521586 5416690
521178 5404385
520655 5391806
520106 5381662
519577 5376323
519179 5372270
518847 5363180
518473 5353164
517984 5344605
517393 5334272
516778 5325162
516179 5314351
515675 5304043
515111 5291940
514380 5277810
513546 5266124
512709 5254329
511954 5243374
511230 5234010
510677 5226046
510264 5220970
509780 5213839
509111 5203389
508300 5182237
507512 5161610
506784 5144024
506197 5133579
505723 5122517
505342 5109619
504807 5092737
504147 5075755
503338 5059215
502589 5047550
501981 5036933
501487 5025481
500992 5016701
500349 5005771
499603 4994529
498821 4975728
498107 4959529
497547 4948948
497067 4937020
496593 4922311
495977 4901483
495306 4884550
494589 4869259
493935 4856998
493402 4845805
492960 4834191
492507 4819331
491863 4802465
490949 4785531
489954 4769875
489092 4757613
488538 4746694
488130 4735477
487676 4720762
487112 4703172
486444 4687048
485735 4673786
485017 4666706
484404 4658349
483882 4648841
483333 4634558
482637 4618572
481948 4606929
481498 4592063
481103 4580660
480770 4565704
480321 4554035
479952 4540237
479524 4524560
479096 4510173
478723 4498682
478441 4490054
478197 4481693
477882 4471418
477500 4459101
476967 4442470
476407 4426415
475830 4412580
475379 4403565
474978 4394886
474535 4384614
474023 4372599
473407 4361072
472781 4351167
472182 4343890
471682 4337674
471219 4330297
470700 4321314
470028 4308948
469173 4294076
468242 4278751
467389 4266148
466732 4257139
466110 4248063
465370 4236899
464337 4221456
463095 4204051
461776 4187363
460602 4174800
459635 4165184
458732 4155248
457710 4143073
456294 4126419
454680 4107309
453001 4088067
451615 4072602
450481 4061016
449116 4047782
447518 4031980
445619 4012664
443750 3993075
441942 3975093
440276 3959679
438862 3946568
437530 3933787
435979 3919094
434115 3901974
431774 3881400
429417 3861774
427094 3844502
425144 3831212
422966 3815945
420223 3797045
416589 3773124
412543 3748513
408820 3727762
405663 3711084
403436 3699960
401392 3689405
399506 3678947
396442 3661282
392909 3640840
389174 3618803
386190 3600653
383936 3586753
382118 3576313
380542 3566727
378781 3553160
376427 3534848
373611 3515228
370779 3497527
367981 3481138
365539 3466158
362877 3449144
360018 3430048
356659 3406853
353337 3384912
350336 3365943
347670 3349947
344998 3332720
341998 3313494
338552 3292169
334719 3268873
331253 3248058
328003 3228640
325154 3212569
321893 3193855
318048 3172564
313738 3148734
309387 3125318
305810 3105833
302608 3089726
299462 3074650
296145 3058999
293070 3042813
290180 3026515
286864 3006936
282906 2984501
278784 2962030
275029 2942036
271246 2921554
267092 2904149
262524 2884730
257911 2866705
253394 2845323
248510 2824181
243836 2804317
239448 2785398
234850 2765793
230157 2746305
225172 2725012
220946 2692508
216636 2673348
212779 2656510
208902 2665466
204924 2658740
200717 2648833
196703 2625697
193342 2604364
190545 2580632
188049 2558067
185636 2535490
182974 2515854
180360 2495592
177509 2474551
175015 2455789
172791 2437860
171079 2422000
169324 2405234
167161 2386301
164904 2366182
162709 2345711
161073 2323332
159532 2306727
158141 2292793
156576 2282898
154732 2258291
152685 2237553
150602 2217349
147821 2168297
145713 2119245
144230 2075687
144230 2075687
142542 2050780
140184 2018677
137324 1979598
135797 1961473
134551 1945038
133478 1931134
132318 1914992
130978 1896855
129472 1876602
127808 1859665
126263 1843173
125188 1828890
124285 1779540
123369 1733310
121907 1684741
120208 1668086
118519 1650204
116875 1637167
115540 1618375
114173 1601749
112889 1582642
111497 1569858
109993 1554608
108350 1537418
106773 1522657
105354 1508351
104074 1493734
102654 1475901
101014 1456707
99295 1437998
97742 1419035
96393 1402218
95310 1388614
94296 1378157
93326 1369218
91951 1356227
90343 1341115
88680 1324636
87193 1313089
85889 1303382
84703 1294059
83515 1283002
82280 1271154
80919 1257819
79543 1243879
78091 1232174
76881 1222643
75886 1218662
75093 1209686
74099 1200046
72985 1184900
71791 1172201
70609 1160568
69572 1149312
68506 1136206
67499 1121521
66381 1106548
65155 1091659
63866 1075368
62421 1059648
61140 1044483
59423 1024120
58238 1007389
57380 996605
57048 987110
56362 974192
55262 957627
54097 946921
52936 934397
51995 922408
51141 908967
50139 894765
48636 876592
46803 860247
44875 844357
43267 827796
41896 810899
40663 795817
39254 783438
37705 767800
36175 752590
34817 738764
33827 725428
32989 711145
32211 694112
31320 679368
30475 662897
29655 648293
28811 633704
28054 619759
27489 605493
26859 590657
26378 576750
25735 562392
25278 550012
24564 538515
23974 497469
23503 459075
23161 424202
22777 424202
22347 424202
21921 424202
21508 424202
21057 424202
20627 424202
20251 424202
19866 410334
19402 396466
18811 382598
18385 345139
18097 307679
17913 270220
17599 270220
17234 270220
16912 270220
16650 270220
16410 270220
16138 270220
15937 270220
15735 270220
15595 270220
15388 270220
15164 270220
14945 270220
14734 270220
14577 270220
14416 265139
14251 236278
14026 207418
13800 183638
13557 183638
13350 183638
13146 183638
12968 183638
12810 183638
12654 183638
12486 183638
12317 182461
12149 177822
11969 172955
11766 168648
11550 166632
11377 163494
11218 159352
11086 155564
10938 151104
10803 147501
10640 143308
10483 139548
10305 134927
10155 130027
10022 126284
9923 123437
9810 120857
9667 117438
9499 113346
9311 109075
9120 104706
8925 101345
8686 99054
8432 96633
8126 93229
7851 88714
7608 84050
7431 79437
7300 76085
7158 73947
6999 72227
6817 69944
6591 67101
6362 64320
6134 61617
5962 59580
5806 57976
5664 56460
5490 54583
5304 52439
5097 50347
4898 48192
4657 46454
4412 45123
4191 43848
3995 42176
3788 40063
3555 37879
3302 35440
3029 33457
2709 31875
2461 30549
2258 28801
2080 26655
1843 24348
1581 21841
1314 19803
1066 18159
903 16726
782 14785
670 12459
510 10155
348 8051
241 6521
153 5409
116 4505
71 3463
49 2425
29 1555
