328675 1892417
327512 1892417
326736 1892344
326558 1892227
326195 1892000
325617 1891841
325145 1888597
324593 1885462
324255 1882333
323989 1882275
323851 1882146
323570 1881959
323162 1878703
322677 1875518
322335 1872392
322118 1872392
322118 1872362
322038 1872306
321897 1872197
321638 1872064
321369 1868822
321060 1865633
320870 1862497
320769 1862464
320688 1862362
320507 1862246
320286 1862157
320123 1858410
320009 1854678
319933 1850950
319880 1850898
319799 1850816
319653 1850727
319480 1850685
319372 1847306
319240 1843936
319136 1840570
319047 1840536
318969 1840464
318825 1840387
318646 1840344
318527 1837145
318362 1833950
318232 1830756
318121 1830734
318074 1830690
317963 1827378
317819 1824081
317707 1820765
317557 1820715
317441 1820673
317339 1820655
317296 1820610
317182 1820546
317016 1820473
316842 1816763
316578 1813072
316365 1809409
316204 1809407
316169 1809362
316042 1809279
315830 1805184
315449 1801106
315056 1797066
314748 1797040
314642 1797015
314575 1796939
314388 1796849
314132 1796753
313854 1793102
313527 1789463
313268 1785855
313098 1785816
313018 1785775
312867 1785730
312681 1785690
312506 1781508
312235 1777329
311999 1773184
311832 1773152
311750 1773111
311615 1773018
311368 1768350
311145 1763583
310764 1758869
310494 1758761
310281 1758723
310211 1758637
310034 1758514
309779 1758358
309474 1753737
309264 1749144
309078 1744584
308916 1744503
308695 1744370
308389 1744222
308088 1744035
307754 1739750
307534 1735514
307366 1731320
307224 1731233
307025 1731113
306784 1730967
306533 1730839
306302 1726716
306128 1722634
306011 1718529
305859 1718392
305635 1718218
305354 1718056
305073 1717915
304832 1713498
304655 1709094
304509 1704693
304348 1704570
304123 1704421
303858 1704228
303534 1704012
303197 1699223
302935 1694486
302748 1689740
302542 1689541
302238 1689307
301880 1689080
301524 1688868
301177 1681666
300903 1674501
300678 1667262
300347 1666966
299795 1666566
299084 1666213
298458 1665894
297967 1657985
297616 1650174
297218 1642436
296742 1642436
296194 1642436
295710 1642436
295323 1642436
295030 1634046
294629 1625657
294145 1617268
293483 1617268
292750 1617268
291977 1617268
291331 1617268
290911 1602629
290585 1587991
290257 1573353
289891 1573353
289609 1573353
289217 1573353
288699 1573353
288045 1561629
287255 1549906
286478 1538182
285554 1538182
284690 1538182
283797 1538182
283014 1525955
282322 1513728
281592 1501501
280735 1501501
279686 1501501
278534 1501501
277464 1501501
276522 1501501
275748 1488908
274968 1476315
273953 1463722
272445 1463722
270605 1463722
268584 1463722
266807 1463722
265323 1449376
264131 1435030
262805 1420684
261104 1420684
259039 1420684
257025 1420684
255297 1420684
253846 1407549
252427 1394415
250513 1381280
248304 1381280
245980 1381280
243903 1381280
242057 1381280
240451 1366040
238755 1350801
236540 1335561
234010 1335561
231132 1335561
228392 1335561
225787 1312937
223729 1290314
222007 1267690
220243 1267690
218160 1267690
215753 1267690
212968 1267690
210394 1267690
208172 1267690
206502 1267690
205198 1267690
203953 1267690
202387 1267690
200224 1267690
197841 1267690
195843 1249799
193983 1231908
192287 1214017
190144 1214017
187988 1214017
185618 1214017
183348 1214017
181283 1194113
179498 1174208
177561 1154304
175397 1154304
172972 1154304
170520 1154304
168266 1154304
166352 1137776
164863 1121248
163304 1104720
161339 1104720
159142 1104720
156774 1104720
154852 1104720
153158 1091490
151667 1078260
150040 1065030
148572 1065030
147137 1065030
145856 1065030
144689 1065030
143870 1049916
143156 1034803
142006 1019689
140543 1019689
138874 1019689
137332 1019689
136035 1019689
135006 1007287
134185 994886
133209 982484
131994 982484
130679 982484
129401 982484
128248 982484
127346 969211
126595 955939
125812 942666
124878 942666
123674 942666
122559 942666
121552 942666
120960 931176
120511 919686
120001 908196
119363 908196
118516 894560
117609 867690
116668 840819
115825 827585
115315 827585
114686 827585
114017 827585
113029 827585
112178 827585
111348 827585
110642 827585
110204 827585
109758 827585
109136 817408
108073 807232
106968 797056
105998 797056
105369 797056
104935 797056
104419 797056
103715 797056
102916 797056
101923 797056
101218 797056
100634 774240
100455 751423
100073 728607
99539 728607
98880 728607
98240 728607
97628 728607
97184 726897
96864 725187
96525 722088
96008 719242
95307 714793
94637 710388
94052 705608
93649 701134
93338 698003
92797 673460
92321 650214
91704 626969
91233 624790
90594 622611
90141 619372
89840 618310
89559 615903
89041 612930
88436 608802
87838 605017
87440 599879
87135 595897
86834 592919
86437 589408
85846 585896
85142 580757
84357 577853
83635 573780
83072 569620
82554 566736
82002 563180
81342 559291
80702 553845
80006 548803
79243 544324
78504 538449
77858 534013
77164 529839
76349 527093
75445 524348
74406 522826
73394 522826
72587 521265
72103 519705
71609 515252
70892 511351
70099 507450
69220 505340
68441 500684
67707 496028
67158 492474
66420 490369
65496 486721
64429 481513
63350 473021
62258 466071
61295 460682
60522 460682
59729 458374
58738 454533
57379 448517
55896 441434
54356 434052
53189 426948
52122 423218
51024 417865
49606 411612
48264 405359
46885 399962
45497 395626
44019 387065
42793 381105
41773 374948
40826 370512
39733 363744
38638 356703
37599 349973
36839 342487
36131 337207
35445 332778
34546 329609
33703 323085
32900 317901
32122 314547
31459 312960
30946 311374
30117 306168
29407 302549
28482 297170
27975 293405
27240 288242
26571 283728
25999 280266
25498 276392
25040 271665
24337 266447
23615 260235
22872 255988
21944 248344
21192 243503
20643 238662
20643 238662
20643 238662
20480 237146
20199 234456
19824 226182
19556 219424
19320 213841
18976 213841
18688 213841
18247 211953
18008 210065
17604 206523
17271 201496
16935 196469
16698 190205
16549 187314
16303 182774
16034 180080
15760 175914
15496 171429
15176 165668
14799 160555
14404 154517
14051 150799
13747 146606
13483 143301
13241 138767
12963 136786
12619 132809
12273 128296
11967 121558
11703 118157
11480 115639
11286 112544
11076 109563
10805 106963
10460 104154
10163 101110
9893 97963
9697 95280
9520 92873
9325 87975
9054 84238
8736 80922
8441 80628
8171 80258
7880 79281
7625 77336
7403 74627
7158 70876
6868 68082
6578 65703
6337 64744
6118 62975
5910 61157
5690 58559
5437 56760
5162 55052
4923 53950
4709 52632
4503 47709
4256 43176
4016 38892
3799 38676
3595 38471
3359 38236
3132 35759
2939 30180
2791 24645
2633 21351
2459 21177
2246 20964
2062 20779
1887 20605
1766 16133
1613 11480
1486 6727
1332 6298
1205 5697
1065 5151
954 4453
849 3964
758 3547
669 3314
578 3134
482 2707
396 2285
318 1824
261 1616
201 1271
145 1065
92 825
57 718
