114685 1484133
114646 1484133
114619 1484133
114590 1483376
114539 1481784
114456 1479593
114372 1477042
114283 1475327
114225 1474211
114196 1473509
114179 1472001
114133 1469675
114037 1465720
113932 1462569
113855 1460237
113829 1460237
113829 1459671
113812 1458466
113773 1456599
113712 1454550
113630 1452162
113555 1450437
113501 1449459
113485 1448781
113466 1447566
113424 1445614
113361 1443600
113279 1441136
113201 1439408
113143 1438420
113123 1437729
113098 1436227
113050 1433935
112977 1430195
112896 1425839
112810 1422274
112747 1420846
112717 1419971
112694 1418121
112637 1415174
112556 1412111
112453 1409772
112343 1408531
112257 1408280
112216 1406242
112173 1402516
112087 1397183
111948 1393777
111848 1391892
111784 1391093
111764 1389786
111727 1386802
111665 1381889
111555 1376395
111441 1372145
111308 1370188
111224 1368983
111155 1367551
111134 1364893
111074 1361775
111016 1358632
110916 1356307
110815 1354654
110713 1353420
110640 1351870
110586 1349560
110501 1346365
110392 1343010
110241 1339714
110076 1337506
109945 1335812
109872 1333990
109806 1331288
109694 1327619
109550 1323289
109409 1319183
109244 1316324
109102 1314314
108992 1311905
108900 1308580
108778 1304855
108613 1301274
108436 1297624
108252 1294820
108121 1292694
108042 1290215
107962 1286830
107836 1282456
107666 1278389
107501 1274687
107329 1272197
107198 1270273
107102 1267874
107015 1264315
106907 1260213
106755 1256189
106583 1252450
106393 1249270
106244 1246943
106149 1244279
106056 1240899
105912 1235193
105706 1229635
105493 1224578
105290 1222148
105162 1220225
105063 1217694
104966 1213872
104827 1209409
104666 1205127
104489 1201366
104302 1198705
104160 1196483
104086 1193930
104025 1189939
103925 1185112
103782 1180108
103606 1175641
103362 1172540
103160 1170262
102998 1167540
102888 1163342
102740 1158139
102579 1153183
102438 1148623
102210 1145121
101969 1141909
101763 1138542
101637 1133924
101525 1128375
101364 1122465
101210 1116459
101055 1110516
100936 1105496
100805 1100956
100678 1096634
100514 1091698
100348 1086581
100172 1082631
100040 1079778
99933 1077403
99803 1074167
99633 1069311
99435 1063222
99244 1057478
99032 1053136
98878 1050713
98745 1048359
98600 1045010
98374 1040523
98127 1035072
97890 1030080
97703 1026261
97537 1023508
97414 1021045
97255 1017132
97069 1012655
96835 1007020
96576 1002031
96267 997134
95999 992975
95808 989427
95656 985507
95430 980883
95128 974709
94770 967693
94423 961692
94136 957070
93928 953941
93654 949165
93315 943391
92905 935804
92543 929326
92170 923722
91877 918290
91627 912889
91372 906107
91037 899801
90652 893512
90257 888146
89900 884360
89612 881641
89343 878732
89029 874782
88602 869015
88134 862391
87615 856401
87129 850738
86686 846465
86361 841646
85999 837128
85475 830805
84794 824140
84064 817872
83369 813739
82809 806623
82331 799856
81961 793425
81686 792023
81471 790033
81095 787335
80576 784144
80070 781915
79739 780263
79382 776822
79098 774013
78795 769898
78467 766952
77932 762714
77482 759079
77039 755542
76595 751816
76033 747566
75375 742171
74724 737150
73997 731990
73550 727406
73085 722660
72607 717552
71804 710958
70967 704613
70125 699661
69358 696407
68606 692656
67847 687891
67128 682057
66211 675679
65301 669345
64224 664556
63249 660203
62403 655750
61616 650583
60816 646081
60109 639982
59349 634135
58585 627562
57485 622911
56523 617964
55536 613199
54507 607766
53219 602039
51899 596341
50601 590392
49337 582893
48196 576611
47025 571900
45764 569637
44389 564767
43116 557445
42085 550119
41093 544439
40296 537394
39561 530930
38859 525158
37956 522969
36958 520340
36029 516649
35123 512951
34303 507757
33517 503220
32739 497786
31858 493087
30913 488272
30056 484503
29272 480743
28577 474455
27842 468692
27177 463583
26430 459330
25620 453984
24817 448657
24067 445164
23436 439544
22816 433913
22218 428278
21589 424511
20914 419995
20253 414725
19650 408266
19148 400159
18650 393159
18074 388588
17399 385724
16715 381566
16031 376891
15421 372994
14944 366740
14614 360761
14284 355223
13905 352322
13477 348447
13100 343968
12738 340130
12416 335847
12144 332300
11861 328607
11572 325677
11241 321635
10953 317600
10682 314181
10477 309398
10298 305009
10112 300773
9895 298268
9651 295455
9442 292393
9262 289250
9125 285158
9019 281611
8912 277874
8792 275617
8640 273091
8505 271132
8390 269056
8322 266014
8250 263438
8151 261059
8019 258937
7862 256544
7692 253980
7542 252173
7425 249769
7339 247464
7220 245010
7083 243009
6927 240635
6781 238513
6634 236184
6516 227014
6433 218083
6342 209735
6223 208672
6083 207611
5960 206572
5866 205627
5798 204091
5735 202566
5652 200944
5537 199576
5407 197943
5261 196127
5131 194655
5026 192625
4954 190770
4868 188887
4751 187510
4598 185602
4450 183429
4327 181327
4248 178384
4170 175156
4081 171977
3955 170084
3820 168018
3656 165164
3512 161843
3401 157497
3329 154032
3215 150880
3071 148848
2922 146349
2813 143616
2717 141225
2624 137771
2543 134730
2458 131851
2358 130078
2233 127371
2095 124368
1965 121320
1853 118288
1761 115609
1678 113437
1580 111471
1478 109159
1389 106875
1317 104929
1264 102824
1211 100698
1170 98890
1127 97238
1077 95365
1023 93151
969 91015
918 87397
880 84192
850 81331
829 79951
801 77890
772 75811
751 73468
735 71899
720 70435
695 69474
675 68311
652 66973
635 65358
619 63380
610 61178
601 59320
589 58015
576 56972
567 55842
561 54563
556 53168
551 50755
546 48612
544 46711
542 45799
537 44697
531 43471
524 42143
521 40926
515 39950
506 39241
496 38239
488 37026
483 35461
481 34423
481 33669
481 33275
481 32667
481 31715
480 30739
478 29771
475 28985
471 28038
470 27085
469 26168
467 25390
465 24644
463 23849
462 23190
461 22474
460 21906
459 21363
459 20878
458 20336
457 18445
458 16725
457 15160
457 14947
456 14652
455 14288
454 13919
453 13582
452 13288
451 13066
449 12834
447 12532
445 12203
443 11899
441 11604
438 11329
436 11101
432 10877
428 10608
422 10287
415 9958
407 9622
400 9342
395 9119
387 8901
378 8634
367 8283
352 7889
336 7452
318 7095
303 6830
285 6578
266 6220
247 5749
228 5288
208 4677
189 4242
171 3922
153 3766
132 3531
104 2966
79 2495
58 1998
46 1656
39 1377
30 1203
24 1130
18 999
14 780
