1022610 13505386
1021135 13505386
1020151 13499497
1019810 13487759
1019129 13471969
1018117 13459418
1017265 13438973
1016132 13422581
1015331 13408839
1014710 13403717
1014529 13393292
1014138 13381206
1013609 13359910
1012765 13343917
1012130 13329584
1011634 13329584
1011634 13324257
1011510 13313324
1011286 13299090
1010994 13287484
1010734 13268500
1010286 13252817
1009906 13239832
1009618 13234252
1009489 13223188
1009228 13208643
1008814 13196678
1008459 13176445
1007976 13159693
1007647 13145941
1007388 13140362
1007315 13128364
1007121 13112503
1006816 13098971
1006494 13077349
1005883 13059590
1005383 13045080
1004973 13038692
1004832 13025493
1004535 13007444
1004058 12993246
1003622 12968957
1002909 12949518
1002377 12932615
1001944 12922993
1001718 12909364
1001331 12893575
1000855 12868277
999910 12846986
999126 12827855
998429 12827855
998429 12820644
998183 12804980
997654 12784586
996837 12766145
996090 12736837
994819 12712260
993837 12692940
993029 12684373
992689 12665646
991954 12641591
990895 12622415
989969 12593381
988566 12569675
987486 12549658
986613 12534074
986113 12508669
985148 12477685
983685 12458919
982490 12426300
980508 12399260
979024 12375585
977773 12363601
977129 12340246
975886 12310978
974153 12289819
972738 12255021
970399 12226138
968550 12201129
967027 12188200
966284 12163619
964878 12132465
962885 12106830
961252 12064911
958384 12029566
956104 12001630
954207 11988873
953485 11964483
952017 11929885
949895 11904021
948096 11862949
945150 11832086
942859 11805246
940968 11792607
940143 11764468
938507 11729356
936084 11702673
934032 11664550
930906 11633400
928566 11606459
926681 11593833
925845 11570753
924313 11542294
922321 11518950
920875 11468866
917992 11424159
915568 11386963
913434 11386963
913434 11374600
912759 11355656
911440 11328593
909665 11283546
906797 11245080
904572 11214732
902803 11201654
902085 11175278
900663 11141956
898542 11117578
896785 11089936
894785 11069240
893485 11041831
891860 11017596
890544 10979811
888560 10946171
886587 10921187
884888 10884352
882690 10854219
881158 10824030
879693 10804906
878730 10773081
877079 10733342
875106 10392119
873466 10044022
872514 9708627
871506 9676166
870132 9648453
867925 9606056
865678 9569885
863716 9543077
861381 9522523
859761 9496436
857672 9462166
855817 9416096
852844 9365208
849637 9318765
846900 9285639
844569 9257625
842506 9227161
839800 9189694
836728 9149353
833199 9104911
829762 9067018
826738 9036608
824201 9011407
821662 8978045
818409 8936340
814600 8885139
810325 8830882
806148 8782370
802419 8745816
799185 8714361
795670 8675132
791694 8625796
786896 8569712
781825 8511644
774118 8462083
767284 8425603
761024 8393675
757157 8352476
752209 8299843
746201 8238909
739662 8176116
733316 8120223
727965 8079453
723232 8042620
718330 7998839
712360 7944634
705455 7884017
698187 7823222
691175 7768495
683354 7726600
677929 7684904
672372 7632558
667440 7566972
659536 7496691
650618 7426941
642663 7367182
635396 7320681
629434 7276986
622227 7224378
613444 7159897
603297 7090822
592628 7023011
583502 6963641
575957 6920627
570149 6886325
564496 6850452
554307 6800677
545848 6739235
537312 6673172
532223 6619014
525947 6582599
520613 6560090
517163 6535828
508428 6500383
500989 6445341
494516 6382923
492646 6323495
489025 6277480
483911 6233310
478366 6183451
472518 6122246
465349 6055490
458551 5991329
452050 5939209
446618 5898055
441525 5859934
435917 5814789
430003 5761761
423166 5702388
416749 5643842
410219 5591702
404645 5548021
399466 5505398
394306 5459269
388697 5407021
382777 5353602
377125 5301529
372079 5259584
367839 5227568
364567 5199779
361421 5167636
358089 5129661
352998 5082648
349181 5033567
345107 4982518
342670 4938595
339426 4895767
336082 4851536
332633 4802889
328760 4751625
324960 4701916
321177 4659703
317526 4624564
314651 4593130
311858 4559156
308867 4519882
305940 4477713
303088 4435744
300491 4399988
297626 4370129
295219 4341647
293153 4309082
291056 4271111
288497 4229306
285682 4186698
282952 4150572
280407 4120813
278371 4093683
276457 4061656
274391 4024313
271834 3983534
269001 3942929
266352 3909157
263925 3881388
261913 3855832
260050 3825261
258038 3790134
255669 3750022
253103 3710542
250783 3678434
248843 3653614
247322 3629513
245647 3599741
243797 3564321
241434 3526039
238995 3488012
236614 3456494
234550 3431579
232905 3406867
231329 3376927
229557 3340380
227532 3301241
225271 3263034
223213 3232924
221332 3210221
219508 3189761
218051 3164301
216361 3132963
214832 3097233
212747 3062609
210898 3035234
209344 3016555
208260 2998763
207245 2975098
205939 2944093
202875 2909036
199679 2875017
196752 2848823
195482 2829985
194509 2812313
193409 2789619
192288 2760778
190953 2727628
189545 2694110
188168 2666862
186903 2646037
185873 2625979
184824 2600008
183659 2567258
182265 2531951
180863 2502588
179646 2482579
178701 2468776
177824 2451749
176884 2428670
175662 2399800
174098 2367040
172344 2334244
170734 2307301
169102 2286443
167627 2266866
166177 2241984
164570 2211686
162886 2177829
160856 2143921
159273 2116663
157713 2096939
156422 2079536
155055 2058805
153561 2033861
151824 2008298
149921 1982458
148210 1961573
146748 1944742
145754 1928816
144730 1907971
143615 1884128
142239 1857936
140690 1831390
139265 1807228
137939 1787376
136991 1770035
135948 1750918
134604 1730234
132954 1708120
131127 1686498
129577 1668285
127999 1651314
126642 1633037
125215 1610933
123753 1587427
122078 1563268
120069 1538415
118049 1514735
116097 1493289
114384 1471687
112719 1448934
110938 1425056
108998 1400843
106968 1376038
104923 1351944
102974 1329696
101233 1307851
99599 1284068
97743 1257915
95625 1232485
93395 1207944
91397 1185079
89431 1163346
87576 1140316
85679 1116857
83613 1092262
81496 1068787
79335 1047361
77516 1028421
75910 1011659
74467 994714
73060 977073
71631 958339
70018 938742
68304 917478
66447 896862
64894 877947
63437 860486
62060 842375
60504 823339
58851 803073
57397 783435
55942 764942
54749 749778
53625 734746
52604 719819
51349 700517
49811 680120
48300 659167
46971 641764
45942 627267
45030 613947
43971 599852
42687 582613
41141 563398
39639 544414
38276 527565
37277 514098
36402 501440
35557 488758
34481 474878
33287 459059
32004 444182
30882 429507
29981 419563
29252 409298
28513 399144
27588 384939
26529 372006
25514 359208
24732 350788
24249 343157
23780 336999
23309 329017
22527 319674
21739 309320
20872 297878
20232 287496
19620 277711
19084 268860
18511 259322
17880 247942
17211 236626
16489 226240
15895 218266
15408 212484
15057 207569
14728 202397
14336 195500
13880 188085
13346 180045
12809 172655
12293 166653
11928 162029
11679 157407
11371 151856
10986 145840
10465 140038
10014 134816
9558 131081
9185 128125
8870 124652
8507 120295
8099 114798
7632 108468
7265 102227
6984 97864
6741 95236
6471 92914
6169 90026
5826 86810
5488 83723
5209 80803
4993 78643
4792 74888
4554 70830
4252 63802
3962 57686
3667 51718
3438 48849
3178 47451
2897 46415
2624 43140
2365 39015
2123 34376
1850 31135
1651 28100
1468 25332
1287 23163
1099 20953
918 18548
783 15758
640 13123
518 11200
405 9488
322 8127
251 6213
197 4705
145 3094
104 2146
