110989 1709273
110979 1708634
110964 1707903
110948 1706910
110923 1705833
110898 1704863
110864 1704226
110841 1703778
110824 1703310
110812 1702635
110796 1701738
110773 1700807
110749 1700067
110728 1699713
110714 1699466
110708 1699063
110703 1698474
110697 1697583
110688 1696372
110672 1695207
110654 1694436
110640 1694084
110632 1693758
110625 1693244
110613 1692543
110598 1691735
110583 1691027
110564 1690593
110549 1690309
110536 1689906
110527 1689281
110511 1688367
110489 1687151
110465 1686060
110438 1685324
110418 1684999
110403 1684465
110385 1683661
110358 1682641
110315 1681490
110271 1680452
110226 1679728
110193 1679308
110167 1678752
110146 1677794
110112 1676363
110068 1674945
110005 1673890
109954 1673436
109917 1673047
109901 1672503
109876 1671500
109838 1670295
109793 1668769
109741 1667504
109679 1666630
109620 1666047
109574 1665307
109533 1664237
109479 1662724
109407 1660903
109316 1659143
109214 1657980
109128 1657258
109069 1656632
109015 1655575
108939 1653847
108841 1651718
108734 1649818
108617 1648716
108523 1647992
108452 1647266
108391 1645970
108303 1643806
108183 1641044
108040 1638684
107889 1637312
107764 1636496
107673 1635374
107577 1633390
107440 1631081
107278 1628287
107120 1626091
106957 1624270
106802 1623249
106688 1622146
106597 1620503
106496 1618132
106350 1615326
106185 1612939
105992 1611404
105837 1610462
105722 1609460
105639 1607707
105514 1605610
105354 1603030
105181 1600866
104991 1599083
104834 1597806
104721 1596644
104615 1594917
104488 1592371
104310 1589726
104138 1587688
103922 1586738
103745 1585974
103613 1585023
103528 1583542
103415 1581242
103253 1578446
103060 1575885
102840 1574194
102671 1573170
102556 1572029
102470 1570306
102342 1567446
102164 1564582
101991 1562225
101826 1561129
101709 1560469
101621 1559605
101559 1558307
101476 1556225
101370 1554108
101249 1552242
101115 1551240
101012 1550499
100943 1549035
100892 1546334
100808 1542880
100699 1540062
100588 1538281
100486 1537303
100409 1536455
100340 1535042
100271 1532492
100174 1528633
100067 1524184
99957 1520132
99871 1517134
99812 1515363
99765 1513713
99702 1510700
99619 1506197
99521 1500899
99418 1497142
99333 1494492
99270 1493131
99217 1489626
99136 1486733
99027 1482883
98903 1480215
98773 1476771
98672 1474209
98595 1472567
98536 1471154
98455 1468601
98342 1464372
98245 1459365
98189 1455776
98169 1453749
98146 1452669
98117 1450984
98076 1448464
98020 1444268
97921 1439225
97804 1434887
97702 1432372
97623 1430857
97548 1428855
97440 1425287
97306 1420700
97155 1415409
97011 1411453
96897 1408600
96802 1406865
96699 1403910
96550 1399864
96384 1394747
96219 1389983
96074 1386389
95954 1384043
95835 1381551
95724 1378490
95562 1374172
95369 1368823
95158 1362715
94976 1357613
94836 1354241
94699 1351663
94569 1349133
94382 1345200
94140 1340203
93825 1334361
93520 1330017
93256 1326963
93055 1325328
92807 1322868
92625 1319143
92395 1311465
92174 1305288
91862 1300630
91617 1299380
91458 1297537
91255 1292712
91082 1288619
90871 1282563
90706 1278780
90431 1273478
90203 1270196
89981 1266663
89793 1262790
89468 1256726
89100 1249751
88713 1243005
88381 1237771
88109 1233765
87841 1229330
87557 1223960
87169 1216876
86688 1208838
86176 1201958
85638 1197953
85157 1195349
84672 1191236
84175 1184066
83510 1174781
82669 1164321
81849 1155036
81171 1148366
80634 1142784
80039 1135842
79334 1127499
78577 1119150
77726 1111036
76745 1102228
75660 1093354
74672 1085120
73686 1076549
72532 1066324
71136 1055070
69651 1043904
68243 1033447
66936 1024246
65751 1015737
64694 1008141
63236 997780
61643 986201
59758 972490
58285 961633
56992 952980
55926 946662
54854 940228
53549 932133
52026 922442
50352 911657
48836 901481
47514 892728
46394 884497
45281 875913
44088 866894
42759 856633
41403 846737
40262 837254
39279 829600
38528 822531
37767 815198
36984 807431
36080 799041
35109 790852
34288 783096
33415 776354
32672 769553
31866 762463
31152 754706
30364 746685
29581 738729
28835 730683
28219 723921
27677 717665
27144 711389
26574 704019
25948 695462
25360 687225
24807 679686
24302 673175
23868 667415
23460 661738
23072 656056
22630 649446
22203 642913
21776 636631
21366 631243
20992 626555
20652 621755
20286 615999
19863 609632
19398 602812
18942 596055
18541 590309
18201 585792
17901 581766
17563 576413
17151 568845
16726 561008
16339 553686
16042 549087
15792 545316
15488 540448
15106 532999
14727 525079
14380 517876
14109 512800
13894 509145
13735 506830
13554 504022
13280 499247
12949 493012
12598 486147
12277 479797
12005 474855
11814 471453
11638 468761
11403 464268
11103 457788
10766 450207
10475 443778
10209 438916
10012 435514
9846 432094
9673 427444
9464 421371
9211 414220
8980 407737
8782 402914
8655 399768
8543 396382
8435 391460
8296 385638
8137 379319
7991 373738
7839 368035
7715 363163
7589 357831
7460 352463
7320 346715
7170 341069
7039 335472
6908 330149
6776 325031
6665 320500
6559 315589
6441 310508
6317 305426
6208 301207
6104 297297
5987 293239
5853 288760
5729 284323
5601 279799
5478 275413
5343 271002
5221 266898
5105 262325
5005 257323
4893 251972
4777 247148
4663 242775
4565 238964
4489 235722
4413 232365
4331 228547
4237 224097
4149 219303
4059 214014
3974 208943
3900 205067
3847 202771
3807 200429
3765 197269
3713 192978
3659 188748
3610 185161
3570 182548
3529 180021
3490 177255
3450 173672
3417 169738
3385 165891
3351 162116
3324 159704
3300 157539
3277 155377
3248 152010
3217 148114
3188 144133
3155 139997
3124 136534
3096 133792
3074 131823
3045 129350
3012 126417
2973 123054
2935 119849
2902 117240
2875 115283
2847 113500
2802 110915
2751 107927
2705 104521
2672 101583
2645 98983
2611 96781
2580 94758
2546 92257
2513 89586
2475 86953
2442 84984
2409 83649
2375 82310
2330 80545
2282 78340
2224 75938
2153 73423
2071 71000
1992 68805
1935 66816
1888 64662
1831 62228
1768 59763
1700 57347
1636 55254
1571 53431
1521 51572
1486 49841
1455 47902
1416 46138
1369 43977
1316 41604
1268 39256
1225 37268
1188 35502
1148 33650
1107 31584
1067 29473
1029 27389
987 25520
932 23656
869 22085
804 20323
751 18783
709 17365
675 16398
647 15795
616 15165
578 14452
515 13592
451 12750
396 12089
364 11548
344 11224
325 10883
309 10525
291 10031
278 9548
264 9015
251 8393
236 7768
221 7205
204 6788
187 6350
171 5855
155 5290
137 4704
119 4227
105 3871
93 3529
78 3087
63 2590
49 2153
40 1788
32 1540
28 1375
27 1254
24 1060
19 801
12 517
