225865 3098322
225865 3098322
225865 3097106
225815 3094735
225728 3090845
225600 3087269
225420 3082735
225277 3079721
225175 3077609
225175 3076632
225141 3074637
225042 3071727
224943 3069410
224814 3066396
224750 3064296
224686 3062581
224686 3061655
224622 3059820
224557 3056889
224464 3054022
224412 3050063
224324 3047199
224265 3045197
224230 3044474
224224 3042898
224200 3040089
224159 3037176
224112 3033585
224056 3031225
224017 3029693
223990 3028646
223982 3026658
223963 3023685
223931 3020915
223893 3017357
223847 3014784
223815 3013056
223796 3012137
223782 3010142
223756 3007045
223720 3004106
223687 2999588
223635 2996172
223592 2993518
223562 2992301
223549 2989500
223507 2985598
223456 2982218
223406 2977957
223363 2973404
223330 2969547
223308 2968155
223288 2966570
223252 2963890
223193 2960161
223130 2955612
223026 2952158
222945 2949754
222888 2948232
222854 2944881
222784 2940027
222694 2935204
222604 2929424
222491 2925146
222398 2922361
222339 2920829
222310 2917118
222228 2911544
222086 2904296
221837 2898843
221619 2894303
221431 2890719
221316 2884951
221149 2877819
220940 2870565
220716 2863490
220480 2858227
220282 2854254
220132 2850356
219999 2844416
219810 2836608
219580 2827714
219334 2818697
219092 2812019
218889 2807334
218719 2801839
218507 2793678
218232 2784144
217904 2774351
217541 2765628
217110 2759041
216736 2754601
216465 2748993
216192 2740892
215828 2730869
215421 2720386
215051 2710720
214707 2703962
214418 2699495
214194 2694233
213935 2686136
213595 2676351
213187 2666510
212748 2658370
212338 2652902
212013 2649076
211784 2643626
211545 2631387
210906 2615226
210165 2598737
209389 2587316
208941 2580552
208634 2576078
208369 2569777
208074 2562579
207675 2553134
207282 2544599
206962 2534467
206743 2526751
206560 2521099
206406 2517139
206154 2511999
205871 2504632
205527 2494284
205290 2485577
205028 2479586
204836 2477079
204623 2472150
204426 2464824
204176 2455149
203884 2445016
203590 2435797
203302 2427981
202991 2423817
202668 2418397
202317 2412397
201969 2402637
201648 2392872
201305 2382887
201052 2375821
200830 2370446
200649 2364800
200402 2356884
200102 2346660
199769 2335398
199415 2325046
199137 2318028
198920 2313435
198719 2308389
198417 2300360
198082 2290591
197750 2276102
197512 2264185
197342 2255183
197202 2251668
196588 2243964
195845 2231181
195046 2217141
194608 2203345
194215 2193043
193911 2185170
193662 2178985
193409 2170754
193018 2159008
192559 2146148
192015 2129874
191482 2115442
191039 2104508
190750 2098113
190299 2088908
189656 2076945
188840 2064193
188238 2052668
187693 2039933
187270 2029503
186757 2015386
186157 2003012
185366 1984595
184387 1966453
183411 1951489
182577 1943348
181774 1931575
181271 1919802
180656 1904092
180085 1896913
179005 1885584
177852 1874502
176794 1862800
176111 1853928
175425 1846029
174614 1837223
173563 1825701
172370 1811704
171034 1797093
169878 1784555
168954 1775927
168331 1770696
167597 1764000
166609 1755307
165297 1742049
163981 1729270
162873 1716564
162059 1708180
161496 1702195
160957 1697088
160399 1690619
159453 1678218
158368 1664310
157275 1650403
156305 1640444
155519 1632374
154525 1622153
153421 1609997
152127 1595960
150775 1580413
149694 1567263
148636 1556055
147814 1548274
146785 1537546
145530 1523106
144106 1507118
142557 1490450
141193 1476966
139848 1465276
138248 1452421
136540 1438042
134527 1421360
132483 1404835
130383 1387712
128361 1370328
126738 1357670
125291 1347340
124119 1340150
122370 1328680
120242 1313126
117899 1294895
115894 1277811
114343 1265506
112923 1253953
111329 1240187
109192 1222636
106573 1201950
104013 1183610
101195 1161654
98871 1144666
96645 1128338
94775 1116715
92478 1101902
90082 1086717
87748 1068951
85757 1053586
83977 1040443
82358 1031365
80372 1018208
78203 1003282
75992 987844
74195 974591
72788 962257
71678 952139
70687 944692
69515 934748
68119 921452
66696 906872
65479 894191
64563 883616
63842 875209
63179 868629
62342 859863
61373 849076
60339 835751
59517 823494
58770 811086
58078 800662
57377 791974
56497 782283
55542 770560
54485 757143
53622 745204
52927 735858
52375 728881
51810 722547
51035 711824
50205 699970
49409 686411
48809 675527
48280 664807
47828 656425
47401 650103
46860 643155
46247 634850
45603 626090
45067 618221
44567 612184
44084 606579
43612 601314
43168 595770
42729 590290
42270 585241
41822 580652
41424 576295
41095 572367
40761 567999
40374 563244
39914 557722
39442 551964
39016 546805
38654 542308
38367 538172
38100 533663
37779 528567
37382 523097
36928 517420
36462 509805
36118 503768
35894 499140
35789 497750
35650 495730
35380 492390
35018 487944
34624 483271
34308 479422
34034 475701
33750 471768
33435 467318
33093 462469
32731 457128
32380 452587
32100 448111
31911 444896
31771 441429
31590 438576
31344 434896
31077 430726
30815 426481
30592 422981
30398 419388
30206 415644
29969 411158
29636 406469
29317 402290
28996 398201
28725 394295
28463 389994
28266 386120
28062 382495
27810 378356
27502 373372
27213 368588
26951 364696
26689 360968
26440 356711
26128 352027
25805 347017
25454 342413
25165 337423
24897 333386
24643 329242
24401 325758
24135 321335
23832 316702
23504 311859
23180 306734
22879 301631
22643 296969
22481 293592
22331 290072
22164 286249
21949 281800
21704 277241
21435 272471
21195 267467
20988 262365
20805 257432
20614 252965
20422 248883
20230 244988
20064 241860
19940 239741
19811 237564
19652 234144
19480 230285
19319 226822
19182 224137
19045 220998
18911 217663
18738 213244
18554 208065
18369 203062
18225 199217
18096 196487
17959 193390
17830 190317
17708 187226
17577 184159
17416 180836
17230 177277
17042 173755
16875 170314
16742 167178
16629 164324
16493 161305
16290 157818
16080 154018
15892 150352
15762 147226
15648 144511
15524 142012
15352 139456
15126 136588
14870 133346
14613 129998
14358 126292
14122 123138
13892 119823
13612 116099
13302 112430
12957 108806
12655 106332
12375 103646
12165 100793
11934 98045
11697 94665
11408 91600
11136 87766
10870 84367
10612 80592
10403 77664
10119 74037
9808 70368
9426 65533
9066 61575
8785 57825
8532 55100
8379 53075
8132 51513
7757 49074
7270 45844
6805 42671
6436 40412
6149 38453
5779 36606
5364 34747
4821 32898
4307 30709
3818 28458
3511 26908
3259 25833
3045 24984
2732 23650
2431 22188
2125 20634
1892 19400
1733 18561
1620 17971
1475 17178
1305 16179
1169 15274
1058 14481
978 13799
913 13029
867 12371
831 11712
774 11046
714 10307
639 9542
579 8824
517 8144
464 7374
412 6685
370 5963
327 5472
287 4868
250 4244
215 3612
181 3103
147 2716
122 2356
102 2062
90 1820
79 1650
68 1477
60 1312
56 1153
51 1005
45 888
38 766
33 667
