99761 2120232
99731 2120232
99712 2119513
99701 2117347
99679 2115181
99643 2113061
99608 2110792
99564 2108523
99533 2106929
99513 2106191
99505 2104725
99486 2102718
99459 2099093
99416 2096195
99383 2093839
99360 2093839
99360 2093296
99350 2091851
99333 2089619
99309 2087215
99285 2083761
99251 2081094
99225 2079143
99208 2077976
99204 2075853
99192 2072759
99173 2068353
99152 2064904
99115 2062425
99084 2062425
99059 2061729
99049 2060128
99030 2057596
99004 2055167
98977 2051955
98934 2049674
98898 2047986
98873 2046995
98863 2044167
98839 2041089
98798 2038546
98765 2035434
98725 2032571
98703 2030166
98682 2028925
98669 2026378
98641 2023331
98604 2020820
98566 2019615
98544 2018067
98522 2015601
98496 2012002
98459 2007800
98382 2003632
98308 1999986
98220 1997412
98165 1995098
98103 1991120
98043 1986439
97972 1981212
97884 1976329
97796 1971990
97690 1969053
97589 1966500
97476 1962180
97361 1956782
97237 1950743
97080 1944750
96915 1939724
96747 1936353
96591 1933771
96447 1928878
96292 1922548
96129 1914530
95922 1907194
95714 1901153
95505 1897823
95337 1895010
95153 1889653
94947 1882473
94713 1873999
94460 1865960
94233 1858797
93948 1854626
93753 1851763
93533 1846340
93336 1838412
93033 1828739
92650 1820472
92258 1813324
91882 1808683
91612 1804519
91354 1798064
91063 1790030
90709 1781189
90277 1773002
89842 1765559
89410 1760163
89034 1755832
88648 1749611
88231 1738529
87760 1729404
87256 1719083
86770 1714449
86332 1709173
85969 1706623
85611 1700441
85239 1693136
84804 1684337
84380 1674101
83948 1664817
83548 1658936
83165 1652829
82842 1645567
82520 1634985
82191 1629700
81783 1623392
81369 1619396
80939 1614718
80613 1608169
80341 1602628
80090 1595458
79809 1586280
79493 1570235
79184 1555744
78888 1547291
78637 1540035
78387 1533535
78141 1525980
77857 1520686
77572 1512540
77298 1505159
77063 1500295
76873 1493050
76663 1486926
76435 1479344
76200 1474645
75994 1469307
75797 1465020
75609 1462140
75396 1457543
75165 1449240
74879 1441879
74577 1431149
74253 1423555
73952 1415961
73671 1413039
73417 1409491
73117 1402760
72779 1394820
72381 1386107
71864 1378506
71403 1371674
71010 1367023
70773 1361810
70458 1353499
70067 1346276
69648 1338003
69263 1331512
68892 1322571
68603 1317157
68317 1312356
68015 1306627
67595 1297840
67148 1288979
66745 1278946
66392 1272127
66050 1265839
65709 1261682
65302 1253834
64823 1244700
64224 1234562
63668 1225026
63172 1217192
62763 1210702
62231 1204945
61625 1197163
60944 1188644
60231 1179177
59484 1169245
58674 1160222
57816 1152565
56895 1146046
56107 1138849
55412 1130736
54805 1121902
54021 1113167
53197 1105363
52356 1098583
51597 1092326
50878 1087994
50099 1082653
49421 1076747
48701 1068582
48057 1061942
47261 1056257
46325 1046789
45225 1039176
44417 1033134
43770 1030567
43326 1026190
42540 1020374
41729 1015234
40808 1010504
39885 1002772
39249 996930
38776 988239
38478 982038
37973 974144
37317 968717
36517 963325
35708 957036
34948 949309
34223 940984
33418 933275
32621 926739
31796 920201
31029 913258
30224 905932
29329 897936
28445 889658
27500 881260
26681 874044
25740 867554
24912 861152
24203 853791
23588 846200
22986 838722
22345 832022
21701 824841
21084 817846
20496 804667
19936 794135
19367 785768
18959 785768
18648 782446
18404 777523
18011 770641
17644 763943
17229 756031
16789 747079
16278 738293
15780 730290
15364 723566
15005 710637
14674 699741
14307 690564
13907 690564
13520 685107
13183 679650
12926 671459
12706 667823
12480 662359
12251 657445
12024 651282
11798 643840
11610 637174
11448 631154
11331 624929
11210 620112
11065 614576
10916 609955
10768 602992
10651 596472
10527 590632
10423 585125
10325 579733
10230 573861
10119 567810
10012 560723
9917 552712
9834 546888
9760 542118
9692 535377
9615 528637
9526 521814
9434 518517
9355 513430
9283 508408
9214 503227
9152 498237
9072 493001
8984 487737
8886 482206
8807 476213
8741 470800
8689 467254
8644 464473
8596 461137
8486 456116
8376 450924
8276 445292
8239 439153
8208 434793
8171 429333
8130 426065
8087 421162
8049 418096
8017 414054
7987 410602
7967 406701
7943 400935
7913 396212
7869 390166
7822 386961
7784 382703
7751 380650
7723 377116
7691 373549
7660 369633
7619 365973
7574 361469
7532 358314
7499 355682
7476 353798
7453 350425
7417 346397
7383 342022
7345 336373
7321 332083
7297 328981
7279 327800
7262 325383
7242 322375
7222 318887
7193 315222
7171 311296
7151 307759
7134 304574
7115 301760
7094 296930
7075 293162
7056 289236
7038 287485
7023 285193
7007 283172
6994 281223
6981 278680
6959 275694
6928 271930
6893 268438
6866 265405
6848 262867
6833 260390
6813 257581
6783 254748
6750 251884
6722 249241
6694 246666
6666 243889
6639 240704
6614 237451
6584 234391
6550 231497
6523 228706
6488 225771
6463 223093
6434 220602
6412 218083
6373 214948
6333 211301
6295 207934
6272 205366
6242 203020
6217 200361
6189 197576
6168 194626
6143 191639
6118 188431
6094 185845
6075 183590
6052 181121
6027 178285
6000 175337
5976 172885
5956 170711
5936 168840
5918 166910
5893 164489
5874 162633
5849 160716
5831 159161
5806 156369
5785 153195
5767 150075
5745 148193
5715 145708
5679 143093
5639 140477
5606 138716
5580 136737
5562 134298
5544 132356
5520 130733
5489 128572
5461 125999
5421 123280
5386 120340
5346 117543
5325 115625
5293 114067
5257 112327
5217 109576
5177 106607
5134 103929
5089 101611
5051 98881
5009 95828
4953 93425
4879 91560
4811 89295
4747 86107
4699 83370
4631 81485
4567 79613
4478 77527
4392 75013
4305 72809
4242 70509
4196 68396
4149 65762
4088 63259
4017 61458
3943 59993
3845 58365
3751 55594
3660 53183
3605 50750
3543 48065
3471 45165
3385 43132
3310 41602
3236 39879
3160 37732
3085 36474
3013 35494
2938 34432
2847 32996
2744 31645
2659 30062
2585 28710
2516 27831
2423 27282
2299 26501
2174 25294
2074 23960
2004 22804
1941 21860
1867 21240
1794 20537
1729 19613
1663 18703
1587 17496
1513 16528
1447 15757
1397 15342
1344 14735
1284 13992
1216 13310
1151 12906
1087 12639
1036 12453
982 12250
937 11922
882 11485
835 10877
789 10250
754 9806
714 9542
672 9310
614 8919
551 8468
482 7778
424 7097
369 6512
317 6108
266 5853
224 5523
190 5144
165 4505
138 3897
119 3356
100 3000
85 2602
70 2238
59 1844
50 1533
