1038679 14582951
1038309 14582899
1037879 14582859
1037389 14582796
1036892 14582758
1036457 14582704
1036066 14582655
1035752 14582608
1035465 14582558
1035195 14582508
1034864 14578533
1034518 14574559
1034180 14570593
1033924 14570547
1033750 14570510
1033633 14567187
1033503 14563866
1033299 14560541
1033060 14557464
1032819 14552098
1032607 14546732
1032419 14544410
1032245 14539946
1032067 14535475
1031822 14527076
1031536 14523094
1031240 14516184
1030978 14513210
1030764 14510251
1030592 14510229
1030433 14506559
1030227 14499250
1029990 14488667
1029727 14479716
1029471 14474379
1029216 14468750
1028904 14465138
1028675 14461521
1028432 14457948
1028227 14454364
1027960 14448259
1027720 14445679
1027524 14443100
1027320 14443042
1026989 14439101
1026702 14432774
1026391 14426476
1026182 14414783
1025945 14405477
1025735 14392648
1025535 14385570
1025302 14378482
1025047 14374904
1024742 14359057
1024390 14343191
1023997 14318895
1023702 14310395
1023438 14301918
1023178 14223368
1022734 14144795
1022204 14066218
1021651 14057691
1021101 14049179
1020622 14040668
1020201 14040605
1019781 14026555
1019368 13990153
1018902 13953776
1018490 13898958
1017998 13866482
1017599 13833984
1017248 13812197
1016971 13768451
1016133 13712678
1014936 13678091
1013010 13631202
1011361 13596328
1009856 13561941
1008795 13545707
1007538 13511226
1005990 13416616
1004093 13338027
1002022 13277642
999863 13277381
997742 13277168
995762 13225361
993561 13173488
991124 13121541
988175 13060536
984996 12999502
981814 12938524
978982 12938151
976258 12903110
973174 12847648
969370 12792130
965297 12771182
961343 12713421
957515 12655706
954184 12598076
950911 12577671
947760 12557160
944033 12487764
939992 12438213
935736 12343901
931641 12298523
928046 12253223
924600 12252696
920908 12231697
916650 12185358
911790 12122330
907188 12031832
902472 11966688
898417 11918257
894083 11917606
889819 11874052
884896 11812923
880160 11736729
875613 11657273
871332 11595413
867315 11548685
863584 11547957
859818 11523708
855586 11462873
850945 11344054
846498 11248725
842331 11190075
838709 11169672
835425 11149258
832090 11109186
828347 11088957
824437 11055885
820558 10998791
816652 10943516
813179 10901310
809724 10902911
806411 10870766
802873 10838622
799344 10767887
795953 10688303
792580 10608720
789641 10567727
786420 10546400
782955 10506847
779095 10451648
775573 10404382
772288 10336217
769295 10283696
766664 10244569
764127 10244569
761476 10222532
758409 10168492
754931 10086040
751258 10025625
748196 9997212
745781 9997212
743324 9974102
740105 9934293
736390 9879988
732470 9848792
728603 9769557
725101 9704818
721611 9640079
717810 9622170
713453 9592984
709444 9556147
706168 9525375
703251 9505881
700258 9438168
696607 9382298
692248 9326428
687066 9307669
681731 9273875
676550 9226010
671773 9131346
667197 9051718
662466 8986160
656946 8971082
651406 8938188
645941 8905294
641045 8858977
636007 8768515
631367 8678053
626829 8616092
621835 8616092
616001 8568873
609515 8500794
602401 8432714
595881 8336168
589947 8260483
584758 8184798
578623 8162861
571949 8121589
564644 8080317
557865 8045979
551313 7956583
546487 7867186
542248 7792794
538166 7792794
532898 7773815
527088 7740739
521468 7707663
516352 7681577
512035 7603870
508497 7526163
504984 7460445
500707 7439777
495618 7402205
490156 7347257
484806 7312978
480004 7228997
475110 7162391
470351 7095785
465340 7045755
460601 6995725
455380 6920598
450074 6867605
444627 6748070
439710 6653633
434065 6587092
428753 6570673
423079 6537844
417994 6458622
412248 6372965
407057 6303718
401361 6280863
395755 6246214
389387 6211565
383377 6162500
377664 6132387
372280 6102273
367475 6038939
362890 5991302
358608 5904916
354100 5866168
349371 5827420
344567 5793500
339605 5742809
335016 5674079
330532 5621333
325954 5568811
321282 5517144
316466 5483413
311814 5435743
307026 5393384
302950 5351024
298779 5296370
294531 5239757
289852 5168266
285443 5126288
281445 5082306
277311 5053203
273737 5012815
270576 4988263
267627 4930312
264605 4881786
261556 4816129
258759 4783870
256085 4751785
253672 4714934
251563 4678083
249672 4628328
247581 4600470
245540 4556305
243411 4527065
241388 4487966
239525 4442057
237864 4393114
236161 4354031
234518 4324608
232863 4299987
231510 4265759
230183 4239123
228881 4196348
227536 4163179
226214 4124411
225016 4102598
223902 4069622
222795 4026354
221640 3993434
220694 3952486
219845 3933294
219049 3902424
218109 3878639
216980 3834569
215975 3794259
215058 3766056
214418 3750150
213752 3721507
212977 3692863
212115 3652509
211249 3632811
210457 3597537
209761 3581961
209097 3548473
208453 3530560
207717 3501363
206979 3481108
206279 3451168
205692 3424147
205144 3391143
204665 3367824
204187 3332580
203709 3312288
203193 3283297
202627 3264316
202083 3237781
201560 3212498
201126 3190351
200732 3166509
200333 3150115
199883 3131823
199377 3115277
198908 3091930
198512 3072222
198159 3042608
197819 3007266
197454 2977331
197045 2953234
196612 2932415
196192 2896814
195809 2872782
195442 2850804
195087 2834080
194727 2797720
194358 2768554
193974 2739833
193613 2722852
193266 2698844
192953 2674563
192654 2658178
192321 2637805
191966 2616627
191658 2586284
191375 2558635
191074 2533923
190707 2511414
190451 2487627
190214 2460551
189889 2431719
189343 2403263
188741 2376753
188176 2350205
187755 2325483
187377 2292977
187025 2269226
186632 2245357
186221 2223432
185816 2194028
185411 2172140
185048 2158426
184697 2135676
184338 2112926
183835 2084154
183371 2066272
182874 2028776
182445 2003535
181936 1973737
181422 1941672
180898 1909606
180367 1878389
179917 1862817
179504 1839588
179140 1820666
178808 1804069
178626 1791901
178458 1780585
178325 1770174
178099 1757140
177838 1741241
177458 1721401
177083 1702487
176719 1682505
176385 1656762
175990 1628033
175641 1600221
175342 1579213
175087 1562477
174836 1548074
174529 1530879
174216 1509643
173836 1486068
173427 1464197
173027 1443155
172625 1423179
172344 1404811
172052 1386436
171802 1367332
171448 1345024
171096 1322489
170783 1301416
170493 1283579
170215 1265353
169894 1243827
169568 1219475
169201 1195064
168799 1171386
168418 1150533
168058 1131983
167764 1115241
167476 1097385
167149 1077156
166775 1054882
166335 1031788
165860 1009822
165404 991254
164997 975084
164685 959591
164286 940858
163727 906626
163101 871427
162482 837689
161924 816980
161368 786276
160715 762153
160015 735756
159124 715939
158113 687612
157069 660772
156149 640085
155316 621246
154424 602193
153622 579366
152712 559521
151787 543724
150530 532013
149366 519112
147997 504519
146680 489533
145294 475334
144071 463378
142880 452120
141811 442149
140876 433561
139856 390560
138628 347943
137122 305551
135478 298955
133738 293526
132110 289814
130313 284668
128591 280050
126295 271613
123929 264722
121226 255672
118737 248674
116292 241279
113804 234565
111395 228507
108618 221616
105620 214345
102604 206679
99385 199337
96115 192291
92387 184928
88866 177937
85210 170507
81764 163638
78436 157352
74972 151181
71758 145289
68180 137835
65121 132073
61563 125546
58231 120231
54623 113717
51052 107124
47661 100941
44349 94888
41038 88804
37608 82265
33876 75089
29904 67404
25948 59832
22215 52589
19230 46839
16274 41159
13750 36071
11146 30575
8976 25554
6736 20335
5019 15877
3675 10100
2846 5895
2063 2436
1412 1753
1021 1323
722 988
