207391 3729627
207203 3729627
207077 3727770
207015 3724219
206900 3719032
206726 3714542
206576 3707326
206378 3701745
206240 3697326
206140 3695525
206099 3692026
206013 3687437
205901 3680870
205763 3676002
205670 3672223
205603 3672223
205603 3670537
205574 3666941
205517 3661677
205440 3656633
205376 3649387
205292 3643809
205227 3639698
205178 3638002
205153 3634748
205101 3629612
205024 3623532
204939 3614660
204794 3607671
204674 3603323
204586 3601133
204546 3595527
204470 3589920
204368 3585384
204266 3578836
204124 3572288
204008 3566859
203932 3564554
203890 3560146
203817 3554226
203718 3549226
203640 3540485
203523 3533256
203431 3527413
203360 3524472
203313 3519716
203229 3512799
203122 3503028
202953 3495072
202819 3489276
202709 3489276
202709 3486700
202668 3481364
202584 3473759
202446 3467295
202275 3457217
202041 3449407
201862 3443031
201756 3439357
201698 3432831
201572 3423615
201395 3416454
201225 3404905
200945 3396045
200717 3388804
200538 3385094
200465 3378134
200326 3368895
200122 3361668
199945 3350097
199645 3340804
199410 3333210
199221 3329507
199128 3322232
198944 3312551
198692 3296731
198464 3284482
198115 3274640
197834 3274640
197621 3270193
197526 3262567
197354 3251610
197109 3243252
196908 3228915
196575 3217908
196317 3208749
196109 3204543
196032 3196906
195886 3186820
195684 3178522
195513 3165059
195208 3154044
194959 3145448
194756 3141181
194668 3133511
194505 3123062
194270 3114598
194064 3100393
193728 3088967
193462 3079824
193256 3075667
193216 3068715
193089 3059366
192891 3052544
192674 3040793
192395 3031438
192188 3023714
192040 3019627
191971 3012103
191804 3001629
191546 2993128
191308 2986134
191106 2979369
190943 2971122
190772 2961006
190586 2949960
190382 2940496
190165 2932763
189965 2926415
189784 2919373
189616 2910238
189443 2899024
189252 2886801
189034 2876214
188798 2867624
188574 2860493
188376 2852972
188210 2842840
188042 2830167
187845 2816259
187618 2805671
187370 2796806
187143 2790359
186934 2781647
186714 2771398
186459 2756462
186177 2739310
185871 2723362
185585 2710381
185330 2701408
185112 2691818
184925 2681743
184574 2667992
184205 2655005
183738 2641089
183386 2630055
183055 2619168
182768 2609987
182444 2599172
182094 2587814
181713 2577015
181383 2566965
181057 2558814
180803 2550637
180546 2543560
180201 2530517
179785 2511602
179285 2485923
178804 2464740
178318 2449156
177907 2439849
177552 2429818
177194 2417362
176745 2402873
176225 2388892
175621 2376695
175067 2366042
174538 2355023
174057 2342503
173473 2326494
172691 2307321
171861 2288295
171027 2273467
170352 2263178
169738 2254461
169166 2244411
168511 2230887
167717 2215468
166802 2199724
165877 2186567
165023 2174938
164291 2165774
163604 2154302
162784 2142145
161753 2136493
160495 2131288
159218 2126718
158066 2113583
157079 2103111
156072 2091455
154861 2078398
153415 2063318
151759 2047906
150106 2035064
148605 2023205
147408 2014401
146368 2005025
145311 1995274
144134 1983289
142736 1969739
141314 1957332
139912 1946955
138840 1939641
137957 1932182
137278 1923338
136344 1904733
135016 1884052
133500 1863795
132047 1852015
130964 1842503
129916 1832965
128813 1822202
127497 1809961
125973 1791374
124325 1773418
122743 1755018
121224 1743216
119825 1731111
118247 1719657
116557 1706548
114755 1690015
112967 1677506
111372 1666706
109752 1659527
108303 1647995
106632 1634698
104890 1620344
102926 1606112
101087 1592571
99165 1577030
97316 1562013
95504 1547494
93756 1535313
91882 1521208
89923 1505087
88054 1490266
86172 1476798
84103 1465850
81834 1454796
79484 1444515
76891 1433115
73894 1421682
70715 1409926
67827 1398367
65744 1386048
64281 1373419
63132 1360777
61990 1346622
60611 1332221
59125 1310140
57629 1289847
56245 1271591
54953 1261182
53654 1250866
52397 1240107
51257 1229468
50206 1217392
49204 1204432
48198 1192336
47281 1182460
46549 1172647
45773 1162870
44885 1152359
43972 1141536
43199 1132115
42545 1124668
41835 1117893
41029 1109414
40201 1099516
39426 1089180
38668 1079512
37977 1070218
37334 1062486
36817 1054568
36306 1046096
35696 1036930
35012 1027697
34326 1019520
33794 1011358
33358 1004139
33028 996917
32655 989299
32246 981490
31796 973379
31364 967006
30990 960556
30691 954765
30474 948291
30264 941892
29992 935374
29705 928539
29424 921734
29198 915440
29001 910213
28846 905197
28680 899858
28474 893206
28239 886029
28006 878976
27826 872746
27690 867577
27597 862619
27486 857379
27360 851468
27203 844783
27060 838460
26941 832278
26848 827526
26761 822618
26668 817761
26557 812379
26426 807656
26299 803531
26204 799613
26150 795858
26106 791904
26025 787503
25927 782490
25781 776873
25634 771324
25481 766017
25371 761342
25277 757049
25174 752517
25053 746995
24904 740894
24735 734677
24585 729156
24473 724182
24395 718747
24270 712465
24122 704306
23938 696364
23766 689064
23615 683172
23502 677198
23409 671278
23296 665242
23156 658548
22994 651725
22821 645490
22640 639659
22473 633927
22297 627190
22138 620476
21957 612728
21774 605154
21566 597811
21351 588954
21168 581235
20987 572922
20810 566323
20601 558784
20381 551693
20111 544640
19816 537057
19451 529093
19117 520950
18774 513046
18481 505135
18161 497438
17842 489556
17526 482727
17240 476020
16980 469065
16727 460998
16449 452383
16151 444496
15837 437066
15554 430728
15283 424512
15036 418095
14789 411170
14530 403678
14278 396656
14004 390543
13756 385329
13502 380451
13281 376133
13037 370511
12792 364372
12530 356963
12320 350565
12141 344260
11985 337922
11809 330848
11618 325154
11412 319695
11202 314744
11012 308559
10846 303027
10705 298136
10569 293654
10424 289163
10287 283318
10165 279072
10056 274722
9953 272063
9839 267986
9736 263800
9629 259587
9510 255326
9387 250847
9246 246304
9145 242278
9041 238551
8940 234381
8810 229660
8614 224121
8394 218737
8178 212803
7994 207922
7844 203458
7710 199328
7608 194377
7500 189024
7376 184056
7255 181517
7142 179456
7039 177436
6927 173593
6794 167267
6637 160362
6477 153104
6333 147725
6208 142676
6081 137979
5966 133422
5822 129034
5677 124484
5516 119963
5366 115240
5221 110946
5054 106775
4909 102363
4777 97877
4654 93389
4492 89599
4313 86262
4159 83825
4012 81256
3877 78487
3704 74953
3558 71583
3385 68297
3205 65173
3009 62150
2847 59327
2742 56657
2641 54226
2526 50876
2376 46708
2226 43164
2090 40561
1969 39164
1877 37749
1791 36702
1708 35850
1603 34771
1481 33557
1364 32232
1261 30665
1176 29041
1091 26847
987 25218
888 23497
787 22795
707 21238
624 19536
560 17472
486 16019
426 15080
366 14282
326 13532
283 12531
248 11776
218 10729
184 9899
152 8837
122 7989
104 7142
89 6340
74 5652
61 4933
51 4070
41 3261
35 2563
