344638 2272164
343604 2272164
342915 2269723
342626 2264740
342025 2257175
341193 2249758
340365 2240044
339291 2232912
338449 2228074
337891 2225470
337620 2220822
337117 2214530
336463 2205900
335631 2199314
335031 2194371
334582 2194371
334582 2192638
334413 2188961
334063 2183410
333526 2178152
332951 2170564
332252 2164851
331738 2160578
331433 2158966
331165 2155423
330748 2149925
330182 2144449
329750 2137042
329254 2131590
328908 2127729
328694 2126349
328566 2122772
328339 2118025
327991 2112977
327687 2106280
327336 2100754
327106 2096909
326959 2094741
326872 2090518
326686 2084074
326428 2078721
326142 2071184
325745 2065869
325420 2061630
325211 2059319
325091 2055473
324854 2049907
324477 2041871
324050 2035369
323739 2030588
323567 2030588
323567 2028500
323478 2024240
323312 2018030
323070 2011983
322829 2004992
322530 1999952
322306 1996837
322171 1994739
322060 1990262
321848 1983528
321520 1977248
321208 1967576
320815 1960161
320539 1954390
320358 1951379
320229 1945475
319954 1936544
319524 1927391
319067 1914808
318489 1905252
318066 1898929
317799 1895884
317633 1889906
317336 1879334
316914 1869641
316500 1856554
315950 1848061
315524 1841735
315257 1839039
315087 1833888
314766 1825934
314315 1819271
313899 1808965
313354 1801462
312939 1795364
312659 1792993
312472 1787625
312109 1779674
311600 1773246
311152 1762344
310647 1754024
310287 1746554
310054 1744012
309876 1737518
309514 1728380
309021 1719586
308569 1712954
308193 1707086
307843 1701903
307379 1693768
306810 1676730
306218 1658469
305785 1643626
305465 1637996
305214 1634218
304969 1629519
304668 1623901
304313 1616726
303929 1609475
303609 1603088
303329 1597073
303095 1591433
302903 1584715
302684 1577581
302388 1569278
301991 1561472
301612 1554186
301333 1548111
301150 1542230
300974 1535658
300756 1528868
300501 1521075
300224 1513263
299936 1505234
299621 1498249
299344 1491514
299094 1483104
298811 1472490
298304 1460196
297664 1449701
297064 1441327
296607 1434922
296112 1430045
295726 1426203
295352 1423661
295093 1420867
294703 1418098
294340 1415792
294030 1413617
293763 1411723
293446 1409911
293071 1407623
292595 1404951
292100 1401692
291605 1398436
291242 1395799
290952 1393338
290670 1391522
290306 1389475
289880 1387180
289456 1384165
289076 1380669
288728 1377439
288330 1374677
287758 1371735
287104 1368609
286424 1365346
285795 1362402
285196 1359087
284612 1355998
284030 1353082
283331 1350275
282516 1347199
281621 1343747
280776 1340444
279959 1337403
279159 1334603
278290 1331718
277334 1328490
276215 1324730
275057 1320766
273915 1316878
272897 1313379
271908 1310112
270861 1306781
269633 1303110
268112 1298921
266588 1293697
265175 1288641
263992 1284256
262802 1280860
261508 1277361
259927 1272990
258126 1267865
256091 1262030
254355 1256340
252381 1250417
250575 1245083
248398 1239592
246202 1234453
243611 1228355
240639 1221713
237903 1215018
235316 1209170
233391 1197485
231196 1186011
229201 1174189
226905 1168814
224813 1163400
222505 1158452
220387 1154129
218692 1150340
217202 1146904
215764 1142424
213998 1137750
212101 1131577
209738 1125360
207629 1119249
205623 1113342
203918 1108177
201709 1102481
199187 1097118
196600 1091240
194092 1085161
191769 1078509
189348 1071490
186754 1064162
184053 1056972
181285 1051084
178746 1045524
176069 1040284
173423 1034412
170691 1028360
168140 1022282
165422 1014423
162553 1006891
159676 999068
157154 993101
154699 986655
152543 981278
150664 976731
148713 972030
146798 966662
144468 959196
142055 951856
139204 943321
136420 935020
133971 926905
131800 917840
129796 910293
127705 902424
125732 897790
123806 892452
122047 888036
120451 883151
118664 877766
116897 872046
115032 865873
113554 860383
112255 855576
111125 851219
109939 847042
108586 841866
107032 836308
105481 830154
104182 824982
103100 820602
102228 817151
101474 813348
100698 809065
99723 804208
98629 800795
97669 797907
96877 795475
96285 792015
95587 788277
94749 784719
93799 780127
92883 775429
92161 770651
91491 767020
90890 763652
90274 759959
89555 754782
88791 750061
88012 883177
87395 1016408
86855 1149130
86343 1142751
85864 1136409
85279 1128266
84629 1116840
83945 1105387
83386 1096663
82922 1092626
82507 1088741
82104 1083042
81686 1076290
81122 1068264
80546 1060471
80017 1052648
79611 1046712
79194 1040406
78780 1034123
78301 1026424
77791 1016656
77275 1006596
76790 998138
76403 992740
76068 988860
75775 983502
75462 976776
75059 968500
74669 960922
74317 954370
74056 949639
73819 945209
73546 939806
73210 932084
72880 922930
72559 914756
72325 909104
72132 905903
71916 902192
71582 895478
71164 886308
70701 876879
70291 869169
69932 863797
69600 859382
69279 855476
68888 850548
68429 844639
67867 837437
67268 830370
66789 824612
66385 819899
66030 815397
65582 809476
65056 802966
64384 795187
63704 784280
63106 773430
62567 764352
61992 758608
61315 752327
60576 744587
59691 736326
58838 727471
58095 719714
57535 713440
56929 707742
56229 700740
55416 691081
54525 680007
53661 666342
52877 655740
52091 647299
51216 642767
50181 635156
49144 626844
48017 616932
46928 607582
45877 597251
44880 586630
43889 576491
42849 565406
41867 552837
40895 539470
39842 525635
38723 514216
37655 505038
36691 498260
35674 490586
34534 482002
33251 473682
31915 466041
30690 459172
29556 451657
28628 443950
27701 434832
26832 426022
25906 417426
25060 407961
24352 397010
23687 386436
23060 378188
22323 371380
21593 363503
20698 353361
19873 342656
19119 332552
18506 323527
17859 315465
17153 308422
16475 302838
15915 298412
15332 294447
14711 290498
14063 285910
13601 281947
13246 278310
12896 274647
12520 270159
12157 265466
11881 260700
11615 255344
11392 248986
11155 242553
10954 236145
10696 229497
10435 222693
10220 216654
10016 211564
9844 207071
9654 202344
9481 197214
9294 191894
9118 186238
8972 181207
8838 175929
8726 170931
8614 165753
8502 160954
8373 156595
8246 152604
8128 148410
8019 142266
7904 135692
7804 129879
7645 124578
7473 118752
7296 112842
7178 108208
7062 103465
6959 99561
6846 94811
6749 91044
6630 86723
6525 83484
6424 80525
6308 77184
6209 74473
6115 71624
6026 69149
5915 66517
5793 64092
5697 62056
5605 59911
5525 58250
5431 56744
5343 55647
5201 54199
5063 52735
4923 51232
4820 49918
4721 48731
4633 47535
4535 46423
4404 45005
4251 43554
4098 42213
3972 41153
3854 40198
3750 39175
3648 37984
3512 36596
3374 35276
3229 34017
3112 32725
2987 31439
2858 30158
2729 29044
2602 27876
2475 26642
2309 24819
2142 23047
1981 21472
1866 20599
1720 19494
1594 18426
1439 17126
1306 16027
1152 14909
971 13402
807 12012
654 10272
548 8726
448 7252
362 5887
285 4808
230 3918
178 4824
151 5810
134 6523
118 5621
