2108830 60099141
2107801 60019735
2106660 59940157
2105584 59858545
2104573 59779583
2103771 59710576
2102993 59651590
2102321 59595926
2101631 59530176
2100912 59452754
2100155 59364123
2099441 59285183
2098849 59223432
2098407 59178468
2098062 59128170
2097722 59063257
2097386 58988816
2097007 58909802
2096613 58830413
2096215 58758592
2095901 58695312
2095613 58630705
2095299 58551823
2094953 58459510
2094594 58357591
2094230 58257896
2093893 58171633
2093588 58103616
2093320 58036285
2093042 57951479
2092720 57849335
2092357 57736865
2091942 57626820
2091556 57535091
2091196 57462574
2090864 57386738
2090512 57282192
2090123 57154833
2089629 57017789
2089076 56890032
2088523 56781647
2088046 56696215
2087577 56609353
2087084 56499561
2086464 56350752
2085760 56198609
2085058 56069707
2084501 55986524
2084046 55922261
2083582 55840759
2082977 55729302
2082237 55588424
2081360 55434309
2080375 55282588
2079380 55158518
2078392 55060259
2077465 54960093
2076480 54829472
2075359 54667338
2074033 54489488
2072518 54320020
2070999 54178447
2069497 54065176
2068090 53947368
2066511 53797034
2064840 53612473
2062931 53411862
2060911 53220437
2058816 53063744
2056926 52938381
2055214 52811220
2053385 52634420
2051022 52429471
2048390 52213736
2045668 52025660
2043166 51870331
2040748 51745170
2038402 51533808
2035914 51354695
2032872 51139938
2029371 50991224
2025513 50784667
2021935 50616911
2018520 50482192
2015402 50332659
2011940 50139995
2008203 49909339
2003854 49670529
1999113 49441942
1994320 49254837
1989618 49099348
1984987 48930269
1979906 48701271
1974154 48443824
1967962 48184400
1961308 47954335
1954830 47758943
1948793 47602772
1943221 47440640
1937460 47234579
1930875 46970678
1923279 46694213
1914984 46430758
1906974 46224666
1899837 46056412
1893389 45886912
1886610 45677963
1879260 45433207
1871451 45183705
1863130 44944482
1854797 44740663
1847186 44555218
1839717 44354142
1831875 44116896
1823093 43847011
1814539 43576788
1806104 43324048
1791353 43117617
1778185 42949835
1766935 42769130
1763655 42550222
1759256 42289227
1754096 42019833
1748343 41748682
1742618 41518029
1736349 41335528
1729545 41171934
1722706 40985441
1714687 40741524
1707632 40485450
1700417 40236101
1694583 40028340
1687881 39852811
1681305 39669899
1674215 39454113
1666418 39188168
1658352 38908116
1650268 38646418
1643236 38441021
1636656 38267601
1630118 38075630
1622799 37831235
1614824 37547830
1606460 37262684
1598747 37000369
1591551 36782673
1585221 36610618
1578751 36437115
1571935 36232175
1564265 35991492
1556533 35752617
1549334 35540970
1542788 35366941
1536384 35204655
1529240 35020787
1521425 34797861
1512931 34556060
1503842 34297328
1495307 34064200
1486952 33858901
1479147 33683041
1470368 33482466
1460459 33246013
1450441 33007412
1441294 32796046
1433922 32629612
1426737 32480987
1419188 32330412
1410016 32140977
1399314 31911826
1387255 31650848
1374328 31387336
1361993 31146054
1350163 30940631
1338798 30745586
1326869 30534775
1314033 30290909
1300150 30030888
1285878 29779330
1271746 29550003
1258492 29350921
1245805 29164627
1232959 28961300
1218951 28724634
1202357 28441812
1185823 28170297
1169763 27925588
1155279 27723545
1140777 27524397
1126016 27308594
1110679 27072337
1093636 26822747
1075832 26575919
1058127 26349162
1042477 26152906
1028969 25991380
1017221 25848345
1004671 25688628
990358 25500613
974234 25287851
958660 25090922
944772 24913688
933017 24767029
923194 24628586
913582 24476383
903290 24290283
891350 24072184
879033 23853111
867626 23654603
857406 23479357
847847 23306480
838219 23124735
827361 22912031
816184 22697486
804981 22493118
794560 22307149
784761 22135490
774898 21949062
764775 21746389
754136 21526106
743502 21308437
733044 21106880
723007 20922058
713928 20752276
705148 20578748
695893 20387575
685315 20177731
674686 19968685
664653 19766923
655949 19585701
648257 19422634
641314 19271644
634779 19118761
627792 18942389
620735 18745883
613610 18542467
607584 18357278
601900 18180833
596507 17996547
590750 17797878
585139 17594550
579556 17391680
574199 17206633
568968 17036792
564344 16890508
560268 16751302
556093 16603992
551280 16430297
546085 16246794
541079 16069911
536551 15918257
532575 15783672
529062 15655308
525676 15515191
522268 15358645
519004 15196974
516226 15045221
513745 14904414
511718 14785246
509649 14660944
507670 14533611
505483 14389351
503216 14238617
500954 14090318
498780 13953774
497043 13845976
495438 13741121
493810 13621159
492033 13481399
490258 13336803
488494 13202924
486876 13086034
485468 12986921
484271 12886484
482881 12762902
481254 12621311
479603 12478237
478137 12351239
476775 12236563
475557 12135694
474369 12032655
473163 11917780
471769 11787069
470144 11647172
468548 11516053
467018 11399248
465790 11305578
464607 11211214
463312 11104214
461795 10982851
460224 10861859
458898 10752968
457707 10654499
456700 10574790
455737 10499477
454835 10420258
453909 10327077
452953 10231169
452110 10144936
451319 10062309
450655 9991227
449925 9910337
449118 9820631
448239 9720455
447348 9623230
446569 9537791
445797 9457701
445130 9386994
444439 9317092
443720 9237442
442902 9149004
442073 9059183
441336 8982595
440706 8916639
440155 8856665
439553 8789225
438869 8707806
438071 8614878
437220 8520832
436400 8430558
435616 8345749
434910 8268521
434207 8187434
433544 8100722
432888 8003482
432200 7911770
431536 7827619
430874 7753659
430340 7686834
429803 7619057
429259 7542083
428614 7452826
427960 7361255
427313 7274492
426684 7198392
426119 7130323
425563 7063165
424980 6988748
424290 6904809
423558 6817468
422836 6730425
422135 6646180
421521 6573234
420968 6507610
420403 6442719
419759 6372440
419053 6299974
418368 6228238
417673 6156228
417031 6091061
416424 6030463
415814 5965951
415171 5895762
414447 5820711
413735 5752481
413059 5688075
412440 5629094
411881 5573016
411250 5512248
410570 5445067
409799 5372510
409042 5301222
408252 5233380
407559 5172324
406934 5118419
406342 5063298
405665 4998544
404898 4924964
404106 4853457
403269 4788014
402502 4729571
401787 4671521
401132 4610418
400401 4542025
399701 4472583
399014 4407014
398393 4347053
397793 4290836
397247 4232677
396655 4172628
395929 4108558
395089 4042311
394283 3977962
393609 3918402
393095 3866681
392585 3813228
392015 3752696
391307 3687066
390555 3619524
389843 3559354
389201 3503522
388624 3451311
388020 3393640
387376 3329261
386650 3257375
385940 3185150
385280 3116088
384675 3053271
384069 2994431
383420 2934585
382677 2871315
381866 2802784
381042 2734759
380298 2669583
379600 2611879
378914 2555105
378192 2498951
377328 2433489
376340 2365219
375263 2295908
374207 2232015
373066 2172263
371961 2117047
370835 2062897
369692 2006348
368347 1944003
366782 1879390
365299 1822723
363976 1776943
362826 1739704
361523 1699015
359986 1652796
358301 1604539
356449 1555797
354679 1511446
352983 1472947
351567 1442133
350029 1412459
348177 1378623
345820 1340410
343296 1300473
340853 1262828
338855 1231459
337100 1206156
335312 1182374
333096 1154672
330454 1123645
327406 1091029
324334 1060148
321496 1032613
318975 1009276
316236 985982
312690 959358
308676 930933
304247 902088
299844 874606
295719 849759
291837 827382
287516 804907
280714 773094
272519 736617
264210 700755
257577 673645
252261 652959
247451 635483
242465 617885
236508 597673
229674 575347
222023 551841
212878 527147
203794 503073
195432 481603
188182 462215
180009 442058
170424 418707
160043 393431
149493 367489
139744 343910
130649 322952
122262 304140
112987 284043
103104 262938
93107 242042
84084 223613
75456 206153
67390 189999
59564 173611
52277 157624
44859 140904
37690 123434
31366 107731
25905 93150
20691 79181
15588 63917
10997 48607
7325 35527
4667 25224
