1116470 33037692
1115989 33022662
1115507 33006813
1115067 32990467
1114545 32975661
1114049 32963552
1113617 32952275
1113292 32939743
1113025 32925061
1112774 32909042
1112479 32893846
1112136 32881131
1111787 32871819
1111492 32858791
1111253 32848564
1111120 32836152
1110983 32825835
1110854 32809140
1110532 32793197
1110211 32780034
1109859 32769546
1109651 32757875
1109458 32744742
1109273 32729448
1109040 32712474
1108757 32696496
1108451 32682851
1108126 32669487
1107861 32656638
1107648 32642102
1107483 32624535
1107231 32606163
1106953 32588528
1106617 32576623
1106310 32564051
1106025 32550079
1105783 32533679
1105512 32514587
1105184 32493373
1104826 32473744
1104465 32457368
1104078 32444441
1103721 32429197
1103404 32409954
1103104 32385624
1102681 32363395
1102184 32346509
1101703 32330482
1101221 32319088
1100902 32303933
1100569 32290902
1100248 32268832
1099708 32243992
1099049 32221296
1098256 32203523
1097441 32189057
1096681 32171308
1096022 32150108
1095315 32124957
1094462 32095683
1093435 32068263
1092391 32046495
1091352 32029738
1090472 32011562
1089692 31989367
1088936 31962518
1088086 31931292
1087055 31903030
1085847 31881582
1084506 31864607
1083315 31842563
1082343 31811822
1081408 31773425
1080245 31732281
1078885 31699410
1077474 31675491
1076100 31655993
1074856 31630214
1073768 31597323
1072539 31557669
1071128 31516057
1069450 31480678
1067767 31454231
1066077 31432117
1064517 31407273
1063241 31374307
1061976 31333985
1060580 31129036
1058901 30938627
1057134 30756289
1055363 30740241
1053623 30713758
1052121 30684230
1050556 30648216
1048867 30609479
1046816 30575950
1044688 30546753
1042448 30522838
1040285 30495165
1038242 30463767
1036296 30427121
1034347 30386642
1032101 30353497
1029851 30318864
1027625 30290269
1025341 30267908
1023744 30246331
1022007 30218951
1020684 30177871
1018536 30145373
1016489 30117988
1014181 30087495
1012200 30062248
1010542 30033587
1009140 30005561
1007323 29964970
1005345 29929885
1003315 29903298
1001656 29881474
1000016 29856950
998682 29826419
997396 29789849
996074 29747673
994361 29713844
992657 29686158
990842 29665498
989345 26445372
988037 20028140
986837 13602866
985418 10369048
983814 10333651
982107 10305720
980370 10282605
978872 10256111
977494 10224419
976163 10186882
974453 10144667
972571 10110268
970693 10080953
968965 10057387
967489 10027335
966000 9988564
964327 9943228
962274 9894978
960199 9858504
957857 9828798
955781 9806236
953832 9779534
951937 9752234
949811 9722079
947412 9695690
945277 9672762
943236 9648706
941317 9620668
939400 9589023
937226 9557490
934588 9518211
931618 9473872
928487 9434700
925389 9402956
922585 9376667
920161 9344751
917623 9308430
914500 9263689
910716 9214956
906785 9175301
902862 9139029
899217 9108652
895899 9070875
892402 9030216
888377 8979336
883545 8925909
878321 8881861
873301 8846130
868647 8814465
864288 8777072
859396 8733205
854524 8681538
848721 8627506
842745 8584667
836533 8548924
831306 8516117
826457 8475159
820916 8426118
814429 8368432
807139 8308346
799972 8260717
792526 8221104
785001 8185995
777681 8141503
770230 8090545
762231 8029768
752844 7968596
743644 7918401
735096 7884838
727984 7859226
721207 7830069
712193 7791165
705159 7741423
697184 7684900
691248 7636619
682802 7602674
676061 7578113
670094 7551692
662963 7515522
657338 7468160
650722 7411710
645183 7361339
637084 7321673
629746 7285658
622211 7240668
614381 7185078
605505 7122507
595617 7060151
586782 7007366
578257 6964160
570910 6921009
562278 6868059
552814 6806354
542522 6742001
531405 6677397
520675 6621201
504824 6569763
489795 6521211
475599 6464312
466488 6401993
457096 6337420
447262 6276528
438305 6226603
429710 6181057
421878 6136660
414081 6086861
406996 6036603
396433 5979413
388446 5917510
379146 5854854
372666 5797882
362225 5739324
352684 5674670
343391 5604972
335123 5536780
326970 5470554
319310 5412629
312226 5362238
305316 5313288
297916 5255428
290304 5191343
282424 5125654
274795 5064772
267780 5008825
261286 4960860
255590 4914174
250338 4862239
245406 4804413
240373 4746430
235201 4692369
230521 4644641
226100 4604364
222364 4565670
218884 4521078
215841 4468067
212487 4413315
209037 4360988
205690 4316943
202788 4277891
200377 4241074
198066 4197786
195638 4149404
193076 4099514
190476 4052258
188040 4011605
185771 3976394
183698 3940064
181894 3899335
180016 3852384
178035 3805289
175848 3761841
173726 3726475
171838 3694683
170200 3661588
168810 3622376
167451 3579921
165956 3534766
164377 3493219
162776 3457839
161344 3426628
160072 3394909
158961 3358158
157909 3317230
156711 3275706
155385 3237185
154084 3204901
152914 3174363
151854 3142911
150888 3107456
149919 3069101
148897 3030413
147812 2996309
146797 2967774
145937 2941622
145123 2912675
144355 2878284
143499 2841659
142591 2803407
141581 2768868
140544 2736949
139511 2707442
138473 2676235
137501 2644075
136448 2610094
135342 2577236
134140 2548401
133029 2525791
132112 2505685
131310 2483983
130575 2458962
129611 2431359
128462 2401879
127123 2372442
125845 2345783
124526 2321620
123358 2296396
122268 2268369
121257 2236666
120112 2204805
118860 2174539
117651 2148193
116592 2124335
115664 2100088
114888 2074259
114019 2046412
113086 2018330
111991 1989720
110950 1964424
109970 1942316
109105 1922287
108356 1900244
107521 1876068
106567 1849874
105425 1823612
104182 1798921
102950 1777441
101817 1757577
100864 1735192
99845 1710727
98720 1685292
97498 1661222
96309 1638838
95139 1618948
94048 1599749
93042 1578044
92107 1553077
90972 1527306
89574 1501223
88020 1476329
86537 1452706
85264 1431492
84159 1409318
83016 1384499
81720 1358478
80240 1333039
78729 1309366
77390 1287547
76120 1266364
74989 1243956
73693 1219677
72249 1193113
70745 1165766
69317 1139641
68068 1117470
66828 1097632
65568 1076094
64236 1052063
62815 1027178
61471 1003593
60154 981823
59028 962952
58019 946852
57112 929720
56212 910383
55217 888169
54111 866097
52955 845231
51915 827254
51063 810698
50285 793328
49482 773484
48596 752432
47697 732271
46861 715183
46156 701393
45506 688785
44884 675103
44282 660401
43720 645397
43107 629761
42533 615400
42018 603166
41593 592835
41206 581889
40822 570096
40440 557605
40016 544909
39595 532844
39206 522311
38840 512476
38490 502268
38130 490460
37732 478214
37292 465403
36823 453542
36390 442872
35964 432756
35525 422016
35052 410292
34520 398247
33988 387361
33468 377863
32989 369564
32480 361197
31947 351527
31386 341361
30805 330368
30147 319361
29533 308580
28962 299114
28458 290197
27965 280697
27465 270183
26943 258948
26359 248050
25791 238079
25264 229878
24718 222111
24200 213870
23613 204602
22963 195297
22256 186157
21573 178029
21021 170954
20467 164468
19923 158082
19346 151145
18717 144521
18039 138273
17381 132776
16814 128107
16367 123836
15973 119534
15588 114571
15165 109366
14675 104568
14194 100373
13602 96565
12764 92613
11596 88420
10325 84189
9262 80089
8452 76256
7843 72882
7364 70093
6968 67618
6625 64960
6259 62015
5895 58922
5528 55773
5162 52817
4808 49828
4440 46913
4092 43611
3713 39997
3332 36399
2935 33128
2564 30395
2241 27907
1943 25623
1679 23124
1414 20353
1152 17619
918 15583
727 14316
585 13131
467 11891
362 10465
271 9210
193 7817
140 6204
