468149 4149793
467086 4149793
466377 4149793
466127 4145389
465642 4140985
464737 4136582
464083 4136582
463259 4136582
462856 4136582
462452 4136582
462268 4132251
461933 4127920
461547 4123589
460998 4123589
460600 4123589
460253 4123589
460253 4123589
460152 4118992
459942 4114395
459639 4109798
459409 4109798
459095 4109798
458874 4109798
458680 4109798
458606 4105489
458440 4101181
458186 4096873
457953 4096873
457660 4096873
457456 4096873
457305 4096873
457245 4092085
457115 4087297
456913 4082509
456756 4082509
456506 4082509
456328 4082509
456164 4082509
456105 4078293
456005 4074078
455864 4069863
455755 4069863
455574 4069863
455435 4069863
455322 4069863
455272 4064623
455183 4059383
455080 4054143
454872 4054143
454703 4054143
454547 4054143
454547 4054143
454499 4048282
454406 4042422
454272 4036562
454157 4036562
453935 4036562
453753 4036562
453600 4036562
453539 4024766
453420 4012970
453259 4001175
453137 4001175
452928 4001175
452761 4001175
452617 4001175
452567 4001175
452466 4001175
452317 4001175
452190 4001175
451891 4001175
451641 4001175
451418 4001175
451340 4001175
451213 4001175
451011 3998777
450830 3992673
450510 3986569
450264 3982862
450075 3980646
449951 3975931
449730 3968512
449426 3960015
449208 3950304
448844 3943299
448563 3939587
448320 3936983
448219 3931968
448023 3923845
447748 3914942
447549 3901602
447183 3891370
446895 3884524
446633 3881210
446542 3875543
446330 3864587
446003 3848042
445731 3829537
445257 3816320
444898 3812005
444575 3809424
444436 3803864
444137 3794329
443249 3783971
441912 3772277
440440 3764559
439555 3760244
439258 3757009
439131 3752048
438862 3743435
438460 3734214
438142 3722206
437668 3713850
437324 3709337
437019 3702753
436853 3693986
436564 3681863
436108 3672571
435745 3659640
435183 3650064
434789 3644242
434460 3640492
434314 3634788
433980 3625095
433479 3613900
433039 3595431
432680 3580952
432323 3571724
431835 3568445
431313 3562688
430723 3551701
430067 3539128
429461 3537150
428937 3540402
428365 3544602
427579 3537670
426649 3526927
425796 3514578
425212 3499834
424799 3484881
424400 3475451
423779 3472536
422995 3458466
422064 3440914
421127 3416898
420359 3403231
419807 3393045
419176 3388219
418340 3386562
417381 3383212
416561 3378518
415706 3365149
414971 3353474
414199 3343142
413365 3343142
412213 3339651
410833 3331216
409315 3317529
407731 3301679
406262 3285735
405005 3275042
403577 3270003
401822 3261279
399525 3248146
397026 3229377
394505 3213316
392440 3191795
390836 3175910
388978 3166040
386761 3157319
384080 3140082
381587 3116755
378989 3094776
376797 3071721
374790 3054757
372699 3045165
369745 3038788
366397 3024701
363134 3006286
360595 2978758
358518 2958939
356724 2943449
354488 2943449
351564 2938450
348073 2923468
344639 2902699
341110 2878744
338024 2854964
334690 2836971
330496 2827162
325609 2817812
320273 2802020
315839 2779353
311733 2757857
308872 2728332
306372 2705682
302301 2691212
297022 2691212
292644 2683878
289635 2670395
287250 2646330
284467 2620576
281837 2600970
279413 2591948
276068 2591948
273873 2584685
271462 2568708
269151 2543743
266111 2505577
263299 2476127
260048 2455664
256157 2452876
251945 2435374
248399 2417871
245142 2400535
242330 2382869
239810 2365204
236925 2350160
233453 2342800
229382 2327672
225934 2306255
223045 2285834
220690 2260181
218521 2240817
216041 2227817
212870 2218485
208724 2199715
205089 2174259
201958 2151248
199857 2118072
197592 2091581
195706 2071977
192313 2071977
188579 2071977
185418 2062495
183099 2046314
180943 2014014
177606 1991196
174377 1975079
170839 1955946
167509 1931673
164343 1900158
161392 1880696
158898 1852187
156465 1830919
153731 1816730
150565 1812403
147419 1793422
144795 1774440
142395 1755417
140316 1742192
138291 1728967
135489 1720110
133254 1715109
131126 1704689
129800 1688633
128058 1674616
126499 1655913
125279 1642846
124024 1632741
122791 1627883
121485 1617574
120281 1603548
119253 1590476
118321 1571964
117516 1557169
116608 1546278
115427 1539385
114009 1525329
112399 1507196
110963 1492264
109493 1473627
108308 1459067
107293 1448199
106371 1442890
105217 1431089
103921 1414831
102649 1399896
101432 1380189
100356 1364939
99399 1353674
98367 1347983
97092 1336436
95669 1320273
94422 1306263
93228 1287370
92216 1273093
91350 1262353
90543 1256465
89560 1245612
88377 1230701
87264 1217690
86205 1198623
84976 1183615
84073 1172594
83181 1166195
82426 1155403
81310 1140430
80160 1127603
79048 1108978
77930 1094534
76841 1084342
75727 1078540
74564 1068025
73391 1053490
72307 1041029
71275 1023747
70298 1010485
69413 1000952
68553 996422
67668 987356
66758 975725
65895 959784
65068 948380
64294 939540
63672 939540
62946 935102
62086 926803
61063 915170
60182 905870
59418 892561
58718 882587
58036 874716
57212 871885
56389 865601
55550 856396
54854 847893
54178 836382
53621 827791
53096 821329
52504 817606
51672 810581
50780 800800
49974 792166
49321 779727
48794 770045
48285 762939
47680 759118
46934 751248
46134 740261
45411 730482
44697 717713
44087 708060
43537 701021
42968 698464
42246 692086
41408 682330
40477 672753
39544 660151
38764 650928
38187 644082
37482 640246
36654 632777
35618 622496
34714 610077
33696 593928
32583 580589
31352 573225
30162 558128
29057 539778
28130 518836
27200 510646
26355 497784
25676 487513
25253 479587
24822 475952
24214 469519
23466 459799
22665 451868
21767 439548
20907 430514
20254 423325
19703 420295
19124 414067
18495 405521
17871 398083
17160 385312
16505 374860
15979 366329
15547 366329
15084 362633
14573 356653
14137 349098
13681 339925
13292 333036
12920 327723
12644 322647
12312 315658
11935 306407
11496 301251
11091 293638
10760 288286
10429 283915
10087 281395
9700 277217
9322 271733
8969 267588
8656 261350
8432 256417
8242 251153
8052 249642
7850 246505
7653 243476
7491 239357
7351 232700
7241 227447
7121 223285
7021 221540
6940 218172
6874 213519
6803 209554
6691 203339
6592 198409
6500 194536
6422 192592
6343 188971
6280 184086
6213 174832
6153 167256
6089 160943
6030 160943
5950 158308
5831 154489
5688 149261
5568 145015
5474 136518
5400 129430
5316 123994
5212 122260
5096 118491
4968 113792
4850 109728
4734 104136
4646 99472
4565 95909
4502 93905
4416 91102
4320 86946
4221 83624
4125 77927
4049 73583
3957 70408
3858 69241
3740 67044
3614 64128
3501 61739
3389 58203
3315 55378
3243 53173
3190 50829
3111 48460
3012 46069
2907 45471
2795 42007
2696 38558
2617 35622
2546 34947
2465 33392
2363 31286
2269 29502
2173 26822
2076 24669
1970 22799
1879 22567
1783 21740
1669 18636
1561 15679
1442 9835
1352 6272
1247 2681
1134 2532
1010 2363
863 2178
722 2008
589 1856
493 1745
430 1666
377 1572
317 1430
246 1234
174 1045
118 902
86 824
68 748
58 685
50 610
42 541
