212203 5559239
211824 5559239
211572 5556362
211449 5550195
211222 5541100
210911 5531413
210610 5517772
210248 5507060
209970 5499817
209804 5496548
209718 5489826
209563 5480664
209318 5466283
209005 5455355
208763 5446867
208611 5446867
208611 5443936
208544 5437815
208411 5426557
208214 5415413
208010 5399773
207842 5389269
207693 5381583
207548 5378486
207355 5372316
207133 5362755
206906 5353276
206670 5338774
206485 5327663
206310 5319566
206126 5315879
205863 5308208
205569 5296995
205289 5286102
205011 5270588
204788 5258616
204590 5250011
204401 5250011
204155 5245760
203844 5237759
203539 5225635
203233 5208160
203006 5194436
202781 5184834
202549 5180462
202214 5171274
201882 5159185
201539 5139615
201281 5124860
201035 5113007
200820 5113007
200539 5108098
200189 5098717
199782 5084793
199369 5069906
198956 5043607
198591 5021851
198246 5005968
197872 4999895
197428 4987437
196905 4971191
196419 4955988
195928 4933517
195560 4914833
195156 4901179
194709 4895673
194058 4884304
193336 4867599
192628 4852160
191975 4829364
191439 4811902
190901 4798681
190305 4791161
189558 4778451
188762 4760068
187970 4744140
187209 4720243
186518 4702019
185847 4688860
185158 4682623
184320 4669941
183426 4651510
182502 4634369
181666 4610206
180927 4591790
180224 4578322
179490 4572312
178627 4555021
177695 4526784
176707 4501267
175868 4469882
175197 4449443
174645 4432293
173990 4425496
173260 4411049
172495 4391842
171752 4375374
171058 4352191
170512 4333768
170075 4319403
169571 4314402
168980 4303043
168327 4287595
167767 4272536
167212 4252342
166796 4236237
166404 4224744
166032 4219700
165579 4208765
165090 4193160
164609 4178291
164156 4158321
163802 4143019
163513 4132027
163223 4125352
162840 4114208
162401 4098747
161975 4085911
161609 4065957
161325 4050319
161093 4038730
160855 4032903
160552 4021141
160208 4004667
159894 3987820
159617 3966277
159393 3949447
159177 3938817
158926 3933497
158601 3922414
158231 3905551
157888 3881590
157511 3863391
157188 3850972
156888 3833337
156624 3812159
156342 3781968
156047 3765427
155817 3690987
155576 3625561
155273 3564119
154925 3558185
154508 3545551
154097 3527742
153623 3511691
153209 3491547
152897 3476579
152583 3465786
152215 3460299
151730 3449007
151292 3433740
150875 3412199
150550 3396463
150269 3384702
149973 3384702
149574 3377927
149054 3364435
148506 3345867
147952 3329386
147501 3305137
147104 3285965
146677 3271480
146076 3265542
145364 3252990
144644 3235412
143995 3218259
143266 3194567
142745 3175902
142197 3162749
141653 3153059
140868 3139710
140077 3120493
139345 3103065
138713 3076761
138128 3056325
137546 3043791
136814 3036971
135995 3023445
135204 3004602
134497 2970013
133851 2942131
133166 2919565
132302 2919565
131315 2911603
130214 2896605
129055 2875645
127842 2857032
126700 2827716
125599 2804362
124345 2786623
122813 2778526
121395 2763356
120275 2742074
119398 2728889
118572 2699407
117525 2676038
116487 2652669
115209 2652669
113846 2645938
112475 2632900
111354 2614807
110509 2583143
109542 2557784
108600 2537481
107632 2537481
106846 2530953
105965 2515604
104943 2493925
103929 2459894
102843 2434683
101694 2415803
100363 2408140
98965 2392341
97560 2368316
96251 2339022
94995 2297143
93911 2263490
92714 2242770
91376 2234022
89858 2217706
88412 2195169
87062 2174214
85799 2155717
84519 2137167
83069 2114965
81324 2083203
79630 2050588
78036 2022342
76758 2001253
75412 1983164
74029 1967202
72496 1952533
71124 1935222
69790 1914341
68624 1892153
67399 1867724
66288 1845813
65067 1826962
63681 1809065
62249 1788540
60915 1765467
59714 1744182
58638 1725809
57709 1710159
56858 1696152
55955 1680520
54954 1662355
53872 1643373
52863 1625221
51954 1609405
51180 1595259
50406 1581857
49557 1567806
48688 1551226
47842 1534934
47126 1518940
46505 1504809
45965 1492582
45452 1480398
44922 1463753
44377 1444849
43813 1425639
43286 1410575
42834 1395787
42458 1383298
42102 1371521
41739 1360147
41309 1345321
40877 1330051
40473 1315472
40134 1302747
39831 1291397
39557 1281067
39271 1271304
38935 1259933
38550 1245785
38165 1231711
37812 1217750
37513 1207124
37231 1197361
36917 1187990
36535 1176374
36102 1163775
35706 1152111
35351 1142094
35063 1134061
34786 1127041
34491 1119579
34189 1110043
33855 1098791
33564 1086058
33275 1074451
33045 1065058
32808 1058675
32582 1051780
32263 1043219
31904 1033965
31570 1025327
31280 1016889
31046 1009420
30808 1003178
30591 997479
30274 990508
30024 982168
29797 974299
29675 967213
29504 961766
29336 955739
29129 948844
28902 939710
28673 931622
28503 924646
28349 919370
28206 914209
28040 908103
27844 902062
27608 894019
27347 886122
27129 877658
26921 869479
26748 861808
26530 854170
26310 846938
26046 838966
25805 829098
25584 819540
25382 810195
25171 803146
24944 796990
24699 790406
24442 782226
24162 772995
23914 763828
23676 755360
23473 748462
23254 742555
22974 733410
22654 723257
22322 712193
22042 705899
21771 700242
21521 696602
21267 693407
20983 690957
20634 687169
20290 680808
19978 672346
19691 664031
19397 657125
19103 651021
18812 643812
18490 635657
18125 627264
17766 619139
17418 611186
17097 603517
16789 596292
16461 587759
16113 577842
15747 567256
15425 554699
15136 542977
14865 531804
14535 524093
14186 515490
13830 506519
13474 496611
13142 486872
12784 477664
12481 469786
12163 462928
11835 455546
11507 447087
11163 437672
10880 428550
10616 420356
10420 413781
10195 407455
9942 400705
9630 393139
9297 383892
8970 374146
8701 365563
8504 359094
8317 353472
8094 346522
7837 337295
7620 329567
7439 322237
7277 317005
7108 310711
6933 304531
6763 297740
6573 290222
6395 282298
6237 274593
6055 267578
5861 261669
5673 256165
5526 250521
5393 244046
5235 237630
5105 231544
5000 225900
4916 220713
4807 215982
4690 211562
4578 206720
4491 201745
4412 197003
4355 192868
4303 188980
4253 185169
4196 181016
4144 176597
4095 171857
4040 167623
3995 163879
3958 160791
3931 157845
3903 154440
3866 150624
3837 146408
3791 142365
3748 138288
3689 134780
3651 131208
3602 127153
3554 122692
3489 118332
3404 114358
3339 110676
3277 107076
3235 103854
3162 100320
3082 96901
3001 93272
2925 89943
2848 86672
2769 83775
2701 80744
2641 77558
2585 74170
2522 71015
2457 67772
2405 64753
2360 61669
2316 59028
2257 56380
2196 53532
2131 50646
2073 47808
2015 45713
1966 43777
1913 41881
1856 39751
1798 37502
1738 35242
1687 33177
1636 31464
1591 29948
1529 28335
1458 26384
1389 24314
1320 22194
1257 20104
1194 17979
1137 15985
1076 14086
999 12032
918 9733
830 7468
761 5481
687 3892
625 2494
554 1292
490 445
416 0
327 0
258 0
213 0
197 0
165 0
140 0
115 0
102 0
80 0
