1214625 8891565
1214142 8891565
1213712 8885682
1213402 8874342
1213075 8852842
1212776 8837225
1212497 8815038
1212239 8803011
1212015 8790984
1211817 8785231
1211639 8773493
1211378 8755591
1211137 8728723
1210932 8707841
1210826 8693123
1210733 8693123
1210610 8687189
1210469 8675458
1210233 8658857
1210004 8643238
1209780 8619461
1209632 8600555
1209501 8586600
1209366 8579915
1209233 8566176
1209012 8546329
1208796 8526794
1208589 8492927
1208430 8465167
1208282 8443781
1208118 8443781
1207951 8432520
1207703 8415159
1207419 8391258
1207071 8362734
1206720 8340310
1206406 8324427
1206133 8316369
1205851 8299213
1205403 8275841
1204932 8253908
1204444 8220904
1204023 8194114
1203616 8173943
1203216 8163861
1202768 8141798
1202181 8113504
1201554 8082916
1200849 8064311
1200286 8051936
1199740 8043604
1199241 8027438
1198550 7996409
1197611 7965611
1196586 7937211
1195594 7912864
1194609 7896618
1193674 7873550
1192584 7844572
1191336 7806358
1189766 7773512
1188263 7746699
1186782 7717233
1185416 7694656
1184112 7672089
1182768 7645834
1181357 7603887
1179382 7561968
1177353 7524816
1175126 7488087
1173188 7462008
1171518 7433209
1169812 7400497
1167800 7347916
1165049 7297562
1162294 7254456
1159533 7212320
1157055 7181485
1154632 7146680
1152189 7111900
1149096 7059269
1145597 7008599
1141808 6963924
1138283 6917125
1134979 6884271
1131995 6846958
1128989 6808799
1125550 6751467
1121612 6695394
1117391 6649706
1112835 6600760
1108579 6567895
1104933 6527391
1101508 6488177
1097281 6431320
1092254 6377584
1086581 6330775
1080742 6280393
1075314 6244964
1070884 6205187
1067091 6165492
1062871 6108415
1058276 6056810
1053529 6014633
1048877 5970342
1044399 5939140
1040473 5899081
1036395 5861308
1032267 5809004
1027824 5763823
1023683 5722138
1019137 5659695
1014568 5610693
1011349 5575405
1007978 5554559
1004264 5517657
999445 5466063
995003 5426059
991016 5384042
987498 5356716
984845 5321547
982173 5286663
979090 5234676
975669 5185311
972417 5143801
969293 5100036
966546 5070748
964276 5035480
962219 4999985
959781 4946417
957027 4896198
954238 4854909
951485 4810305
949088 4775571
946627 4747647
944226 4736779
941368 4724989
938580 4713643
935857 4703241
933601 4694277
931555 4685356
929244 4674820
926360 4661721
923339 4648468
920510 4636452
917852 4626065
915473 4617320
913388 4609557
911306 4601477
908805 4591992
905825 4581575
902646 4571123
899601 4560752
897023 4551106
894725 4540799
891857 4528039
888309 4514307
884291 4500168
880510 4488410
876695 4476781
873372 4466223
869602 4453235
865885 4439710
861441 4426247
857444 4414896
853716 4405196
850080 4394531
846616 4383456
842866 4369572
838856 4354410
832583 4338449
825627 4323203
818442 4308768
812930 4294396
808118 4280213
803938 4265787
799373 4250133
794340 4233236
788745 4215298
783083 4197595
777420 4180211
772296 4164136
767160 4146752
761415 4128031
755003 4108329
748207 4089940
741147 4072027
733677 4054370
726819 4037194
720113 4019612
712483 3999732
703240 3977485
693266 3956263
683483 3936578
674153 3917427
666980 3902035
661439 3888939
655753 3875500
648571 3858436
639918 3839388
631355 3821946
622515 3806446
615412 3793655
609676 3781687
604261 3766155
597715 3747242
589720 3726854
581050 3706968
572118 3688833
563633 3670063
555946 3651137
547635 3630196
538846 3607800
529139 3584230
519361 3560298
509504 3538719
500315 3517535
490914 3493652
481004 3467884
469500 3441166
457566 3413758
446426 3387588
436144 3361652
427743 3339620
419367 3315890
410085 3290922
398993 3262158
386975 3231770
376488 3203190
368031 3180783
361953 3164159
356795 3148863
350845 3129315
343864 3104925
335918 3077284
328404 3049658
321119 3023295
315056 3000508
308887 2976748
302682 2952343
295795 2925652
288891 2899589
282133 2873405
275678 2849039
270107 2827543
264915 2806055
259840 2784851
254413 2762283
248890 2740862
243646 2718460
238793 2697300
234635 2677978
231077 2659952
227629 2641062
224186 2621265
220747 2601001
217720 2580362
214863 2560277
212287 2542489
210006 2527185
207846 2511684
205492 2494597
203042 2477296
200684 2460710
198291 2444766
196162 2429750
194221 2414811
192516 2399710
190539 2382950
188431 2365226
186529 2348474
184847 2333294
183486 2320465
182176 2307349
180766 2292414
179202 2276511
177528 2259970
176048 2244348
174643 2228276
173408 2213492
172209 2198844
170877 2182614
169448 2165094
167949 2146398
166594 2129230
165353 2113380
164348 2100487
163028 2083586
162054 2070673
160916 2055615
160144 2046339
158987 2032590
157888 2020248
156949 2008021
156089 1995039
155214 1981163
154297 1966416
153401 1952279
152548 1938672
151687 1925784
151031 1914489
150431 1903365
149721 1891222
148836 1878035
147885 1864429
147062 1851162
146108 1838037
145072 1822338
144269 1811134
143543 1799579
142875 1790730
142037 1777150
141195 1763908
140523 1752937
139865 1743518
139287 1734405
138554 1723195
137705 1711093
136701 1697798
135745 1684571
134830 1669934
134127 1657189
133474 1644600
132796 1632160
132013 1616691
131247 1600462
130595 1585274
130034 1571937
129538 1560238
129003 1548707
128389 1536825
127687 1523510
126927 1508176
126242 1492341
125543 1477139
124980 1464628
124387 1452692
123756 1439500
122976 1424238
122086 1407400
121197 1390062
120307 1373170
119548 1357886
118818 1343713
118093 1329267
117316 1313636
116524 1297554
115767 1282458
114979 1267929
114271 1254569
113580 1241524
112877 1228307
112040 1213447
111134 1197393
110246 1181518
109308 1165130
108377 1149188
107457 1133932
106559 1118707
105537 1101871
104461 1084613
103525 1068244
102652 1053038
101862 1038355
101021 1024022
100268 1010527
99407 995964
98549 981292
97613 963944
96712 946584
95912 931821
95251 920194
94629 909268
93830 894531
92983 879283
92124 863124
91269 847580
90505 833653
89863 821909
89342 812203
88749 800757
88038 788107
87326 774808
86631 762361
86049 743145
85304 728131
84764 716876
84189 712122
83796 702909
83238 689605
82710 677310
82223 666108
81746 655659
81272 645454
80774 634241
80291 622624
79865 611268
79493 600938
79153 591087
78813 581749
78439 572880
78150 563066
77818 552673
77504 542460
77047 533679
76629 525680
76179 517199
75660 507625
75109 498015
74548 486225
74050 477469
73496 467764
73004 459236
72511 450883
71991 442892
71157 436458
70285 427238
69385 417531
68766 409287
68198 402151
67647 396097
67004 388059
66230 378996
65125 366079
64261 356312
63482 346879
63005 341281
62320 333993
61508 327067
60642 319831
59671 311508
58794 303558
57967 296112
57271 289950
56380 283659
55408 277559
54176 270361
53019 263439
51925 256879
50984 251147
50125 245914
49241 240745
48200 234698
47032 228272
45719 221441
44484 215321
43246 209340
42179 203910
41107 198526
39975 192766
38604 186273
37149 179280
35774 172850
34500 167462
33367 163095
32214 158800
30950 153607
29434 147812
27908 142352
26542 137771
25364 133879
24145 129647
22915 125155
21508 119564
19973 113134
18168 105929
16361 98682
14612 91433
13036 84511
11522 77428
10002 70182
8504 62496
7099 55230
5907 48687
4931 43071
4127 38145
3430 33318
2807 28441
2238 23332
1697 18104
1241 13524
893 9894
677 7602
517 5816
392 4350
294 3134
215 2195
