153082 2263836
153016 2263836
152972 2262078
152957 2258411
152924 2253033
152882 2247752
152846 2241065
152798 2236089
152760 2232773
152730 2230557
152730 2225906
152727 2219391
152710 2211567
152675 2206178
152643 2202653
152625 2202653
152625 2200788
152617 2196585
152607 2190299
152589 2184460
152572 2177585
152539 2172792
152514 2169418
152496 2167143
152492 2162760
152481 2155917
152457 2149857
152433 2142256
152400 2137115
152380 2133466
152365 2131055
152357 2126296
152340 2119154
152315 2112658
152286 2104925
152246 2099576
152215 2095991
152195 2093559
152186 2088649
152166 2081339
152131 2074475
152093 2065699
152039 2059323
152001 2054933
151974 2051745
151955 2044745
151923 2035314
151874 2024453
151809 2017405
151759 2012788
151725 2012788
151725 2010044
151708 2003802
151653 1994672
151573 1987555
151489 1977946
151382 1971226
151301 1965236
151240 1954964
151137 1942244
150963 1929524
150789 1924539
150689 1915363
150572 1906187
150455 1899549
150367 1895123
150316 1886345
150213 1872571
150059 1860173
149906 1844696
149681 1834215
149508 1826784
149384 1822058
149320 1810792
149193 1793166
148977 1777422
148738 1758952
148401 1746841
148154 1737574
147993 1731480
147896 1718774
147701 1699125
147379 1681639
147067 1659178
146641 1643658
146343 1632070
146131 1625989
146032 1612540
145806 1592769
145484 1574628
145131 1552559
144631 1536811
144228 1525515
143956 1518226
143819 1502732
143520 1460435
143062 1425427
142181 1398624
141463 1398624
140904 1398624
140904 1391162
140716 1376202
140359 1354007
139843 1335651
139389 1312233
138799 1296050
138368 1283490
138062 1275746
137926 1260298
137618 1237416
137121 1217824
136644 1190882
136126 1171374
135796 1156321
135582 1149570
135420 1135064
135097 1113729
134618 1095206
134201 1071480
133612 1054582
133179 1041623
132846 1034268
132705 1019020
132420 996837
131990 978166
131614 954141
131053 937051
130637 923804
130309 917112
130181 901638
129879 880327
129471 861282
129091 837666
128798 819325
128479 804733
128128 802901
127718 800955
127294 799121
126914 797409
126631 796093
126379 794681
126057 793175
125640 791259
125182 789245
124728 787110
124327 785082
124028 783497
123790 782061
123511 780659
123191 779015
122821 777264
122464 775351
122106 773531
121821 772026
121552 770619
121230 769046
120829 767034
120372 764876
119909 762734
119484 772569
119150 781950
118846 788152
118442 774333
117908 760898
117302 750443
116735 748079
116290 746249
115958 744823
115607 743162
115101 740875
114450 737804
113740 734460
113060 730851
112393 727535
111874 724960
111313 722289
110640 719313
109751 715420
108806 711469
107916 707617
107222 704652
106672 702297
106140 699847
105386 696789
104440 692937
103445 688828
102428 684407
101502 680352
100686 676904
99889 673418
98892 669705
97742 665646
96563 661868
95309 657959
94015 654057
92885 650439
91997 647317
91229 644466
90384 641274
89305 637753
88100 634233
86787 630765
85784 627783
84924 624831
84384 622806
83774 620220
83060 617494
82128 613741
81168 610096
80417 606784
79615 603397
78809 600614
77969 597960
77111 595271
76252 592193
75179 588334
74283 585049
73420 581538
72336 577979
70912 573433
69462 569490
68211 565222
67068 561474
65960 557447
64919 553820
63692 549853
62274 545696
60628 541330
59218 537548
57885 533684
56907 530434
55944 527006
55021 523995
54161 521227
53261 518453
52418 516717
51445 514321
50721 512471
50048 509144
49191 505566
48126 501310
46961 497113
45804 492886
44794 489090
43971 485927
43383 483336
42585 480513
41692 477456
40696 474392
39786 471374
38868 468247
38190 465680
37649 463226
37106 459431
36442 455046
35758 450548
35145 447173
34602 443906
34191 441344
33812 439023
33397 436440
32872 433108
32384 429706
31907 426571
31478 423421
31116 420776
30828 418311
30526 415964
30105 412591
29618 408793
29129 404861
28713 401869
28426 399717
28203 397624
27984 394574
27709 390758
27438 386854
27194 383693
26992 381135
26854 379397
26727 377116
26548 373436
26313 368924
26045 363424
25813 358764
25604 354413
25468 352153
25351 350330
25237 348546
25085 346189
24919 343519
24746 340848
24583 338243
24466 336416
24375 334833
24294 332950
24265 330437
24230 327761
24184 325214
24058 322875
23959 321102
23877 319644
23773 317974
23642 315798
23495 313574
23372 311736
23253 310043
23166 308756
23082 307454
23007 305730
22902 303673
22794 301299
22690 297438
22620 294010
22568 290741
22532 289490
22422 287149
22297 284624
22162 281609
22081 279101
22016 276522
21958 274314
21910 272224
21821 269855
21717 266987
21582 263460
21479 260460
21383 257547
21319 255194
21254 252640
21160 249700
21030 245430
20903 248160
20793 244929
20693 242949
20600 234537
20515 233071
20436 231752
20345 230218
20242 228340
20148 288196
20046 347089
19971 406293
19897 403284
19832 400166
19734 395743
19617 390575
19501 385802
19379 381199
19226 374587
19103 369117
19029 365248
19005 363875
18931 360915
18832 356727
18687 351628
18495 342752
18328 335104
18231 329738
18205 328546
18151 325985
18072 321981
17991 318373
17901 312672
17837 308414
17800 304952
17772 303629
17721 301017
17653 297375
17578 294027
17469 287835
17377 282672
17319 278539
17296 277414
17260 275198
17224 272982
17197 270754
17165 268678
17125 265646
17090 262992
17065 260644
17029 258352
16981 255453
16926 252538
16879 249290
16846 246917
16815 244100
16773 241699
16723 238842
16668 235958
16610 232643
16548 229047
16494 226232
16453 224082
16412 221973
16357 219196
16297 216112
16239 213243
16179 210332
16126 207666
16073 205022
16019 201895
15947 198228
15856 194489
15770 191362
15698 188803
15644 186712
15590 184604
15516 181885
15419 178142
15310 174101
15200 170209
15097 166915
15003 164229
14910 161236
14790 157783
14652 153749
14505 150328
14365 147407
14246 145192
14143 143252
14056 141265
13925 138672
13766 135210
13580 131708
13390 128152
13210 125255
13051 122408
12880 119291
12677 115658
12439 111801
12221 108089
12006 104669
11810 101768
11616 99366
11401 96652
11166 93673
10904 90377
10622 87217
10317 83898
10005 80855
9747 78104
9526 75729
9297 73002
9013 70023
8667 66498
8319 63261
8019 60468
7751 58074
7490 55704
7158 52698
6778 49583
6373 46398
5977 43621
5595 41060
5227 38625
4893 36360
4589 34153
4268 31776
3938 29364
3616 26970
3363 25192
3115 23470
2863 21704
2539 19305
2218 16968
1899 14696
1628 12785
1381 10834
1165 9105
990 7749
850 6739
750 6001
662 5264
584 4675
500 4168
415 3772
333 3417
266 3076
221 2817
187 2595
158 2366
137 2147
117 1895
99 1681
81 1457
67 1244
