602485 6689292
601566 6689292
600954 6686675
600763 6682143
600365 6676389
599858 6671974
599456 6661610
598893 6652466
598438 6644601
598069 6642519
597933 6639431
597703 6635601
597428 6625383
597245 6616043
596922 6607445
596645 6607315
596412 6604622
596332 6600241
596191 6594346
596008 6589667
595873 6579251
595641 6570349
595452 6562924
595295 6559842
595257 6554701
595176 6547858
595066 6543215
594972 6530021
594821 6518530
594699 6507921
594599 6507908
594570 6506162
594524 6502921
594469 6498602
594416 6487531
594272 6477948
594112 6469457
593980 6466241
593907 6461287
593830 6454327
593677 6448681
593532 6442768
593384 6434799
593252 6424244
593086 6413097
592918 6404539
592778 6397597
592623 6391228
592501 6386311
592356 6380776
592239 6372985
592036 6360929
591753 6349427
591403 6340687
591027 6334407
590735 6328195
590441 6318866
590148 6307455
589797 6294684
589419 6283902
589033 6274671
588628 6267800
588326 6260640
588027 6252174
587698 6239592
586913 6225236
586035 6211112
585198 6201014
584743 6192309
584401 6184921
584040 6174724
583632 6161435
583113 6145041
582442 6130099
581722 6118291
581005 6109164
580434 6099590
579913 6087823
579358 6070784
578647 6050944
577739 6032594
576767 6019320
575866 6009536
575187 5999333
574636 5986694
574059 5966856
573296 5945168
572384 5924867
571431 5911703
570558 5902163
569820 5891050
569123 5877306
568340 5858612
567422 5836835
566335 5816590
565226 5801332
564176 5790715
563313 5779178
562566 5764241
561781 5745286
560893 5724067
559861 5704929
558814 5691436
557828 5676145
556785 5657165
555666 5640353
554823 5624237
554010 5607101
553146 5585594
551931 5568952
550811 5557797
549940 5545930
549129 5528640
548278 5497300
547145 5462825
545830 5437208
544434 5423903
543181 5414190
542164 5400802
541383 5385287
540542 5366120
539408 5343224
538047 5320900
536617 5298698
535306 5280704
534203 5264910
533310 5251081
532537 5228231
531434 5201614
530091 5176298
528732 5157511
527555 5142437
526663 5125318
525608 5105344
524528 5079966
523094 5052692
521607 5027173
520129 5008272
518933 4993269
517875 4976870
516625 4954612
515065 4926118
513306 4895065
511296 4863990
509169 4825619
507183 4798208
505551 4779742
503673 4767712
501122 4746325
498087 4715914
495118 4690325
492623 4670855
490615 4653320
488923 4634800
486485 4606519
483531 4573787
479863 4536726
476529 4505786
473247 4480053
470619 4460334
468364 4437062
465920 4408208
463111 4374585
458946 4330006
454883 4289450
450860 4255050
448206 4233657
445737 4209856
443030 4178431
439603 4142215
435530 4100474
431346 4062739
427357 4030622
424106 4005234
421138 3976684
417845 3942337
413769 3902890
409158 3862940
404509 3823762
399552 3782098
395210 3743755
391323 3707561
387358 3671440
382192 3626936
376524 3581994
370843 3540420
365306 3504245
360798 3475833
357180 3453456
354089 3432754
349596 3403335
344125 3367692
338509 3332723
333142 3300429
328928 3276250
325073 3254919
319954 3223886
313966 3188049
309245 3159078
306164 3141768
303863 3128870
300710 3110678
298278 3095005
294375 3061297
290034 3022216
286317 2987801
284097 2969598
281772 2951047
278674 2924042
275733 2898084
273227 2874752
270341 2851111
266797 2821842
263325 2795694
260073 2771086
257407 2750546
254769 2726806
251928 2687950
248745 2657144
245238 2622410
242120 2604305
239363 2581153
237018 2561630
234570 2538961
231997 2513343
229117 2486959
226105 2460959
223305 2437705
220938 2418784
219080 2402505
217511 2387226
216177 2371746
214722 2351686
212980 2325696
211645 2305106
210348 2288152
209231 2274833
207694 2254550
206290 2233979
204826 2209197
203115 2181249
201258 2152495
199504 2129276
197990 2110639
196676 2094914
195381 2078287
193876 2053563
192203 2030512
190530 2006901
189076 1992952
187710 1975259
186607 1961561
185609 1947147
184436 1923882
183086 1895455
181795 1869325
180822 1855533
179915 1845302
178966 1832601
177852 1815031
176745 1797249
175601 1779561
174560 1763709
173555 1749518
172525 1736245
171588 1720616
170508 1698726
169524 1676896
168460 1658020
167465 1643035
166447 1627365
165488 1614468
164699 1603816
163939 1592254
163154 1577688
162193 1559590
161058 1540254
159934 1522153
158917 1506031
158116 1492170
157362 1478518
156569 1463491
155686 1445559
154714 1425765
153812 1409446
152946 1395766
152239 1385051
151546 1363473
150554 1346530
149468 1326142
148485 1316658
147968 1304338
147345 1290340
146660 1271600
145873 1252462
145022 1236695
143962 1221649
142767 1204385
141729 1186544
140201 1165697
138875 1146468
137692 1130127
137090 1119299
136336 1104408
135297 1090458
134347 1078387
133425 1078835
132673 1075920
131509 1069372
130297 1054763
128540 1041690
127285 1029244
126239 1019185
125911 1011649
125490 1006320
124951 999622
124190 990416
123105 979861
121843 968287
120683 959165
119782 952611
119055 947284
118190 941071
117176 933428
115934 925188
114882 916720
114061 909969
113379 902836
112677 896962
111946 898992
111222 901262
110332 901469
109371 892200
108469 884015
107680 877639
107042 872165
106445 866168
105741 858943
104879 838476
103909 818432
103006 800018
102089 795262
101243 790596
100353 784522
99373 776653
98160 766726
96831 756936
95488 747794
94206 739859
92978 731105
91781 721597
90469 708017
89064 697754
87479 687494
85844 680496
84126 669702
82576 658670
81210 648075
79940 638244
78409 628482
76753 618723
74996 608521
73276 598488
71591 587917
69683 575690
67888 564052
65920 551584
64131 539653
62241 527700
60269 516758
58403 505545
56507 495751
54590 485135
52605 475561
50675 464152
48986 454173
47549 446207
46195 438533
44873 430338
43257 420068
41541 410270
39719 400002
38008 390521
36322 379827
34789 369808
33302 360009
31866 348340
30433 339838
29086 331690
27845 326103
26738 318689
25670 310690
24728 303617
23705 295725
22657 288354
21580 280531
20700 273665
19976 267648
19389 261764
18711 255392
17975 248748
17190 242535
16458 246807
15811 251529
15264 257131
14773 252116
14336 246908
13886 242090
13459 239583
13038 236116
12692 231529
12406 222201
12143 214055
11802 205617
11463 200024
11106 193871
10849 187678
10610 182368
10407 176784
10232 172701
10058 167935
9878 162505
9571 152282
9291 143755
9097 137194
9020 134968
8940 131489
8723 126579
8545 119264
8336 110842
8176 102687
8016 97195
7837 93006
7746 89203
7614 85144
7444 81251
7205 77579
7006 76419
6878 73244
6775 71354
6671 66923
6582 64540
6459 61742
6282 59184
6080 56717
5865 54629
5663 53174
5533 52022
5413 50655
5221 48938
5030 46839
4866 44871
4707 43353
4527 42291
4399 41414
4335 40211
4186 38999
3946 37600
3749 36234
3623 34978
3511 33804
3399 32702
3283 31442
3199 29915
3023 28205
2805 26385
2588 24884
2341 23247
2173 21361
2006 19572
1842 14776
1677 10783
1469 6786
1312 6354
1102 5718
929 4872
748 3955
591 3181
485 2839
447 2766
394 2615
342 2282
265 1926
217 1625
144 1342
99 1003
69 748
