124785 913731
124785 913731
124785 913731
124785 912735
124780 911738
124743 910741
124706 910741
124673 910741
124673 910741
124673 910741
124673 910741
124673 910110
124653 909478
124633 908846
124613 908846
124613 908846
124613 908444
124606 907640
124590 906340
124568 905434
124550 904474
124533 904009
124523 903552
124517 903476
124512 903186
124504 902706
124487 901678
124464 900832
124438 900175
124420 900143
124414 900143
124414 899909
124410 899441
124405 898684
124393 897871
124377 897184
124357 896589
124345 895451
124336 893590
124327 891695
124313 890249
124292 889347
124275 888677
124261 888390
124257 888163
124251 887642
124239 886610
124216 885806
124199 885064
124177 884832
124168 884600
124158 884298
124139 883679
124109 882749
124062 881453
124008 880171
123955 879200
123917 878898
123907 878570
123896 877938
123866 876984
123824 875673
123760 874311
123701 873270
123654 872915
123640 872513
123625 872096
123583 870858
123513 869143
123417 866561
123322 864801
123255 863921
123229 863379
123204 862412
123150 859945
123064 858018
122927 855960
122789 855402
122684 854847
122656 853864
122613 852747
122526 851216
122382 850356
122231 827806
122094 805672
122013 783850
121937 783245
121825 781608
121669 778941
121505 776046
121351 773942
121198 772870
121096 771944
120985 770622
120838 767784
120612 764117
120378 760779
120138 758120
119913 756977
119763 755332
119622 753824
119452 751193
119209 748250
118947 745842
118720 743731
118515 742741
118409 741256
118299 739838
118175 737837
117974 735987
117744 734679
117526 733640
117354 732597
117216 731033
117049 729171
116842 725358
116605 721777
116361 717364
116143 715417
115976 713975
115850 713975
115699 713975
115477 713975
115225 713649
114983 620026
114798 526288
114684 432667
114584 432090
114484 431397
114330 430644
114153 429821
113955 429037
113766 519732
113574 610324
113402 700377
113227 698621
113045 696699
112853 694833
112655 693388
112519 692325
112400 691485
112279 690270
112124 688625
111963 686866
111776 684961
111566 683591
111398 682630
111271 681878
111165 680598
111021 678922
110861 677224
110719 675783
110554 674691
110431 673807
110302 672804
110199 671449
110047 669519
109839 667070
109618 664664
109426 662930
109309 661864
109218 660847
109105 659533
108966 657884
108802 656128
108631 654348
108465 653050
108335 651994
108215 650899
108095 649448
107943 647597
107789 645845
107597 644118
107392 642887
107239 641766
107100 640541
106945 638910
106696 636926
106396 634837
106086 633004
105839 631623
105666 630529
105497 629183
105256 627327
104912 625082
104551 622711
104153 620332
103815 618501
103523 616897
103242 615470
102936 613365
102541 610844
102135 608183
101634 605717
101137 603890
100753 602394
100338 601252
99845 599527
99389 597411
99019 594973
98684 592697
98181 590919
97738 589570
97340 588650
96970 587450
96688 585753
96380 583448
96035 581111
95544 578957
95106 577070
94715 574781
94281 572326
93771 569685
93194 566423
92503 563648
91888 561142
91367 559703
90936 557404
90375 554470
89605 550669
88810 547476
87932 544370
87190 542029
86513 539362
85935 536566
85234 533358
84353 529721
83319 526220
82157 522820
81196 519828
80428 517108
79824 513763
79096 510585
77843 506631
76858 502640
75718 497673
74953 493208
73927 488981
73046 485053
72120 480702
71012 476016
69831 471470
68569 466860
67414 462811
66318 459030
65284 455273
63967 450772
62412 445803
60583 440784
58919 436284
57450 432217
56353 428269
55234 424288
54010 419409
52592 414668
51197 410067
49935 405994
48835 402651
48013 399658
47059 396347
45962 391795
44520 386673
43190 382087
41913 378228
40827 374860
39894 371198
39031 367579
38185 363409
37123 359277
36091 355261
35176 351615
34449 348341
33857 344751
33242 340943
32565 336664
31812 332401
31014 328598
30192 325497
29496 322767
28946 320007
28482 316733
27912 312422
27194 307570
26514 302473
25734 298271
25130 294976
24634 292375
24337 289476
23979 286158
23551 280442
23019 275081
22511 269808
22045 267249
21762 265117
21474 262780
21079 259736
20598 256134
20098 252739
19643 249756
19234 247240
18921 245094
18673 242934
18408 240185
18072 237067
17687 232890
17327 229102
17032 225533
16814 223204
16628 220833
16401 218173
16132 215403
15844 212870
15606 210851
15428 209321
15274 207750
15102 205764
14868 203198
14610 200498
14315 197985
14033 195728
13757 193820
13530 192074
13261 190219
12930 188059
12554 185677
12190 183196
11871 180904
11615 179049
11423 177630
11282 176036
11102 174104
10907 171777
10717 169607
10570 167665
10460 166241
10362 165017
10254 163552
10142 161727
10016 159732
9915 157740
9811 155888
9733 154260
9663 153164
9585 152001
9488 150495
9377 148649
9274 146821
9177 145203
9092 143836
9021 142703
8951 141549
8865 139971
8775 138170
8700 136235
8609 134501
8529 133056
8447 131938
8385 130645
8303 128759
8219 126565
8143 124472
8083 122506
8016 120960
7959 119754
7907 118608
7856 117150
7785 115180
7715 113395
7643 111659
7586 110388
7535 109068
7496 107748
7455 106052
7400 104382
7330 102714
7250 101090
7173 99862
7113 98964
7068 98358
7026 97464
6969 96174
6902 94760
6831 93366
6772 92367
6724 91409
6678 90450
6617 89164
6550 87864
6481 86529
6420 85418
6369 84474
6328 83649
6286 82700
6230 81640
6167 80343
6109 78663
6045 76992
5985 75502
5934 74454
5890 73285
5828 72024
5750 70562
5674 68962
5601 67483
5536 66118
5481 64802
5429 63210
5364 61492
5300 58780
5232 56037
5162 53396
5091 51794
5035 50320
4999 48398
4943 46391
4876 44449
4793 43128
4722 42184
4653 41224
4604 40013
4542 38635
4466 37323
4361 36095
4264 34994
4174 34052
4100 33383
4036 32684
3994 31955
3948 30993
3882 30026
3807 29050
3732 28277
3673 27519
3601 26666
3511 25265
3354 23711
3150 22235
2946 21298
2805 20680
2726 20275
2677 19923
2632 19514
2585 19020
2524 18490
2452 17965
2382 17524
2314 17173
2260 16816
2205 16368
2136 15753
2051 15088
1955 14396
1860 13786
1769 13278
1695 12867
1624 12415
1533 11892
1424 11272
1300 10653
1159 10117
1011 9666
865 9229
745 8755
634 8232
540 7777
462 7305
390 6866
337 6433
286 6022
250 5592
216 5143
191 4725
164 4354
137 4040
116 3742
103 3422
90 3046
75 2618
61 2199
52 1821
42 1514
36 1235
30 1015
24 831
20 729
16 652
15 568
