873910 8314989
872569 8314989
871674 8312092
871424 8306335
871230 8298008
870763 8290665
870109 8280508
869239 8272921
868641 8267247
868235 8264476
868048 8259044
867710 8251824
867233 8241658
866638 8234152
866195 8228434
865890 8228434
865890 8225732
865806 8220549
865659 8212451
865470 8205949
865324 8196625
865193 8190214
865104 8182380
865033 8179850
865010 8174455
864967 8169194
864883 8162080
864768 8152380
864574 8145078
864444 8139628
864345 8133487
864252 8127346
864160 8118328
863988 8107872
863766 8097416
863545 8089837
863403 8089837
863403 8087006
863356 8080534
863189 8071562
862955 8063500
862705 8052466
862457 8043933
862276 8037321
862158 8033391
862084 8026280
861914 8016970
861635 8003533
861229 7993276
860920 7985218
860719 7985218
860719 7981759
860618 7974210
860386 7963582
860023 7953857
859646 7940693
859105 7930610
858696 7923083
858402 7915198
858274 7902677
858006 7886601
857580 7875446
857131 7860272
856389 7848652
855806 7839997
855373 7835873
855164 7826052
854674 7810535
853962 7796647
853273 7773172
852357 7755392
851665 7740108
851159 7735928
850902 7726255
850250 7711979
849296 7699043
848417 7681542
847266 7668642
846416 7658583
845748 7653433
845428 7642099
844745 7625512
843684 7610217
842546 7590097
841102 7575230
840037 7564221
839367 7557301
838964 7544410
837892 7526012
836397 7510795
835064 7484175
832614 7463062
830588 7445688
828802 7439662
828345 7427244
827377 7409155
826006 7393079
824606 7372310
822774 7357211
821346 7346127
820403 7341163
820029 7329880
819169 7312606
817810 7297417
816496 7273322
814532 7255220
813068 7239995
811932 7239995
811932 7233205
811341 7220772
810313 7205358
809005 7185477
807322 7171237
806076 7159980
805110 7154805
804849 7143097
804083 7125415
802853 7108933
801398 7087596
799441 7072235
797947 7060847
796939 7052125
796273 7040780
795387 7022440
793892 7009866
792616 6988790
790512 6974710
789017 6957190
787970 6950795
787455 6937413
786437 6923889
784967 6906057
783565 6889158
782668 6878797
781784 6867356
780865 6854735
779442 6836194
777923 6816492
776671 6801521
775694 6789435
774877 6780089
773817 6768019
772462 6752767
770815 6732754
769083 6712716
767466 6694815
766196 6683178
765094 6673773
763955 6664802
762676 6654955
761441 6644625
760391 6635307
759478 6626417
758516 6617254
757366 6605835
755938 6590488
754143 6570650
752256 6547686
749984 6522203
747915 6501995
745978 6485932
744229 6469771
741964 6446720
739220 6418237
736221 6389066
733664 6365538
731270 6347952
729485 6337148
727279 6319798
725047 6300057
721621 6273334
718642 6252743
715281 6229204
712895 6213007
710532 6196788
708356 6180655
705496 6157215
701851 6129405
697989 6102649
693976 6078725
690632 6059854
687642 6043837
684655 6025223
680751 6001165
675805 5970839
670689 5942355
665634 5916502
661272 5896637
657395 5877845
652587 5853508
646991 5823456
640447 5789204
633376 5754051
625723 5719639
618394 5692016
612748 5672782
608242 5658385
599759 5636622
592594 5607647
584820 5575659
580082 5546638
573746 5525886
568169 5508819
564270 5496723
557172 5479383
551311 5451706
544760 5419115
540601 5385616
534961 5361561
527777 5326686
517654 5284991
509012 5242168
500193 5197345
493737 5158326
483479 5106507
473823 5061398
463830 5007419
453856 4945034
444522 4893544
436078 4843947
429414 4811744
422243 4768805
415496 4733600
408040 4694612
402297 4665410
396923 4638903
392809 4618134
388397 4595722
384256 4573273
379670 4547173
373748 4509117
368174 4472376
362249 4433352
357535 4401296
352370 4363443
348749 4335238
346141 4316765
343642 4300852
340320 4277499
335980 4246628
331851 4218146
328289 4196070
324688 4175338
321621 4157001
316867 4124023
311664 4083905
305520 4037070
300783 4002931
296870 3976863
293300 3952314
290315 3930272
286472 3897098
282628 3861813
277752 3816779
274392 3786264
271588 3761276
269326 3742639
266931 3723087
264139 3697644
262244 3676913
260544 3657600
259029 3642609
256878 3621805
254307 3596839
251969 3574422
249758 3554048
247196 3527259
244411 3497201
241185 3460740
238443 3431419
235795 3404465
233846 3387069
231474 3362144
228997 3331813
226141 3295748
224169 3271903
222302 3251650
220747 3235550
219032 3216802
217092 3193200
215032 3165246
212805 3133776
211049 3106449
209317 3080433
207441 3055177
205525 3030402
203444 2999933
201517 2965692
199752 2933964
198492 2911561
197340 2894198
196076 2874888
194843 2856632
193795 2839516
192555 2816109
191129 2788050
189312 2753804
187918 2728429
186483 2704789
185438 2688306
184373 2673069
183136 2651761
181832 2626526
180041 2592588
178590 2564799
176835 2535668
175546 2511840
173792 2482974
172345 2458865
170874 2434806
169678 2413870
168243 2388930
166875 2365947
165832 2349968
165012 2337943
163881 2324426
162377 2303978
160851 2281999
159340 2258088
157918 2236392
156380 2215187
154808 2198876
153458 2185362
152086 2170261
150773 2150071
149131 2125212
147332 2098355
145807 2075538
144668 2056681
143557 2034486
142304 2008508
140716 1977558
139289 1951390
137600 1922545
136123 1895664
134759 1871883
133415 1850432
131986 1830811
130254 1807688
128469 1784412
126622 1760737
125089 1740884
123862 1725427
122419 1707043
120708 1685126
118588 1659233
116425 1634861
114312 1611852
112407 1591712
110917 1575184
109498 1558619
107939 1538286
105687 1511169
103233 1482337
100928 1456740
98800 1433649
96505 1409229
93756 1374560
91285 1344997
88969 1316083
86843 1293271
84465 1265172
82054 1238262
79953 1216112
78084 1194612
76106 1173148
73914 1148647
71489 1123360
69145 1097137
67057 1073932
64690 1047413
62762 1025845
60853 1006075
59397 991001
57723 972310
55713 947872
53901 925192
52382 906944
51258 892754
50110 878715
48596 859478
46988 839242
45254 816128
43723 795719
42008 772622
40896 757772
39945 746065
39232 739078
38253 729014
37206 716823
36379 707685
35668 696799
35049 686778
34537 675939
33779 664865
33012 654613
32283 645092
31726 637628
31156 627861
30393 615324
29715 603721
29084 577072
28590 552897
28073 528309
27542 520864
26982 510909
26481 500983
26006 490786
25586 483243
25169 476362
24788 469684
24266 460469
23660 448868
23057 437171
22568 428329
22126 421667
21706 415861
21332 409707
20975 403117
20588 394432
20196 384517
19792 375167
19397 367503
18978 360921
18639 353572
18323 345854
17941 336277
17578 327636
17231 318412
17001 310758
16695 301663
16409 293052
16024 283372
15562 273023
15115 262631
14747 252731
14451 244218
14174 235669
13924 227408
13749 219113
13495 211615
13152 204108
12592 195671
11778 186677
11013 177435
10400 169367
10128 161626
9895 154601
9607 147760
9210 140069
8743 131944
8294 123136
7850 115420
7507 107950
7250 101989
7039 96124
6823 91652
6553 87636
6326 84406
6070 81592
5853 78640
5596 75257
5360 71256
5110 66791
4886 63158
4635 59755
4394 56447
4116 52280
3873 48507
3601 44680
3356 41509
3093 37946
2880 34967
2605 31474
2268 27705
1886 23746
1597 20738
1387 18334
1193 16446
997 14265
818 12616
704 7646
611 3714
513 0
384 0
267 0
176 0
