3031669 26215224
3029465 26166136
3027151 26117917
3024247 26077379
3020918 26038765
3016744 26010444
3012807 25973373
3008688 25943106
3006115 25910277
3004327 25880481
3002958 25849182
3000971 25814132
2997978 25789267
2995313 25751984
2993231 25718337
2992539 25682742
2991892 25652245
2990891 25619447
2989426 25579085
2987439 25548540
2985286 25508520
2983393 25477884
2982358 25443386
2981554 25414694
2980487 25382553
2978951 25354047
2977476 25324531
2975885 25300165
2974570 25267250
2973570 25241608
2972644 25201040
2971630 25161482
2970443 25116790
2969127 25078240
2967705 25035188
2966220 24995455
2965315 24959798
2964593 24928331
2963764 24897024
2962431 24847165
2959049 24806701
2955457 24773008
2952110 24751964
2950895 24716868
2949945 24671972
2948690 24633248
2946751 24601398
2944360 24568861
2942439 24526133
2941325 24484931
2940918 24442858
2940552 24409214
2939669 24368450
2938377 24330512
2936538 24292209
2934431 24257758
2931898 24214274
2929860 24149326
2928338 24093474
2927295 24048062
2925940 24017888
2924238 23977978
2921985 23935277
2919463 23879273
2917396 23821887
2915961 23771221
2914533 23736043
2912630 23695498
2910246 23645359
2907730 23600570
2905005 23561955
2902817 23515213
2901053 23454155
2899244 23395512
2896871 23341272
2894207 23305369
2891698 23271085
2888614 23227796
2885906 23163268
2883365 23082605
2881081 23008167
2878024 22932874
2874189 22857781
2870249 22793063
2866035 22729906
2862812 22674503
2860135 22606359
2858053 22563656
2855241 22524915
2851736 22485595
2847504 22408072
2842922 22336503
2839316 22254146
2836665 22198809
2834450 22150415
2831716 22132412
2828402 22110158
2824416 22078080
2819786 22028547
2815916 21970746
2812888 21904771
2810429 21838797
2806949 21784638
2803076 21732207
2798845 21686281
2794550 21619001
2791200 21527473
2788689 21439078
2786950 21341496
2783848 21286131
2780532 21229327
2776935 21201920
2773877 21159354
2770555 21100109
2767272 21037254
2762844 20966901
2758443 20904257
2753743 20845111
2749776 20790616
2745895 20740626
2742565 20682605
2739922 20611626
2736948 20545888
2733613 20491527
2729660 20451259
2725033 20404667
2720096 20348134
2715710 20284562
2712276 20225502
2708453 20165098
2703677 20100553
2698077 20033029
2692440 19966857
2687724 19903388
2683007 19854527
2677882 19806791
2671065 19765562
2663497 19706564
2655631 19650242
2649168 19600251
2644040 19548793
2637804 19492560
2630190 19425970
2621384 19364383
2613764 19302972
2604859 19250040
2596295 19204017
2588742 19165867
2582964 19170362
2578328 19051989
2574144 18946288
2570866 18812331
2567451 18812331
2563783 18812331
2559060 18775677
2551692 18707351
2541453 18605862
2529561 18510562
2517132 18409202
2504426 18314037
2493189 18199844
2483932 18110895
2474485 18011610
2462701 17936475
2448143 17823159
2432345 17717461
2413695 17603285
2389536 17504700
2367460 17390442
2346655 17246967
2330095 17096973
2311252 16955223
2292282 16843297
2270913 16736807
2253511 16644589
2238792 16533745
2226940 16430883
2209645 16311293
2188753 16201427
2163332 16072745
2142302 15964515
2124862 15845179
2112372 15728252
2094823 15583659
2072068 15445805
2047093 15310749
2021223 15173293
1995736 15051575
1972993 14922227
1954080 14796321
1936087 14660800
1915198 14545755
1891402 14451202
1867366 14370247
1840627 14284666
1816020 14179185
1794051 14084439
1781037 13970980
1768648 13867403
1755381 13752728
1736546 13667054
1712298 13591475
1689348 13523049
1670872 13448240
1662349 13359682
1657324 13253137
1649293 13137976
1634372 13037233
1613848 12933567
1595584 12819871
1582515 12693593
1570526 12595808
1556367 12516889
1538184 12447156
1519703 12364112
1500511 12270755
1484968 12160323
1472909 12048027
1461706 11975378
1448653 11945479
1433283 11931141
1418830 11889775
1402581 11811540
1388268 11732037
1375031 11660408
1363610 11591390
1349755 11497759
1333508 11384598
1315652 11267383
1297214 11143038
1280718 11042485
1268280 10964728
1260580 10908066
1255459 10862192
1247789 10795828
1235291 10709802
1218595 10578755
1204251 10467550
1192921 10374742
1182144 10290732
1169315 10185421
1154986 10066253
1141969 9948731
1129003 9831736
1118183 9740998
1108385 9670532
1099334 9606988
1088418 9524823
1076613 9428906
1064220 9328484
1051990 9220847
1041674 9133931
1033453 9066526
1026357 9007383
1017798 8927973
1008142 8834537
998399 8739343
988182 8643539
979536 8569975
950251 8515732
922140 8467566
893637 8401192
886769 8320675
880408 8237390
873826 8152226
867953 8085132
862521 8034774
857354 7990372
851595 7928584
845175 7852040
839170 7771029
832694 7688307
827684 7624748
823353 7578023
820021 7537264
815364 7481687
810204 7413437
805063 7341822
800169 7268246
795968 7211119
792569 7168072
789470 7129283
785909 7075768
781741 7010685
777609 6943132
773445 6874030
769558 6821067
766083 6781869
761650 6747273
757186 6702616
752505 6650507
748265 6599003
743838 6544934
739227 6502034
735945 6469262
732388 6439652
728650 6396927
724038 6343901
719923 6289350
711412 6234940
701057 6193853
691011 6162880
685629 6133369
682390 6090764
678625 6041296
674127 5994962
668988 5953527
663875 5923300
660156 5901943
656807 5881675
653599 5852569
649666 5816539
645811 5778397
642665 5748019
640171 5725059
638012 5709442
634832 5684752
630511 5650491
625962 5609403
621463 5567616
617337 5524618
613566 5490980
609965 5464646
606231 5439902
602026 5407791
597228 5368064
592215 5326327
586431 5280502
581564 5244183
577034 5217569
572766 5192011
567773 5155148
562479 5108981
556697 5061722
550160 5014186
542755 4976510
535624 4947364
528172 4920624
521016 4885601
513677 4844698
507019 4803661
499433 4762321
492614 4729287
486235 4703393
480804 4679128
474512 4646711
467313 4607612
459532 4564168
451042 4515688
443316 4475752
436418 4445850
429395 4418349
421194 4378345
412134 4326259
403241 4271573
394513 4214600
387296 4171145
381156 4138352
375790 4105176
368947 4055352
360871 3992468
351508 3928583
341945 3863848
333082 3812601
325079 3770335
316792 3728497
306000 3668165
294212 3592121
282213 3507215
272765 3418827
264863 3348063
257825 3292456
249758 3237076
240320 3161701
230355 3071041
220513 2978479
210583 2888103
202141 2818200
195876 2772019
190201 2733842
183781 2677803
175871 2600436
168023 2511675
160367 2421274
153921 2349060
148381 2292191
143252 2236970
137650 2165978
131835 2087012
126084 2015530
120405 1954241
115632 1911585
111420 1879923
107561 1847239
103644 1805233
99844 1756792
96478 1707587
92897 1658821
90070 1621752
87672 1594242
85863 1567711
83772 1531939
81688 1490522
79545 1451021
77556 1415759
75963 1390798
74730 1372411
73395 1354954
71709 1326593
69949 1290535
68267 1249245
66587 1210764
65259 1179754
63849 1156473
62558 1131338
61054 1099945
59582 1062106
58100 1023867
56832 991825
55974 964480
55290 943331
54449 912592
53423 878406
52361 840586
51182 806439
49990 771721
48811 744199
47840 723271
46675 705750
45364 683764
43832 657391
42448 631340
41121 605443
39943 586586
38880 572090
37794 558159
36634 538479
35488 515545
34408 492793
33389 469846
32430 452123
31481 438271
30447 425689
29293 408679
28137 388660
27118 369553
26188 351266
25380 337730
24581 327341
23751 317566
22855 304748
21954 290492
21084 277205
20255 264248
19540 254261
18895 246447
18199 238937
17376 228332
16454 215918
15538 204498
14688 194164
14019 187016
13331 181701
12586 176077
11502 167841
10432 157848
9296 147702
8310 137517
7457 128313
6740 121059
6091 113993
5381 106139
4676 96935
3990 88218
3393 80048
2912 73934
2506 69243
2125 64262
1739 57815
1381 50391
1041 43493
672 36971
435 32093
276 28743
239 25857
187 21929
136 17361
