2020 4 12 22363
2020 4 13 23912
2020 4 14 26237
2020 4 15 28722
2020 4 16 33323
2020 4 17 37184
2020 4 18 39049
2020 4 19 41094
2020 4 20 42602
2020 4 21 44889
2020 4 22 47093
2020 4 23 50373
2020 4 24 52377
2020 4 25 54213
2020 4 26 55411
2020 4 27 56806
2020 4 28 58904
2020 4 29 61386
2020 4 30 63282
2020 5 1 65247
2020 5 2 66838
2020 5 3 68228
2020 5 4 69486
2020 5 5 71537
2020 5 6 73752
2020 5 7 75968
2020 5 8 77505
2020 5 9 79105
2020 5 10 79931
2020 5 11 81114
2020 5 12 82772
2020 5 13 84480
2020 5 14 86252
2020 5 15 87874
2020 5 16 89082
2020 5 17 89954
2020 5 18 90786
2020 5 19 92253
2020 5 20 93755
2020 5 21 94980
2020 5 22 96215
2020 5 23 97286
2020 5 24 97933
2020 5 25 98472
2020 5 26 99147
2020 5 27 100624
2020 5 28 101729
2020 5 29 102884
2020 5 30 103854
2020 5 31 104493
2020 6 1 105256
2020 6 2 106207
2020 6 3 107209
2020 6 4 108231
2020 6 5 109352
2020 6 6 110051
2020 6 7 110510
2020 6 8 110982
2020 6 9 111942
2020 6 10 112841
2020 6 11 113689
2020 6 12 114531
2020 6 13 115256
2020 6 14 115586
2020 6 15 115982
2020 6 16 116768
2020 6 17 117528
2020 6 18 118228
2020 6 19 118893
2020 6 20 119460
2020 6 21 119742
2020 6 22 120154
2020 6 23 120875
2020 6 24 121625
2020 6 25 124058
2020 6 26 124697
2020 6 27 125194
2020 6 28 125504
2020 6 29 125832
2020 6 30 127045
2020 7 1 127695
2020 7 2 128416
2020 7 3 129100
2020 7 4 129377
2020 7 5 129680
2020 7 6 130030
2020 7 7 131153
2020 7 8 131950
2020 7 9 132972
2020 7 10 133778
2020 7 11 134520
2020 7 12 134960
2020 7 13 135382
2020 7 14 136258
2020 7 15 137197
2020 7 16 138164
2020 7 17 139058
2020 7 18 139936
2020 7 19 140377
2020 7 20 140766
2020 7 21 141836
2020 7 22 143037
2020 7 23 144152
2020 7 24 145347
2020 7 25 146340
2020 7 26 146878
2020 7 27 147985
2020 7 28 149134
2020 7 29 150546
2020 7 30 151970
2020 7 31 153185
2020 8 1 154328
2020 8 2 154798
2020 8 3 155366
2020 8 4 156649
2020 8 5 158075
2020 8 6 159860
2020 8 7 161162
2020 8 8 162240
2020 8 9 162813
2020 8 10 163328
2020 8 11 164422
2020 8 12 165921
2020 8 13 166969
2020 8 14 168279
2020 8 15 169322
2020 8 16 169931
2020 8 17 170398
2020 8 18 171623
2020 8 19 172326
2020 8 20 173425
2020 8 21 174524
2020 8 22 175495
2020 8 23 175993
2020 8 24 176421
2020 8 25 177641
2020 8 26 178792
2020 8 27 179912
2020 8 28 180839
2020 8 29 181802
2020 8 30 182237
2020 8 31 182673
2020 9 1 183738
2020 9 2 184795
2020 9 3 185815
2020 9 4 186763
2020 9 5 187579
2020 9 6 188009
2020 9 7 188319
2020 9 8 188777
2020 9 9 189903
2020 9 10 190806
2020 9 11 191944
2020 9 12 192687
2020 9 13 193074
2020 9 14 193492
2020 9 15 194690
2020 9 16 195631
2020 9 17 196476
2020 9 18 197436
2020 9 19 198093
2020 9 20 198347
2020 9 21 198757
2020 9 22 199783
2020 9 23 200826
2020 9 24 201710
2020 9 25 202619
2020 9 26 203378
2020 9 27 203667
2020 9 28 203990
2020 9 29 204896
2020 9 30 205817
2020 10 1 206720
2020 10 2 207539
2020 10 3 208217
2020 10 4 208582
2020 10 5 209045
2020 10 6 209745
2020 10 7 210638
2020 10 8 211603
2020 10 9 212562
2020 10 10 213211
2020 10 11 213647
2020 10 12 214030
2020 10 13 214809
2020 10 14 215800
2020 10 15 216614
2020 10 16 217526
2020 10 17 218281
2020 10 18 218698
2020 10 19 219169
2020 10 20 220098
2020 10 21 221265
2020 10 22 222083
2020 10 23 223027
2020 10 24 223964
2020 10 25 224375
2020 10 26 224867
2020 10 27 225885
2020 10 28 226887
2020 10 29 227883
2020 10 30 228920
2020 10 31 229860
2020 11 1 230343
2020 11 2 230861
2020 11 3 232468
2020 11 4 233606
2020 11 5 234777
2020 11 6 236009
2020 11 7 237141
2020 11 8 237683
2020 11 9 238439
2020 11 10 239889
2020 11 11 241366
2020 11 12 242728
2020 11 13 243924
2020 11 14 245284
2020 11 15 246051
2020 11 16 246866
2020 11 17 248568
2020 11 18 250481
2020 11 19 252509
2020 11 20 254454
2020 11 21 256090
2020 11 22 257142
2020 11 23 258208
2020 11 24 260341
2020 11 25 262576
2020 11 26 263979
2020 11 27 265528
2020 11 28 266879
2020 11 29 267915
2020 11 30 269228
2020 12 1 271778
2020 12 2 274592
2020 12 3 277543
2020 12 4 280153
2020 12 5 282537
2020 12 6 283929
2020 12 7 285493
2020 12 8 288064
2020 12 9 291229
2020 12 10 294209
2020 12 11 297583
2020 12 12 300092
2020 12 13 301749
2020 12 14 303405
2020 12 15 306382
2020 12 16 310108
2020 12 17 313556
2020 12 18 316492
2020 12 19 319297
2020 12 20 321006
2020 12 21 322804
2020 12 22 326102
2020 12 23 329484
2020 12 24 332406
2020 12 25 333925
2020 12 26 335832
2020 12 27 337269
2020 12 28 339141
2020 12 29 342757
2020 12 30 346647
2020 12 31 349938
2021 1 1 352185
2021 1 2 354728
2021 1 3 356159
2021 1 4 358142
2021 1 5 361741
2021 1 6 365654
2021 1 7 369676
2021 1 8 373849
2021 1 9 377090
2021 1 10 379181
2021 1 11 381019
2021 1 12 385395
2021 1 13 389408
2021 1 14 393189
2021 1 15 397013
2021 1 16 400577
2021 1 17 402569
2021 1 18 404137
2021 1 19 406533
2021 1 20 410944
2021 1 21 415054
2021 1 22 418837
2021 1 23 422374
2021 1 24 424219
2021 1 25 425987
2021 1 26 429962
2021 1 27 434052
2021 1 28 437867
2021 1 29 441445
2021 1 30 444320
2021 1 31 446269
2021 2 1 448041
2021 2 2 451571
2021 2 3 455443
2021 2 4 459336
2021 2 5 463014
2021 2 6 465750
2021 2 7 467219
2021 2 8 468662
2021 2 9 471700
2021 2 10 475078
2021 2 11 478247
2021 2 12 481091
2021 2 13 483363
2021 2 14 484521
2021 2 15 485462
2021 2 16 487095
2021 2 17 489504
2021 2 18 492083
2021 2 19 494607
2021 2 20 496525
2021 2 21 497737
2021 2 22 498937
2021 2 23 501209
2021 2 24 504431
2021 2 25 506847
2021 2 26 508987
2021 2 27 510500
2021 2 28 511590
2021 3 1 512905
2021 3 2 514822
2021 3 3 517349
2021 3 4 519275
2021 3 5 521001
2021 3 6 522515
2021 3 7 523217
2021 3 8 523924
2021 3 9 525689
2021 3 10 527229
2021 3 11 528783
2021 3 12 530202
2021 3 13 531177
2021 3 14 531692
2021 3 15 532395
2021 3 16 533652
2021 3 17 534845
2021 3 18 536480
2021 3 19 537506
2021 3 20 538278
2021 3 21 538989
2021 3 22 539538
2021 3 23 540483
2021 3 24 541944
2021 3 25 543292
2021 3 26 544447
2021 3 27 545254
2021 3 28 545695
2021 3 29 546322
2021 3 30 547216
2021 3 31 548284
2021 4 1 549388
2021 4 2 550273
2021 4 3 551027
2021 4 4 551338
2021 4 5 551797
2021 4 6 552625
2021 4 7 555227
2021 4 8 556235
2021 4 9 557143
2021 4 10 557899
2021 4 11 558188
2021 4 12 558631
2021 4 13 559496
2021 4 14 560425
2021 4 15 561334
2021 4 16 562199
2021 4 17 562904
2021 4 18 563254
2021 4 19 563741
2021 4 20 564583
2021 4 21 565467
2021 4 22 566404
2021 4 23 567156
2021 4 24 567916
2021 4 25 568219
2021 4 26 568694
2021 4 27 569364
2021 4 28 570343
2021 4 29 571228
2021 4 30 572032
2021 5 1 572779
2021 5 2 573101
2021 5 3 573577
2021 5 4 574457
2021 5 5 575273
2021 5 6 576070
2021 5 7 576827
2021 5 8 577461
2021 5 9 577718
2021 5 10 578107
2021 5 11 578792
2021 5 12 579579
2021 5 13 580340
2021 5 14 580967
2021 5 15 581496
2021 5 16 581766
2021 5 17 582159
2021 5 18 582936
2021 5 19 583602
2021 5 20 584285
2021 5 21 584903
2021 5 22 585391
2021 5 23 585587
2021 5 24 586021
2021 5 25 586670
2021 5 26 587662
2021 5 27 589018
2021 5 28 589549
2021 5 29 589893
2021 5 30 590043
2021 5 31 590215
2021 6 1 590847
2021 6 2 591409
2021 6 3 592044
2021 6 4 592565
2021 6 5 593149
2021 6 6 593314
2021 6 7 593630
2021 6 8 593949
2021 6 9 594433
2021 6 10 594847
2021 6 11 595380
2021 6 12 595656
2021 6 13 595763
2021 6 14 595946
2021 6 15 596274
2021 6 16 596656
2021 6 17 596952
2021 6 18 597558
2021 6 19 597735
2021 6 20 597810
2021 6 21 598069
2021 6 22 598415
2021 6 23 598815
2021 6 24 599157
2021 6 25 599684
2021 6 26 599841
2021 6 27 599916
2021 6 28 600062
2021 6 29 600399
2021 6 30 600702
2021 7 1 600986
2021 7 2 601422
2021 7 3 601516
2021 7 4 601557
2021 7 5 601672
2021 7 6 601973
2021 7 7 602301
2021 7 8 602547
2021 7 9 603016
2021 7 10 603103
2021 7 11 603222
2021 7 12 603451
2021 7 13 603810
2021 7 14 604138
2021 7 15 604491
2021 7 16 604945
2021 7 17 605024
2021 7 18 605111
2021 7 19 605302
2021 7 20 605591
2021 7 21 605953
2021 7 22 606238
2021 7 23 606795
2021 7 24 606926
2021 7 25 607025
2021 7 26 607284
2021 7 27 607735
2021 7 28 608108
2021 7 29 608428
2021 7 30 609312
2021 7 31 609480
2021 8 1 609702
2021 8 2 610048
2021 8 3 610628
2021 8 4 611172
2021 8 5 611688
2021 8 6 612823
2021 8 7 613083
2021 8 8 613208
2021 8 9 613731
2021 8 10 614567
2021 8 11 615361
2021 8 12 616389
2021 8 13 617443
2021 8 14 617709
2021 8 15 617913
2021 8 16 618940
2021 8 17 619958
2021 8 18 621164
2021 8 19 622942
2021 8 20 624399
2021 8 21 624964
2021 8 22 625175
2021 8 23 626505
2021 8 24 627928
2021 8 25 629470
2021 8 26 631680
2021 8 27 633424
2021 8 28 634069
2021 8 29 634383
2021 8 30 636094
2021 8 31 637534
2021 9 1 639574
2021 9 2 642583
2021 9 3 644519
2021 9 4 645162
2021 9 5 645578
2021 9 6 646204
2021 9 7 648280
2021 9 8 650593
2021 9 9 653821
2021 9 10 656286
2021 9 11 657121
2021 9 12 657492
2021 9 13 659658
2021 9 14 661572
2021 9 15 664316
2021 9 16 667790
2021 9 17 670249
2021 9 18 671241
2021 9 19 671633
2021 9 20 673941
2021 9 21 676392
2021 9 22 679082
2021 9 23 682390
2021 9 24 684868
2021 9 25 685708
2021 9 26 686280
2021 9 27 688546
2021 9 28 691060
2021 9 29 693687
2021 9 30 696501
2021 10 1 698654
2021 10 2 699490
2021 10 3 700019
2021 10 4 701944
2021 10 5 703823
2021 10 6 706482
2021 10 7 708965
2021 10 8 710776
2021 10 9 711212
2021 10 10 711689
2021 10 11 712873
2021 10 12 715163
2021 10 13 718374
2021 10 14 720545
2021 10 15 722359
2021 10 16 722924
2021 10 17 723386
2021 10 18 725165
2021 10 19 727124
2021 10 20 730303
2021 10 21 732310
2021 10 22 734170
2021 10 23 734719
2021 10 24 734977
2021 10 25 736454
2021 10 26 738036
2021 10 27 740095
2021 10 28 741943
2021 10 29 743662
2021 10 30 744043
2021 10 31 744277
2021 11 1 745556
2021 11 2 746839
2021 11 3 748801
2021 11 4 750017
2021 11 5 752140
2021 11 6 752613
2021 11 7 752818
2021 11 8 754075
2021 11 9 755510
2021 11 10 757194
2021 11 11 758076
2021 11 12 760530
2021 11 13 761101
2021 11 14 761302
2021 11 15 762606
2021 11 16 763940
2021 11 17 765588
2021 11 18 766944
2021 11 19 768735
2021 11 20 769192
2021 11 21 769412
2021 11 22 770679
2021 11 23 772058
2021 11 24 773770
2021 11 25 774250
2021 11 26 774622
2021 11 27 774936
2021 11 28 775183
2021 11 29 777118
2021 11 30 778770
2021 12 1 780830
2021 12 2 784739
2021 12 3 786321
2021 12 4 787000
2021 12 5 787388
2021 12 6 788803
2021 12 7 790380
2021 12 8 792206
2021 12 9 793782
2021 12 10 795586
2021 12 11 796201
2021 12 12 796554
2021 12 13 797964
2021 12 14 799520
2021 12 15 801778
2021 12 16 803083
2021 12 17 804941
2021 12 18 805601
2021 12 19 805900
2021 12 20 807481
2021 12 21 809453
2021 12 22 813652
2021 12 23 815053
2021 12 24 815760
2021 12 25 815991
2021 12 26 816340
2021 12 27 818136
2021 12 28 820482
2021 12 29 822842
2021 12 30 824340
2021 12 31 825074
2022 1 1 825466
2022 1 2 825847
2022 1 3 827691
2022 1 4 830013
2022 1 5 832213
2022 1 6 834295
2022 1 7 836707
2022 1 8 837547
2022 1 9 838137
2022 1 10 840151
2022 1 11 842669
2022 1 12 845497
2022 1 13 848029
2022 1 14 850793
2022 1 15 851792
2022 1 16 852533
2022 1 17 853558
2022 1 18 856244
2022 1 19 859751
2022 1 20 862689
2022 1 21 866076
2022 1 22 867074
2022 1 23 867783
2022 1 24 869948
2022 1 25 873163
2022 1 26 877018
2022 1 27 879649
2022 1 28 883768
2022 1 29 884954
2022 1 30 885425
2022 1 31 888047
2022 2 1 891429
2022 2 2 895022
2022 2 3 897497
2022 2 4 901602
2022 2 5 902504
2022 2 6 902962
2022 2 7 906028
2022 2 8 909025
2022 2 9 912468
2022 2 10 915748
2022 2 11 918454
2022 2 12 919268
2022 2 13 919840
2022 2 14 923043
2022 2 15 925654
2022 2 16 928842
2022 2 17 931799
2022 2 18 934302
2022 2 19 934985
2022 2 20 935423
2022 2 21 936341
2022 2 22 938514
2022 2 23 941629
2022 2 24 944598
2022 2 25 946681
2022 2 26 947442
2022 2 27 947665
2022 2 28 949817
2022 3 1 951603
2022 3 2 953697
2022 3 3 955413
2022 3 4 957170
2022 3 5 957476
2022 3 6 957688
2022 3 7 959375
2022 3 8 960794
2022 3 9 962821
2022 3 10 964595
2022 3 11 966291
2022 3 12 966527
2022 3 13 966719
2022 3 14 968045
2022 3 15 969133
2022 3 16 970981
2022 3 17 972492
2022 3 18 973306
2022 3 19 973590
2022 3 20 973677
2022 3 21 975210
2022 3 22 975776
2022 3 23 977425
2022 3 24 978289
2022 3 25 978911
2022 3 26 979062
2022 3 27 979122
2022 3 28 980154
2022 3 29 981139
2022 3 30 982307
2022 3 31 982828
2022 4 1 983663
2022 4 2 983821
2022 4 3 983880
2022 4 4 984469
2022 4 5 984983
2022 4 6 986111
2022 4 7 986940
2022 4 8 987583
2022 4 9 987728
2022 4 10 987753
2022 4 11 988092
2022 4 12 988708
2022 4 13 989657
2022 4 14 990362
2022 4 15 990824
2022 4 16 990878
2022 4 17 990889
2022 4 18 991150
2022 4 19 991594
2022 4 20 992489
2022 4 21 992919
2022 4 22 993478
2022 4 23 993529
2022 4 24 993561
2022 4 25 993849
2022 4 26 994177
2022 4 27 994980
2022 4 28 995390
2022 4 29 995820
2022 4 30 995935
2022 5 1 995957
2022 5 2 996247
2022 5 3 997000
2022 5 4 998950
2022 5 5 999259
2022 5 6 999635
2022 5 7 999820
2022 5 8 999845
2022 5 9 1000093
2022 5 10 1000425
2022 5 11 1001353
2022 5 12 1001412
2022 5 13 1001612
2022 5 14 1001669
2022 5 15 1001702
2022 5 16 1001942
2022 5 17 1002329
2022 5 18 1003286
2022 5 19 1003612
2022 5 20 1004022
2022 5 21 1004091
2022 5 22 1004093
2022 5 23 1004356
2022 5 24 1004698
2022 5 25 1005767
2022 5 26 1006100
2022 5 27 1006652
2022 5 28 1006685
2022 5 29 1006650
2022 5 30 1006677
2022 5 31 1007061
2022 6 1 1007714
2022 6 2 1008031
2022 6 3 1008465.626779539
2022 6 4 1008903.0405547825
2022 6 5 1009342.3629202105
2022 6 6 1009778.6110735076
2022 6 7 1010212.5811759994
2022 6 8 1010648.44208187
2022 6 9 1011089.5437250597
2022 6 10 1011538.7314424905
2022 6 11 1011999.2073925423
2022 6 12 1012470.6154708191
2022 6 13 1012942.5137694372
2022 6 14 1013414.9211778196
2022 6 15 1013887.8219693727
2022 6 16 1014361.1891992507
2022 6 17 1014834.9782342052
2022 6 18 1015309.1277693533
2022 6 19 1015783.5715499116
2022 6 20 1016258.2438578102
2022 6 21 1016733.0630237424
2022 6 22 1017207.9370127681
2022 6 23 1017682.7707024065
2022 6 24 1018157.4642623245
2022 6 25 1018631.881671566
2022 6 26 1019105.8885597857
2022 6 27 1019579.3466021124
2022 6 28 1020052.1157537404
2022 6 29 1020524.0594053811
2022 6 30 1020995.0474638549
2022 7 1 1021464.946394783
2022 7 2 1021933.6238894728
2022 7 3 1022400.9527450626
2022 7 4 1022866.8081624589
2022 7 5 1023331.0526155458
2022 7 6 1023793.5470966673
2022 7 7 1024254.1569991373
2022 7 8 1024712.7505058916
2022 7 9 1025169.2038992504
2022 7 10 1025623.3985408728
2022 7 11 1026075.217644145
2022 7 12 1026524.5456716892
2022 7 13 1026971.2693928011
2022 7 14 1027415.2811856028
2022 7 15 1027856.481226432
2022 7 16 1028294.7728368592
2022 7 17 1028730.0635525851
2022 7 18 1029162.2680536329
2022 7 19 1029591.3133578276
