2020 6 24 31311.098255192832 30238.000271349283 32384.196239036384
2020 6 25 31671.366666925333 29536.372272579792 33880.85468974171
2020 6 26 32044.64051748371 28859.287398108103 35456.160533097194
2020 6 27 32390.937681324434 28169.466715042883 37069.99456842748
2020 6 28 32691.139153856846 27452.792050988697 38700.246980705175
2020 6 29 33016.986517744364 26773.550691384535 40429.26038086493
2020 6 30 33373.79154364017 26133.585165859364 42269.451632395525
2020 7 1 33715.779627778 25494.29477987543 44169.75161822255
2020 7 2 34108.43257097522 24906.30349080296 46217.26612443345
2020 7 3 34448.40673912153 24290.067757315966 48282.11786782764
2020 7 4 34806.22514646907 23699.2718522858 50459.48171846966
2020 7 5 35201.84024226765 23146.050389255983 52784.44413208671
2020 7 6 35670.88670527499 22651.069217735403 55319.897326925195
2020 7 7 36218.53097046566 22212.61437330729 58089.33902128759
2020 7 8 36827.77730808174 21815.270390715912 61082.741329604505
2020 7 9 37510.3759226405 21462.414354718287 64335.061138673205
2020 7 10 38205.626423972106 21115.265668659948 67760.54907854638
2020 7 11 38913.76331334202 20773.732017715563 71368.42539916461
2020 7 12 39635.02543846966 20437.722580226877 75168.40127803448
2020 7 13 40369.65607408946 20107.148003551123 79170.70495941969
