423665 3640413
422889 3640413
422372 3638608
422149 3634948
421695 3629602
421050 3624745
420471 3618496
419711 3613933
419141 3610687
418729 3609048
418510 3605605
418069 3600653
417497 3593609
416760 3588370
416246 3584640
415863 3584640
415863 3582833
415719 3579351
415395 3573949
414880 3569097
414389 3565176
413992 3562092
413693 3558645
413398 3554491
413084 3549718
412710 3544698
412277 3539876
411864 3535920
411552 3532791
411333 3529523
411100 3525574
410812 3521097
410484 3516093
410115 3511353
409775 3507277
409502 3504258
409302 3500556
409062 3496001
408790 3490636
408478 3485087
408165 3479945
407857 3475429
407595 3471721
407378 3467795
407144 3463084
406872 3457878
406559 3453026
406282 3448942
406064 3445727
405912 3442640
405769 3438828
405598 3434201
405385 3429071
405127 3423621
404844 3417550
404590 3412427
404390 3408541
404202 3405422
403988 3401142
403724 3395983
403448 3390115
403116 3384652
402798 3379907
402515 3376008
402294 3371629
402052 3366539
401752 3360956
401394 3354927
400987 3348911
400617 3343935
400317 3339765
400096 3335182
399830 3329438
399504 3323061
399124 3316055
398703 3309497
398325 3303797
398003 3299337
397748 3294065
397442 3287978
397100 3281147
396696 3274055
396256 3267365
395820 3261734
395457 3257113
395172 3252221
394839 3246010
394473 3238823
394044 3231021
393575 3223751
393116 3215344
392748 3207847
392494 3200123
392207 3193727
391832 3186336
391388 3178102
390905 3170055
390457 3163269
390099 3157592
389804 3152223
389492 3145968
389093 3139158
388649 3131350
388136 3124133
387671 3118327
387309 3113116
387037 3107175
386715 3099829
386311 3092368
385859 3084471
385385 3076757
384927 3070196
384568 3064468
384250 3058651
383902 3051502
383468 3042976
382988 3033974
382474 3025136
381983 3018535
381615 3012948
381310 3007586
380976 3001106
380546 2993617
380055 2985176
379486 2976167
378906 2968408
378439 2962252
378073 2956439
377704 2949779
377235 2938637
376683 2930015
376076 2920974
375455 2916491
374912 2909731
374398 2903148
373684 2895230
373107 2886191
372478 2876322
372072 2867261
371581 2859841
371178 2853919
370709 2847186
370108 2839183
369385 2829714
368620 2819837
367834 2810242
367212 2802590
366627 2795764
366021 2788748
365242 2780673
364314 2771088
363344 2761370
362463 2752408
361812 2745531
361224 2739496
360519 2732195
359615 2723095
358533 2712257
357333 2700760
356180 2691166
355269 2683428
354489 2676813
353612 2668365
352500 2658253
351267 2647249
349907 2635705
348552 2624730
347426 2615188
346433 2606842
345351 2597700
343958 2586551
342376 2573042
340614 2559250
338887 2546715
337461 2537354
336199 2528673
334817 2520089
332838 2509544
330668 2498380
328369 2485827
326519 2474998
325005 2466083
323682 2458076
322076 2448286
319984 2435976
317505 2422015
314014 2408096
310656 2394779
307716 2383781
305748 2372938
303623 2362110
300729 2348240
297062 2331694
293009 2313704
289114 2297804
286032 2285289
283599 2276220
280592 2263092
278305 2253247
275067 2239813
272638 2229402
269298 2215502
266942 2204836
265193 2197687
263193 2187075
261764 2179036
259637 2166730
257803 2156581
255201 2142347
252956 2130120
250918 2118219
248844 2105762
246496 2091485
243744 2075914
240819 2059810
238137 2045470
235867 2033946
233878 2022738
231297 2008942
228644 1993098
225552 1976477
222833 1960709
220064 1946293
217684 1933741
215309 1921509
212486 1906209
209405 1887483
205864 1867659
202213 1850305
198726 1836301
195923 1825873
193880 1816704
191992 1807823
188690 1790734
185962 1776628
183321 1761980
181827 1751999
179585 1738648
176871 1723029
173925 1707351
170199 1687867
166215 1667430
162339 1647532
158934 1630217
156194 1615717
153588 1602269
150258 1586281
146869 1569566
143062 1551642
140261 1536529
137337 1521172
134971 1507110
132587 1493286
130058 1479278
127281 1464297
124365 1447246
121730 1433013
119535 1420445
117876 1410101
116303 1399503
114712 1388619
112755 1376485
110804 1362454
108903 1349036
107384 1339758
106077 1333922
104707 1327624
103182 1318041
101404 1305894
99701 1293216
98079 1280914
96750 1269955
95546 1260846
94430 1252492
93229 1242979
91918 1231809
90473 1219396
89094 1207003
87884 1195784
86844 1186857
85786 1178240
84605 1168168
83306 1155814
81907 1142897
80623 1130241
79549 1118420
78606 1108257
77535 1098958
76346 1089470
75157 1078662
74095 1067457
73088 1056330
72219 1046061
71410 1037298
70547 1029101
69576 1019736
68411 1009164
67202 997719
66040 986788
65132 976433
64416 968088
63685 960374
62812 951958
61774 942482
60739 932947
59814 923821
59074 915151
58450 908180
57866 902143
57278 895973
56659 888502
56135 880960
55696 874748
55367 870049
55030 866222
54667 861538
54269 855695
53825 848801
53341 841946
52863 835140
52456 828973
52134 823698
51801 818633
51415 812860
50983 806540
50572 800009
50178 793883
49781 787921
49428 782816
49110 778059
48804 772635
48426 766791
47995 760296
47566 753986
47203 747658
46914 741994
46635 736704
46329 731082
45920 725019
45509 718659
45101 712543
44757 707101
44436 702308
44102 697421
43764 691773
43360 685049
42885 677968
42396 670803
41934 664158
41550 658470
41148 653115
40704 647382
40211 640946
39708 633995
39261 627091
38832 620100
38425 613655
38014 608011
37532 601880
36907 594965
36226 586841
35576 578765
35051 570829
34564 563566
34004 556607
33353 549265
32596 541062
31782 532083
31084 523185
30479 513894
30010 505744
29469 497910
28867 490524
28157 482338
27457 474106
26727 466428
26098 458929
25497 452595
25000 447215
24466 441943
23905 435422
23296 427644
22747 420125
22212 412829
21673 405909
21143 398746
20605 391409
20030 384272
19415 377325
18832 370851
18342 364540
17902 359032
17491 353599
16997 347804
16457 341352
15882 335274
15386 329808
14976 324785
14632 319925
14313 314957
13970 309554
13616 303925
13244 298257
12904 292593
12594 286868
12328 281680
12075 277013
11718 272152
11300 267011
10867 261785
10517 257168
10245 252466
10012 248227
9789 243747
9544 239240
9252 234611
8976 230088
8762 226106
8628 222724
8524 219924
8404 216869
8249 213135
8076 209017
7893 204861
7713 200621
7550 196283
7393 192255
7242 188394
7085 184573
6922 180447
6773 176423
6613 172113
6484 168070
6361 164554
6251 161644
6103 158247
5928 153908
5758 148971
5602 144131
5466 139863
5326 136014
5170 132561
5007 128286
4839 123983
4677 119460
4516 115272
4369 111105
4246 107508
4114 104052
3964 100268
3793 95698
3626 90704
3464 85586
3331 80134
3205 75498
3084 71093
2948 67031
2819 62601
2689 58570
2558 55026
2452 52321
2372 50393
2303 49029
2216 47517
2107 45568
1987 43360
1866 41050
1765 38658
1685 36550
1582 34590
1439 32597
1262 30178
1123 27649
1004 24980
914 22429
817 20204
722 18041
613 15700
507 12919
422 10450
362 8511
313 7210
258 6122
204 5261
156 4460
121 3757
97 3060
