684768 7831667
684275 7831667
683946 7828285
683798 7820591
683503 7810134
683071 7800156
682671 7792432
682358 7785213
682101 7777778
681865 7769091
681604 7759406
681326 7750358
681052 7742996
680820 7737055
680645 7731344
680504 7724375
680354 7716366
680185 7707231
679997 7697908
679770 7689093
679555 7681292
679384 7674296
679275 7666311
679117 7657987
678864 7648835
678556 7639831
678272 7630836
678063 7622839
677901 7615914
677796 7608840
677710 7600349
677624 7590715
677501 7580513
677315 7570965
677122 7562596
676961 7555124
676869 7547123
676775 7536467
676668 7524268
676515 7512762
676342 7503244
676144 7495803
675988 7488214
675846 7479309
675669 7468178
675435 7456420
675168 7445968
674933 7437961
674766 7431297
674635 7424931
674491 7417330
674260 7406939
673942 7395275
673581 7382461
673220 7371355
672775 7361051
672424 7352313
672102 7341414
671838 7328551
671467 7312958
670977 7299646
670485 7287661
669998 7278056
669618 7262237
669308 7250005
668895 7235467
668409 7225040
667824 7210326
667279 7196505
666699 7184928
666200 7172982
665709 7159302
665157 7141815
664405 7122493
663548 7104599
662669 7090141
661846 7078662
661105 7066874
660390 7052678
659612 7035440
658621 7016664
657488 6998005
656298 6980678
655161 6966477
654179 6952682
653281 6937641
652412 6917871
651336 6895643
650096 6874876
648772 6857807
647482 6844803
646324 6830541
645151 6812815
643854 6790917
642351 6768538
640812 6748222
639376 6729938
637788 6714319
636235 6698543
634706 6681122
633294 6660223
631804 6636273
630081 6613669
628407 6594583
626770 6580308
625434 6564918
624193 6547074
622916 6526338
621467 6505698
619832 6486203
618366 6469248
616935 6455979
615732 6441512
614409 6423406
612927 6402660
611226 6380656
609469 6360393
607860 6341847
606428 6327464
605161 6313657
603998 6296536
602737 6274988
601285 6249817
599527 6226410
597846 6206552
596285 6191193
595040 6175498
593847 6156531
592630 6133414
591260 6109167
589865 6087124
588503 6068808
587159 6053846
585843 6037833
584451 6020082
583020 5998103
581544 5974333
580044 5951616
578632 5932830
577280 5918080
575865 5901521
574353 5881100
572664 5857015
570874 5830615
569008 5805395
567104 5782703
565493 5766014
563751 5749086
561971 5729501
559898 5706201
557825 5681202
555617 5657930
553498 5638767
551634 5623580
549672 5606725
547229 5583929
544236 5554290
540867 5521917
537503 5493858
534105 5470938
531374 5454817
528727 5435030
525608 5408722
521366 5368281
517087 5331750
513391 5301976
510472 5283760
507618 5261536
504899 5237706
501656 5210506
497954 5181450
493398 5148937
488536 5115306
483518 5085122
478149 5049906
473259 5016126
468303 4980144
464022 4952331
459667 4926034
455442 4902591
451091 4878964
445662 4848403
438434 4810621
430462 4769938
423307 4736378
417691 4706317
412796 4676412
407978 4647888
403415 4619062
398671 4584726
393515 4544347
388122 4502885
382651 4466302
377316 4434515
372268 4407752
367757 4386841
363371 4364607
359114 4333888
354387 4297392
349584 4258393
344761 4225014
340291 4195909
336701 4172257
333128 4151462
330400 4118571
327180 4091909
323699 4058943
319195 4033354
314853 4001693
310758 3971048
306922 3936193
303088 3888416
299503 3846023
295926 3809809
292232 3784166
288585 3756907
285141 3731148
281910 3703156
278339 3671649
274717 3637647
270888 3605153
266986 3575612
262928 3549382
258903 3522350
255050 3485843
251220 3440700
247704 3396967
244806 3368483
242367 3353417
240144 3341859
237965 3328008
235816 3312602
233353 3293729
231005 3269579
228566 3242465
226279 3214984
223658 3189706
220824 3158049
218189 3119338
215620 3077529
213284 3040385
211002 3011150
208812 2986992
206762 2963882
204471 2942985
202484 2917600
200692 2892892
199381 2870578
197950 2855513
196500 2841063
194983 2824081
193540 2805847
192193 2787745
190624 2767872
188967 2745238
187288 2723376
185924 2704189
184663 2685505
183515 2667803
182352 2647931
181092 2629101
179689 2607816
178210 2586903
176800 2565853
175498 2546392
174370 2528659
173358 2510493
172361 2492706
171272 2473234
170072 2454141
168895 2434100
167803 2416238
166925 2401252
166086 2386065
165185 2368995
164119 2349003
162910 2328332
161804 2310220
160680 2291900
159715 2276050
158749 2257931
157775 2240487
156715 2218144
155310 2195514
154154 2173733
153162 2157133
152555 2138321
151762 2124891
150805 2109681
149755 2096467
148911 2075170
148188 2056887
147478 2041197
146769 2025578
146067 2010189
145347 1992300
144463 1975578
143523 1951999
142716 1931359
141931 1913250
141238 1899724
140453 1884752
139641 1862414
138624 1842409
137525 1820138
136463 1804781
135500 1788496
134651 1775245
133793 1761400
132817 1746384
131720 1729871
130503 1713265
129426 1698578
128441 1687208
127653 1677298
126760 1666622
125829 1652576
124743 1637436
123682 1621859
122627 1608212
121602 1595625
120671 1583260
119735 1570633
118735 1556632
117305 1534741
116188 1517086
115202 1502327
114593 1494526
113762 1482363
112908 1468582
111985 1454636
110957 1438737
109939 1421670
109080 1404521
108259 1388089
107482 1370418
106638 1352787
105777 1335120
104755 1319270
103679 1302760
102648 1286585
101690 1271817
100879 1257461
100027 1241345
99071 1223811
97665 1207466
96285 1193138
95074 1179642
94154 1166408
93065 1153204
91915 1139675
90842 1124927
89883 1109943
88947 1093121
87982 1076051
87038 1057516
85896 1041384
84768 1025106
83532 1008832
82422 990191
81350 971478
80352 954798
79398 937583
78411 923860
77411 910565
76431 898173
75431 884149
74482 869850
73486 856575
72556 842752
71604 829271
70717 815076
69813 800048
68919 784713
68117 769141
67386 754782
66758 741309
66215 730289
65671 720106
65102 709619
64431 698425
63795 686481
63260 672936
62745 660003
62256 648268
61742 638474
61203 628389
60606 617421
60028 606104
59503 594706
59009 584492
58503 575268
57986 564879
57428 554258
56843 543270
56287 533256
55800 522781
55349 513100
54926 504305
54439 495749
53880 486170
53261 476161
52697 465285
52206 454308
51740 443967
51242 434775
50461 426127
49555 416865
48613 406511
47783 395436
47018 383569
46199 373184
45433 363948
44557 355521
43602 345604
42533 334220
41413 322195
40349 310322
39124 300828
37790 292724
36592 286014
35666 277502
34964 268790
34017 258834
33082 249703
32083 241421
31243 233987
30422 226669
29600 218828
28741 211173
27762 203207
26805 195642
25891 189326
25002 184070
24134 178446
23225 171414
22388 163805
21408 155665
20713 148272
20020 142208
19492 137441
18650 132785
17786 127023
16844 121055
15921 114822
15067 109431
14297 104769
13633 101074
12976 97388
12328 93611
11671 89418
10971 84975
10317 80802
9647 77635
9071 75259
8545 72886
8046 70069
7496 66975
6979 63775
6539 60993
6158 58765
5749 56831
5385 54791
4972 52355
4561 49510
4084 46683
3692 43992
3304 41438
2968 38384
2659 35396
2371 32492
2060 30203
1753 27848
1499 25764
1270 23773
1072 22117
902 20560
763 18917
620 17268
504 15785
399 14594
330 13600
273 12806
227 12068
180 11401
139 10703
114 10165
