24463 1753647
24448 1753647
24438 1753136
24431 1752078
24420 1750519
24402 1748943
24389 1747168
24369 1745892
24356 1745146
24345 1744346
24341 1743013
24336 1741161
24328 1739131
24319 1737636
24312 1736659
24307 1736659
24307 1736146
24305 1735117
24302 1733606
24298 1732250
24294 1730422
24288 1729076
24284 1728088
24280 1727431
24278 1725944
24274 1724218
24267 1722802
24261 1721384
24255 1720205
24251 1719372
24248 1718598
24247 1717415
24243 1715611
24236 1714038
24228 1712148
24218 1710878
24212 1710153
24208 1709603
24206 1708505
24200 1706828
24191 1705435
24181 1703610
24165 1702365
24150 1701386
24140 1700400
24136 1698910
24130 1697120
24120 1696167
24114 1695529
24106 1694670
24098 1693664
24088 1692032
24079 1690174
24066 1687625
24048 1685573
24030 1683886
24011 1682862
23994 1681165
23973 1678535
23947 1674761
23915 1670632
23875 1667225
23837 1664961
23802 1662750
23769 1659116
23729 1654402
23676 1648698
23611 1642166
23549 1634910
23488 1629753
23433 1627166
23379 1624519
23330 1619747
23266 1610071
23200 1601489
23133 1594873
23087 1593053
23047 1590085
22994 1584814
22925 1575630
22824 1565489
22721 1555915
22629 1549488
22560 1545556
22511 1541030
22446 1534340
22379 1523539
22295 1514150
22215 1503063
22113 1496792
22042 1491006
21968 1486164
21887 1479018
21784 1469099
21667 1459227
21540 1448668
21402 1440880
21277 1436351
21182 1431999
21041 1424569
20882 1415152
20705 1404221
20530 1393288
20383 1383909
20249 1377891
20151 1370812
19995 1362931
19825 1352893
19616 1343647
19406 1332043
19191 1322749
19017 1316317
18865 1310441
18703 1302158
18535 1292129
18334 1279592
18135 1268443
17947 1259339
17822 1255439
17726 1250503
17600 1242631
17451 1230080
17287 1216761
17137 1205458
17022 1199656
16937 1196377
16865 1189757
16749 1181013
16626 1167700
16496 1155756
16387 1144899
16274 1137880
16174 1131865
16077 1124248
15960 1115755
15828 1105968
15669 1095211
15520 1085726
15386 1079527
15289 1074561
15198 1068183
15091 1059165
14972 1047584
14862 1038332
14771 1031613
14694 1028619
14602 1025264
14491 1018676
14372 1011571
14258 1001253
14137 993888
14025 985324
13930 980019
13823 973187
13705 966887
13556 962396
13413 957405
13267 951941
13163 943871
13096 938062
13022 934137
12909 927424
12764 918659
12632 909576
12486 902031
12347 894739
12207 896596
12086 897527
11964 898712
11823 889582
11675 880780
11525 871828
11400 864296
11281 858497
11166 853551
11040 847690
10905 841195
10754 832830
10608 825239
10462 818335
10342 813758
10204 809272
10069 803789
9907 796989
9745 788375
9563 779747
9401 772602
9236 766789
9102 762814
8949 758007
8796 752044
8608 742890
8398 732836
8204 724805
8027 718550
7906 714669
7789 710832
7636 705780
7509 701314
7371 695097
7301 691658
7204 687415
7121 684911
7043 682720
6930 678138
6847 674520
6752 668810
6694 665167
6612 660252
6533 656204
6444 651609
6347 646414
6249 640382
6138 634329
6031 629103
5934 625335
5849 621754
5750 617452
5644 612876
5531 607546
5417 601326
5297 594733
5186 589626
5096 586343
5001 582802
4895 578322
4787 572744
4644 566599
4512 560854
4380 556149
4300 553288
4230 550574
4170 548316
4100 542364
4028 537578
3938 531500
3864 528198
3794 522706
3725 515572
3644 507132
3537 499200
3409 491127
3292 485060
3188 479969
3094 477503
3002 473613
2913 468252
2832 461959
2724 455883
2618 451240
2530 448000
2474 444341
2431 439927
2395 434102
2358 429300
2327 424119
2295 419884
2264 416916
2239 414899
2219 412237
2198 408082
2178 403203
2159 399006
2144 394976
2125 392019
2108 389650
2084 386621
2062 382541
2033 375716
2008 369393
1986 363995
1970 361307
1957 358891
1947 355409
1937 349580
1926 344552
1914 339583
1903 336779
1893 334110
1885 330849
1875 325937
1866 320034
1856 315807
1847 311846
1838 308923
1831 306324
1816 304071
1802 300878
1786 296299
1776 291525
1767 286933
1761 283301
1757 280947
1754 277164
1751 273690
1746 269328
1740 266111
1733 262089
1730 258853
1728 256781
1726 254457
1722 251072
1718 246456
1714 241944
1711 237811
1709 234904
1705 233037
1698 231161
1690 228209
1681 223940
1673 219263
1666 215531
1661 212980
1658 211724
1654 209080
1652 205606
1648 201894
1643 198039
1636 194240
1631 190636
1626 187595
1622 184723
1615 180856
1605 176768
1596 172760
1587 168972
1581 166311
1574 164071
1568 162136
1562 159998
1554 157515
1547 155179
1541 152688
1537 150678
1534 148978
1529 147166
1522 145245
1513 142520
1503 140017
1492 137651
1483 135929
1475 134489
1469 133138
1462 131854
1457 130648
1453 129295
1448 127900
1442 126414
1436 124653
1432 123221
1429 121667
1425 120361
1419 118719
1415 117284
1411 116057
1410 114967
1408 113901
1405 112654
1398 111307
1391 109803
1381 108398
1375 107008
1369 105712
1362 104185
1353 102245
1346 100304
1339 98415
1331 96955
1321 95548
1312 94177
1305 92956
1297 91740
1289 90634
1281 89187
1273 87663
1266 86100
1260 84831
1258 83872
1252 83074
1247 82204
1240 81012
1231 79589
1221 78280
1215 77097
1212 75942
1209 74597
1206 73116
1202 71630
1196 70271
1185 69150
1175 68207
1167 67259
1161 66219
1154 64980
1146 63646
1140 62206
1136 60939
1133 60003
1131 58903
1129 57721
1127 56176
1121 54674
1111 53028
1098 51495
1087 50348
1076 49217
1064 47895
1049 46319
1037 44901
1018 43597
1005 42484
992 41529
989 40572
986 39354
982 37865
980 36548
978 35432
975 34735
972 34125
967 33528
963 32607
959 31455
957 30322
954 29166
951 28266
948 27428
946 26792
942 26137
939 25497
936 24875
935 24226
933 23639
932 23143
931 22650
928 22114
925 21520
921 20961
918 20511
914 20079
910 19789
906 19385
899 18978
891 18473
881 17806
873 17210
868 16721
864 16483
861 16140
855 15718
848 15142
840 14596
836 13983
831 13496
826 13116
821 12834
815 12580
807 12212
796 11763
785 11290
775 10843
766 10504
754 10117
738 9690
713 9143
679 8661
644 8236
609 7877
580 7449
548 7018
510 6517
458 6016
407 5476
361 5066
329 4755
294 4499
266 4251
239 3971
215 3686
191 3398
161 2910
132 2453
104 2011
80 1812
62 1671
46 1571
36 1433
27 1218
