460686 7944344
459796 7944344
459203 7935441
458949 7921160
458432 7900588
457681 7880029
456816 7849789
455678 7825840
454774 7810781
454239 7799791
454088 7773228
453743 7741236
453263 7705713
452541 7685765
452013 7671245
451619 7671245
451619 7665104
451482 7653122
451186 7633900
450774 7615133
450393 7593819
449996 7579744
449715 7567164
449399 7556148
449095 7540730
448609 7525151
447995 7516283
447406 7500816
446825 7489701
446512 7472994
446165 7463507
445805 7446128
445300 7426564
444791 7407207
444323 7387085
443817 7374855
443487 7359711
443064 7348632
442614 7332270
441925 7317482
441304 7303620
440662 7283761
439981 7268816
439470 7251145
438928 7238279
438424 7221381
437630 7207804
436871 7188898
435972 7174024
435363 7162220
434985 7157259
434629 7145346
433913 7126010
432687 7104179
431231 7041357
429830 6977890
428272 6921877
427298 6913807
426630 6906061
426081 6889961
425217 6867302
424069 6846442
423247 6824206
422501 6808530
422040 6795670
421498 6785522
420404 6770732
418855 6754066
417246 6739367
416021 6717861
414674 6701361
413691 6683554
412617 6671239
411648 6652776
410299 6635031
409007 6616905
407713 6591034
405971 6570802
404672 6549903
403288 6536363
402291 6515890
400771 6495862
399261 6475509
397827 6447534
396215 6426121
395149 6405940
393875 6394734
392717 6375742
391018 6354291
389393 6331473
387753 6301301
386198 6279213
385142 6256778
384133 6241527
382858 6220920
381121 6200835
379509 6182247
378251 6155886
376881 6136297
375939 6115496
374887 6102253
373881 6084321
372527 6067945
371147 6049651
370082 6021463
368826 5999392
368076 5977081
367109 5961918
366229 5940518
364923 5919665
363630 5898259
362504 5869431
361380 5847786
360674 5826241
359767 5810221
358931 5787020
357726 5764114
356682 5741999
355809 5713607
354903 5692805
354319 5672734
353587 5659265
352962 5633143
352039 5608022
351145 5589757
350344 5570102
349482 5556059
348921 5534216
348257 5513226
347744 5486279
346979 5467131
346275 5454357
345557 5434597
344869 5406824
344164 5377429
343399 5352971
342590 5330235
341796 5308877
340975 5280228
340419 5257869
339790 5235567
339084 5221840
338014 5199533
336971 5176898
336074 5152556
335151 5121411
334518 5097598
333832 5073541
333236 5057280
332240 5031834
331188 5004971
329868 4961924
328948 4928062
328381 4904292
328088 4894571
327459 4875879
326345 4848716
325298 4824360
324316 4801613
322796 4769011
321503 4743323
320222 4717594
319466 4702246
318182 4678569
316622 4651947
315108 4627539
313542 4595009
312511 4572827
311333 4548371
310070 4530779
307967 4504771
305861 4478978
303972 4455234
302275 4423044
301180 4398645
299883 4373828
298512 4357879
296452 4332432
294365 4304355
292316 4273675
290957 4252492
288950 4223921
287627 4205946
285573 4179097
283984 4161959
281509 4138897
279145 4117002
275943 4085788
273626 4060497
270933 4034581
268406 4018703
264791 3996974
261512 3976924
258986 3959798
257200 3939925
253195 3902321
249968 3869342
247086 3844958
245612 3834481
243644 3821648
240951 3798929
239080 3767392
237705 3738211
235845 3698394
234636 3677871
232464 3647828
230729 3628244
228576 3598406
226042 3559381
224280 3530420
222157 3503398
220359 3479836
217581 3456275
215559 3433957
214337 3416441
213877 3388112
212967 3357576
211537 3326107
209517 3295752
207115 3264205
204464 3234576
201402 3203868
198799 3176392
196598 3155324
194586 3140468
191922 3057590
188746 2977764
185462 2902504
181657 2902504
178518 2902504
175786 2902504
173747 2902504
171970 2902504
169940 2902504
167732 2902504
164475 2902504
161728 2902504
159404 2902504
157241 2897013
154520 2884382
151405 2864751
148282 2843146
145035 2822900
142422 2803775
140254 2782342
138368 2757792
135901 2729817
133340 2695031
130854 2669144
128434 2646926
126476 2636183
124843 2618964
123472 2599211
121651 2575503
119675 2551079
117812 2526710
116087 2503081
114806 2486298
113794 2471288
112968 2456688
111909 2435424
110744 2413160
109603 2391897
108500 2380978
107648 2373330
106958 2372594
106367 2354706
105610 2333335
104787 2305357
103936 2283310
103064 2265997
102354 2250774
101814 2238031
101357 2221337
100743 2200806
100008 2178123
99238 2154674
98436 2139579
97807 2111222
97306 2090399
96860 2061745
96257 2046756
95540 2022102
94816 1996476
94032 1974788
93405 1957595
92885 1944892
92457 1929676
91920 1912401
91312 1894112
90701 1876992
90025 1865121
89488 1854827
89053 1843568
88703 1827754
88224 1809779
87656 1784003
87062 1763962
86441 1749836
85953 1747589
85557 1741636
85206 1729560
84760 1718931
84266 1708267
83789 1698944
83301 1685959
82924 1673599
82628 1662893
82343 1651376
81945 1638303
81449 1622770
80924 1607017
80484 1589785
80169 1578141
79940 1566999
79616 1557344
79170 1542356
78649 1524315
78114 1506298
77557 1491350
77121 1479684
76760 1473455
76432 1456964
75979 1439234
75436 1415886
74856 1401330
74243 1391959
73757 1388206
73382 1387850
73035 1386677
72590 1383082
72028 1375693
71441 1364863
70800 1351513
70314 1337262
69916 1321891
69518 1309811
68965 1299820
68320 1290387
67659 1277566
66932 1262153
66344 1246260
65877 1229088
65460 1215789
64870 1204694
64146 1194912
63355 1132071
62518 1072123
61858 1017000
61349 1014347
60894 1002625
60268 991083
59482 976676
58612 967202
57660 953752
56894 940766
56290 926912
55749 910472
55018 894277
54104 878103
53094 863837
52053 849034
51240 833763
50614 817297
50018 797731
49250 779010
48327 759710
47384 743235
46363 728269
45561 712309
44902 695719
44323 682450
43570 673891
42674 666093
41708 655113
40701 644755
39919 633966
39410 624550
39078 614790
38551 605551
37809 593780
36912 579547
35981 567291
35256 554784
34673 544293
34211 533029
33618 523479
32963 513378
32311 504255
31638 494725
31126 487871
30716 480875
30374 480099
29914 479848
29407 481081
28908 477172
28417 470522
28034 461697
27751 451521
27511 443062
27183 436220
26796 429874
26403 421044
25973 410392
25630 399543
25369 389671
25147 382860
24852 378061
24485 373934
24110 369068
23707 363676
23398 358235
23178 352257
22980 347274
22715 343328
22383 339650
22032 335009
21732 329553
21515 323597
21381 318556
21192 314650
20939 312151
20646 308957
20358 304987
20063 300028
19835 294225
19668 287653
19514 282304
19290 278377
19002 274976
18724 270563
18438 265511
18236 260602
18076 255747
17929 252020
17714 249254
17444 246377
17173 242426
16861 237407
16617 232423
16421 227130
16249 223110
16023 220005
15726 217140
15436 213143
15105 208277
14845 203226
14628 198097
14418 194017
14154 190715
13851 187282
13575 182996
13280 178239
13047 173918
12845 169580
12639 166157
12361 163387
12033 160595
11720 156913
11386 152598
11131 148330
10926 144105
10741 140785
10466 138210
10126 135608
9752 132047
9367 127578
9041 122798
8783 117742
8519 113636
8178 110402
7756 107262
7318 103137
6824 98311
6401 93534
6035 88677
5705 84780
5311 81586
4865 78654
4427 74844
3979 70231
3615 65329
3331 60150
3100 56011
2822 52833
2512 50070
2215 46419
