680008 5344658
679795 5344658
679653 5341670
679579 5335154
679433 5325024
679218 5315854
678998 5303808
678736 5295377
678544 5288975
678431 5286012
678382 5278051
678258 5268248
678073 5258980
677923 5242011
677798 5226884
677735 5214185
677686 5211395
677646 5205689
677567 5196546
677458 5187861
677343 5175741
677220 5167057
677127 5160706
677079 5157927
677057 5151164
676989 5140543
676882 5130035
676760 5116308
676635 5106437
676549 5099232
676500 5095762
676459 5083448
676382 5070860
676293 5060399
676201 5051248
676079 5042370
675969 5034837
675902 5030865
675867 5022285
675769 5008711
675627 4996702
675453 4980495
675243 4969282
675076 4960477
674977 4954423
674906 4943818
674769 4930055
674546 4920656
674373 4907603
674128 4897706
673969 4889500
673830 4885445
673741 4875397
673536 4859855
673210 4845054
672827 4833837
672505 4824595
672253 4813915
672026 4800459
671700 4783886
671237 4766182
670721 4747512
670174 4733305
669771 4714278
669460 4701404
669127 4685307
668640 4671856
668043 4650434
667433 4631294
666831 4617935
666345 4608207
665968 4595784
665571 4577286
664998 4553939
664273 4528320
663501 4507060
662703 4485524
662042 4462603
661481 4436506
660941 4412063
660246 4387128
659409 4359766
658549 4335410
657660 4317524
656937 4303231
656333 4286354
655826 4264152
655154 4237071
654357 4208232
653513 4182955
652659 4164915
651951 4149141
651307 4131480
650685 4109289
649896 4084002
648944 4056235
647948 4031524
646876 4013175
646016 3998032
645286 3980206
644615 3957597
643696 3931238
642610 3903395
641528 3879706
640460 3862765
639655 3849483
638950 3833411
638366 3813005
637593 3788967
636743 3757573
635914 3728470
635096 3704807
634460 3689341
633910 3671804
633407 3649082
632737 3622302
631950 3588188
630897 3563071
630118 3544371
629487 3532921
629214 3514570
628761 3492419
628207 3467363
627570 3439215
626882 3413682
626198 3395431
625631 3381045
625191 3362754
624797 3337715
624278 3307573
623646 3271352
622958 3242524
622305 3222391
621744 3215982
621213 3211371
620642 3208171
619912 3204645
619127 3200633
618379 3196944
617806 3193820
617332 3190716
616772 3187121
616058 3182738
615182 3175216
614316 3167236
613478 3159905
612805 3155741
612262 3151911
611682 3147664
610954 3142872
610087 3137652
609235 3132405
608430 3127855
607771 3123792
607182 3119962
606564 3115704
605721 3110959
604589 3105228
603413 3099060
602315 3093352
601491 3088786
600744 3084648
599915 3080420
598812 3075523
597392 3069744
595831 3063489
594313 3058081
593107 3053792
592034 3049718
590855 3044584
589335 3038409
587536 3031313
585755 3024153
584054 3017491
582646 3012091
581300 3006765
579805 3000768
577908 2993377
575614 2985201
573373 2977296
571255 2970492
569604 2964873
567940 2959244
566117 2952964
563781 2945716
561030 2937459
558157 2929070
555085 2921149
552498 2914644
550126 2908126
547685 2900949
544435 2892057
540390 2882269
536147 2872027
531935 2862584
528683 2855219
525937 2849650
524154 2845132
522219 2839154
519743 2831469
516588 2823014
513154 2815319
510605 2809135
508261 2803772
506663 2798450
505039 2791980
503179 2783638
500524 2774308
497406 2765566
494833 2758163
492600 2751147
489937 2742790
486510 2733124
482337 2722377
478663 2712171
474943 2703008
471875 2695041
468758 2686100
465452 2675044
461430 2662757
456826 2650343
452374 2638568
447874 2627277
444169 2617536
440806 2608183
437078 2597539
432234 2584466
426571 2570922
421291 2558538
416356 2547723
412397 2537984
408609 2528403
404541 2519172
400891 2509588
396704 2498592
392342 2484989
386205 2469149
380805 2453795
376064 2439228
371230 2424200
365189 2406890
358004 2388140
350326 2368644
342475 2347947
335562 2329557
329378 2311884
323865 2295475
317081 2276994
309663 2257037
301592 2237574
293862 2217614
287382 2200431
281945 2184819
276479 2169564
270366 2152072
263628 2133688
257311 2116190
251097 2098583
245809 2083173
241422 2067165
237133 2053245
232227 2036043
226790 2020470
221912 2006575
216987 1993402
212773 1980370
208676 1965937
204855 1951140
200491 1934658
196175 1917685
191962 1903290
187735 1890276
182080 1842111
177880 1797241
175241 1756925
173873 1752063
171158 1742133
167335 1727357
163738 1712595
160816 1699644
158097 1688124
155531 1676656
152581 1663504
149445 1648216
146478 1633221
143874 1619314
141786 1608105
139876 1597794
137641 1586641
135039 1573810
132079 1559796
129318 1546547
126682 1534241
124467 1524094
122323 1515204
120027 1505706
117435 1493811
114765 1480164
112431 1466227
110394 1453137
108750 1442208
107160 1432991
105349 1423795
103110 1412508
100737 1400180
98665 1387944
96973 1375975
95719 1366515
94425 1358541
93134 1350781
91635 1341010
90147 1330876
88831 1321660
87746 1314402
87000 1308262
86262 1303242
85441 1296910
84297 1288500
83204 1278866
82250 1269114
81466 1259315
80838 1251302
80214 1244382
79647 1238492
78882 1230823
78002 1221257
77148 1211148
76353 1200763
75724 1192353
75198 1185798
74575 1179671
73808 1171643
72944 1161930
72168 1151973
71439 1142209
70809 1133749
70184 1126398
69506 1118599
68631 1109308
67667 1097912
66814 1086986
66059 1075007
65452 1064443
64816 1054715
64040 1045133
63090 1033578
62055 1018593
61103 1002321
60242 984699
59535 970587
58831 958936
58009 948378
57038 935085
56015 919249
55058 903468
54126 888005
53356 875984
52573 865535
51722 855160
50718 841281
49674 825641
48711 809808
47713 794964
46834 782877
45922 773021
45053 763852
44117 752546
43149 739178
42243 725311
41324 711019
40551 699277
39794 689637
39033 680885
38144 670106
37254 657479
36476 645281
35816 633118
35259 623580
34740 615954
34140 610253
33497 602918
32836 592956
32246 581066
31654 568310
31148 557871
30670 549475
30215 542308
29681 534073
29152 524259
28655 514120
28246 503091
27904 493620
27621 485489
27299 477890
26957 468768
26558 458131
26202 447672
25854 437202
25591 428180
25340 419310
25089 410386
24789 399671
24450 388934
24096 378571
23761 367341
23475 356673
23209 345625
22931 335388
22591 323574
22166 311487
21684 297846
21199 284806
20833 274604
20575 267430
20278 260482
19782 250211
19159 238854
18500 227335
17998 217759
17578 209230
17237 201720
16827 194432
16340 180979
15815 169951
15266 161291
14816 159980
14478 157012
14207 152103
13841 146487
13378 138419
12902 130741
12497 131574
12181 134848
11929 138110
11686 133008
11390 127647
11032 121973
10652 116046
10274 110292
9913 105112
9568 100887
9243 96994
8913 93037
8522 88977
8102 84924
7716 81015
7419 77340
7186 74330
6961 71591
6695 68900
6378 66025
6062 63141
5777 60345
5557 57813
5361 55803
5195 54029
5024 52221
4844 50200
4657 48251
4460 46421
4274 44788
4111 43379
3970 42045
3831 40573
3658 38802
3477 36917
3276 35035
3084 33346
2872 31746
2676 30125
2475 28261
2274 26296
2056 24379
1830 22494
1624 20780
1442 19205
1292 17872
1141 16437
984 14822
828 13109
681 11415
567 9905
487 8607
417 7422
340 6122
256 4731
191 3424
