164954 3129774
164832 3129774
164750 3128530
164720 3125880
164664 3121665
164581 3117815
164508 3112089
164409 3107929
164336 3104647
164282 3103163
164260 3100305
164221 3096310
164159 3090060
164075 3085183
164010 3081444
163966 3081444
163966 3080163
163949 3077584
163913 3073673
163861 3070018
163817 3064223
163738 3059760
163676 3056323
163621 3054909
163601 3052133
163563 3047915
163504 3039252
163383 3031952
163281 3026094
163199 3026094
163199 3026094
163199 3024384
163176 3021048
163122 3016744
163043 3010427
162919 3005736
162825 3002011
162756 3002011
162725 3000233
162654 2996731
162553 2992062
162451 2984687
162287 2979037
162152 2974553
162049 2972460
162009 2968350
161921 2963018
161796 2954999
161521 2948997
161295 2944216
161104 2944216
161104 2942259
161024 2937895
160854 2931267
160621 2925136
160390 2916365
160042 2909857
159759 2904809
159552 2902237
159457 2897217
159262 2888913
158980 2882056
158711 2876504
158484 2872260
158264 2866284
158024 2859005
157744 2853677
157405 2845486
157056 2838076
156720 2829416
156450 2823238
156159 2816253
155846 2807819
155491 2799511
155143 2790003
154766 2781072
154388 2773763
154042 2767019
153691 2758683
153332 2748628
152937 2738380
152538 2727134
152111 2717766
151757 2710248
151451 2704699
151191 2696719
150865 2686607
150500 2675932
150107 2665386
149697 2655881
149316 2648249
148983 2641359
148668 2633571
148309 2623597
147879 2612962
147441 2602296
147014 2592493
146636 2584864
146291 2578173
145946 2570775
145558 2560739
145108 2549675
144648 2539252
144219 2530224
143856 2523407
143550 2517435
143249 2510287
142889 2500372
142481 2488784
142025 2477930
141582 2468001
141168 2459501
140793 2452528
140457 2444527
140044 2434677
139590 2422676
139090 2411888
138650 2402024
138267 2394251
137936 2387562
137619 2381605
137282 2371699
136913 2360492
136531 2348686
136174 2339034
135828 2331399
135539 2323802
135249 2316506
134970 2306641
134646 2296452
134316 2286248
133987 2277079
133698 2260585
133469 2245051
133232 2228383
132976 2218758
132685 2208141
132425 2198646
132215 2190063
132028 2183177
131827 2175370
131556 2167347
131208 2157210
130809 2146960
130444 2136764
130124 2127277
129869 2120045
129610 2113575
129344 2107069
129059 2098992
128739 2089719
128427 2080577
128136 2072265
127864 2065439
127586 2059194
127252 2051730
126862 2041348
126419 2028915
125964 2016922
125526 2006970
125111 1998913
124667 1990805
124179 1981092
123624 1968784
123051 1955564
122482 1943799
121943 1934016
121453 1926578
120921 1919090
120268 1909913
119455 1896974
118600 1881676
117771 1867639
116863 1854181
116040 1844315
115298 1835667
114557 1828272
113660 1816062
112635 1800434
111704 1784970
110768 1771684
109816 1758744
108917 1746778
107864 1730190
106663 1711552
105419 1690406
104271 1674390
103292 1662334
102232 1651407
101090 1639867
99629 1625477
97892 1607093
96192 1587244
94613 1569736
93241 1556721
92034 1547541
90756 1539695
89401 1529764
87493 1514604
85792 1496018
84110 1479137
82810 1465661
81639 1456607
80773 1449667
79907 1442473
78750 1432336
77336 1419744
75970 1409255
74669 1400533
73471 1392435
72297 1383717
71102 1373315
69816 1362406
68361 1349334
67011 1337717
65647 1327013
64437 1318081
63253 1307705
62001 1295061
60827 1279410
59597 1263129
58405 1247648
57216 1234789
56061 1222915
54898 1211339
53579 1195974
52256 1179002
51033 1162362
49915 1149481
48854 1138602
47885 1128765
46894 1117770
45962 1106102
45023 1091682
44091 1076696
43104 1060824
42082 1045692
41224 1031810
40396 1018488
39518 1003853
38492 987569
37385 970208
36333 954768
35353 942077
34480 931090
33636 920662
32696 908648
31775 895979
30911 882654
30137 870089
29440 859866
28841 851488
28316 842865
27743 833001
27124 822351
26540 811980
26042 803233
25604 795928
25236 789904
24859 782674
24443 774198
23971 764841
23506 755000
23078 746530
22664 738820
22278 730338
21946 721078
21669 712473
21386 706545
21060 700281
20769 694176
20515 688510
20297 683337
20058 676989
19820 669598
19487 660817
19159 652518
18817 644926
18550 639307
18320 634157
18106 628605
17915 621305
17647 613185
17389 604925
17132 598890
16938 594457
16768 590000
16612 584357
16467 577586
16266 569672
16059 562494
15854 556376
15683 552540
15517 548526
15339 543158
15152 536500
14938 529624
14720 524086
14531 519875
14352 516686
14202 512905
14032 508460
13870 502982
13662 497569
13436 492273
13200 487867
12997 484152
12831 480540
12679 476539
12464 471061
12237 465614
11999 460434
11828 457218
11681 454965
11549 452941
11424 449786
11245 445492
11056 441038
10841 437009
10664 433499
10466 430460
10288 426981
10108 422934
9966 417476
9807 411730
9665 406211
9522 401307
9415 396080
9326 391393
9256 386854
9174 382512
9077 376831
8949 369995
8837 363880
8721 358355
8642 353632
8550 348558
8431 343322
8293 338197
8143 333365
8010 328773
7878 324758
7773 320816
7669 316700
7563 312089
7424 307036
7289 302124
7162 297482
7060 293507
6959 289818
6853 286240
6743 281911
6599 276813
6462 271842
6306 267504
6183 263793
6061 259918
5944 255763
5824 251694
5688 247787
5483 244119
5317 240462
5181 236145
5127 231776
5025 227409
4905 223105
4777 219251
4665 215486
4540 212431
4407 209189
4290 206662
4179 204134
4087 201217
3960 197687
3838 194065
3664 190904
3536 188006
3388 185427
3281 182650
3176 180217
3106 177727
3036 175035
2963 172047
2902 169045
2863 166975
2815 164934
2763 162773
2711 160008
2667 157220
2623 154689
2587 152222
2558 150254
2526 148319
2487 146548
2445 144081
2409 140711
2377 136503
2337 132819
2308 130422
2281 128418
2259 125855
2234 122630
2210 119566
2189 116370
2169 113477
2154 111500
2142 109987
2130 108551
2113 106673
2093 104694
2067 102235
2042 99634
2022 97569
1999 96026
1977 94394
1943 92010
1907 89590
1875 87685
1831 86422
1795 85469
1749 84331
1696 82883
1641 81217
1584 78995
1548 76860
1514 74488
1496 72927
1479 71359
1462 69706
1441 67727
1421 65724
1398 64023
1378 62539
1365 61409
1353 60252
1334 58940
1310 57328
1281 55718
1257 54288
1230 52957
1211 51680
1188 49960
1165 47977
1140 45771
1116 43558
1097 41469
1078 39795
1061 37743
1042 34343
1017 30039
991 26138
964 23682
939 21806
917 20603
892 19295
849 18361
800 17296
759 16655
731 16063
693 15529
655 15121
625 14652
604 14136
580 13304
551 12375
512 11453
465 10633
406 9555
360 8446
316 7271
280 6352
244 5432
214 4638
189 4039
159 3552
133 3094
111 2653
94 2153
74 1672
55 1208
36 827
24 560
15 375
12 280
9 218
6 161
3 95
