63540 2239415
63447 2239415
63385 2239117
63362 2238146
63298 1996989
63202 1515943
63097 1035572
62975 795385
62885 795385
62828 794712
62794 793536
62718 792164
62610 790746
62470 789478
62373 788405
62307 788051
62307 788051
62276 787614
62225 786902
62141 786009
62057 784558
61944 783382
61862 782387
61813 782387
61778 782078
61720 781282
61638 780330
61565 778067
61470 776291
61399 774672
61352 774672
61330 774672
61287 774328
61224 773840
61161 772609
61079 771722
61016 770978
60976 770599
60942 769536
60884 768095
60796 766878
60718 765416
60614 764333
60540 763406
60490 762756
60464 761597
60403 760439
60319 758866
60184 757803
60083 756740
60006 756740
60006 756314
59974 755392
59913 753951
59822 752703
59738 751262
59638 750341
59568 749651
59523 749066
59499 748139
59404 746574
59291 745594
59168 744252
59069 743548
58989 742844
58941 742365
58913 741133
58851 739527
58770 738061
58693 736616
58603 735545
58532 734812
58485 734144
58453 732946
58391 731359
58306 730251
58227 728563
58128 727265
58053 726155
58004 725486
57980 724281
57932 722488
57846 720232
57762 718512
57661 717381
57599 717381
57558 716794
57530 715243
57471 713126
57391 711595
57313 710186
57229 709344
57166 708503
57129 707947
57108 706635
57061 704802
56995 703350
56924 701472
56839 700115
56773 698934
56735 698233
56711 696648
56654 694401
56569 692299
56478 690973
56394 690308
56336 690199
56309 689571
56290 688192
56244 686083
56174 684602
56107 682612
56019 681351
55956 680091
55908 679664
55866 678241
55813 676032
55731 674015
55667 671857
55565 670483
55493 669344
55443 669166
55409 667987
55365 666373
55289 664382
55238 662537
55143 661126
55080 660271
55025 659599
55008 658112
54958 655747
54895 653870
54825 651734
54788 650475
54765 649400
54739 648362
54689 646423
54610 643785
54539 641923
54465 639670
54406 638115
54366 636823
54302 635793
54181 633500
54046 629607
53945 626743
53881 623593
53794 622044
53721 620495
53633 619521
53556 617838
53445 615827
53313 611530
53209 607944
53120 604685
53104 604685
53051 603526
52981 601283
52895 598414
52830 632992
52748 661513
52677 690661
52608 683521
52555 679279
52445 670322
52296 658233
52159 651934
52033 644748
51892 640694
51770 635092
51609 631891
51497 625788
51318 617317
51195 600146
51038 585876
50849 573975
50689 573975
50531 573975
50378 571835
50158 568225
49919 560204
49665 554322
49381 549912
49114 549912
48894 547415
48634 543373
48355 538795
47920 536227
47434 533047
46983 530402
46734 528243
46512 526427
46236 522995
45877 518791
45570 516007
45231 510655
44899 506074
44620 501891
44465 501891
44318 500650
44156 498186
43921 495285
43610 488714
43351 483367
43004 478458
42826 478458
42665 478458
42570 477607
42388 475997
42054 471131
41757 467115
41504 463860
41148 461679
40755 459700
40323 455124
40051 449483
39734 443641
39348 440395
39018 439319
38639 438243
38299 435291
37862 432659
37449 428944
36927 424342
36415 420496
35999 415953
35586 414172
35109 411071
34464 413505
33873 415939
33201 410956
32576 402219
32065 393528
31489 390749
31100 387970
30495 385137
30052 385032
29188 384088
28338 382906
27571 381554
26904 379525
26192 375468
25300 369909
24308 363541
23381 356387
22524 350657
21907 346878
21235 344619
20399 340618
19700 335357
18877 329277
18189 322628
17307 317278
16772 313931
16138 311714
15620 308181
15025 303287
14611 297785
14171 291617
13730 286894
13351 284034
12945 282264
12561 279386
12154 275302
11811 270644
11442 265351
11109 261331
10798 258785
10491 256948
10172 253820
9832 249591
9563 245010
9288 239843
9052 235841
8836 233260
8620 231645
8407 229108
8173 225366
7982 221121
7794 216118
7624 212360
7468 209926
7295 208431
7110 206029
6922 202518
6767 198035
6636 192478
6501 188096
6362 185434
6222 184027
6083 181698
5952 178398
5842 174276
5737 169918
5619 166681
5507 165071
5398 164189
5299 162442
5165 159894
5044 156974
4945 153756
4866 151364
4801 149882
4728 149156
4656 147766
4553 145721
4467 143360
4393 140834
4346 139001
4304 137900
4255 137171
4206 135690
4152 133607
4097 131325
4057 129496
4024 128302
4010 127773
3979 127180
3947 125912
3906 124167
3874 122364
3844 120736
3816 119588
3790 118851
3757 118223
3724 117255
3681 115948
3641 114608
3606 113138
3576 112009
3550 111289
3513 110837
3475 110045
3421 108867
3376 107447
3328 105709
3282 104328
3233 103339
3177 102563
3130 100981
3094 98522
3068 95468
3056 92564
3036 90544
3022 89497
2991 88796
2961 87827
2923 86624
2886 85375
2848 83909
2809 82754
2769 81994
2728 81550
2681 80834
2635 79829
2580 78736
2529 77248
2481 76035
2443 75145
2400 74742
2348 74103
2292 73103
2239 71861
2185 70189
2141 68858
2102 67915
2069 67362
2028 66511
1989 65356
1948 64029
1907 62338
1870 60992
1832 60112
1802 59666
1769 58900
1743 57846
1710 56664
1675 55384
1640 54382
1609 53742
1581 53417
1550 52714
1518 51672
1485 50263
1453 48653
1421 47383
1394 46572
1363 46004
1327 45064
1289 43782
1257 42538
1228 41219
1203 40272
1184 39642
1167 39278
1145 38588
1117 37678
1095 36757
1077 35912
1064 35307
1047 34909
1030 34580
1006 34032
987 33311
971 32598
960 31943
950 31484
941 31217
932 30954
924 30427
917 29733
913 29005
909 28303
905 27734
898 27349
889 27003
877 26101
863 24921
852 23692
845 23028
832 22637
819 22462
807 22086
798 21454
789 20686
777 19962
766 19328
755 18859
738 18530
720 18202
703 17719
689 17144
678 16617
670 16076
662 15667
654 15385
645 15147
638 14768
624 14231
612 13708
596 13168
588 12786
578 12509
569 12220
558 11828
548 11329
535 10813
521 10248
506 9805
490 9553
474 9356
459 9094
448 8769
440 8484
433 8189
427 7963
421 7802
413 7643
403 7431
394 7174
384 6914
375 6628
361 6406
350 6251
336 6110
322 5875
281 5582
244 5257
209 4897
199 4582
183 4333
168 4094
149 3763
131 3381
112 3040
98 2756
89 2550
81 2405
70 2269
57 2078
43 1832
34 1609
28 1393
26 1244
23 1123
21 1009
19 869
