2020 8 8 97.91402305834161 87.16720645243822 108.66083966424502
2020 8 9 96.19884171358292 76.24060053614518 118.47484961730905
2020 8 10 94.5137055753587 66.68366931414344 129.17523953629683
2020 8 11 92.85808833521855 58.32472097448758 140.8420653257518
2020 8 12 91.23147290417226 51.01358566107465 153.56261336484306
2020 8 13 89.63335125119048 44.618917647941046 167.43205354805744
2020 8 14 88.06322424453444 39.025835692095626 182.55415130710205
2020 8 15 86.52060149586515 34.133859173446915 199.04204394107163
2020 8 16 85.00500120708337 29.85510294424501 217.01908706306264
2020 8 17 83.51595001985245 26.112698458217107 236.6197774959987
2020 8 18 82.05298286775721 22.839412814726693 257.9907595223933
2020 8 19 80.61564283105251 19.976440908861846 281.29192201639574
2020 8 20 79.20348099395628 17.47234898823402 306.6975946664093
2020 8 21 77.81605630444231 15.282150637314697 334.3978522379267
2020 8 22 76.45293543648917 13.366498589219338 364.59993663453866
2020 8 23 75.11369265474204 11.690977845706957 397.52980739639037
2020 8 24 73.79790968154538 10.22548740618193 433.43383223627524
2020 8 25 72.50517556630477 8.943699498359836 472.58063026126035
2020 8 26 71.23508655713721 7.822586595588909 515.2630816700671
2020 8 27 69.98724597476965 6.842007723616977 561.8005189619347
2020 8 28 68.76126408864658 5.984346624738148 612.5411160506869
2020 8 29 67.55675799520786 5.234195278879764 667.8644931583689
2020 8 30 66.37335149829867 4.578077096034856 728.1845569771932
2020 8 31 65.21067499167448 4.004204807147469 793.9525973487166
2020 9 1 64.06836534356414 3.502268703921544 865.6606636283228
2020 9 2 62.94606578325511 3.0632514232473316 943.8452459955789
2020 9 3 61.8434257896654 2.679265948817674 1029.091289252511
2020 9 4 60.76010098186745 2.34341391960704 1122.0365691393818
2020 9 5 59.69575301152967 2.0496616997022628 1223.3764639097617
2020 9 6 58.65004945724215 1.7927319830595019 1333.8691568638485
2020 9 7 57.622663720693495 1.5680089858493764 1454.3413087632455
2020 9 8 56.61327492466632 1.3714555231554575 1585.6942425658654
2020 9 9 55.621567812819585 1.1995404802956204 1728.9106867525968
2020 9 10 54.647232651226496 1.0491753757768385 1885.0621276965226
2020 9 11 53.68996513163716 0.9176588762266626 2055.3168260820826
2020 9 12 52.74946627643581 0.8026282665031752 2240.948557349725
2020 9 13 51.825442345262935 0.7020170031361098 2443.346141558449
2020 9 14 50.9176047432731 0.6140175885398564 2664.0238339647367
2020 9 15 50.025669930999875 0.5370490990275955 2904.632654055906
2020 9 16 49.14935933579962 0.46972878326209433 3166.9727377970353
2020 9 17 48.28839926484661 0.41084722090475023 3453.0068055058796
2020 9 18 47.44252081965215 0.35934659518399986 3764.874846116865
2020 9 19 46.61145981208118 0.31430168904628086 4104.910127695765
2020 9 20 45.79495668183992 0.2749032634823293 4475.656653989135
2020 9 21 44.99275641540901 0.24044351941776243 4879.888197611192
2020 9 22 44.20460846639665 0.21030338198846485 5320.629052266621
2020 9 23 43.430266677286944 0.18394137876073244 5801.176659268855
2020 9 24 42.669489202559014 0.16088391209160416 6325.126277636115
2020 9 25 41.922038433152835 0.14071675087076502 6896.397882336714
2020 9 26 41.18768092225823 0.12307758879179 7519.265491925165
2020 9 27 40.466187312403825 0.10764953546087087 8198.389144986411
