2020 8 8 1424.9976124541308 1366.7979514106833 1483.1972734975784
2020 8 9 1397.042950277128 1285.316538019017 1513.4250420930882
2020 8 10 1370.5068407678962 1209.4931914928115 1545.2115027023187
2020 8 11 1343.962593923402 1137.6908090259906 1577.0881076863675
2020 8 12 1317.4302041997878 1069.7258531053155 1609.0329249061213
2020 8 13 1290.7104544981764 1005.2436351201227 1640.7562328957674
2020 8 14 1265.1757686484596 945.1492512222711 1673.9225539055171
2020 8 15 1240.6978621969113 889.0594488642222 1708.4891293128549
2020 8 16 1216.2813932107285 836.0029545488339 1743.2019632806332
2020 8 17 1192.269674369626 786.0606472851321 1778.5115111890307
2020 8 18 1168.8805152022026 739.1997835515753 1814.7578253950285
2020 8 19 1146.0715298188816 695.2092575938852 1851.9312333674816
2020 8 20 1124.1359307714806 654.096461429774 1890.5581914312102
2020 8 21 1102.2934268326624 615.2248412072045 1929.4412963520404
2020 8 22 1080.0743348894132 578.2162196333549 1967.7220519086013
2020 8 23 1058.2582677572238 543.4098282343836 2006.680603193949
2020 8 24 1037.256370289214 510.8904450963972 2047.1187487413995
2020 8 25 1016.865089003649 480.4125892653282 2088.754312135652
2020 8 26 997.3391415037976 451.9723646296398 2132.1907469180223
2020 8 27 978.1674266242004 425.20640562429185 2176.486190507339
2020 8 28 959.0799268788115 399.9019428251812 2221.069224107719
2020 8 29 940.7432251320353 376.2611256752633 2267.4416516243423
2020 8 30 922.56178794229 353.93975288535955 2314.311499195081
2020 8 31 904.1762684254602 332.72947159792056 2360.756750968533
2020 9 1 886.1196048818143 312.7764267102614 2408.0360717083604
2020 9 2 868.0371907401972 293.8835511881303 2455.212362544664
2020 9 3 849.7831094352161 275.9488294555007 2501.7836493135637
2020 9 4 831.8776097148898 259.0971448632796 2549.1344323839808
2020 9 5 814.2803055490688 243.2530441175094 2597.1697155631045
2020 9 6 797.2919334915701 228.44853453005288 2646.8650734602224
2020 9 7 780.9890560865521 214.63989562492833 2698.610400794269
2020 9 8 764.857388988436 201.6213607145234 2750.807050098134
2020 9 9 749.0430485919741 189.38825183339085 2803.9561775600037
2020 9 10 733.322415605322 177.83838981961446 2857.258984024739
2020 9 11 717.7490196318315 166.948590246195 2910.863204882362
2020 9 12 702.5659594488437 156.73948398753356 2965.714819048293
2020 9 13 686.8434691888214 146.96267875708926 3017.967191306934
2020 9 14 670.8311204666256 137.65840809905205 3068.320549898654
2020 9 15 654.8299465037888 128.86888565268023 3117.8577249402115
2020 9 16 638.8161754485799 120.56298512894365 3166.3174199808805
2020 9 17 623.0481256586507 112.76488504578151 3214.807180669091
2020 9 18 607.643411063756 105.46648923288727 3263.90603463886
2020 9 19 591.7743149700441 98.49375329997527 3309.2145214312654
2020 9 20 576.2705077195171 91.97382818006855 3354.877144090794
2020 9 21 560.9575222876318 85.85112631346877 3399.9160851408587
2020 9 22 545.8883908036347 80.11105897032532 3444.571429713174
2020 9 23 531.3034005113236 74.76641939639599 3490.313898820276
2020 9 24 517.2404607020027 69.79697695619103 3537.5333939639017
2020 9 25 503.29917560586074 65.12402195265092 3583.677973430442
2020 9 26 489.55322591475266 60.74057826489231 3629.1397694064963
2020 9 27 475.5281372183763 56.57096646987188 3670.325891498734
