2020 8 8 807.1151733989212 772.680527984319 841.5498188135234
2020 8 9 807.6402282744932 740.2188618563414 877.99971629446
2020 8 10 808.3876462445091 709.3244546312498 916.2697251552769
2020 8 11 808.9135289053758 679.5244884243664 955.9559526371894
2020 8 12 809.3656298163768 650.914203699932 997.2735047088114
2020 8 13 809.5584049207883 623.2997487680807 1040.0570064650035
2020 8 14 809.7883174135891 596.8853701490062 1084.7235927505299
2020 8 15 809.9811931939407 571.5630403246297 1131.258744357687
2020 8 16 809.9885606936576 547.1840514812054 1179.5311218655772
2020 8 17 809.9959282603885 523.8449043614346 1229.8633485829314
2020 8 18 810.0404074132259 501.52524735563884 1282.3996696799084
2020 8 19 810.3075703504775 480.2944424310763 1337.5327290403413
2020 8 20 811.1688341630612 460.31447981916915 1396.016580688996
2020 8 21 812.3655007223433 441.35548347400425 1457.6332995689663
2020 8 22 813.2661719639843 423.01557990126076 1521.4353538611535
2020 8 23 814.7640234070242 405.7478654504943 1589.1454070324364
2020 8 24 816.97390314402 389.5382402586308 1661.2522178298934
2020 8 25 819.5266577807301 374.1368164954193 1737.3158662751148
2020 8 26 822.3502261876334 359.46432129968 1817.41942534037
2020 8 27 825.1081677081496 345.3342971402514 1901.0498344782186
2020 8 28 827.7241429614232 331.6964152402544 1988.180181222247
2020 8 29 830.9172686379605 318.8250778208819 2080.6703359936237
2020 8 30 833.8181519265382 306.3363464747445 2176.7004940978504
2020 8 31 836.1179150458702 294.1122463559377 2275.567101905851
2020 9 1 838.5772545597823 282.4298401747057 2379.3413085267553
2020 9 2 840.7748807306772 271.12088934366307 2487.0849009712024
2020 9 3 842.4774838265113 260.10328230905463 2598.2260836499604
2020 9 4 844.2993339342178 249.5691519069328 2714.6909971438395
2020 9 5 846.0477573856606 239.43878267857608 2836.1276672398476
2020 9 6 848.1874346014246 229.82932311947505 2964.2960080505954
2020 9 7 850.8377204895606 220.74241345888575 3100.0220387062377
2020 9 8 853.3793392914623 211.98443757288857 3241.5364480071803
2020 9 9 856.0849472597392 203.61278509528307 3390.1049860727762
2020 9 10 858.6422405550205 195.53442881565786 3544.861532504455
2020 9 11 860.6957485227751 187.66011786641107 3704.5712452588045
2020 9 12 862.3598233231161 180.01693094977944 3869.7791773786944
2020 9 13 863.3949447123913 172.553077353293 4039.5178503321554
2020 9 14 864.0752857166757 165.32753705084565 4215.036002632419
2020 9 15 864.5978057436083 158.3742620370106 4397.407986640825
2020 9 16 864.6848964479663 151.633606466197 4585.45442758624
2020 9 17 864.890847522555 145.20068586296924 4782.172576247832
2020 9 18 864.8590878391931 139.00076029293936 4986.015399356595
2020 9 19 864.3122019805764 132.9827737799233 5195.577368287546
2020 9 20 863.2508603349437 127.14612657212427 5410.852626294648
2020 9 21 861.4788950459134 121.46079327872273 5630.585315113109
2020 9 22 859.2369232878697 115.96289989195523 5856.145552769194
2020 9 23 856.9220510111888 110.7032411916631 6090.205071971609
2020 9 24 854.6526767670467 105.68721371274827 6333.898560194609
2020 9 25 852.4480488044999 100.90572871559638 6587.778500145272
2020 9 26 849.9483724194757 96.30496838106106 6849.510536669545
2020 9 27 846.5973544855293 91.81668470014819 7114.721363246747
