2020 8 8 1422.4296382388736 1355.6763391879535 1489.1829372897942
2020 8 9 1380.3287246207472 1253.8250497621113 1512.9111704410393
2020 8 10 1339.225268337645 1159.3999435804726 1536.7449596697659
2020 8 11 1299.104554820469 1071.8771130763455 1560.677400440986
2020 8 12 1260.6538032520978 991.3475184252587 1585.5448067913023
2020 8 13 1223.5681963076102 917.046645190371 1611.094050289671
2020 8 14 1187.573564727567 848.3145756906622 1637.0549906638032
2020 8 15 1152.851733976613 784.8867398393257 1663.7291472543543
2020 8 16 1119.1450870984786 726.2013550504488 1690.8379322684311
2020 8 17 1087.6335028207034 672.6887026852492 1720.2158674716793
2020 8 18 1058.9683565468165 624.3310395824351 1753.2028899690615
2020 8 19 1032.3939706668064 580.2369024937711 1789.0331252854246
2020 8 20 1006.1145248029903 539.047929340788 1824.9511009331075
2020 8 21 982.1351156693923 501.6567122937709 1864.548774960714
2020 8 22 960.6732731826696 467.8531543618344 1908.700142282159
2020 8 23 940.7187054309975 436.833060914697 1955.95988993605
2020 8 24 921.6869822603766 408.1057567302968 2005.446787650901
2020 8 25 903.2063156921027 381.34114922995406 2056.5469763401065
2020 8 26 884.7708114063144 356.19444919508464 2108.208335478862
2020 8 27 868.3053491841218 333.3476114859211 2164.96499970615
2020 8 28 851.833488489204 311.84611079953254 2222.4696956643966
2020 8 29 834.4465640900015 291.2821076198292 2278.2991060516315
2020 8 30 817.715147658178 272.1790904392373 2336.351762909238
2020 8 31 800.7300261074809 254.1327852234511 2394.2002391050823
2020 9 1 782.2226319695652 236.68789972631635 2447.874529441644
2020 9 2 764.0020990249044 220.3978793393808 2502.3111753623043
2020 9 3 745.242635724653 204.95111359173518 2554.803184468754
2020 9 4 727.0780378505705 190.6238652328173 2608.856540761868
2020 9 5 710.0110338073473 177.46985990873497 2666.403220586927
2020 9 6 692.9609643757581 165.127643318551 2723.778366253168
2020 9 7 676.4451562160133 153.67351611443198 2782.878737663225
2020 9 8 660.3229805019507 143.0139077889906 2843.261465209186
2020 9 9 643.3956052514883 132.8360930844443 2899.8327613342276
2020 9 10 626.2067879199 123.23903106992813 2954.3955262164095
2020 9 11 607.8979885738645 114.02454241538973 3002.5344154694612
2020 9 12 588.9199771075798 105.27308043042788 3045.5083150434057
2020 9 13 569.4736106507921 97.003669094649 3083.6113578522773
2020 9 14 549.4384085374708 89.17415548346791 3115.5256466983874
2020 9 15 529.8111706157972 81.92840071527107 3146.0866234160476
2020 9 16 510.6941925437706 75.24187655159686 3175.8139612995597
2020 9 17 491.7150522963019 69.01974734375902 3202.389805991839
2020 9 18 473.44124171537766 63.31215729487584 3229.188042653457
2020 9 19 455.6759848960813 58.05374753505599 3255.0471747620804
2020 9 20 438.41318257960415 53.211161909814024 3279.940711517326
2020 9 21 421.88333531771127 48.782108267820874 3305.6154468344694
2020 9 22 406.1287153040756 44.73928318250567 3332.6820504875154
2020 9 23 391.10874189904536 41.04762579403839 3361.170919951199
2020 9 24 376.84151933718226 37.681288265732626 3391.5985902610887
2020 9 25 362.4295151725973 34.52450747576208 3416.3145595224714
