2020 8 8 5634.2475960064285 5423.200835400122 5845.294356612734
2020 8 9 5442.9888646538275 5042.886295573696 5858.3634421439865
2020 8 10 5258.566455387898 4689.560817626058 5871.831894352376
2020 8 11 5080.226625037133 4360.842635249668 5885.145812007712
2020 8 12 4907.774548210227 4055.028428765819 5898.303998625638
2020 8 13 4741.02144269429 3770.532049421816 5911.305269730292
2020 8 14 4580.533263275081 3506.4720900483817 5925.082181585796
2020 8 15 4425.333059647685 3260.794147990906 5938.70402102638
2020 8 16 4275.391436587558 3032.3294190044526 5952.357177249425
2020 8 17 4130.800350102787 2820.0634645111772 5966.417807439054
2020 8 18 3990.9687471991974 2622.5672400768785 5980.323164796779
2020 8 19 3857.887856928274 2440.2277832477803 5997.283747230179
2020 8 20 3731.80400495623 2272.1847458274606 6018.271130474168
2020 8 21 3611.9629017315233 2117.0058305664897 6042.754206867476
2020 8 22 3495.97030984424 1972.4248632874303 6067.336883464344
2020 8 23 3386.684579267147 1839.4004654659582 6097.194789088011
2020 8 24 3283.275936992175 1716.6840146144766 6131.629846704549
2020 8 25 3184.476882991953 1602.913899889088 6168.971267457152
2020 8 26 3089.2544616824825 1496.9875214832896 6207.709410473585
2020 8 27 2997.367354544608 1398.2976020649803 6247.671357699276
2020 8 28 2908.3080377887086 1306.1580566486411 6288.087930734669
2020 8 29 2823.8243179047704 1220.9564899111224 6332.937585004333
2020 8 30 2740.7242749657566 1140.8498195926732 6375.70634109144
2020 8 31 2658.33805614788 1065.2781110522017 6414.735596270024
2020 9 1 2578.932250324474 994.914313818973 6455.219669612932
2020 9 2 2501.1650872217538 928.9153136877517 6494.1238842397825
2020 9 3 2423.372526335563 866.4140786250758 6527.107835226267
2020 9 4 2347.4636087570434 807.9265852759504 6558.815915279355
2020 9 5 2272.5234086410182 752.9023591142181 6586.74120358227
2020 9 6 2199.975592190699 701.6255841688155 6614.785388609361
2020 9 7 2130.4387856722587 654.0626909996995 6645.038672079378
2020 9 8 2062.426864917604 609.5174388822359 6673.331068618446
2020 9 9 1996.520995403251 567.9867070091897 6701.533105825603
2020 9 10 1932.5950351983997 529.2498706287791 6729.43090708229
2020 9 11 1869.1285176281747 492.7201845120352 6751.917468991148
2020 9 12 1806.9195693465401 458.49391742177176 6771.492946121305
2020 9 13 1745.0685925207586 426.2106081107611 6784.707573131826
2020 9 14 1684.12194175586 395.9041997313049 6793.232561199437
2020 9 15 1624.2397858967383 367.50263609088955 6797.476122428916
2020 9 16 1565.2040584576407 340.8483103373522 6796.353809903945
2020 9 17 1507.967956228868 316.0518015353022 6793.728743979871
2020 9 18 1452.7772149147022 293.0492392970554 6790.89006937805
2020 9 19 1399.193366459736 271.63750604507817 6786.121784581553
2020 9 20 1347.7626996694971 251.82455320966352 6782.214377022981
2020 9 21 1298.1373337707225 233.44082531025458 6777.880701634047
2020 9 22 1250.1751619234121 216.36964986161902 6772.693307603513
2020 9 23 1203.9850444408191 200.54686372453932 6767.509883701403
2020 9 24 1159.5775802398125 185.8938451366367 6762.758015513446
2020 9 25 1116.887399647037 172.32417790168674 6758.472379647424
2020 9 26 1075.9746930515928 159.77681011056094 6755.434927670788
2020 9 27 1036.025295105845 148.06354954679446 6749.0375884442465
