2020 8 8 428.8869279779492 408.7213002204676 449.0525557354308
2020 8 9 423.68454691568013 384.8031881312457 464.4368487792438
2020 8 10 418.81009081240893 362.5252666773396 480.6384913771284
2020 8 11 413.9917149284322 341.5371104842585 497.40532001388897
2020 8 12 409.1425201092894 321.6928912083476 514.653417980845
2020 8 13 404.1796379146261 302.8676265938615 532.2851604062954
2020 8 14 399.44537455740544 285.27020772133665 550.7427567037944
2020 8 15 394.68334161434535 268.63581072625317 569.7256456150594
2020 8 16 389.89584866908797 252.9154129181045 589.2441322037018
2020 8 17 385.2476614725737 238.16765703339303 609.5540786661545
2020 8 18 380.65488816232573 224.2798578477439 630.5640642172698
2020 8 19 376.6720263996839 211.5289667491626 653.2178508380248
2020 8 20 373.6725801540091 200.031854107666 678.3186547149295
2020 8 21 371.397700800551 189.53472187325383 705.6559231393193
2020 8 22 369.05929105469596 179.54896182679923 733.9479035203145
2020 8 23 367.50452867979527 170.4633930213945 764.9033578489954
2020 8 24 366.951706501917 162.2992759051537 799.2361588811782
2020 8 25 367.08779569055855 154.8304994927316 836.6086593222602
2020 8 26 367.6063436623115 147.86671769405763 876.6002328285572
2020 8 27 368.0490344341283 141.1853369833565 918.3208467561241
2020 8 28 368.2622125159991 134.71760885350372 961.4531090792839
2020 8 29 369.16605121214735 128.79878078275604 1008.4140775605669
2020 8 30 369.68753492624353 123.00582262370507 1056.6182949783233
2020 8 31 369.20845225101283 117.14025051969871 1104.2649076836835
2020 9 1 368.65306692991834 111.52997427611497 1153.8300023760905
2020 9 2 367.5608625773201 106.02573614451187 1203.9370541085002
2020 9 3 365.3997709420477 100.48388160444765 1252.7083762991165
2020 9 4 363.09912561316634 95.18982297328364 1302.933421740088
2020 9 5 360.2077606250677 90.01602510594121 1353.000449519266
2020 9 6 357.4144678567659 85.14219028155149 1405.2732660969618
2020 9 7 355.0896336742316 80.63867950710478 1461.3223365070055
2020 9 8 352.4839940593708 76.30617409219582 1518.3890651249462
2020 9 9 349.89747456844117 72.20644286561618 1577.684331166696
2020 9 10 347.25703478874846 68.31193547884203 1638.9664563181284
2020 9 11 343.6959708602597 64.44245751990178 1698.189808284764
2020 9 12 339.59856070136857 60.684752043794084 1756.722667933883
2020 9 13 334.4179284983612 56.94386637607791 1811.4168982285148
2020 9 14 328.34087781157154 53.26748879151677 1862.5303446169542
2020 9 15 321.55335316328336 49.69528591482773 1910.429446127193
2020 9 16 314.03521046728264 46.22804040208748 1954.385958713367
2020 9 17 306.4311339654869 42.964179081555606 1997.7250915823531
2020 9 18 298.94733922260883 39.921806324249914 2041.6090634184493
2020 9 19 291.27260818457125 37.04496404722824 2083.9048537902913
2020 9 20 283.79490681958373 34.37543256720905 2127.076881398357
2020 9 21 276.39092121155653 31.883948628223987 2170.2569587294724
2020 9 22 269.0649292858652 29.559758154841607 2213.409266780445
2020 9 23 261.9891783040648 27.41114896641545 2257.8807511347095
2020 9 24 255.15408697927464 25.42442669709053 2303.71617264253
2020 9 25 248.48845770338593 23.580816466838478 2350.4020667701566
2020 9 26 242.12984196044553 21.88350259897082 2399.290967565403
2020 9 27 235.5984651584145 20.27803921971434 2445.8725319974037
