2020 8 8 95.90698265609763 89.66688343759377 102.14708187460148
2020 8 9 95.88241145397154 83.8265466965825 108.74796042620432
2020 8 10 95.9340456434369 78.43323088423158 115.86181994549193
2020 8 11 95.89313033691201 73.31122675109326 123.32923209052898
2020 8 12 95.82501547518957 68.50290233937753 131.24292244754767
2020 8 13 95.62640016867661 63.91661941466618 139.48561107111408
2020 8 14 95.4064834894059 59.62287606217703 148.21430853859704
2020 8 15 95.16540945753269 55.604036584005954 157.45557465368313
2020 8 16 94.86552156426453 51.8213640820861 167.1747220743542
2020 8 17 94.65273978305412 48.34308849488472 177.64563188021864
2020 8 18 94.41357031812062 45.08455543892555 188.72196165279394
2020 8 19 94.44833527323483 42.17618271533947 201.03526402948907
2020 8 20 95.51249930672749 39.915102533753775 216.34302712006064
2020 8 21 97.54288926231422 38.17401910259064 234.97781095193696
2020 8 22 99.6718114349839 36.530550740260786 255.3510943668626
2020 8 23 102.63930425288932 35.24815040674441 279.52011371354945
2020 8 24 107.0818183585699 34.48697596090456 309.7530897602452
2020 8 25 112.6831031055852 34.05350730619251 346.05180567255053
2020 8 26 118.60936486131165 33.635152227884575 386.7024404255986
2020 8 27 123.90469700851516 32.95463346697805 429.05511841603516
2020 8 28 128.59945522375835 32.06527238366603 473.1480771520466
2020 8 29 133.9173972622821 31.310944734065853 523.4107243829993
2020 8 30 138.88511140437342 30.441059349613663 576.784419120003
2020 8 31 142.36572781297863 29.22900621207996 628.6596201745735
2020 9 1 146.18409673965414 28.11664763755801 686.3066731534886
2020 9 2 150.56957574604112 27.13600049969249 751.4215361930179
2020 9 3 154.70199717247579 26.1202389593383 820.7948561694312
2020 9 4 159.8260043140971 25.290771944527954 901.2321789838118
2020 9 5 164.97456664269166 24.464675045771767 988.7337640185383
2020 9 6 170.6729403939631 23.72250026383783 1087.0321264424645
2020 9 7 177.779178538456 23.17116734997355 1202.8163694521031
2020 9 8 184.1519441794367 22.498485492050506 1323.9688882249925
2020 9 9 190.87859257433925 21.86065784823279 1458.2262432947396
2020 9 10 197.79677362534386 21.23470786022825 1605.6841117024983
2020 9 11 202.52922244308965 20.36511053239243 1748.274200184843
2020 9 12 205.949316900207 19.38777680433775 1891.2208431184692
2020 9 13 207.26437337751796 18.253743649032312 2025.9946334020474
2020 9 14 206.19944634418604 16.975698218430733 2147.0265364272027
2020 9 15 203.68857454604304 15.667645641292184 2260.176129000847
2020 9 16 199.1617254538089 14.302964319452263 2356.5797535401225
2020 9 17 194.14759813462274 13.014929882869437 2450.139155885118
2020 9 18 189.1054154655315 11.832544527858744 2545.465833062855
2020 9 19 183.93655172712874 10.741456705405389 2641.0334923940345
2020 9 20 179.19088248381772 9.767441941524869 2744.2369834904966
2020 9 21 174.53713878160323 8.880085619860997 2851.006018382273
2020 9 22 169.9349033119112 8.06981562228577 2960.7962102392084
2020 9 23 165.53119187542956 7.3371439947100665 3076.1589070174705
2020 9 24 161.22280584145412 6.670159820427216 3195.667288987549
2020 9 25 157.18976507144396 6.07056024052365 3323.0535760323096
2020 9 26 153.3054984729151 5.526709704798991 3456.5300953549254
2020 9 27 148.8562651527122 5.007754323320849 3580.4657233876856
