2020 8 8 62.13753739633315 58.3103669618528 65.9647078308135
2020 8 9 61.31472287491395 53.996392646524576 69.09798654084778
2020 8 10 60.52264977464686 50.019056092941305 72.40245893374879
2020 8 11 59.739805721668674 46.33385837690535 75.86376111374254
2020 8 12 58.97186332713369 42.92387489707791 79.49660053226127
2020 8 13 58.20344400346804 39.757319842391105 83.28945296626121
2020 8 14 57.45099545189691 36.828435842096866 87.27179172951165
2020 8 15 56.68693472646507 34.10164028881511 91.41212254365186
2020 8 16 55.93690405735545 31.579065258130065 95.75511643667248
2020 8 17 55.20317756988409 29.246692845312584 100.31536847434205
2020 8 18 54.47713793711529 27.08555875350666 105.08927768512878
2020 8 19 53.77743022525884 25.092462286895756 110.12274771259143
2020 8 20 53.196652051025836 23.297327207162645 115.6224409599263
2020 8 21 52.728152494652406 21.677042759957292 121.62720100819287
2020 8 22 52.27159261843718 20.172658249014695 127.96183710870774
2020 8 23 51.93655157777886 18.81804879380002 134.91419902193985
2020 8 24 51.77404057089006 17.616136709837228 142.6868915835583
2020 8 25 51.72858555507291 16.530646288853188 151.2285849736363
2020 8 26 51.768499689295425 15.539311047319039 160.5310715799972
2020 8 27 51.8018835335683 14.605456286697526 170.38543420026167
2020 8 28 51.800391710368174 13.717883514420887 180.72993389716623
2020 8 29 51.864349225477014 12.901580904039575 191.93082298325754
2020 8 30 51.85481603027736 12.115552650676895 203.55364231780712
2020 8 31 51.69994166889164 11.343454672690896 215.30977183490992
2020 9 1 51.52733436153117 10.616568563640351 227.66909311495525
2020 9 2 51.29361500302538 9.923551043841643 240.4653059031243
2020 9 3 50.93153780839656 9.250733690323564 253.37402038820278
2020 9 4 50.54366408539176 8.61838372573103 266.8346560753495
2020 9 5 50.10321042720817 8.019789867231356 280.71721636713016
2020 9 6 49.66703464062879 7.462841991714175 295.3245052910856
2020 9 7 49.26695291389134 6.94942515527108 310.8839335097152
2020 9 8 48.805924392024586 6.462278025095945 326.8582014531848
2020 9 9 48.3452132079308 6.008750163226781 343.6265139462636
2020 9 10 47.88640008975044 5.5867466337478024 361.2376454891369
2020 9 11 47.33250181768432 5.182779775288896 379.0012263154807
2020 9 12 46.70854787264274 4.79965053723176 397.02606566530966
2020 9 13 45.99445944509185 4.434736367745156 415.07208020484524
2020 9 14 45.20927447337311 4.089658706366383 433.1982162964009
2020 9 15 44.370322993754435 3.765356083531015 451.47228468299534
2020 9 16 43.465097159322696 3.4598247291546187 469.68446918203256
2020 9 17 42.55435525288268 3.1771758910501267 488.37215195113816
2020 9 18 41.673109703963426 2.9183953906103413 507.92288185695924
2020 9 19 40.85711992238351 2.683984406384728 528.8292006132399
2020 9 20 40.06686671155211 2.4690428326305134 550.7223453281714
2020 9 21 39.29260159018995 2.2713577569162307 573.5315146675949
2020 9 22 38.51793752714932 2.088612462728426 597.0611502865297
2020 9 23 37.7526881016567 1.9202525487258737 621.4653048132358
2020 9 24 36.997084498696054 1.7651811899025822 646.7754624371131
2020 9 25 36.2453324015727 1.622094946856456 672.9193689687685
2020 9 26 35.44367782802412 1.4876904256798011 698.9099976466448
2020 9 27 34.65056229465897 1.364036676327638 725.7232337135891
