2020 8 8 91.8071492456258 84.76613719637068 98.84816129488092
2020 8 9 91.08326364212327 77.66909404685522 105.56541577660111
2020 8 10 90.47329204148066 71.25852102853634 112.864554135506
2020 8 11 89.84277412626572 65.35765737620862 120.63765161833076
2020 8 12 89.22109754776878 59.9486749167686 128.95206181723708
2020 8 13 88.53747645531399 54.942826790518474 137.7437591899721
2020 8 14 87.86785849497939 50.36041746045346 147.148493709621
2020 8 15 87.27724528656044 46.20257391807242 157.31918027330025
2020 8 16 86.66252066138622 42.3731435710749 168.14223252620988
2020 8 17 86.09716833713134 38.88313306753477 179.79726727550653
2020 8 18 85.53976593437199 35.68249757903803 192.26908840844982
2020 8 19 85.08124156271118 32.78506110869586 205.82016857921732
2020 8 20 85.02947870358169 30.27869159780774 221.30437731832978
2020 8 21 85.28289506286139 28.07259234307806 238.747691332016
2020 8 22 85.53706668786927 26.027229027218052 257.565895474253
2020 8 23 86.0015817802779 24.19466330122436 278.4984563055322
2020 8 24 86.87729653996975 22.606100076396697 302.4556378161661
2020 8 25 88.06510654425284 21.20072724903313 329.52916838943094
2020 8 26 89.43698568796528 19.923126486106355 359.65411218542664
2020 8 27 90.78596493468977 18.712654764329272 392.35499459784995
2020 8 28 92.14855003557328 17.574338407914762 428.0000118457536
2020 8 29 93.78473945230215 16.55354820468867 468.05915551824734
2020 8 30 95.50568884789678 15.601882464163031 512.1457053931448
2020 8 31 96.9698399425967 14.657818512833117 558.8383581082604
2020 9 1 98.55243679340225 13.785390664762085 610.3412566271696
2020 9 2 100.10476178466921 12.957042107317507 666.2432603374732
2020 9 3 101.24548410141831 12.122027539621818 724.3632678626948
2020 9 4 102.33906581461441 11.33362491462872 787.123129162025
2020 9 5 103.19117193875344 10.568448528039767 853.3724757375151
2020 9 6 103.94310637206367 9.8439462904047 924.3107181308362
2020 9 7 104.87031006259978 9.1851910773647 1002.6556921023358
2020 9 8 105.46057989884122 8.540284478397828 1084.3407475217318
2020 9 9 105.98891876433245 7.935373508534138 1172.0096463400946
2020 9 10 106.47268673176879 7.369773380394055 1266.2444443443305
2020 9 11 106.38682799371736 6.804905881323742 1361.2554981261592
2020 9 12 105.92451115063764 6.259249391712834 1458.5777915586893
2020 9 13 104.88744782955227 5.723265367420525 1554.9161857479005
2020 9 14 103.2712575710267 5.201023496022552 1648.8818308030156
2020 9 15 101.35280947591932 4.709958894967719 1743.3023177121465
2020 9 16 99.0586113752103 4.246141489923782 1836.0536154013496
2020 9 17 96.67904977877204 3.8221138006304023 1931.1949320752492
2020 9 18 94.344685464458 3.439957331527049 2031.0273333225541
2020 9 19 91.96160978307931 3.0921797893427323 2133.7584900580546
2020 9 20 89.64328087075222 2.7797154019017785 2241.7914998711417
2020 9 21 87.34789791563888 2.497724741635067 2354.4065182071063
2020 9 22 85.05075821711011 2.2426099575986305 2471.047088773267
2020 9 23 82.78877047444584 2.012886258267588 2592.732298668498
2020 9 24 80.56850087784306 1.8062461379093464 2719.8322949783305
2020 9 25 78.4027904070756 1.6207076458019571 2852.9946532698496
2020 9 26 76.28850341647389 1.45408736593945 2992.429470544549
2020 9 27 73.98341541367007 1.2998733527855573 3128.958243386172
