2020 8 8 6070.392767047544 5700.165007142791 6440.620526952297
2020 8 9 5880.128546857351 5185.608782151216 6618.2814488568865
2020 8 10 5701.502493746583 4722.506218476499 6807.23013398822
2020 8 11 5524.313536772314 4297.4569741972255 6996.810371611277
2020 8 12 5351.564918878206 3909.834826745249 7190.3199092772
2020 8 13 5178.408057698444 3552.9305231686485 7381.374771685742
2020 8 14 5011.478601475954 3229.0343774503367 7578.396616285094
2020 8 15 4851.381152191131 2935.600477579238 7782.871418064453
2020 8 16 4695.22772298575 2668.123702534439 7990.985462321787
2020 8 17 4545.459832335866 2425.790507253736 8206.978029012229
2020 8 18 4398.9338865937225 2204.647934806575 8426.036673218294
2020 8 19 4259.678462864154 2004.9419838314836 8655.82139162422
2020 8 20 4135.416901427036 1828.308584587761 8913.382652352446
2020 8 21 4022.4628345803667 1670.632960533239 9195.166739721208
2020 8 22 3909.4884183871095 1525.265661575209 9478.759873151466
2020 8 23 3800.818863935013 1392.988847178947 9773.843748365316
2020 8 24 3701.130501419666 1274.3681116509397 10093.441573317654
2020 8 25 3608.2536892823964 1167.2936651067198 10434.935519835111
2020 8 26 3522.4085234974036 1070.736582386531 10801.578374799838
2020 8 27 3436.5661122482575 981.5465820610311 11174.84907793315
2020 8 28 3348.918805159542 898.6728838799917 11548.347152659107
2020 8 29 3268.4355791491716 824.1189587610281 11951.324708689295
2020 8 30 3190.6751392491074 755.9488616800254 12371.247553777805
2020 8 31 3108.7602532819487 691.9951046686379 12782.643632125822
2020 9 1 3031.0484993508844 633.9193515988794 13216.355638955958
2020 9 2 2950.89161006911 579.7999493769898 13645.651383708457
2020 9 3 2863.883894441766 528.5382967720178 14047.409326216506
2020 9 4 2777.9906051487496 481.5410336065491 14453.878640997418
2020 9 5 2690.316878346726 437.967565815254 14849.442298048087
2020 9 6 2604.2417938246417 398.14675367290516 15249.382646145405
2020 9 7 2523.3082350543527 362.3115490311822 15674.075440241879
2020 9 8 2439.5325402119247 328.93245160476204 16077.317481740729
2020 9 9 2357.890824257175 298.5412125835208 16486.666790330644
2020 9 10 2277.2178104086543 270.734641178283 16894.107838418797
2020 9 11 2192.327351683029 244.6884602819194 17259.853091359244
2020 9 12 2106.317072199364 220.66988200665577 17599.786208667374
2020 9 13 2016.3633285036597 198.2423028542324 17885.268404362047
2020 9 14 1924.6080224544826 177.53931026788572 18125.325937517024
2020 9 15 1833.8705340395068 158.7071150214995 18338.86887686255
2020 9 16 1742.7209597653919 141.46663243099803 18508.027330688335
2020 9 17 1655.218860504009 126.0273219252737 18669.368827189322
2020 9 18 1572.0303757912857 112.26693748208112 18831.215939023077
2020 9 19 1490.8609141850347 99.85459877124786 18968.56904670421
2020 9 20 1413.7026699778664 88.80253416025303 19104.635752152662
2020 9 21 1339.3097991866507 78.8965991399681 19225.084970727145
2020 9 22 1267.8946033331517 70.04047067422796 19332.84230116928
2020 9 23 1200.4097965538408 62.18520034443708 19443.069364595507
2020 9 24 1137.1540898621918 55.24393164151179 19564.245019457445
2020 9 25 1077.2407938111326 49.077909119999035 19686.333221259014
2020 9 26 1020.3143497580093 43.59236794105483 19806.0801890075
2020 9 27 963.483998407831 38.59553651546532 19870.025309748893
