2020 8 8 3173.908822605681 3059.667097577853 3288.150547633509
2020 8 9 3155.2522615880816 2932.5521704399043 3386.101727531225
2020 8 10 3141.111834336296 2814.813733591003 3491.6996504143317
2020 8 11 3124.8414177594677 2699.836838618608 3598.152550361866
2020 8 12 3108.6552791292856 2589.5564129790623 3707.850924159333
2020 8 13 3089.4778281297718 2481.2189705038145 3817.2258259434066
2020 8 14 3071.317561142107 2378.135870744834 3930.9377038427588
2020 8 15 3052.72788586858 2278.9202456911967 4047.3507418486865
2020 8 16 3030.8756246765633 2181.324308457496 4162.736541688241
2020 8 17 3009.8852496733066 2088.415689202751 4282.380783653348
2020 8 18 2989.390531849889 1999.7073524560365 4405.962187918579
2020 8 19 2971.4706853757502 1916.3960949721786 4536.699253916628
2020 8 20 2962.9953279213055 1842.5775012752165 4685.571039617147
2020 8 21 2961.268348920398 1775.783896764937 4849.961461107062
2020 8 22 2958.5084864144064 1710.7915736867376 5018.426117129327
2020 8 23 2961.6044462380983 1651.5626288448193 5202.671122806368
2020 8 24 2973.837378045504 1599.4777359762122 5409.725735728768
2020 8 25 2992.350508441082 1552.3860573107497 5636.35308810024
2020 8 26 3018.9885780978093 1510.8361526698345 5887.561391609339
2020 8 27 3046.215128781438 1470.57416893125 6150.6510626462405
2020 8 28 3071.3828659243454 1430.2726815590877 6420.844323144795
2020 8 29 3103.1925492859723 1394.071839152827 6716.357509325916
2020 8 30 3135.8733995966472 1359.0306177237494 7026.6438721709665
2020 8 31 3160.869514609107 1321.3906046643394 7333.274419488178
2020 9 1 3188.455960604407 1285.7926631751757 7658.83315557732
2020 9 2 3212.201397643234 1249.5076869161471 7989.040366628963
2020 9 3 3226.40400576953 1210.4658359284092 8309.310605741888
2020 9 4 3241.232639554827 1172.8551878570438 8643.87060856143
2020 9 5 3254.054759876977 1135.6624207578006 8986.36827372651
2020 9 6 3267.685012273707 1099.9134197477028 9344.52843908244
2020 9 7 3286.316134814223 1066.9538367748355 9731.101027896551
2020 9 8 3299.1253733054873 1033.057253971793 10116.111973857078
2020 9 9 3309.8728164656395 999.5763033905635 10509.880697992907
2020 9 10 3316.032867211283 965.7844977015903 10904.29925597591
2020 9 11 3309.0831965861435 929.3135566264577 11270.372553447125
2020 9 12 3291.3650547210036 891.191591133789 11612.009635155126
2020 9 13 3257.653833456909 850.2773724677425 11907.24406389261
2020 9 14 3211.0185838926686 807.7780969585081 12161.483363242469
2020 9 15 3156.829639004948 765.3348674103744 12390.013530988354
2020 9 16 3092.900893893402 722.5387374904848 12581.02182533039
2020 9 17 3028.1070696243623 681.6311582449839 12766.1897477286
2020 9 18 2964.670624659553 643.0396209677505 12954.082978131302
2020 9 19 2897.2152203109267 605.4730348706853 13121.374048761016
2020 9 20 2831.294634548213 570.1011010858125 13290.825542661112
2020 9 21 2764.402667101091 536.2979980025654 13450.864543122421
2020 9 22 2696.6781923992194 504.0310836839977 13601.090117571372
2020 9 23 2632.18207043678 473.9988347290158 13760.907901355406
2020 9 24 2571.985475378119 446.25250334445803 13937.016952918235
2020 9 25 2512.8662186306115 420.0784163516773 14113.757830315304
2020 9 26 2453.6728856981877 395.19996726641085 14284.691545312215
2020 9 27 2385.2797717913454 370.0885608663895 14396.018905585275
