2020 8 8 177.59842238591463 138.0662901087682 217.13055466306105
2020 8 9 184.08036768800554 111.31151653703739 275.05612574321344
2020 8 10 191.0491425395387 89.8926642278011 348.8088749043278
2020 8 11 198.39717017125903 72.64959756906066 442.54822612920026
2020 8 12 205.81803419725878 58.63725071600901 561.011274973967
2020 8 13 213.54755826318225 47.33640334276494 711.269720857169
2020 8 14 222.14799166864094 38.34221405760473 903.7065449550117
2020 8 15 231.19546806331795 31.074347662033464 1148.6174324431836
2020 8 16 240.54157773284052 25.174736496719806 1459.5539043903786
2020 8 17 249.17546934673152 20.281112689201287 1848.048331001553
2020 8 18 257.8369717159629 16.315765869799527 2337.855990947832
2020 8 19 267.15007702742764 13.1479013766485 2960.660781275848
2020 8 20 276.7793960155678 10.594115543746907 3749.1571472245537
2020 8 21 286.31681221839654 8.519562058661556 4741.703001899436
2020 8 22 295.42601616211584 6.8287294894409065 5984.479506666886
2020 8 23 305.0704679654749 5.4791407974003326 7557.953336814984
2020 8 24 316.573512395558 4.424002595025426 9583.37929980157
2020 8 25 328.65375092609474 3.574060995822406 12155.933934776995
2020 8 26 340.84745450702786 2.8836314946339074 15406.209735114675
2020 8 27 353.72525573577803 2.328537811403847 19536.022405243602
2020 8 28 366.82244605458834 1.8785399634479476 24758.124242167647
2020 8 29 380.9863799861117 1.5184852000671867 31415.39457763965
2020 8 30 395.1217275147272 1.2251474589178466 39815.3001136214
2020 8 31 408.82657515899075 0.9855150833299997 50364.960188115685
2020 9 1 423.0994089223341 0.7929768329494852 63721.3223685728
2020 9 2 437.2633825156901 0.6369164981458885 80528.23869791625
2020 9 3 450.44842037237777 0.5094527487068934 101500.48062236152
2020 9 4 463.8269089972592 0.4072669861685967 127888.59867785688
2020 9 5 476.55180705058433 0.3246548062129753 160847.3363085127
2020 9 6 489.5898150897518 0.25877559579484327 202287.86806634508
2020 9 7 503.35430080560275 0.20646009109515315 254557.8740449241
2020 9 8 517.0495666170407 0.1645338594664802 320103.4344921894
2020 9 9 530.8050457051096 0.1310222517130567 402332.77022451395
2020 9 10 544.5656640514276 0.10424709521977109 505411.9960237895
2020 9 11 557.3257517535105 0.08268377431858051 633640.8456904715
2020 9 12 569.7534367461211 0.06548711464419818 793684.9825415509
2020 9 13 580.2636382170202 0.05161478795729196 991095.6913940739
2020 9 14 589.8282632474608 0.040579721336297225 1235661.5260874715
2020 9 15 598.2586619552544 0.031815034044750876 1537870.7510445784
2020 9 16 605.6799464810221 0.024883332233965754 1911088.3885724104
2020 9 17 613.4677599588982 0.019473151338102297 2375746.247837421
2020 9 18 620.6143796896987 0.015215730323578489 2950509.095805838
2020 9 19 626.2037050743123 0.011848888881399724 3656524.513466606
2020 9 20 631.417713783825 0.00921898686564139 4528994.031365208
2020 9 21 635.8167383941015 0.007160267729607631 5603483.14550024
2020 9 22 639.718179401961 0.005555338543386049 6928235.9833150245
2020 9 23 643.401981689701 0.004308046310432628 8563565.205610495
2020 9 24 646.2323068236581 0.0033349411509968883 10573252.829106921
2020 9 25 649.3353901143718 0.002582985152484002 13058830.621455763
2020 9 26 653.0255308547497 0.002002854697764345 16140228.85051262
2020 9 27 655.6145957498644 0.0015495783830752256 19920989.83882547
