2020 8 8 479.9948252728339 449.30991486011675 510.679735685551
2020 8 9 477.33222530404305 418.2507352550013 540.3155633287512
2020 8 10 474.66090269253476 389.31798040922325 571.6446286099941
2020 8 11 472.0201037576208 362.3994407093356 604.8090001742821
2020 8 12 469.4094843844829 337.35401513268334 639.9172707070618
2020 8 13 466.8364062009682 314.0560822072617 677.0950188487114
2020 8 14 464.26977376697573 292.36197059304914 716.4216021808413
2020 8 15 461.7248690177427 272.17122355794424 758.0440791921068
2020 8 16 459.224213327057 253.3927256534918 802.1344721498999
2020 8 17 456.7371009373779 235.90985327086256 848.7893106386764
2020 8 18 454.25596554872016 219.62934432269486 898.1438267140834
2020 8 19 451.72869047045987 204.44355398699963 950.2502825374253
2020 8 20 449.09690343534817 190.25408826492819 1005.1303039828448
2020 8 21 446.3920379581632 177.01199232216416 1062.9819491619323
2020 8 22 443.73275655774694 164.7031906952464 1124.2330792011294
2020 8 23 441.0165211408648 153.22328035213494 1188.8291861081946
2020 8 24 438.19391687658714 142.50079389365723 1256.805297147105
2020 8 25 435.31030174124226 132.5029459361277 1328.4414147185382
2020 8 26 432.40281414738683 123.19350387212737 1404.02992767855
2020 8 27 429.5289334723727 114.54217018304242 1483.965505525208
2020 8 28 426.7023398435563 106.50589774606125 1568.5494324604815
2020 8 29 423.78934384833406 99.0072406828647 1657.5685331357824
2020 8 30 420.8753768981624 92.03166151031252 1751.5581110852074
2020 8 31 418.0850157039026 85.57019569258408 1851.3082316311272
2020 9 1 415.3680251081697 79.57361447449222 1956.9820295937157
2020 9 2 412.75727687336087 74.01423185914746 2069.1051178336666
2020 9 3 410.271281311754 68.86268127567709 2188.195284194018
2020 9 4 407.82045063398147 64.07307891004787 2314.2475420622645
2020 9 5 405.45785543676527 59.62817008323476 2447.9787408181614
2020 9 6 403.1422057562955 55.49650675303306 2589.638536087499
2020 9 7 400.7868715624957 51.643844740047555 2739.1560374686574
2020 9 8 398.42557307140487 48.05609937290951 2897.171393559578
2020 9 9 396.0193595928541 44.71050256242954 3063.8745142890393
2020 9 10 393.6406716759738 41.599288396769694 3240.270253728276
2020 9 11 391.3602231136595 38.71344230775103 3427.5126370292487
2020 9 12 389.1379286235031 36.03224030287863 3625.968623796778
2020 9 13 387.0303965389867 33.54619001374407 3836.867153135879
2020 9 14 385.0231700282902 31.239369906463217 4060.9134844892897
2020 9 15 383.0895180021293 29.0963043490885 4298.708770636854
2020 9 16 381.253563374002 27.106938868624333 4551.415965315378
2020 9 17 379.44517139096195 25.254923903229802 4819.203002467249
2020 9 18 377.6453571154596 23.529443307823296 5102.745553466469
2020 9 19 375.87886154032793 21.9233959715052 5403.30545962275
2020 9 20 374.14529478527055 20.428411127753787 5721.923400195477
2020 9 21 372.46882730154925 19.038052330682625 6060.080320389244
2020 9 22 370.81820321147165 17.74325841072626 6418.52005125717
2020 9 23 369.1566437351918 16.535651256856887 6797.844767953117
2020 9 24 367.48436088490917 15.409420091533246 7199.252431248853
2020 9 25 365.8096056161718 14.35947438144794 7624.166073413323
2020 9 26 364.17889037670625 13.382497558645278 8074.917734154344
2020 9 27 362.6620893550039 12.475910274130863 8554.683109688205
