2020 8 8 439.14982153470265 409.86088553720055 468.43875753220476
2020 8 9 431.11188385272476 375.60052970058956 490.4475997886662
2020 8 10 423.82575289648787 344.73082795142153 514.1784025315192
2020 8 11 416.06829787147166 315.9147070425302 538.3362485061181
2020 8 12 407.86924601107825 289.06422410961164 562.8740321943343
2020 8 13 399.25968030939845 264.0903929854569 587.7407701080501
2020 8 14 390.83185084377095 241.27418701515478 613.706074697615
2020 8 15 383.130109013992 220.767612625973 641.6792735131562
2020 8 16 375.58013789349513 202.0039498941938 670.9275124240058
2020 8 17 368.1789466850418 184.83506383696445 701.5089087465053
2020 8 18 360.9236035281157 169.12540988188223 733.484228829345
2020 8 19 355.32994765624505 155.46261856592082 770.0034023081454
2020 8 20 351.8165512743963 143.77579382441937 812.6608964110515
2020 8 21 349.8182864918323 133.57250764458658 861.101134474085
2020 8 22 346.8500490297605 123.7186122043403 910.0131563329229
2020 8 23 344.87999322853074 114.93871697639798 964.2562657626188
2020 8 24 344.8560659416968 107.42676172105061 1027.1425725098277
2020 8 25 345.79954264099416 100.70711646925426 1097.0115383473146
2020 8 26 346.7456005571238 94.40779136475264 1171.633176810639
2020 8 27 347.6942467519245 88.50249498595998 1251.3307773147458
2020 8 28 348.15780626135546 82.84244531368351 1334.6944817964877
2020 8 29 350.5753127739492 78.00916103460538 1431.1001429787239
2020 8 30 352.5178826695056 73.34844848065258 1532.4619479492978
2020 8 31 352.49342547668965 68.55467421963522 1632.4051638338701
2020 9 1 352.96338343808264 64.17035871066089 1741.1560585927605
2020 9 2 352.9388953370526 59.97642931911338 1854.7097661321432
2020 9 3 350.4392175287814 55.63597916832183 1962.66191146656
2020 9 4 347.4657114148511 51.53160820825037 2074.1444754441245
2020 9 5 343.54271275430204 47.585466149554144 2186.140977532518
2020 9 6 340.14586503019984 44.00825248711556 2307.2512162375347
2020 9 7 338.2138879797668 40.885134315020906 2444.779425948807
2020 9 8 335.81849953887314 37.92630716546581 2587.07618241168
2020 9 9 333.91110126971483 35.23480426737667 2741.283905112094
2020 9 10 332.0145367341423 32.73430830858212 2904.683479951273
2020 9 11 328.731676170947 30.273523022925446 3065.600325312489
2020 9 12 324.09802111844954 27.870339520495783 3222.5322245339034
2020 9 13 317.2567521728426 25.462469246332113 3364.897762225509
2020 9 14 308.3349437121276 23.084057457943526 3489.9544242096563
2020 9 15 298.3666039421268 20.830675304372004 3604.9736120799885
2020 9 16 286.62806528398926 18.651172810595565 3698.5015164715096
2020 9 17 274.9493225228398 16.67355004327456 3789.2683379246064
2020 9 18 263.3607847470969 14.882232130567797 3876.9478202746827
2020 9 19 251.52189064806868 13.241615768182664 3955.7803590211606
2020 9 20 240.21519200715548 11.781860853523325 4036.2158518060487
2020 9 21 229.07983492865773 10.466503787067015 4112.625625447475
2020 9 22 217.8180429734804 9.268635542912998 4178.945034173263
2020 9 23 207.10989188364243 8.207860673924587 4246.333896910747
2020 9 24 196.92816412493667 7.2684891460717305 4314.809459469338
2020 9 25 187.20094438831674 6.43492746335499 4383.380574530745
2020 9 26 177.8929317097343 5.69485392927487 4451.606842844921
2020 9 27 168.08709678609992 5.009142740341478 4496.856014787166
