2020 8 8 1767.4111786234084 1669.860945852038 1864.961411394779
2020 8 9 1785.6081082823982 1594.0640882886437 1988.016674122343
2020 8 10 1804.6005110364808 1522.2506221396188 2119.8685150210677
2020 8 11 1823.1803349954334 1453.15396240354 2259.743246728634
2020 8 12 1841.4192388376 1386.769479349498 2408.187642502058
2020 8 13 1859.8406027507638 1323.4176409458983 2566.3834729433092
2020 8 14 1879.079654222727 1263.4106204679968 2735.845345892229
2020 8 15 1898.3348792331958 1206.0015299778406 2916.230810376626
2020 8 16 1917.0485445998224 1150.7316948768105 3107.374768741934
2020 8 17 1936.4130347909907 1098.2747509074027 3311.803141132277
2020 8 18 1955.5962836814379 1047.9953594482595 3529.0359627360367
2020 8 19 1977.5384823425131 1001.3944426490851 3765.1536595816146
2020 8 20 2005.4996168271173 959.7889405914706 4028.060379930768
2020 8 21 2038.5395940513592 922.1534634275764 4318.731725318849
2020 8 22 2071.032912443942 885.5002412437549 4628.067093268924
2020 8 23 2108.276123450479 852.113328348675 4969.016080669788
2020 8 24 2153.4717626709767 822.928718803714 5352.247360882122
2020 8 25 2204.560553023909 796.6254398870263 5777.273866242178
2020 8 26 2260.4008684297623 772.4419028145935 6245.327701420558
2020 8 27 2317.4356399201256 748.9173543026427 6750.693863125157
2020 8 28 2374.21828326515 725.5626894386648 7292.027209781991
2020 8 29 2437.9368028288254 704.6307532307957 7893.798934564894
2020 8 30 2502.060649070965 683.9255845230391 8541.007048495836
2020 8 31 2560.4454805922355 661.799066286254 9215.931331387765
2020 9 1 2620.441849075337 640.4527867211298 9945.085987471644
2020 9 2 2679.2942280859875 619.1718363311998 10722.253502284297
2020 9 3 2731.125678673217 596.6700535957247 11526.766885769126
2020 9 4 2783.561189566881 574.8989362338953 12389.96219138644
2020 9 5 2833.076027142894 553.1110578385724 13300.317576895732
2020 9 6 2883.8851590796053 532.2296408691742 14279.502822323122
2020 9 7 2940.516310241235 513.04285495407 15355.09256144826
2020 9 8 2995.6843870118605 494.09845396967756 16498.252892478013
2020 9 9 3051.5959962863576 475.8055075124076 17724.914186596638
2020 9 10 3107.0664628657887 457.95832696023 19034.155325500094
2020 9 11 3153.26590503756 439.2654857248965 20377.130729396617
2020 9 12 3192.9418126713776 420.33118917335537 21768.26542492604
2020 9 13 3221.6214245842857 400.6997307799338 23175.999993233738
2020 9 14 3239.430090732396 380.6010044304777 24594.71390783687
2020 9 15 3248.511231092665 360.47344737449146 26033.264714925852
2020 9 16 3246.3963909056615 340.16511316520075 27466.029157411325
2020 9 17 3240.4922348503897 320.6037110576093 28945.576066596383
2020 9 18 3233.179892086249 302.0268155470881 30492.149087705922
2020 9 19 3221.1649746759476 284.0854986318329 32076.85044470339
2020 9 20 3209.5081421721447 267.23759381328 33747.03124012239
2020 9 21 3196.644287148039 251.2848523345002 35491.04014502938
2020 9 22 3181.6546415999965 236.11325020495997 37301.00325898322
2020 9 23 3166.2708981959254 221.8231878598421 39197.826046300834
2020 9 24 3152.0398678509746 208.47353552672146 41204.45519265236
2020 9 25 3137.617208485951 195.91038068253792 43310.46724569733
2020 9 26 3124.186638013309 184.16213876391274 45536.90372130679
2020 9 27 3104.482769206748 172.74522632236312 47785.518296215574
