2020 8 8 853.4480074765632 815.3669272001084 891.5290877530182
2020 8 9 847.5844291150025 773.6765142006616 924.8633119763302
2020 8 10 841.8961427639874 734.2410021161829 959.5912168598098
2020 8 11 835.9443053848374 696.5524365611334 995.2792211220454
2020 8 12 829.9013924321139 660.6874742076474 1032.1359603275844
2020 8 13 823.5055930054342 626.3534612467106 1069.8643540832127
2020 8 14 817.2246696602456 593.8535714260586 1109.0570665042019
2020 8 15 811.1218219930787 563.1346096267708 1149.8621940924218
2020 8 16 804.806151725875 533.8252871353767 1191.8023406459297
2020 8 17 798.7319463948895 506.168964080572 1235.5569671305072
2020 8 18 792.4491353460824 479.7842056414537 1280.5243481084608
2020 8 19 786.8153105801141 455.1377932830358 1328.097133665682
2020 8 20 783.1641073722687 432.88115169662257 1380.7162361065991
2020 8 21 780.9020471818354 412.4713405405057 1437.8392875520683
2020 8 22 778.1178838984168 392.74460158259143 1496.3522816453776
2020 8 23 776.5210926430319 374.55560805487096 1559.510742790081
2020 8 24 777.1848714082001 358.2978000116109 1629.8684042375971
2020 8 25 779.6442164937833 343.57320222758216 1707.164637438432
2020 8 26 783.6015611503524 330.11043426924243 1791.3897172826921
2020 8 27 787.6726039595931 317.2146350304466 1879.9841503020848
2020 8 28 791.6706993785824 304.7847161755543 1972.735494661423
2020 8 29 797.1392429242053 293.400152228242 2073.676428648865
2020 8 30 802.232903799295 282.28894844251494 2178.708823012988
2020 8 31 805.4423711416647 270.9240700247751 2283.8556445507497
2020 9 1 809.3061484620088 260.23250780407795 2395.8958713671136
2020 9 2 812.6083682217795 249.77634127690317 2511.715186305625
2020 9 3 813.9178130362787 239.12363162176348 2626.9321152020507
2020 9 4 815.2941898997495 228.94429358668222 2747.6434674765496
2020 9 5 815.9911123346296 219.00683090373988 2871.60399147867
2020 9 6 816.8835918628474 209.55303606475422 3001.8431214687353
2020 9 7 818.9155659867608 200.7993912318911 3142.1729061198707
2020 9 8 819.8764641255987 192.14754292366644 3284.9337053545833
2020 9 9 820.9037863176765 183.88378002019996 3434.442286146074
2020 9 10 821.6708822709343 175.91684048290625 3589.6614117317536
2020 9 11 820.2791926376703 167.83273431854622 3742.4613521131023
2020 9 12 817.6812805004411 159.87284553897433 3896.251424829013
2020 9 13 812.4867271465506 151.78117109759782 4043.9490369771406
2020 9 14 804.7368527634409 143.61551619515603 4184.362795269931
2020 9 15 795.5227208841831 135.6146566126272 4321.653972801609
2020 9 16 784.3549878819962 127.708507114333 4452.263737098984
2020 9 17 772.7193545501297 120.16156580935764 4583.274942585134
2020 9 18 761.0717091745684 113.03190171679177 4717.046188438161
2020 9 19 748.5995171815518 106.17673465269155 4848.523159248566
2020 9 20 736.2720954335925 99.72886414179644 4983.278606801788
2020 9 21 723.7665252663152 93.62093117118171 5119.199617846965
2020 9 22 711.01222462828 87.8274317007522 5255.566307303027
2020 9 23 698.4260554119194 82.38545384983998 5395.147007739688
2020 9 24 686.2851796044413 77.30691808164131 5540.153501924967
2020 9 25 674.2733653706179 72.53220621901222 5688.395523077831
2020 9 26 662.2462479477152 68.02813342935269 5838.701420108867
2020 9 27 648.9937876600394 63.6558440812388 5980.284236360893
