2020 8 8 431.25742711737973 402.09953822425285 460.4153160105067
2020 8 9 428.1556608114489 372.26877743583316 487.94941703932597
2020 8 10 425.24074967655935 344.79415430954407 517.3176586252961
2020 8 11 422.1822575873402 319.21473687505494 548.2546760990069
2020 8 12 418.9835128930814 295.4103139498645 580.8311104305855
2020 8 13 415.6479829864605 273.2674998559069 615.1199641113832
2020 8 14 412.4188768626086 252.8369356537746 651.5512296291822
2020 8 15 409.2941062914447 233.98242597063486 690.2653834175235
2020 8 16 405.957065129765 216.3990473462182 730.8819539112982
2020 8 17 402.9592611478201 200.30335976171605 774.4502590935592
2020 8 18 399.98359455301807 185.40486394859636 820.6156966941219
2020 8 19 397.4141998323636 171.79264727384822 870.3215179958937
2020 8 20 395.77770064694226 159.57595787575778 925.0449482707456
2020 8 21 394.68030015523374 148.44267913753225 984.4535139066477
2020 8 22 393.5859425025665 138.08614582582973 1047.6774375719222
2020 8 23 392.9484006889729 128.6113712495337 1116.1696609976345
2020 8 24 393.0669688987864 120.03384347195836 1191.2843804497165
2020 8 25 393.8653475219955 112.23596800203501 1273.5143062786185
2020 8 26 395.49787099350124 105.18190953551581 1364.112117395837
2020 8 27 397.0611634445099 98.55098897008685 1460.892933532087
2020 8 28 398.4780390991345 92.30022308857811 1563.9786988835854
2020 8 29 400.4359627682689 86.57007562639679 1676.442264613202
2020 8 30 402.3265601863963 81.17902997282589 1796.6707914052943
2020 8 31 403.4529856804826 75.967714022033 1922.0692579127192
2020 9 1 404.8926699554121 71.14933117405091 2057.697253614957
2020 9 2 406.0262799899948 66.58187521209013 2201.314037153822
2020 9 3 406.148794317757 62.141304533415955 2349.4555716396712
2020 9 4 406.2713456129798 57.99689054737756 2507.5665670336043
2020 9 5 405.92552692618636 54.06201455861382 2673.426860072414
2020 9 6 405.5800026006995 50.39410545205389 2850.257803768551
2020 9 7 405.7023822687684 47.03315194427749 3042.0712195756273
2020 9 8 405.35704788429814 43.8421253475976 3243.285747858569
2020 9 9 404.6225467579472 40.82547535809976 3454.693296601884
2020 9 10 403.7338745395305 38.00070254912398 3678.553367133667
2020 9 11 401.8386110654708 35.276452550918286 3907.730136952815
2020 9 12 399.2573001820068 32.6864950632188 4144.4267254599745
2020 9 13 395.61849057761214 30.198756262218392 4384.311031386783
2020 9 14 390.94855358252266 27.819116377116657 4626.285467530113
2020 9 15 385.5073832701066 25.568188397756824 4871.83601323056
2020 9 16 379.1789298910413 23.435519402153435 5118.249671162777
2020 9 17 372.73577831497926 21.46722864205497 5374.176218944282
2020 9 18 366.33048746639054 19.660124633126127 5641.867112528217
2020 9 19 359.68330397540376 17.98625288606161 5917.47123033352
2020 9 20 353.08762013326196 16.451439141403732 6205.401473315152
2020 9 21 346.47718806524284 15.041272532107481 6504.956904288719
2020 9 22 339.85735917610265 13.746200486640449 6816.472931054611
2020 9 23 333.49462126758556 12.567918588969444 7145.526819890405
2020 9 24 327.37917175790733 11.495465404068447 7493.211361715689
2020 9 25 321.4702263862827 10.517840837936964 7859.973224196047
2020 9 26 315.79765568080444 9.627601991233652 8247.858301017683
2020 9 27 309.4605796692982 8.789403581917982 8634.91575894207
