2020 8 8 536.8651234153322 514.3747383779024 559.355508452762
2020 8 9 533.791738810669 490.0555975628894 579.3970266083924
2020 8 10 531.1517302698685 467.2679571128286 600.607930404701
2020 8 11 527.992845753399 445.0719893912014 621.9938441410352
2020 8 12 524.7352435769881 423.8313149408051 644.0028243783704
2020 8 13 521.0890125040653 403.27420189154395 666.2889550669967
2020 8 14 517.7000537184089 383.8936681586338 689.6428755070818
2020 8 15 514.5635626726329 365.61539357706255 714.1223268161375
2020 8 16 511.1597850477362 348.00398151231997 739.0733786854815
2020 8 17 507.9491601768386 331.35706952758767 765.1429270369188
2020 8 18 504.8152232248386 315.5433409433643 792.2171749873115
2020 8 19 502.2623526561952 300.83542813946787 821.1309691457841
2020 8 20 501.5667289656763 287.91775694475166 854.115280183827
2020 8 21 502.21154691110604 276.32367165080785 890.7055403357473
2020 8 22 502.2983604002551 264.8889877507945 927.8721973578724
2020 8 23 503.8384070010973 254.6938482538633 969.2741769099239
2020 8 24 507.4575571470339 245.93971736116887 1016.5141810061202
2020 8 25 512.5143814931415 238.1706469127965 1068.8843479324112
2020 8 26 518.9332822873077 231.25654958850185 1126.6882030895097
2020 8 27 525.4903195794979 224.56890156881212 1187.7433861400266
2020 8 28 532.0717353435756 218.04966310856133 1251.9749812504278
2020 8 29 540.630171646432 212.4961060579641 1324.1381491624823
2020 8 30 549.3262714015723 207.08399382995708 1400.4607634541298
2020 8 31 556.4507206114404 201.16451517417775 1476.819175993956
2020 9 1 564.472514032347 195.70524259871024 1559.4772580061056
2020 9 2 571.9818355995136 190.17635561090216 1645.0264408855048
2020 9 3 577.4907046292864 184.10532695574622 1729.2280129184944
2020 9 4 583.1168906504114 178.24859089957582 1817.9319071584598
2020 9 5 588.0192570647257 172.34015431593429 1908.7585551047819
2020 9 6 593.2899963111564 166.72345102339014 2005.1850216358423
2020 9 7 599.9943592143426 161.67939405513997 2111.1683959972997
2020 9 8 605.4392019505152 156.42812425057636 2218.0551010868517
2020 9 9 610.9334556719185 151.34741319112356 2330.3533914135464
2020 9 10 616.2056434902952 146.36435677277885 2447.3000153210724
2020 9 11 618.7806095937586 140.89390072049747 2559.2226126775167
2020 9 12 619.3007005454585 135.15756926652284 2667.7204892207437
2020 9 13 616.7201714427422 128.97800422779397 2767.4598996311965
2020 9 14 611.4740108353219 122.5212496567568 2858.918355595548
2020 9 15 604.5714401756876 116.04688870940083 2945.4461936515254
2020 9 16 595.1903997246176 109.42395455474495 3022.138260520809
2020 9 17 585.0939396477739 103.02070988011374 3096.455466971691
2020 9 18 574.8432197769678 96.93485084328331 3170.8774202111103
2020 9 19 563.4927823570388 90.99278108686029 3240.0313159183697
2020 9 20 552.2410576778849 85.39470760862635 3309.9723281587694
2020 9 21 540.6609522774186 80.05551947830281 3378.1082837588983
2020 9 22 528.6017321261243 74.94325917076603 3443.1360534753694
2020 9 23 516.929127717685 70.17414091675232 3510.181858631122
2020 9 24 505.801883400135 65.74755508406145 3580.486169179411
2020 9 25 494.8484971065243 61.59166298544796 3651.7337626412595
2020 9 26 484.2736427266724 57.71605500084504 3725.4420538734175
2020 9 27 472.4347875574243 53.90673935847914 3789.1758901506205
