2020 8 8 1760.456545412243 1684.7981664719837 1836.1149243525028
2020 8 9 1733.8187164393375 1588.14750177243 1885.8808112252625
2020 8 10 1708.6657277424197 1498.0322191775329 1938.1722016359633
2020 8 11 1682.8115562514618 1412.095628904502 1990.7042393898403
2020 8 12 1657.1385989238277 1330.9126950955988 2044.4116894006345
2020 8 13 1630.4097990470448 1253.2345066759192 2097.7823275780693
2020 8 14 1605.5362824361112 1181.1846738459462 2154.378650257554
2020 8 15 1579.639801588934 1112.2453016455386 2210.620044315419
2020 8 16 1553.3725527204722 1046.7743797209134 2267.226240961289
2020 8 17 1527.5420922656876 985.1573213381873 2325.281923015993
2020 8 18 1501.569311377813 926.7984733959496 2383.9537217753905
2020 8 19 1478.099261471182 873.1688546056492 2447.378247943419
2020 8 20 1460.8983114966484 826.1292223778785 2522.262888689967
2020 8 21 1448.0904103807345 783.9947715079186 2606.677908911814
2020 8 22 1434.4912939671383 743.5201163333603 2692.2917495463007
2020 8 23 1424.2419565550172 706.8050635199359 2786.7647599330994
2020 8 24 1420.6416694060986 675.1663672801924 2897.41952309545
2020 8 25 1422.014199721694 647.3029418038857 3022.591655007883
2020 8 26 1427.469333841703 622.4472149995473 3161.8464231476846
2020 8 27 1433.1235225406863 598.6235934220505 3307.911394208769
2020 8 28 1437.9059417014898 575.3383021336787 3458.66009904479
2020 8 29 1447.7283578171398 554.968993078951 3628.3632945427767
2020 8 30 1457.4372157930952 535.251588043387 3805.940408045753
2020 8 31 1462.300771206742 514.4313442756699 3979.3853764328856
2020 9 1 1469.1877710577955 495.12709713917565 4166.196877434551
2020 9 2 1473.9072053390537 475.80583316055294 4355.539634100058
2020 9 3 1472.756284298805 455.3385811789178 4536.0952515637555
2020 9 4 1471.2387044930545 435.6381086306661 4723.0035877550135
2020 9 5 1468.0703841511886 416.3007356279162 4912.309156976184
2020 9 6 1466.9240208743383 398.39315345382056 5115.945235974617
2020 9 7 1469.6226228440323 382.2998714825093 5341.429214847997
2020 9 8 1469.5753737002772 366.14110269645914 5566.853342762661
2020 9 9 1469.1613624608394 350.5739425666582 5800.40171033131
2020 9 10 1467.4641568440688 335.36242278891973 6038.681578352007
2020 9 11 1459.909124419147 319.47178734163555 6262.636666083347
2020 9 12 1449.1138272336143 303.6165268795861 6480.830759808084
2020 9 13 1430.6227303002393 286.91901742462267 6671.8521591043045
2020 9 14 1408.6186422579235 270.3879235790024 6851.020313087575
2020 9 15 1379.5704321309634 253.39218185672374 6999.093751467747
2020 9 16 1343.3744755152075 236.04185345585782 7111.065184481379
2020 9 17 1304.6078877280715 219.2609937915305 7206.193409927218
2020 9 18 1259.9597728032966 202.4966250550058 7263.927366191928
2020 9 19 1211.6512495456416 186.18016925739633 7292.211569816092
2020 9 20 1163.6829729562262 170.9461092777372 7311.506278067077
2020 9 21 1114.273871477922 156.46793843010477 7309.867517063053
2020 9 22 1067.9359603251096 143.3526615475895 7314.614285489078
2020 9 23 1026.5900948711 131.74815034657357 7340.35757826486
2020 9 24 990.3037607979635 121.52692074812857 7390.922682752388
2020 9 25 960.1400657409545 112.69262521263579 7477.958766436282
2020 9 26 931.7617651263097 104.60224936105008 7572.76951650826
2020 9 27 902.4316608325074 96.89168004310226 7654.229768170902
