2020 8 8 422.6553181984072 395.39103072929925 449.9196056675151
2020 8 9 430.03509442282416 376.3917756954201 487.25070649598246
2020 8 10 437.88025259400433 358.6000175855918 528.0605760643241
2020 8 11 445.6172416551125 341.44347075363805 571.9854507535246
2020 8 12 453.583929371401 325.17899993396844 619.6834258408197
2020 8 13 461.101451780722 309.2651592534057 670.5507139574945
2020 8 14 468.5270635439664 293.9849106874577 725.2786437364866
2020 8 15 475.9011548058616 279.3522709592499 784.2084025308594
2020 8 16 483.3168219750384 265.40422615861723 847.8035371557484
2020 8 17 491.1758363655104 252.3326081223197 917.1308938486787
2020 8 18 499.0088935397333 239.8258039863395 991.8402666108135
2020 8 19 508.34664718672116 228.60202388792516 1075.3779314673259
2020 8 20 523.3489211203264 220.37225478709584 1177.5648754062972
2020 8 21 544.0088871203415 214.634675405126 1301.1959800953696
2020 8 22 565.8817727336982 209.20324522376725 1438.7573411401706
2020 8 23 593.5643299976507 205.73193830019264 1603.3967150828241
2020 8 24 631.0859366267614 205.2591116368517 1809.7961545722078
2020 8 25 677.0045428554729 206.747022466645 2060.0431396164795
2020 8 26 730.7498437596066 209.61555370328412 2358.5418070231926
2020 8 27 787.618110245443 212.19581208277464 2696.6013113818103
2020 8 28 847.6792540920583 214.47572113080165 3078.8957831693388
2020 8 29 918.2906834854593 218.2906831586572 3537.072484769688
2020 8 30 992.0532849286064 221.52436810218688 4052.9131252494312
2020 8 31 1060.1993663630612 222.22873557018622 4596.831392546679
2020 9 1 1135.4602261341884 223.44546936493506 5224.297856019737
2020 9 2 1213.2794983370804 224.1209734426709 5924.603298773568
2020 9 3 1285.4183977394284 222.76402334998093 6665.001524371351
2020 9 4 1362.1147593696046 221.46177582894973 7499.318251478737
2020 9 5 1436.9206578807455 219.11574746983072 8402.470581963966
2020 9 6 1516.6594308922956 216.9203166814116 9419.212657454593
2020 9 7 1608.656498980289 215.8672507219277 10607.634859713682
2020 9 8 1694.988021788368 213.31020152731807 11871.843929726665
2020 9 9 1785.2452580163315 210.69441375267832 13281.765499588711
2020 9 10 1879.1909993708719 207.97879850857467 14850.816895590506
2020 9 11 1955.8257786003671 202.83515236486159 16429.355477762878
2020 9 12 2021.7088233620557 196.37956270011216 18059.112327791427
2020 9 13 2067.9781390689936 188.00867235707085 19655.511838886086
2020 9 14 2092.434237025635 177.91519610715505 21175.637856974034
2020 9 15 2102.4424987125053 167.1105402179451 22664.18756083255
2020 9 16 2091.6583825285743 155.30557665871203 24032.718984175546
2020 9 17 2075.2551906336007 143.91321177974237 25418.68885757215
2020 9 18 2057.5731629358206 133.25892392344062 26867.348404356857
2020 9 19 2037.5728662112565 123.23350177024085 28366.331100308464
2020 9 20 2019.9993049470422 114.09733097643688 29980.022626690785
2020 9 21 2003.5257710046465 105.69206177252039 31699.58979598535
2020 9 22 1985.5141826481408 97.81776388236771 33491.32580731698
2020 9 23 1968.8039558562039 90.58625425112662 35403.55484660823
2020 9 24 1951.309941788908 83.8468250848431 37408.341792608684
2020 9 25 1934.5312773066942 77.63285427865371 39537.38710332807
2020 9 26 1918.5327176284054 71.90492289209539 41800.599077736755
2020 9 27 1898.7078729012926 66.45124692653415 44107.11355183366
