2020 8 8 764.0497382751468 719.1439429559948 808.9555335942986
2020 8 9 763.1467650979899 676.1815646272676 855.3712582148069
2020 8 10 762.959643457312 636.4191321108135 905.2513584955389
2020 8 11 762.1373595945753 598.4650486851907 957.2864916203042
2020 8 12 761.0251386796394 562.5460625765731 1011.947388017436
2020 8 13 758.9377447068229 528.0608378758001 1068.4305507265774
2020 8 14 757.0140410969444 495.799538321749 1128.2887773805653
2020 8 15 755.1214743116055 465.5264068355288 1191.5396680915933
2020 8 16 752.7359321430968 436.79489669883947 1257.5509951407607
2020 8 17 750.3840386053047 409.8517996237778 1327.2629756749777
2020 8 18 748.1696472538858 384.64173933862344 1401.069633147231
2020 8 19 747.1816258047563 361.60948441611293 1481.2648836373198
2020 8 20 750.6271720507676 342.10145390393353 1574.8372238646014
2020 8 21 757.5518195859056 325.224211922983 1681.5865004313468
2020 8 22 764.1461569158857 309.0103622361781 1794.6966931801687
2020 8 23 773.3161722512671 294.6232004563236 1921.329625138829
2020 8 24 787.5590911203893 282.7966720242307 2069.228106079412
2020 8 25 805.7252635747088 272.75944037443526 2238.130090943351
2020 8 26 826.658310037977 263.8732658064266 2427.34060696408
2020 8 27 847.9057913047326 255.2033621930898 2631.8732614188593
2020 8 28 869.0817042117052 246.63240704361522 2851.7229645713087
2020 8 29 894.2535346909202 239.33320630176436 3101.3139855305926
2020 8 30 919.0997011136587 231.96774555643165 3369.0920659912977
2020 8 31 939.3754239455253 223.50121100652203 3640.706894083931
2020 9 1 960.7175878801777 215.4910059675715 3936.6188191882334
2020 9 2 981.1782200275492 207.46139392670105 4250.983081334987
2020 9 3 996.3563931730827 198.5219153693041 4565.6770183281
2020 9 4 1010.8707110872044 189.78858311315912 4899.549321590919
2020 9 5 1022.7209693460874 180.89957821332348 5243.899436032916
2020 9 6 1035.4197081301263 172.55240969241777 5616.0893728431765
2020 9 7 1050.9341002596364 165.03335213326977 6029.112589290218
2020 9 8 1062.816532770928 157.23509203420633 6450.3408740237965
2020 9 9 1074.2434103028456 149.71804869359985 6897.418387335502
2020 9 10 1085.12236656353 142.4668909660432 7371.176271886587
2020 9 11 1089.3734334998744 134.68227456060006 7831.70353534667
2020 9 12 1089.2574829943894 126.78105640164627 8289.488043349773
2020 9 13 1081.546508926532 118.45936523762082 8716.231421967004
2020 9 14 1067.4744145479995 109.9811975877725 9113.239107940492
2020 9 15 1049.3639255081205 101.67487744360825 9492.290062693532
2020 9 16 1025.9547332355437 93.45271910560362 9836.396894584894
2020 9 17 1001.6797318463949 85.76903053738852 10179.67028270608
2020 9 18 978.0138467619605 78.72007065713098 10535.276455450894
2020 9 19 953.8892801141 72.16850840908707 10892.340974933277
2020 9 20 930.5583336844687 66.17722806677018 11263.774350631615
2020 9 21 907.6366282697473 60.671853018342425 11645.920062734489
2020 9 22 884.2405024419991 55.55502258292278 12027.698953375377
2020 9 23 861.0793672203989 50.846599534053524 12416.986518201169
2020 9 24 838.3456728596109 46.526643585450834 12816.289268784576
2020 9 25 815.9310523414315 42.558111494701876 13224.134949282196
2020 9 26 793.7722965641261 38.910166041655195 13639.393182046118
2020 9 27 769.8348422199697 35.458221454775284 14026.787400307956
