2020 8 8 13.846450669067703 13.167522570746728 14.525378767388679
2020 8 9 13.605177867648095 12.303370976134307 14.972436980263229
2020 8 10 13.364729679490425 11.492875323271205 15.429535465252016
2020 8 11 13.12853100072916 10.735771802091707 15.900588861205161
2020 8 12 12.893245590650531 10.025876383230322 16.382073482839136
2020 8 13 12.665379584641475 9.365412739525404 16.882207227255744
2020 8 14 12.441540719535727 8.748457733667406 17.397609720318012
2020 8 15 12.224748311493975 8.174318319033441 17.933068687303184
2020 8 16 12.014770123645416 7.639888746551496 18.489462455840624
2020 8 17 11.808398622678967 7.140399698379475 19.063118971265688
2020 8 18 11.605571858396853 6.673566794494424 19.654573829853813
2020 8 19 11.39758044383964 6.232281847104429 20.24973260833989
2020 8 20 11.162173733952597 5.803147415497772 20.807582795273408
2020 8 21 10.903902205063542 5.38914670352259 21.329114722697334
2020 8 22 10.651606589488916 5.004681100212445 21.86371859384479
2020 8 23 10.376044069503001 4.633968713647688 22.351981427687754
2020 8 24 10.066371806700856 4.272298846981894 22.762312188053418
2020 8 25 9.740936738983562 3.9282439987835542 23.12363390247594
2020 8 26 9.409085043018043 3.60506596746327 23.45048361498346
2020 8 27 9.090876008686227 3.3093714091138136 23.787778427314798
2020 8 28 8.785686774571715 3.0387523470920876 24.1358335482862
2020 8 29 8.473284054594538 2.7842241388812905 24.441018412223734
2020 8 30 8.180408878655273 2.5537818212976515 24.774346854013626
2020 8 31 7.924073062817019 2.3506592589120414 25.192222840426545
2020 9 1 7.6678962293646675 2.1613570252767844 25.592116184811584
2020 9 2 7.42381074328939 1.988373359667451 26.011071514651967
2020 9 3 7.204091745034987 1.8336796204375394 26.495035890483592
2020 9 4 6.987296660890501 1.6901099461685114 26.974842174250135
2020 9 5 6.783968262971152 1.559460493687183 27.49013970119301
2020 9 6 6.584871521817306 1.4385231782363843 28.008452328355467
2020 9 7 6.381803771408582 1.3248206590457021 28.494793541078767
2020 9 8 6.20085078485287 1.2233961826046063 29.060360927138856
2020 9 9 6.0265689299299225 1.1300403663023286 29.644372366349522
2020 9 10 5.85868246638753 1.0440891172973166 30.247484075886586
2020 9 11 5.715847158518948 0.9683062854623004 30.968055030861695
2020 9 12 5.5864329388196765 0.8997076745218446 31.759639226514324
2020 9 13 5.476600920068999 0.8386507154751818 32.666126801544124
2020 9 14 5.385252959012469 0.7842371297801475 33.69585897163472
2020 9 15 5.3047925618040015 0.7347176586174132 34.81664187531182
2020 9 16 5.240029176716771 0.6903325689928512 36.069837276595514
2020 9 17 5.179961335981592 0.6491432682492576 37.39501971202844
2020 9 18 5.121868775461771 0.6105728111351796 38.77817744466978
2020 9 19 5.0682445443693265 0.5747491137513775 40.24139266687617
2020 9 20 5.0151817408116965 0.5410272742800826 41.759819323130785
2020 9 21 4.963920262111191 0.5094183635515716 43.345913877529156
2020 9 22 4.9156488241044665 0.47990924780685523 45.01378477494945
2020 9 23 4.867846799707187 0.45210950882265477 46.74583227130641
2020 9 24 4.821718801283655 0.42603243177784866 48.55613746714487
2020 9 25 4.776427154088441 0.4014947215654109 50.44057001410237
2020 9 26 4.732114628279464 0.3784168236384115 52.40398326964698
2020 9 27 4.693150141651348 0.35706023822505023 54.49849514284534
