2020 8 8 750.3954531445704 709.4418627137519 791.349043575389
2020 8 9 754.586678126404 674.5488462978316 839.1104935427069
2020 8 10 759.1445899235406 641.6788659782911 890.1362893756161
2020 8 11 763.4710196465174 610.1916666497311 943.9612263640944
2020 8 12 767.8221060612449 580.2495450448156 1001.0408602752718
2020 8 13 771.848691278053 551.5127164470107 1061.1166022434566
2020 8 14 776.4230878517135 524.5754198792284 1125.5217726866144
2020 8 15 781.3778059735096 499.1924503936813 1194.3480808367087
2020 8 16 786.0086772812798 474.810609903618 1266.8398235463362
2020 8 17 791.1139584892485 451.8896427353359 1344.4518903527896
2020 8 18 795.9824787319194 429.92097982432585 1426.360092265034
2020 8 19 802.4199237895302 409.8515411632642 1516.0161422798396
2020 8 20 813.6549210716845 393.1428288690298 1620.2733395371283
2020 8 21 828.8412483633459 378.94849422855765 1739.255594993346
2020 8 22 843.7454323909554 365.00805544281536 1865.7882916543288
2020 8 23 861.9883229632786 352.90884447990493 2008.3166671382553
2020 8 24 886.8998345395229 343.77942602498723 2176.35085418079
2020 8 25 916.4651165860491 336.41100372802265 2368.0974824689106
2020 8 26 950.6640165221582 330.53961686959104 2586.16423157823
2020 8 27 985.8147281008428 324.65792636092164 2823.429327286447
2020 8 28 1021.3681982270415 318.5855084477955 3079.8932013538556
2020 8 29 1062.3856831858604 313.93105051961453 3372.2627330951345
2020 8 30 1104.32545140316 309.1303723590554 3690.0852857182294
2020 8 31 1141.1387330956113 302.50460317124526 4015.1989549011396
2020 9 1 1181.6450632383928 296.6745224852006 4377.632992104283
2020 9 2 1221.0358356943004 290.31572669658243 4763.322810685853
2020 9 3 1254.2408100942864 282.310267857565 5153.740064274408
2020 9 4 1288.063473741503 274.46134518329603 5574.984898992445
2020 9 5 1319.5754017994968 266.1439216616062 6016.711520498406
2020 9 6 1352.3084827823066 258.16935964140214 6495.490618276207
2020 9 7 1390.0060893981306 251.2265071700737 7032.314317758084
2020 9 8 1422.589228727365 243.35605612845822 7582.312443688025
2020 9 9 1455.4507752803247 235.64914058604447 8172.73897248161
2020 9 10 1488.4093023047442 228.07909590542528 8805.42343043416
2020 9 11 1512.6346503010466 219.29962137377618 9431.00571630359
2020 9 12 1531.0611264458123 209.96022009891266 10062.419301110082
2020 9 13 1539.9609022736715 199.68134524248072 10672.02006069164
2020 9 14 1539.4548431130784 188.67935629662182 11253.010106096588
2020 9 15 1533.1712248105666 177.57541979056336 11823.395882915458
2020 9 16 1518.7179607290234 166.17576137074963 12359.493172372442
2020 9 17 1502.1555338061262 155.2622273929492 12901.624796977641
2020 9 18 1485.773728955707 145.06543587447095 13467.536255779767
2020 9 19 1467.7118247510803 135.3568333930835 14041.422288054575
2020 9 20 1450.8710306754099 126.39035070552929 14649.344673379976
2020 9 21 1433.3984313042365 117.94596534563314 15275.256647004531
2020 9 22 1414.506043885737 109.93162556425327 15910.53892157552
2020 9 23 1395.0583000650654 102.39934139509896 16563.194387000767
2020 9 24 1376.3539201538642 95.41809123137456 17248.273200112173
2020 9 25 1357.4307217967905 88.88024396181949 17955.8029593924
2020 9 26 1338.5515611678877 82.7762045384721 18689.496853584304
2020 9 27 1315.8855528083636 76.84095635825182 19396.63036055333
