2020 8 8 675.2827931350306 625.5574202491899 725.0081660208712
2020 8 9 671.9355180201261 576.5778300242085 774.5869897023775
2020 8 10 668.209611704566 531.0940848284393 827.1006011389596
2020 8 11 664.582971994473 489.2608331021265 883.2717036606387
2020 8 12 661.0541951973506 450.78026082088223 943.3614747975125
2020 8 13 657.6996845204665 415.4322589652448 1007.7611561417009
2020 8 14 654.2074563352553 382.7583353901365 1076.3200570803551
2020 8 15 650.7337710473339 352.6542297787346 1149.5430819230423
2020 8 16 647.3550807115944 324.95931012096014 1227.882764283249
2020 8 17 643.9177799010444 299.4011223905257 1311.4167368795686
2020 8 18 640.5744790355292 275.8883176943913 1400.787872441656
2020 8 19 636.6456937833583 253.96240120821437 1494.9312420298754
2020 8 20 631.1682467915105 233.15163843149926 1591.708695928522
2020 8 21 624.6241923908588 213.63478868669432 1691.9425748477772
2020 8 22 618.2214668589105 195.77680290860116 1798.6874673249808
2020 8 23 610.7934847799326 179.06612778734487 1908.9930209617685
2020 8 24 601.8021533952334 163.29731344927498 2020.8980481081655
2020 8 25 591.7396773795009 148.5905556962261 2135.321481361815
2020 8 26 581.1493455954266 135.03350890987284 2253.7116470479336
2020 8 27 570.8169131794446 122.72925960283268 2378.9309242737154
2020 8 28 560.7353335637465 111.56061065509562 2511.387405281067
2020 8 29 549.7104345744513 101.18523225180536 2646.196575067372
2020 8 30 539.1609672950343 91.8223991091113 2789.487352890968
2020 8 31 529.9556115231647 83.52035523098607 2946.443940602465
2020 9 1 520.5333682030364 75.9099829517579 3110.1523640433265
2020 9 2 511.6460504332089 69.04664660498737 3285.1518677396484
2020 9 3 504.17443115796533 62.97442452857542 3478.113679003229
2020 9 4 496.93054005758637 57.451032797400764 3683.2279078687106
2020 9 5 490.37530321652497 52.479673217915106 3904.7711515898122
2020 9 6 483.9642258755801 47.94466947778022 4140.099392521344
2020 9 7 477.1245759265632 43.75079503391229 4385.226856133607
2020 9 8 470.9989913987498 39.98038621841221 4650.542378743832
2020 9 9 464.95205045313827 36.53490824416841 4931.910053009445
2020 9 10 459.0374390883851 33.390656694118 5230.8812443393
2020 9 11 454.3320646133404 30.59949203395004 5560.898269910192
2020 9 12 450.4766181250785 28.095638732220355 5921.548644930294
2020 9 13 447.76673800381417 25.866074258125863 6320.217376132313
2020 9 14 446.231988171146 23.880381544075338 6762.083353170908
2020 9 15 445.5948881506905 22.09488371294624 7248.364585520069
2020 9 16 446.05948718144634 20.49746748691296 7787.521953477015
2020 9 17 446.8394098200474 19.030008873396522 8372.280247116953
2020 9 18 447.6732610787056 17.669847475048922 9001.932427480062
2020 9 19 448.7193205507273 16.415217533221604 9683.174565767586
2020 9 20 449.71503821193176 15.247740301702354 10414.832182906719
2020 9 21 450.8187718474758 14.166883371996995 11204.223962765638
2020 9 22 452.0312805077264 13.16597756994685 12056.083727901176
2020 9 23 453.1938745907313 12.234238048296016 12971.292345768936
2020 9 24 454.25283385051716 11.365558146417422 13952.925012440472
2020 9 25 455.3142675363197 10.558557996800385 15008.845010442643
2020 9 26 456.37818143002715 9.808858089995198 16144.67420606372
2020 9 27 457.91434311565484 9.122486388930913 17383.078041368724
