2020 8 8 1118.1617136128539 1074.0785957383196 1162.244831487388
2020 8 9 1117.8358487502462 1031.5392029542193 1207.5986659698956
2020 8 10 1118.7143049505253 991.7958631653632 1256.023251844595
2020 8 11 1118.9239112434934 952.9901816533019 1305.6379403848844
2020 8 12 1118.7317573929975 915.3606241806809 1356.7436316477458
2020 8 13 1118.0039959883884 878.7786310630346 1409.200119074491
2020 8 14 1117.8120001158002 844.0793743026667 1464.3594737358444
2020 8 15 1117.753837259803 810.8512793970473 1521.853174362459
2020 8 16 1116.8929189323414 778.3488998235321 1580.511215215799
2020 8 17 1115.8989736702797 747.0561873918733 1641.2409769780836
2020 8 18 1114.7723418807047 716.9321448412865 1704.1077732132735
2020 8 19 1115.3815182037895 689.1384150611615 1772.0343675446188
2020 8 20 1119.5957736760524 664.6493734328274 1848.395500211429
2020 8 21 1126.5062230932285 642.6217141568294 1932.4722048387232
2020 8 22 1132.110918407495 620.5548841865361 2018.0601153851426
2020 8 23 1139.7761726957137 600.3599909084786 2111.062029031266
2020 8 24 1151.4497709682903 582.9063034437384 2215.6779353099882
2020 8 25 1166.1372852564423 567.4252593247379 2331.047657440662
2020 8 26 1183.2455005290285 553.4420827736494 2456.8890023299446
2020 8 27 1200.604707716129 539.8034964981007 2589.523878030575
2020 8 28 1216.9251974592983 525.9194872988002 2726.5293812350064
2020 8 29 1237.9831158229265 514.3440811081953 2880.9006947686853
2020 8 30 1261.03545201771 503.70067427729515 3047.8054652238266
2020 8 31 1281.0453395459851 491.8907961530276 3215.9890667370137
2020 9 1 1301.8327567590013 480.53445033662393 3394.608197661958
2020 9 2 1320.9317387854953 468.6925417371836 3577.865738365773
2020 9 3 1335.2512995930247 455.3472033231972 3757.311969932077
2020 9 4 1349.5662644726124 442.32734978522575 3945.30850241722
2020 9 5 1360.3192633403114 428.46202333615776 4131.849750484346
2020 9 6 1369.2040067213895 414.4158901754116 4321.276104681178
2020 9 7 1380.2773653041093 401.47508957488054 4526.1110227817035
2020 9 8 1389.6228956945513 388.40977207537935 4734.69598181459
2020 9 9 1398.699031832181 375.67665902833227 4951.760069868709
2020 9 10 1406.4950738821362 363.00122909147535 5174.033817731873
2020 9 11 1408.7788583530482 349.3196023459195 5385.847313439703
2020 9 12 1407.8624144656167 335.3591948832155 5594.08314023087
2020 9 13 1401.0484175929544 320.5517432865875 5786.934045530434
2020 9 14 1388.9009066098308 305.1702774108506 5964.26737727978
2020 9 15 1373.2012426286879 289.7232580340022 6131.328805541048
2020 9 16 1353.0766915948839 274.08710975859367 6282.520242248717
2020 9 17 1332.4372660761167 259.1307941302596 6433.679853212409
2020 9 18 1312.1126681561034 244.99061092556033 6588.476416721521
2020 9 19 1289.899290852488 231.21147666701737 6735.956639613761
2020 9 20 1266.8267857197175 217.98592470253945 6880.28789095168
2020 9 21 1242.4989746004153 205.229871258828 7018.652589880531
2020 9 22 1217.299824796738 192.99918305567465 7152.238766819505
2020 9 23 1192.903156630103 181.54358684786166 7290.079712259859
2020 9 24 1169.709378962412 170.87659742209624 7434.9402320291265
2020 9 25 1147.1299084660866 160.86023277770457 7583.717535671669
2020 9 26 1124.0571739322024 151.30071275657573 7729.329466681619
2020 9 27 1097.0218961711553 141.71345828412234 7847.298596652417
