2020 8 8 1059.5848313977654 1029.0004693743417 1090.169193421189
2020 8 9 1046.8244793251679 987.2953453632284 1108.096124140607
2020 8 10 1034.5479436617584 947.5918912968293 1126.6673184211875
2020 8 11 1022.2289373580869 909.3143147241625 1145.3467136076445
2020 8 12 1009.8723986597686 872.4190713871003 1164.1293904300655
2020 8 13 997.2557336677986 836.6670904393102 1182.7480472515936
2020 8 14 984.706831839141 802.3048452228194 1201.5579086873354
2020 8 15 972.0940128276926 769.1731352166661 1220.3962375711808
2020 8 16 959.2047793593558 737.0630769904378 1238.980079846596
2020 8 17 946.5296635260133 706.3266995120274 1257.902732665651
2020 8 18 933.9793940490882 676.8402413797083 1277.057713041694
2020 8 19 921.80592974397 648.7372031110995 1296.7920634496522
2020 8 20 910.4141012932521 622.2394533943519 1317.7077556620072
2020 8 21 899.6142518152764 597.1323863876797 1339.613842457203
2020 8 22 888.9425162896013 573.0383776341267 1361.8841045686754
2020 8 23 879.078233731129 550.355452218142 1385.567690344601
2020 8 24 870.0363212626803 529.0167227638428 1410.7868004105221
2020 8 25 861.5185968196517 508.76753018421937 1437.1641098639366
2020 8 26 853.5888559990401 489.59140359922117 1464.8763446651324
2020 8 27 845.8859342456288 471.22628321882246 1493.3869377213462
2020 8 28 838.1763036044432 453.50759765212473 1522.317860257599
2020 8 29 830.9145734942966 436.6594801941649 1552.4951193966772
2020 8 30 823.3788319578983 420.26022207570804 1582.6410727163952
2020 8 31 815.3920812329809 404.2117749808719 1612.374129603839
2020 9 1 807.7399591241681 388.9036486091222 1643.1742896363482
2020 9 2 799.9412970179853 374.0701344552355 1674.118615028356
2020 9 3 791.5691987311616 359.49903717337895 1704.2880185072954
2020 9 4 783.249058463255 345.4793287265657 1734.9243216389573
2020 9 5 774.910504957877 331.9596637109392 1765.8768469189065
2020 9 6 767.0447665440767 319.13358225334196 1798.2567517287025
2020 9 7 759.811805742963 307.0331206152498 1832.5266906969327
2020 9 8 752.5101186169694 295.33613496930184 1867.1194711098667
2020 9 9 745.2785997016866 284.0847672844629 1902.3652627246418
2020 9 10 737.9822632265241 273.21084418496844 1937.933554980929
2020 9 11 730.2586214234353 262.56850355845756 1972.8571851292054
2020 9 12 722.286802870907 252.22241450505118 2007.5213230539698
2020 9 13 713.2304964598042 241.87490477584015 2039.5384328052876
2020 9 14 703.452258315928 231.66857118866355 2069.677040470422
2020 9 15 693.1425159716592 221.67372159377626 2098.302814777237
2020 9 16 682.2968361596689 211.89035772366668 2125.2446953856115
2020 9 17 671.4364182629081 202.4814943415596 2151.9579994529995
2020 9 18 660.6581174836765 193.46305798415574 2178.7162132356766
2020 9 19 649.3682330645075 184.64582375320165 2203.5494653109517
2020 9 20 638.3005364440181 176.23876110686138 2228.765048547908
2020 9 21 627.1338946922962 168.1350755094669 2253.2650275861297
2020 9 22 616.0213310776493 160.36613194712666 2277.526731432471
2020 9 23 605.3277120332727 153.0139657767077 2302.8705652164
2020 9 24 595.0651778663425 146.06091313165916 2329.4302039075496
2020 9 25 584.9587580285544 139.4194245572605 2356.2261952656613
2020 9 26 574.9624882585305 133.06527232026403 2383.082726051054
2020 9 27 564.3210538198251 126.81186883486019 2406.863288751905
