2020 8 8 120.79478753117453 107.82517400026059 133.7644010620885
2020 8 9 123.15946375739576 98.2618092364862 150.86553830938965
2020 8 10 125.57043083580638 89.5466503434928 170.15297395020198
2020 8 11 128.02859495515762 81.60446718868597 191.90621575037446
2020 8 12 130.5348800437326 74.36670204418478 216.4405052033212
2020 8 13 133.09022811661524 67.77087778958403 244.11138591574
2020 8 14 135.69559962975688 61.760058603135036 275.3198560395383
2020 8 15 138.35197384097447 56.282358485976545 310.51817941747447
2020 8 16 139.51199522086904 50.66061430793267 346.7413027386692
2020 8 17 140.6817428776244 45.60039612939439 387.1899907775368
2020 8 18 141.86129836185953 41.04561611745173 432.35717168455494
2020 8 19 144.63837216208944 37.40514715902372 487.6319628406906
2020 8 20 150.70722516380675 34.924796046902976 560.8879515118874
2020 8 21 160.40397330779263 33.390633636672575 657.7032994153107
2020 8 22 168.92947903758684 31.550174954429135 763.869398452927
2020 8 23 179.79867665264325 30.164251543845037 895.7215471123038
2020 8 24 193.3794172213489 29.176788990445747 1060.357196638509
2020 8 25 210.15014115964723 28.548181664992317 1267.1201458972248
2020 8 26 228.37529693694879 27.93311754231364 1514.2005630070469
2020 8 27 245.62517729059383 27.018693806898135 1792.514056756634
2020 8 28 261.4291009539746 25.831827479707535 2101.9214376049486
2020 8 29 281.17563559630105 24.986191966921634 2488.259359528086
2020 8 30 302.4136860222863 24.168239335691304 2945.607066710353
2020 8 31 321.87147476111545 23.106586627384143 3454.0508159148676
2020 9 1 342.58120929507305 22.091569772744297 4050.257474513082
2020 9 2 364.6234418541673 21.121140170727127 4749.3758731815415
2020 9 3 384.00325632285256 19.95696382627458 5516.017472466969
2020 9 4 404.4131121046547 18.856955729844046 6406.409930275455
2020 9 5 425.9077561172206 17.81757899110629 7440.5290410322805
2020 9 6 448.54484508866136 16.835491669626876 8641.575080735487
2020 9 7 477.4049504311915 16.09594895497216 10133.204729081079
2020 9 8 508.121961921461 15.388892575586501 11882.305843801321
2020 9 9 540.8153559231417 14.712895484785099 13933.320794401698
2020 9 10 575.6122961035927 14.066593322616631 16338.363185709703
2020 9 11 606.2062136193051 13.291256619159649 18975.692640539284
2020 9 12 631.6419008728946 12.40990777706956 21826.37354546921
2020 9 13 651.0758742976054 11.448117156746969 24861.038682673585
2020 9 14 656.5348635201727 10.304625879785965 27761.173134656015
2020 9 15 647.3445195428334 9.04470520898318 30378.24581062711
2020 9 16 623.7934257593611 7.736385820497423 32562.08152537596
2020 9 17 594.1180169337343 6.530734151632929 34538.49346295
2020 9 18 559.2053217313081 5.439885174593916 36248.332631917
2020 9 19 520.0859356459201 4.47036412141462 37637.14790676257
2020 9 20 477.8826626077793 3.6236058283555628 38657.961288697086
2020 9 21 439.10404717534703 2.9372370667509142 39706.46167718476
2020 9 22 403.47218958227734 2.3808775001917684 40783.40001294153
2020 9 23 370.73174071955304 1.9299013127291829 41889.547604069674
2020 9 24 344.79708392048104 1.5859455318263298 43494.499869313375
2020 9 25 321.3198219946832 1.3062492747127372 45242.07160653867
2020 9 26 300.2802007012766 1.079291103317877 47178.00123479559
2020 9 27 281.7944233933907 0.895994032531077 49381.566166104974
