2020 8 8 1506.3201323968049 1463.9460053019889 1548.6942594916209
2020 8 9 1485.0034375951725 1402.6553421442281 1569.7003518922766
2020 8 10 1464.344707625191 1344.2672634414657 1591.3679886970094
2020 8 11 1443.6922971658244 1288.0516672467454 1613.0292610201293
2020 8 12 1423.3542509706112 1234.2075409198567 1635.0111820253499
2020 8 13 1403.0750441941657 1182.41682996914 1657.0311377109504
2020 8 14 1383.0174361051602 1132.7426581527786 1679.268137771365
2020 8 15 1363.3350492807963 1085.227808952767 1701.9109967946033
2020 8 16 1343.8455428387624 1039.6366170181764 1724.7502748728791
2020 8 17 1324.8066122395508 996.0937798944003 1748.116757670527
2020 8 18 1306.1221796788418 954.4383686339486 1771.911652006384
2020 8 19 1288.1399981370391 914.8455371715686 1796.625632507617
2020 8 20 1271.88891218897 877.9487380105937 1823.7534508388965
2020 8 21 1257.20593394259 843.4809291456431 1853.2453997822024
2020 8 22 1242.6522399919513 810.3393245815853 1883.154976214107
2020 8 23 1229.0620987214975 779.0183750421268 1914.7521475555282
2020 8 24 1217.0753888346483 749.8301326179736 1949.145918077808
2020 8 25 1206.1595033959868 722.3232176557856 1985.6851920656688
2020 8 26 1196.0939558403745 696.2759758669605 2024.1481646552825
2020 8 27 1186.0932743292112 671.156869916894 2063.3237925253366
2020 8 28 1175.9864876249846 646.836614804262 2102.9275907651213
2020 8 29 1166.9627803393973 623.9460008960244 2145.0743371005137
2020 8 30 1158.0083147449627 601.8654527649918 2188.065785951799
2020 8 31 1148.0482271559329 580.0079277939074 2229.8889073571745
2020 9 1 1138.5961708432712 559.1575706691368 2273.331814698461
2020 9 2 1129.003385183228 538.9494221787473 2317.1847227587637
2020 9 3 1118.2814651966662 518.8940103371024 2359.4002298352
2020 9 4 1107.6077065876611 499.56000147175007 2402.271618225743
2020 9 5 1096.5574734883435 480.73062864302796 2444.88450721966
2020 9 6 1085.8981254012042 462.7340036838478 2488.879004473825
2020 9 7 1076.1240229094758 445.74417579719153 2535.456654838541
2020 9 8 1065.5944502924076 429.028783507119 2580.918729429543
2020 9 9 1054.9633694548183 412.85786731064786 2626.700564624653
2020 9 10 1044.100857127514 397.1643861872456 2672.4541945550022
2020 9 11 1031.8972079569953 381.514744100475 2715.285771858108
2020 9 12 1018.6973001717928 366.06067675569415 2755.806972840683
2020 9 13 1003.9878985451459 350.62950937377923 2792.392581682913
2020 9 14 988.0294930085049 335.3384634163541 2825.3993035611556
2020 9 15 971.4555228517848 320.41924838417134 2856.3105136719637
2020 9 16 954.0718501668317 305.80501993751136 2884.3617304390714
2020 9 17 936.709291878546 291.7644033567224 2911.8118305103685
2020 9 18 919.6027712592976 278.34977464035995 2939.3368656109647
2020 9 19 902.4997555855446 265.45841896237084 2966.13474974137
2020 9 20 885.7725702179496 253.18109184894706 2993.3667294701786
2020 9 21 869.185390268072 241.4229881153621 3020.2741587358973
2020 9 22 852.7002792616129 230.15302270300128 3046.698795500617
2020 9 23 836.5414669468287 219.4128365856416 3073.4033572729622
2020 9 24 820.7691524274646 209.19490346621407 3100.6369512285128
2020 9 25 805.3357862280023 199.46341003499026 3128.2689187164765
2020 9 26 790.1595587148804 190.1764248710448 3156.0187024060183
2020 9 27 774.4022835302391 181.11316078414015 3180.5515635555666
