2020 8 8 123.82798898689029 116.37467295110777 131.2813050226728
2020 8 9 122.42297514707673 108.13023855482568 137.60261747686732
2020 8 10 121.05533112433916 100.48879811117071 144.25239153166817
2020 8 11 119.68177723717301 93.36978086644044 151.1982734223075
2020 8 12 118.30286033682034 86.73875986928213 158.45214134325457
2020 8 13 116.91912398147645 80.56348483805614 166.02628579230307
2020 8 14 115.55157257969705 74.82785203561866 173.962480660164
2020 8 15 114.1797917001209 69.48746439061668 182.24758340793744
2020 8 16 112.80431102181693 64.5160523068676 190.8953718212445
2020 8 17 111.42565597117165 59.88902267789993 199.92009183149196
2020 8 18 110.06385036299406 55.59383919298199 209.3714621606357
2020 8 19 108.77648207178966 51.6358941223378 219.379592593394
2020 8 20 107.63744645858276 48.022996024344096 230.13490782035646
2020 8 21 106.60453759849761 44.70491542726996 241.61891755923546
2020 8 22 105.58154072302699 41.616092889045355 253.67599324856823
2020 8 23 104.66076100039133 38.77710871044214 266.55673755845146
2020 8 24 103.89456256056715 36.18609316337193 280.4647650469855
2020 8 25 103.22489720813786 33.79987300572776 295.3439166235728
2020 8 26 102.61375098050073 31.588755495153322 311.16751663824977
2020 8 27 101.98826246171076 29.51675568521262 327.7844314697712
2020 8 28 101.33088440417039 27.570331762455293 345.1739749993021
2020 8 29 100.74868779837372 25.77156357161494 363.7277293262681
2020 8 30 100.13456788852838 24.081130568312425 383.15145570161405
2020 8 31 99.41903138142493 22.476288374566156 403.2100640022086
2020 9 1 98.7260093448122 20.982331956646977 424.38934772350075
2020 9 2 98.00325791813587 19.58033087607594 446.53254608360663
2020 9 3 97.18287586605507 18.251445940421977 469.36215891959114
2020 9 4 96.38637123441298 17.015944816687867 493.4411212417852
2020 9 5 95.5795240876379 15.861100556091422 518.6690018388578
2020 9 6 94.77943103181907 14.784633680976658 545.1866937873201
2020 9 7 94.03580358334327 13.788988160485085 573.3464144710604
2020 9 8 93.26509215474188 12.855565656698417 602.7599205436256
2020 9 9 92.48437313259136 11.983079504721772 633.5768805608766
2020 9 10 91.71018948372429 11.16980755659421 665.9694015806712
2020 9 11 90.86222580716404 10.401955720870296 699.4352094978457
2020 9 12 89.97439135090079 9.681426721096377 734.2154479302999
2020 9 13 89.04798715710564 9.005724109238594 770.3396429321597
2020 9 14 88.05319065566532 8.36929987349771 807.5670203242793
2020 9 15 87.00785928863607 7.771991459239493 846.0280477464528
2020 9 16 85.91402132881646 7.211870976606862 885.728487461244
2020 9 17 84.81889715864091 6.690855574890648 927.1368671610073
2020 9 18 83.73773225762251 6.207480481730429 970.4811153956921
2020 9 19 82.6410352695783 5.756853400752317 1015.512006445841
2020 9 20 81.54423675689647 5.337931603722344 1062.454610942708
2020 9 21 80.44772199700661 4.948560119626098 1111.3812006728613
2020 9 22 79.3518710724371 4.586724899171871 1162.3663590984404
2020 9 23 78.28483676913982 4.252149634122325 1215.8939370128328
2020 9 24 77.24585302149138 3.942723973615826 1272.0993071443932
2020 9 25 76.21164487919553 3.655354914281737 1330.7543636232892
2020 9 26 75.19750831830386 3.3892295866330957 1392.2226358505268
2020 9 27 74.18304671501095 3.141856428824234 1456.2742947804986
