2020 8 8 292.61114475724116 268.27661716753045 316.9456723469519
2020 8 9 294.88693091341855 247.86933742137282 345.98520871230164
2020 8 10 297.1176673882634 228.961655042938 377.61181368296224
2020 8 11 299.39689091277125 211.52062726768216 412.1695919041666
2020 8 12 301.7254532787301 195.43066512968946 449.9338363696662
2020 8 13 304.10422846987143 180.5854281312689 491.2060281493734
2020 8 14 306.43704670152874 166.8294327561775 536.159571355934
2020 8 15 308.75515654520143 154.1035427419322 585.1700681561399
2020 8 16 311.0579518955323 142.3319983506986 638.5983684096759
2020 8 17 313.37792223488964 131.4596497526911 696.9048800129085
2020 8 18 315.68185347508125 121.40382307015945 760.4608546584662
2020 8 19 317.8347864765692 112.05261868129034 829.408424260946
2020 8 20 319.59660583108166 103.27863305852738 903.5482105438793
2020 8 21 321.0281530052265 95.08178688092414 983.3539200619766
2020 8 22 322.50026854993325 87.54561064039501 1070.3130774386889
2020 8 23 323.8075708345251 80.56017868607125 1164.3927509682499
2020 8 24 324.74120201673884 74.03784356110066 1265.3791982790067
2020 8 25 325.40111558217285 67.98055281371502 1374.0470331312172
2020 8 26 325.92388455004976 62.38989840628536 1491.4622370464867
2020 8 27 326.5515244439481 57.27892809173891 1619.3868738993774
2020 8 28 327.31934821799666 52.611024648164566 1758.9729573122204
2020 8 29 327.845198897789 48.284345257447534 1909.280889635041
2020 8 30 328.3718943762128 44.313487762906185 2072.4329503597464
2020 8 31 329.14399840378013 40.70219319059919 2251.0701885262297
2020 9 1 329.8478786198409 37.376537262744336 2444.6263877603797
2020 9 2 330.62345314350927 34.33056428786228 2655.3455360843896
2020 9 3 331.6822676175119 31.562041706222328 2886.488162911614
2020 9 4 332.6738935309801 29.010065168358345 3137.137080479041
2020 9 5 333.7392744960761 26.670604044445433 3410.218717367736
2020 9 6 334.73705021471665 24.514128984764273 3706.3459078961027
2020 9 7 335.52412069508694 22.516368361155283 4025.821332450261
2020 9 8 336.3844387292394 20.686205053745347 4373.69120262227
2020 9 9 337.211172718367 19.002599161786396 4751.155047890871
2020 9 10 338.0758165258116 17.45804014705122 5161.700760974204
2020 9 11 339.3383467532654 16.059457283799468 5613.762623751479
2020 9 12 340.85832175459683 14.7848770811694 6109.597050765604
2020 9 13 342.8928289606627 13.63347837582866 6658.3264724791225
2020 9 14 345.450234061286 12.59205458340652 7266.257542977348
2020 9 15 348.39425864521405 11.643579734139768 7937.426095378463
2020 9 16 351.7340508989481 10.778935434489076 8679.034151578091
2020 9 17 355.2181285954211 9.981939541217827 9492.702233744183
2020 9 18 358.6989237672938 9.242811589035545 10381.642521351054
2020 9 19 362.3283198618766 8.561363691424408 11357.14096355102
2020 9 20 365.9944389994867 7.930157133549061 12424.300933180533
2020 9 21 369.7365931284061 7.346331492845235 13593.057191447751
2020 9 22 373.51700936197085 6.805487645944868 14871.758564420841
2020 9 23 377.2963381673119 6.303737155428636 16269.165312199955
2020 9 24 380.9934785059849 5.836967314202082 17792.6847627881
2020 9 25 384.7606274348462 5.405277683863347 19460.45114038754
2020 9 26 388.61278466219983 5.006185846628483 21286.958302184983
2020 9 27 392.7205801440518 4.639356802712184 23296.78711754418
