2020 8 8 25.350123860751484 24.121393816283895 26.57885390521908
2020 8 9 25.211582567914775 22.827516292530436 27.714037312399178
2020 8 10 25.08011219349613 21.608759408099772 28.90464489478493
2020 8 11 24.945140161702316 20.451464052827955 30.141575761776775
2020 8 12 24.81297684991068 19.35785692890947 31.4339553609043
2020 8 13 24.678406784741565 18.320304670221244 32.7778122617788
2020 8 14 24.544566543428296 17.338363665064982 34.179121409731124
2020 8 15 24.408378801481543 16.406882196935133 35.63605922498972
2020 8 16 24.26785285362387 15.522019382143295 37.14766427050543
2020 8 17 24.131174670905402 14.68682295914487 38.72803982615712
2020 8 18 23.99526626892295 13.896566118285598 40.375649404349616
2020 8 19 23.870138596665473 13.154631016386299 42.110205571056525
2020 8 20 23.789500880250227 12.476466142473084 43.99661435161309
2020 8 21 23.749846116496567 11.85461366925699 46.042819104635264
2020 8 22 23.711248738298046 11.26425038411964 48.18611098537609
2020 8 23 23.709332023474758 10.72068305908627 50.50358818248742
2020 8 24 23.766791100829128 10.230194070443908 53.058999715738175
2020 8 25 23.861093141010247 9.777944535867952 55.825652007966276
2020 8 26 23.981663487939535 9.356298800980156 58.79714786324458
2020 8 27 24.09683731395856 8.950492213677444 61.912086270119396
2020 8 28 24.204518128330296 8.55929784803813 65.17137400631228
2020 8 29 24.33692642843181 8.193775276254206 68.66752690869112
2020 8 30 24.452790643822226 7.838048308254022 72.30250933547916
2020 8 31 24.515113352408353 7.480426076256902 75.96996946561674
2020 9 1 24.591920068341686 7.143491986690684 79.86784952245905
2020 9 2 24.65767667120396 6.818454363969194 83.92905338856583
2020 9 3 24.685529570232635 6.497676423240152 88.06715163711759
2020 9 4 24.71856562671807 6.193345676473612 92.42765664104867
2020 9 5 24.739265279341357 5.9001668078529255 96.95777152341812
2020 9 6 24.76308001185664 5.621605152497051 101.72205951558409
2020 9 7 24.810689914897207 5.361591761044449 106.81810586113521
2020 9 8 24.8231822090279 5.105995945070744 112.01786582277308
2020 9 9 24.836716877568836 4.862797915180733 117.47541848706587
2020 9 10 24.847148977588912 4.630574482023253 123.18415540219796
2020 9 11 24.80365704858715 4.399390675265826 128.90294963137075
2020 9 12 24.727112621944496 4.1738728598330574 134.7150702290257
2020 9 13 24.606425201416283 3.952424250052315 140.54747312956093
2020 9 14 24.43908311052758 3.735136241819567 146.36253856982813
2020 9 15 24.247377752705837 3.5258963509601244 152.2654746447553
2020 9 16 24.01568207235975 3.322344139211624 158.14591241250966
2020 9 17 23.77417179191482 3.128879085252056 164.1742411300516
2020 9 18 23.533105624600687 2.946418599938969 170.41865756289442
2020 9 19 23.287608158731377 2.773737436692004 176.85079101044562
2020 9 20 23.04564371534949 2.611292394186185 183.53307480479202
2020 9 21 22.803307669267326 2.4580340356311656 190.44486657810032
2020 9 22 22.557809236776546 2.313154935345506 197.5692606312689
2020 9 23 22.314012288093274 2.1767186131459053 204.9519264529866
2020 9 24 22.071918856669416 2.0482388321679803 212.60190950481484
2020 9 25 21.834448034471446 1.927527738772242 220.556660218293
2020 9 26 21.59846892182299 1.8138367829277662 228.79830728395038
2020 9 27 21.339798482807964 1.704731840958943 237.08053186090768
