2020 8 8 382.04564400054255 356.6572345596413 407.4340534414437
2020 8 9 393.27357485498555 342.8489381572367 447.1563592431996
2020 8 10 405.0913223484062 329.80176525291034 491.0467847712337
2020 8 11 416.4774685390099 316.610602316928 538.2916011729318
2020 8 12 427.8334353367825 303.6808111531983 589.6293069172076
2020 8 13 438.2398611478981 290.38526859217706 644.1277980549221
2020 8 14 448.66250452654725 277.5148458515604 703.315294868612
2020 8 15 459.09947428538993 265.0704018662883 767.5752849145402
2020 8 16 469.5126695034175 253.03009127211277 837.2608624160071
2020 8 17 480.6508719906108 241.8001223332218 914.1446451926464
2020 8 18 492.5152251868316 231.30093865474566 998.9670139552895
2020 8 19 505.3824206301052 221.5910701358568 1093.1000039829948
2020 8 20 522.3498598020207 213.9392234022102 1204.244572091298
2020 8 21 542.7211305348465 207.71240105831 1333.2241459303025
2020 8 22 563.5717500375428 201.54621137154876 1475.243865314254
2020 8 23 586.6338644794515 196.06747885306046 1636.0840934199475
2020 8 24 614.0106052704111 191.86431310951366 1823.8613251799397
2020 8 25 645.6030721049254 188.66934812473534 2041.917609985446
2020 8 26 678.1876844866248 185.34249189950435 2284.0409295242534
2020 8 27 711.3034720827234 181.770010976054 2551.1245214124556
2020 8 28 744.8542664062561 177.9643275339155 2845.2000338824146
2020 8 29 783.4623335834054 175.06852708908565 3186.4473494240715
2020 8 30 823.6951089007059 172.13572342491068 3567.092014342538
2020 8 31 861.5906848657669 168.33185937274374 3974.138773067259
2020 9 1 902.1612319780374 164.7940468958381 4431.9309873958655
2020 9 2 947.387678010252 161.83210000372222 4955.945108769899
2020 9 3 989.0012712105101 157.91895378769723 5511.1567537915225
2020 9 4 1031.7892818180362 153.99609015027497 6124.9271675058035
2020 9 5 1073.350433661104 149.71127329530833 6788.780520782515
2020 9 6 1116.2848352861045 145.50371384714836 7522.683058795416
2020 9 7 1162.501104982987 141.61832962770202 8346.46734765156
2020 9 8 1205.1146430504818 137.16470520593663 9220.856815144936
2020 9 9 1248.6387952869961 132.77699025356247 10181.864134018082
2020 9 10 1293.034885729673 128.45519747329686 11237.320672856773
2020 9 11 1331.2429666572864 123.50251718573206 12334.689990941482
2020 9 12 1365.1960680734742 118.2413051055709 13489.336164106191
2020 9 13 1390.0385059430776 112.34013262396645 14653.49049985016
2020 9 14 1406.594187018152 106.02722165730252 15825.990760036642
2020 9 15 1416.9824184450943 99.58930474690327 17020.69844732995
2020 9 16 1418.0001360452234 92.87831788174591 18192.115337140225
2020 9 17 1417.627452508077 86.52844327975285 19426.30533121378
2020 9 18 1415.6370365381026 80.51394650674082 20722.055512496347
2020 9 19 1409.8230915610732 74.69988972960051 22048.223653502184
2020 9 20 1402.9321815020437 69.2473479714079 23442.047698959854
2020 9 21 1396.4401067062445 64.21082524201856 24930.086689438715
2020 9 22 1388.132794052569 59.455771385932664 26479.639401794848
2020 9 23 1379.207881846002 55.02427779686901 28112.78213041774
2020 9 24 1368.9044356141812 50.86579573974138 29817.38092989229
2020 9 25 1358.2211704513186 47.00461917767601 31615.38708243621
2020 9 26 1347.8623965833897 43.4448854722058 33527.42657759907
2020 9 27 1333.455088430145 40.02169540873202 35452.432136503165
