2020 8 8 193.32075112744917 184.52544096230628 202.11606129259204
2020 8 9 189.99879156193728 173.11688691734898 207.66599054319778
2020 8 10 187.03196521572835 162.6852505808255 213.69408014963665
2020 8 11 184.11146578821294 152.88220131397037 219.89715201584855
2020 8 12 181.23656988572216 143.66986186613872 226.28028549420452
2020 8 13 178.406565410361 135.01263738507672 232.84870737956803
2020 8 14 175.62075138362513 126.87707788470028 239.60779618922808
2020 8 15 172.878437772772 119.23174900025789 246.5630865670695
2020 8 16 170.17894531990288 112.04711053149803 253.72027381558652
2020 8 17 167.52160537371407 105.29540230455383 261.0852185594511
2020 8 18 164.90575972387512 98.95053691153501 268.66395154445405
2020 8 19 162.58944694490867 93.14322192557756 276.88412982933477
2020 8 20 161.07082851806618 88.11507220914109 286.65885541941924
2020 8 21 160.32440632729856 83.77303353834925 298.1276932913479
2020 8 22 159.58144314951298 79.6449571256136 310.05538404587855
2020 8 23 159.5929258219302 76.09511502589979 323.9194308828875
2020 8 24 160.60581852735376 73.18097183599399 340.4359255557596
2020 8 25 162.12902222482433 70.60802580526902 358.8626671712732
2020 8 26 164.17533347457322 68.34706577694038 379.412681895065
2020 8 27 166.24747223918274 66.15850460400246 401.13947855740975
2020 8 28 168.08497325868575 63.936241600305806 423.4811800545829
2020 8 29 170.47013125376017 61.989217037908766 448.3958397904028
2020 8 30 172.62171980060904 60.004242379409796 474.0729077964264
2020 8 31 173.71730270244015 57.706316234795935 498.24565542947465
2020 9 1 174.81983896967725 55.49639161068643 523.6509597400328
2020 9 2 175.65513408004335 53.28404159576627 549.5302206130588
2020 9 3 175.39222435889155 50.825541163517464 573.2402790434305
2020 9 4 175.12970814472055 48.48047477632893 597.9733328427276
2020 9 5 174.31813536258136 46.09150668063769 621.8974470867333
2020 9 6 173.51032350934273 43.82025955588499 646.7787331825996
2020 9 7 173.25062400776136 41.7984135428386 674.684680808507
2020 9 8 172.71953617140318 39.80428566912954 702.7362867292553
2020 9 9 171.91913242502918 37.84285338171804 730.8518268106069
2020 9 10 171.12243784885914 35.978074420787 760.0922320924525
2020 9 11 169.25568098925194 33.97943179838167 785.7331015476354
2020 9 12 166.87826799018788 31.985210547480524 809.7737893359454
2020 9 13 163.48712573706274 29.907328386705064 829.4688923588894
2020 9 14 159.13905064494767 27.77677177024792 844.4382863467081
2020 9 15 154.1576952672227 25.667273373467367 855.7038392019697
2020 9 16 148.60678751909154 23.597187969887205 863.0926746809004
2020 9 17 143.02263834187679 21.657039808463423 869.1913838946225
2020 9 18 137.64832293170568 19.876409590155557 875.3331872686413
2020 9 19 132.26002847571309 18.211001850979027 880.1452602889244
2020 9 20 127.08266079693148 16.68513555791371 884.9837872893484
2020 9 21 122.10796308873901 15.28711879028171 889.8489136985178
2020 9 22 117.3280017602596 14.006239271897481 894.7407857445194
2020 9 23 112.73515378396307 12.83268228846073 899.6595504593167
2020 9 24 108.32209453854831 11.757455482499703 904.6053556831699
2020 9 25 104.11010681252203 10.775393922578715 909.8148580802709
2020 9 26 100.10000493466762 9.879304832340283 915.387379352791
2020 9 27 96.02452708447582 9.036038486017913 918.9836852851488
