2020 8 8 882.643348643285 832.607864566915 932.6788327196549
2020 8 9 866.3732928183941 770.9827973076375 967.3258513537681
2020 8 10 851.1148018812364 714.5521777404109 1004.0545101477925
2020 8 11 836.3580821581922 662.4475384404443 1042.452645144506
2020 8 12 821.62821649565 613.9609507298989 1082.0338136399587
2020 8 13 806.9328055345214 568.8551406451676 1122.8215833851802
2020 8 14 792.9421180029653 527.3746262186673 1165.761736833325
2020 8 15 779.1940025124306 488.9188415592844 1210.3440539212093
2020 8 16 765.897601006386 453.40109423032635 1256.9627350243209
2020 8 17 753.0378003608608 420.5876947117029 1305.7211858827893
2020 8 18 740.393922147297 390.1490560872864 1356.371010657026
2020 8 19 728.3677889292363 362.1269629132869 1409.7283410091693
2020 8 20 717.1352883526388 336.41498769929217 1466.3426326088966
2020 8 21 706.4687207444572 312.71285556516466 1526.0335238093821
2020 8 22 695.3805008540023 290.423790553565 1586.9007621383425
2020 8 23 684.4663136089129 269.72341116921103 1650.1957457586032
2020 8 24 674.0982489423458 250.6461850885674 1716.9189731861143
2020 8 25 663.8872362194504 232.91826922669327 1786.3400557558327
2020 8 26 654.0126725152844 216.50800275367257 1859.057187171073
2020 8 27 644.2849816579334 201.2539222965004 1934.7344387404933
2020 8 28 634.3491614061828 186.96435981770225 2012.4328267891283
2020 8 29 625.4350078614027 173.94535363619656 2096.006637049858
2020 8 30 616.30362470603 161.73765362849244 2181.9033660678074
2020 8 31 606.6305706707095 150.2095663996071 2268.9305709890277
2020 9 1 597.2754367144735 139.54428862768816 2360.0501812208495
2020 9 2 587.5739605746213 129.52164985203592 2452.8905443498415
2020 9 3 577.0647781398579 120.00609526645259 2545.3533985342333
2020 9 4 566.5855564139779 111.15676067265912 2640.604751151204
2020 9 5 555.5209608682383 102.80780556998315 2735.805505740648
2020 9 6 544.6724408528486 95.08593829250721 2834.438498218193
2020 9 7 534.184911091542 87.97009350101251 2937.403554939087
2020 9 8 523.4605275922352 81.3145094714755 3041.69613284168
2020 9 9 512.9514485671884 75.16246928293394 3149.691621019329
2020 9 10 502.5129025480533 69.45529623827129 3260.6590881700545
2020 9 11 491.59882637472623 64.08638918380927 3371.0721405360105
2020 9 12 480.51798544905745 59.079857985650136 3482.4549651652087
2020 9 13 468.7659316455667 54.3512102373197 3590.843354496681
2020 9 14 456.787895490082 49.94150846047686 3698.6724662892584
2020 9 15 444.6156410722237 45.834883989896085 3805.68869979518
2020 9 16 432.0373172549613 41.9906427531077 3909.5491942341796
2020 9 17 419.6965441484708 38.45732658605797 4015.1736737831357
2020 9 18 407.593359310066 35.21079261510188 4122.552437953452
2020 9 19 395.50440138469213 32.20940547371565 4229.416524612581
2020 9 20 383.9905768490167 29.481496438440182 4341.366799405397
2020 9 21 372.6016623310633 26.96847762382801 4453.902953851752
2020 9 22 361.44851529901734 24.662285781511443 4568.136747320856
2020 9 23 350.7281838857799 22.560059108259182 4686.551192881866
2020 9 24 340.3258106346187 20.637027381691315 4808.035157087595
2020 9 25 330.35620926176205 18.885449971909434 4934.423496751793
2020 9 26 320.7208718131005 17.284951625260994 5064.764694709555
2020 9 27 310.50597484175745 15.773711201039468 5184.958555870734
