2020 8 8 648.1706256602247 627.5717167330059 668.7695345874434
2020 8 9 644.5161254274561 604.234341569233 686.0976431656184
2020 8 10 641.0750061781702 581.9455362748546 704.0799439448197
2020 8 11 637.0290815030455 559.9132142899739 721.8491286656123
2020 8 12 632.7467030887155 538.4847577730194 739.7698905784935
2020 8 13 627.9016876126457 517.3730715277027 757.4440976611353
2020 8 14 623.1876744115641 497.16645802594894 775.6538445793104
2020 8 15 618.3459547063501 477.6189218832304 794.098372945359
2020 8 16 613.4031401472948 458.7328109227397 812.8033623313329
2020 8 17 608.8438433197701 440.8507637447015 832.4047816125013
2020 8 18 604.4550147424454 423.76467841380156 852.6656358352635
2020 8 19 600.2334182973866 407.4358614913332 873.6109179164201
2020 8 20 597.4999971132999 392.7263919425734 897.1937646011864
2020 8 21 595.7396095220874 379.1793479947469 922.855618620931
2020 8 22 593.5389407371438 365.81607394695897 948.5613914473583
2020 8 23 592.0343256299425 353.34774538969964 976.082591287209
2020 8 24 592.3264479521237 342.3744645373888 1007.3582599893126
2020 8 25 593.9031694617769 332.48439721131695 1041.820512770442
2020 8 26 595.5951117011331 322.9421755444265 1077.6564940695064
2020 8 27 597.0691941854975 313.5530723865324 1114.3222302225795
2020 8 28 598.2567247184777 304.2845448607829 1151.6938595381584
2020 8 29 600.7662994712513 295.9612070828962 1192.8593394494214
2020 8 30 602.9494815581407 287.69956416918 1234.827238878282
2020 8 31 603.2019037534228 278.74348706017895 1274.3012766914333
2020 9 1 603.4769840101127 270.07663391309296 1315.0848344641956
2020 9 2 603.9552537479082 261.7701336746118 1357.6161684920482
2020 9 3 602.4919750505219 252.87742629597017 1397.1578030310534
2020 9 4 600.5817247576827 244.0977263972548 1436.8063858117387
2020 9 5 597.7119908707635 235.23042078222488 1475.270199524341
2020 9 6 594.7665807891967 226.65005761589924 1514.5430747281937
2020 9 7 592.3916103203625 218.59452398089067 1556.277060799499
2020 9 8 588.7858234519597 210.36762299180677 1595.9026450358217
2020 9 9 585.0919173914493 202.4110191351457 1636.238830820101
2020 9 10 581.0493060521724 194.62670205035906 1676.5545262839446
2020 9 11 575.3401429305183 186.57417435289017 1712.9743220816665
2020 9 12 568.4179447305838 178.4432535318318 1746.406650040186
2020 9 13 559.7301163951099 170.08624993845194 1774.8108780427638
2020 9 14 549.7101797583772 161.67548809570647 1799.0321453955723
2020 9 15 538.8419912968513 153.37840380929345 1820.2208743817425
2020 9 16 526.6172785258855 145.05983126414534 1836.3509462633785
2020 9 17 514.3942611308357 137.1164931127215 1851.6627569700108
2020 9 18 502.2241605425691 129.54660679893118 1866.2714852596353
2020 9 19 489.8350130850116 122.26386304814551 1879.1115237081588
2020 9 20 477.7331742216735 115.38596337276216 1891.969646418206
2020 9 21 465.7874316726426 108.8604647001275 1904.3498603934986
2020 9 22 453.80951254077445 102.62667587704766 1915.4582958114725
2020 9 23 442.1735444915535 96.75753288796045 1926.7747583528603
2020 9 24 430.85246204547764 91.22765935577026 1938.2301160200452
2020 9 25 419.6145088650598 85.97005647309392 1948.8235977111785
2020 9 26 408.56351738578644 80.99370842925791 1958.9819442742973
2020 9 27 397.8356435466719 76.3117738011458 1969.347049969253
