2020 8 8 1101.7985879407677 1048.854151465746 1154.7430244157893
2020 8 9 1088.443983739188 986.4168920931216 1195.4910856463953
2020 8 10 1075.532177958766 927.9510588994599 1237.9856064983524
2020 8 11 1062.2183435655102 872.4715349752631 1281.3515671303983
2020 8 12 1048.8343229742136 820.1159541496193 1325.9531386396823
2020 8 13 1035.0001819686156 770.4183180412994 1371.3249653794915
2020 8 14 1021.3485134976884 723.7322744062852 1418.2493376819737
2020 8 15 1007.726274572864 679.7685843596106 1466.5702068787703
2020 8 16 993.8769978792877 638.1997956470288 1515.942578791345
2020 8 17 980.4379297944499 599.3141856035251 1567.3124551767621
2020 8 18 966.7467758243156 562.5327075465033 1619.7295959451803
2020 8 19 954.5300574554474 528.755303990673 1676.049782969732
2020 8 20 946.6559641814439 499.3261205278898 1741.682393349213
2020 8 21 942.3373245735598 473.37600046314 1816.3070290511255
2020 8 22 938.0383865772098 448.7745154961554 1894.129053826332
2020 8 23 937.0794355427469 427.040104190797 1981.9901140771444
2020 8 24 941.3733511511836 408.75166057253125 2085.034812663024
2020 8 25 949.1232531091506 392.73851178473643 2201.0478956906204
2020 8 26 959.6316455767416 378.46772761251236 2329.765115966649
2020 8 27 970.2917670682116 364.7294501057435 2466.0956185643845
2020 8 28 980.6052128089092 351.31504100338793 2609.221667289219
2020 8 29 994.2462341756681 339.5468759620793 2769.2168110839198
2020 8 30 1007.5637770816671 327.99763841678293 2937.5932269442555
2020 8 31 1016.9731181662839 315.51090492651707 3104.2928119363173
2020 9 1 1027.8202480240527 303.9183415059271 3284.5726976727565
2020 9 2 1037.5324513240712 292.38191494543514 3471.325649725095
2020 9 3 1043.0900372667086 280.0867446534279 3654.489559309697
2020 9 4 1048.792774733282 268.33958972824064 3847.7223252789763
2020 9 5 1052.8638384749436 256.65967376965756 4045.0718309073463
2020 9 6 1057.416557599848 245.60170740761833 4254.333176835558
2020 9 7 1064.4452664876628 235.59067947669752 4484.302630565543
2020 9 8 1068.851824693547 225.39701966831353 4715.4597243083335
2020 9 9 1073.2766250353432 215.6444244237734 4958.532517411691
2020 9 10 1077.4823006481606 206.26610223620784 5213.038258446305
2020 9 11 1077.016457761258 196.398201419507 5457.925656087616
2020 9 12 1073.6121560140396 186.46651092398594 5699.424814749173
2020 9 13 1065.5474547417762 176.22576376463493 5926.812163254786
2020 9 14 1053.0644169269083 165.806692347863 6138.358750092963
2020 9 15 1038.048455334469 155.58179341303426 6341.839134177395
2020 9 16 1019.419130689541 145.4137799680793 6528.681131910639
2020 9 17 1000.1092636163726 135.76552941820944 6714.528262491193
2020 9 18 981.2389164358771 126.76745522248612 6906.160920303589
2020 9 19 961.6392165486701 118.22551791496007 7095.623479979292
2020 9 20 942.856499119552 110.31147003947564 7293.423274479457
2020 9 21 923.8496421290411 102.85804499305645 7492.165318934587
2020 9 22 904.5446590706016 95.8323747923247 7690.797977280438
2020 9 23 885.6430775548935 89.28658967761399 7894.696794511202
2020 9 24 867.5283319457634 83.22741730132549 8107.494495363893
2020 9 25 849.8214199329062 77.5830130865348 8326.376816124537
2020 9 26 832.4832308271077 72.32207447327495 8551.240054247388
2020 9 27 812.9848392656489 67.19948372198662 8756.352882161054
