2020 8 8 852.4504929654383 816.5683099881398 888.332675942737
2020 8 9 866.6295814707689 795.2832297410341 941.0402594813088
2020 8 10 881.9409106969856 775.3755755433377 997.8485121521435
2020 8 11 897.522755501814 755.9662528592885 1058.086137306247
2020 8 12 913.6451379922919 737.2661962520436 1122.2728512377048
2020 8 13 929.6521190931785 718.7018922645701 1189.8558320284467
2020 8 14 946.4890167490523 701.0298284287201 1262.2119128637346
2020 8 15 963.6308468811204 683.7923005855808 1338.9680246043781
2020 8 16 980.228793640998 666.3723855414887 1419.204630703346
2020 8 17 996.9677874720794 649.2977849249056 1504.0396452826478
2020 8 18 1013.2560480382296 632.1809769083226 1592.8345828822103
2020 8 19 1030.1098680574034 615.7022296197059 1687.3424897891516
2020 8 20 1049.3750043087855 600.9267245652625 1790.9484429958331
2020 8 21 1070.706093432746 587.4825465782881 1903.8270041728376
2020 8 22 1092.3125770296147 574.2523385823282 2023.5386743266308
2020 8 23 1116.1305187875137 562.2534678604741 2154.0668163448318
2020 8 24 1142.9416673197586 551.7515213271753 2297.789058075655
2020 8 25 1172.592370405264 542.5056090824103 2455.514531740493
2020 8 26 1205.0914855673159 534.376586353062 2628.4206746732407
2020 8 27 1238.8474713629275 526.5272936968192 2814.2788510101104
2020 8 28 1272.4506600107916 518.3264868693252 3010.784148303526
2020 8 29 1309.409607957648 511.2490783669496 3226.793810991287
2020 8 30 1349.183396436651 504.9482041474764 3462.5923848858447
2020 8 31 1388.76980491315 498.2026934481032 3712.040464202922
2020 9 1 1430.954187959489 492.0626090155868 3983.298529938782
2020 9 2 1473.5741639852738 485.7073617310814 4272.024481493189
2020 9 3 1514.1974328529773 478.35764640563497 4572.209726274924
2020 9 4 1556.8355720293746 471.4018825973503 4896.190719596531
2020 9 5 1599.5241348323939 464.1989814043727 5239.511197524264
2020 9 6 1643.3832216309638 457.106138714577 5606.90527824136
2020 9 7 1690.3875885429165 450.6620227417061 6006.688981275013
2020 9 8 1737.4874931365273 443.9757959305003 6430.540216478331
2020 9 9 1785.6430223359478 437.32316547658854 6883.349552946428
2020 9 10 1833.286237848124 430.31787579755996 7360.923890653362
2020 9 11 1877.5954481913923 422.3438490129886 7853.142333379424
2020 9 12 1919.6462928843916 413.76869980006217 8364.3500654029
2020 9 13 1952.9946700323803 403.28889692721737 8866.813114585011
2020 9 14 1979.7078327808858 391.5847358043813 9366.705265243318
2020 9 15 2002.3984426066406 379.3523195922839 9874.019379100859
2020 9 16 2020.3191293456237 366.5490953661076 10384.006966031322
2020 9 17 2037.206079219225 353.96133204113755 10914.197606180167
2020 9 18 2053.933154314144 341.7535458919852 11469.846201713646
2020 9 19 2066.5486147117545 329.2598113710088 12030.055622149634
2020 9 20 2078.630838407389 317.1255140931084 12614.07153844864
2020 9 21 2088.633677106267 305.11038754932673 13213.392005169273
2020 9 22 2095.907031881677 293.14472698460526 13823.615271355173
2020 9 23 2103.205715028581 281.6483294754623 14462.019979100432
2020 9 24 2111.4621476848865 270.72764398020564 15136.31849745081
2020 9 25 2118.399002336269 260.05704965538814 15832.364570650061
2020 9 26 2122.583179248691 249.46631192206289 16539.675311084506
2020 9 27 2118.762094748249 238.36505216214934 17216.141844228045
