2020 8 8 305.5452378327117 291.23432517828485 319.8561504871385
2020 8 9 304.3269214702699 276.5080191740578 333.4789652379884
2020 8 10 303.42857313800164 262.8126565358117 348.0272768530452
2020 8 11 302.53287665698 249.79562126887777 363.21027129044353
2020 8 12 301.4831979187665 237.29399268379876 378.8675971711355
2020 8 13 300.4371611829219 225.41803846596991 395.19988153486594
2020 8 14 299.5502951068082 214.25314787359173 412.44082212222685
2020 8 15 298.8211291357817 203.75217350293906 430.64744127049806
2020 8 16 298.24844274935475 193.8713587178892 449.8807192882525
2020 8 17 297.67685390813205 184.46970692353526 469.9729806595755
2020 8 18 297.10636050868396 175.52398145603448 490.96258870459513
2020 8 19 297.30604486717516 167.466430856771 514.1605174136788
2020 8 20 298.2754647480277 160.21226845188943 539.7854927948433
2020 8 21 300.0201563356106 153.6870581467599 568.0848572795534
2020 8 22 301.46440227590483 147.26847739999042 597.2796602657676
2020 8 23 303.6959661377436 141.49917867581806 629.5209394266114
2020 8 24 307.04464797334833 136.4686897046082 665.7840033908659
2020 8 25 311.06610220602437 131.89964988644292 705.5147225605423
2020 8 26 315.4623147549487 127.62015706715447 748.3468892149318
2020 8 27 320.08397784377127 123.54558374275717 794.1668506168019
2020 8 28 324.44192479824716 119.47317755448081 841.9699808572556
2020 8 29 329.8670189941113 115.9061286605117 895.2659264024725
2020 8 30 334.87049501940703 112.26555973431796 950.5449755689143
2020 8 31 338.7362885675642 108.33248756456673 1005.7924922620452
2020 9 1 342.8220787832394 104.59329078600341 1064.7718171572674
2020 9 2 346.2472125646476 100.76655715424013 1125.0046693128581
2020 9 3 348.2725035133882 96.66248333075065 1183.9853525821388
2020 9 4 350.129334478494 92.67551863584244 1245.4452506361772
2020 9 5 351.0897264496346 88.61310301900556 1306.8715532676938
2020 9 6 351.8709877752001 84.6828862297357 1370.6508586022846
2020 9 7 353.2004959128691 81.05850976194259 1439.6716139029402
2020 9 8 353.9864542216402 77.4633584228539 1509.9319659743196
2020 9 9 354.7741614817018 74.02766120140086 1583.6212368529618
2020 9 10 355.37994912620917 70.70602055523477 1660.0869012621374
2020 9 11 354.6988685765765 67.27718305483813 1734.228553680669
2020 9 12 353.2845593947623 63.875302510154945 1808.0901139053053
2020 9 13 350.4126794250573 60.380884134505436 1877.6088450483753
2020 9 14 346.2942440793384 56.858813192640206 1942.9959973200816
2020 9 15 341.1485195269333 53.36556730169417 2004.6247098884405
2020 9 16 335.01954792266935 49.921167205660865 2061.9812217819795
2020 9 17 328.65379724100586 46.6473906916158 2118.843779968795
2020 9 18 322.40900302887485 43.588304924278624 2177.2744176751485
2020 9 19 315.78211753590085 40.66213155319567 2233.9347442297753
2020 9 20 309.2914429145974 37.93239827338284 2292.0695714625044
2020 9 21 302.77405414626105 35.36627942305717 2350.530628683839
2020 9 22 296.23724864119237 32.95544827045889 2409.2658730287903
2020 9 23 289.8415709032687 30.708957470907443 2469.468798282113
2020 9 24 283.5839740242343 28.61560435199235 2531.176078969857
2020 9 25 277.38806881786905 26.657542513436542 2593.770090157003
2020 9 26 271.4280611776301 24.843124468249844 2658.8519888551286
2020 9 27 265.2518304185207 23.120691752155338 2722.194395273377
