2020 8 8 733.5517018157075 701.2466263848388 765.8567772465761
2020 8 9 729.2138961444844 666.4427474223421 794.8096720905017
2020 8 10 725.1535463245599 633.5963641132752 825.1315744000175
2020 8 11 720.364597608607 601.7124912035248 855.7554764546513
2020 8 12 715.3585265398638 571.2253033021044 887.2204522850293
2020 8 13 709.399163828583 541.4938226666129 918.6168899812233
2020 8 14 703.6527543789787 513.4344794842374 951.3358379020405
2020 8 15 698.114878443172 486.9473224516869 985.4391604863896
2020 8 16 692.7009418569972 461.8826391811599 1020.8784402759927
2020 8 17 687.9668475111594 438.53342594231265 1058.532271370279
2020 8 18 683.265107169656 416.3645683016747 1097.5749171756427
2020 8 19 680.6402956272905 396.5624438005843 1141.3422962541706
2020 8 20 684.7631405079272 381.6276220017502 1198.1529669632866
2020 8 21 694.7435221594743 370.50582146581905 1267.9968379411093
2020 8 22 705.0293016718181 359.7934371497129 1342.2040151700314
2020 8 23 720.8233378960234 352.12406122450136 1430.9505006470597
2020 8 24 746.0148199521041 349.0360019927692 1543.5179609834206
2020 8 25 778.3551133900758 348.9078110323842 1677.910138317288
2020 8 26 816.3977581161786 350.70736652799235 1833.2740495748608
2020 8 27 856.4877034056627 352.59693863484557 2003.445711925383
2020 8 28 897.9547946472792 354.2531813409699 2188.0297550558626
2020 8 29 947.8376895421039 358.44529558128056 2405.2347845116565
2020 8 30 998.85517572255 362.068144927417 2639.848936198867
2020 8 31 1042.6161710128981 362.10186843341404 2870.9126997996445
2020 9 1 1090.574546478777 362.9274976347375 3128.4798540942834
2020 9 2 1138.8559874606892 363.1283976394325 3403.753464272175
2020 9 3 1178.5258744473729 359.902035288374 3671.12208462514
2020 9 4 1219.3062824751992 356.62148712153527 3958.6476917215377
2020 9 5 1256.5856990245313 351.934151991739 4252.744709978796
2020 9 6 1295.7280921831937 347.51096963658887 4571.138392896794
2020 9 7 1343.6960276343855 345.1833595262872 4940.2032977881345
2020 9 8 1385.8612175143257 340.92448596378625 5311.202766002407
2020 9 9 1429.0305172138196 336.63967540414205 5708.840885549958
2020 9 10 1472.8865880529365 332.2537240355618 6133.620876987796
2020 9 11 1503.0000531492435 324.5212471853025 6527.173699205813
2020 9 12 1524.3871883433096 314.9516414364443 6905.4080135662025
2020 9 13 1531.5153222535093 302.6553168307859 7239.588848642359
2020 9 14 1522.9876625424122 287.73860780273924 7515.778373679489
2020 9 15 1504.3400426347891 271.6361469110279 7752.329273162603
2020 9 16 1472.2415529103223 253.96478490551627 7925.832242049407
2020 9 17 1436.9303836673394 236.77069843474354 8082.235700038514
2020 9 18 1401.8045586513906 220.63168475982533 8238.004362276382
2020 9 19 1364.6330466476766 205.1356381188204 8379.707177670569
2020 9 20 1329.7037969135413 190.9168490654269 8531.563687237289
2020 9 21 1294.9033330993134 177.5737466687304 8681.262079439815
2020 9 22 1259.523177685227 164.95879531896375 8823.594732394044
2020 9 23 1224.9647257730048 153.22103081277902 8967.24536036002
2020 9 24 1191.4954765504463 142.33611181025245 9114.26681993032
2020 9 25 1159.0321249589813 132.23538657017508 9264.398140737758
2020 9 26 1127.5777806030726 122.86565416113659 9417.997714106594
2020 9 27 1091.0262878000763 113.5114066816611 9524.440591217644
