2020 8 8 117.78154739403428 109.97011132734738 125.59298346072119
2020 8 9 120.80201141847041 105.34134218642778 137.32090815448
2020 8 10 123.95942119365093 100.95927699749235 150.2116128493844
2020 8 11 127.13831449645969 96.70978429247467 164.23843532849682
2020 8 12 130.44688878851133 92.67579090297488 179.637301106077
2020 8 13 133.64391261147267 88.66964412211102 196.20776898251938
2020 8 14 136.85854137239866 84.79636800558842 214.21757632911783
2020 8 15 140.16604623498438 81.10192086819262 233.90483777862454
2020 8 16 143.37296402026269 77.4639834914311 255.10017245150675
2020 8 17 146.7184251042301 74.02444239407916 278.33208373631425
2020 8 18 150.1752948801326 70.75444723385151 303.7429781923425
2020 8 19 154.08337028532858 67.80311222150283 332.2216795554624
2020 8 20 159.6281762501919 65.65036119443377 366.68022273101343
2020 8 21 166.80557162962097 64.15533350633251 408.0047156143495
2020 8 22 174.43205623117157 62.74295498008539 454.2955382415726
2020 8 23 183.77496409811675 61.85364195396709 509.40052353879656
2020 8 24 195.85287847309698 61.72903362884302 577.3835903216283
2020 8 25 210.34929044052882 62.1167573512354 659.2292320883581
2020 8 26 226.79515463135718 62.76574158092272 755.4235541831312
2020 8 27 244.1574067811816 63.31927207618758 864.4240420489563
2020 8 28 262.5991106277151 63.81292446190445 988.2681829941257
2020 8 29 283.9059308169118 64.66817202460915 1135.3956092768897
2020 8 30 305.95215845004935 65.30951851721747 1300.4697186025812
2020 8 31 326.36102955147084 65.2422694108348 1475.3073008811589
2020 9 1 348.6381556542971 65.27641487416336 1675.9416193360942
2020 9 2 372.0925365418856 65.24628949605626 1902.2106058059157
2020 9 3 393.81253795142993 64.63537513774469 2142.09527498
2020 9 4 416.1291065867023 63.92000467508103 2408.5800330342736
2020 9 5 437.72419858074096 62.90747270078299 2696.720769298768
2020 9 6 460.4068099985952 61.906214035834516 3019.1277565545674
2020 9 7 485.8693023047132 61.13663002676533 3390.6015962688625
2020 9 8 509.15109900948744 59.92502631389396 3782.7368856975336
2020 9 9 533.1242072223433 58.68749556545495 4217.071687903491
2020 9 10 558.1049093559919 57.46218311362095 4700.318476254867
2020 9 11 578.4635643549011 55.66605328239097 5190.157331037314
2020 9 12 596.1246895147582 53.59501495609836 5700.177889484751
2020 9 13 608.2733337784604 51.05694707805095 6202.449933396786
2020 9 14 615.25489310764 48.18457938442489 6693.767407614339
2020 9 15 618.7275231252786 45.19272314398419 7184.956048734463
2020 9 16 616.688589594744 41.98263202185761 7647.9576265043515
2020 9 17 613.091261737736 38.89400832394347 8121.385227822009
2020 9 18 609.0039981796912 36.000199490144055 8617.351213885146
2020 9 19 604.1135057429041 33.272604873593814 9131.85423738458
2020 9 20 599.0792169923625 30.741586639388277 9674.30862089622
2020 9 21 593.7237948820443 28.384469118917085 10243.122777025983
2020 9 22 587.7190570201986 26.174753133082646 10833.35297760226
2020 9 23 581.8418368520854 24.140036839527852 11458.824567638234
2020 9 24 575.5605508462522 22.24428821587208 12111.29305608238
2020 9 25 569.5142231749039 20.50387517295989 12804.430513482086
2020 9 26 563.2193240857566 18.888397663630023 13530.219979523834
2020 9 27 555.9710135083006 17.3658943502182 14272.573854884067
