2020 8 8 1243.5807377066249 1182.2941669135557 1304.867308499694
2020 8 9 1217.2609822663508 1100.3631370097376 1340.0587451029069
2020 8 10 1192.3819946235353 1024.9086483934066 1377.1721461395503
2020 8 11 1167.4192014103746 954.119146241115 1414.6293299571926
2020 8 12 1142.7113662487707 888.0002678011083 1452.7809780657449
2020 8 13 1117.827848522988 825.9204278175348 1491.0733752934584
2020 8 14 1093.870602343234 768.4645984927683 1530.8878511019652
2020 8 15 1070.4268070005437 715.0057308754631 1571.7654486254542
2020 8 16 1047.5672606427702 665.3204140581836 1613.8546701118523
2020 8 17 1025.9964470522436 619.5961402186566 1658.3042834290725
2020 8 18 1005.1834335109036 577.2036749755997 1704.485063678239
2020 8 19 985.7528317201958 538.2630579425925 1753.5801124203485
2020 8 20 969.1084422408034 503.26583700809744 1808.3775633519115
2020 8 21 954.4854935819391 471.4478979055077 1868.1350009321754
2020 8 22 939.7184810215418 441.4614409301459 1929.1532920557054
2020 8 23 925.108117874054 413.3485367602452 1992.0171773463776
2020 8 24 911.8914129041013 387.5471091216596 2059.4413675982933
2020 8 25 899.2816529516243 363.5339187778703 2130.09197701442
2020 8 26 887.3960499550625 341.2308846683284 2204.468565386488
2020 8 27 874.9215698614022 320.00930882345017 2279.5890376938696
2020 8 28 861.452366552477 299.679562848648 2354.2207263669516
2020 8 29 849.3096709082798 281.03066490773557 2434.3542661391307
2020 8 30 837.4354907859132 263.57449255000415 2517.4944622631465
2020 8 31 824.191392290408 246.71918837789778 2598.8568267652877
2020 9 1 811.6606301602409 231.0925976702048 2684.437568811203
2020 9 2 798.5140258059635 216.2261746956589 2770.1696033303388
2020 9 3 783.6886544816633 201.80387732241775 2852.077016179742
2020 9 4 768.958864650557 188.29728217430997 2935.752368665787
2020 9 5 753.6244662543056 175.47882797251592 3018.517352383762
2020 9 6 738.6246589841929 163.53970306421851 3103.7309917531134
2020 9 7 724.65719879015 152.57535621867893 3194.433684747497
2020 9 8 710.0401181818577 142.15371467546692 3283.7590750480467
2020 9 9 695.6093560644872 132.42219523959244 3375.080363474594
2020 9 10 680.9934543709758 123.26579567994727 3466.619971630593
2020 9 11 664.9152367846273 114.4222394087102 3551.635043037866
2020 9 12 647.7430461265798 105.95957195593635 3630.863916105594
2020 9 13 628.7125614306887 97.74627096838857 3698.957758993588
2020 9 14 608.4394446857578 89.88949425896574 3757.728306578523
2020 9 15 587.6343659264061 82.4890703575055 3810.109866823627
2020 9 16 566.1934824743375 75.50879334134099 3854.4865100323864
2020 9 17 545.2103923870097 69.07591368479517 3897.1708019184052
2020 9 18 524.921603767309 63.180517760303445 3939.7321299890123
2020 9 19 504.84626870026307 57.72309220947648 3978.6937510015437
2020 9 20 485.59657447260287 52.743686615426384 4018.4967592512453
2020 9 21 466.858210695852 48.169638655678476 4056.855388412208
2020 9 22 448.61102560887883 43.968334728628086 4093.5649991084156
2020 9 23 431.0598914894571 40.13178396040293 4130.450371299313
2020 9 24 414.29424054242685 36.6392002641066 4168.615053462043
2020 9 25 398.1833114925389 33.45080202109836 4207.158918268754
2020 9 26 382.6172466052314 30.533003517105882 4245.196441974013
2020 9 27 366.4930353684664 27.776614152313293 4270.633531774433
