2020 8 8 90.75019404929647 82.51080361330524 98.9895844852877
2020 8 9 92.22215290713388 76.24135676864064 109.72234607419682
2020 8 10 93.74916084166522 70.47405549704301 121.65587705972919
2020 8 11 95.301452866392 65.14302353343142 134.8873128648173
2020 8 12 96.87944763350492 60.21525914959238 149.55781513915795
2020 8 13 98.45082235705725 55.63990234849589 165.77334308579051
2020 8 14 100.08096416313444 51.43100453808813 183.80304621437494
2020 8 15 101.7380977428129 47.54049011856952 203.79368099128027
2020 8 16 103.4226700239853 43.94427487878544 225.95852064136014
2020 8 17 105.10017514491437 40.605241886559824 250.45765298580147
2020 8 18 106.80488922718712 37.519919789642515 277.61305818920306
2020 8 19 108.60946057484261 34.69439666557815 307.90042198627486
2020 8 20 110.66480284283028 32.15202293765056 342.1165945701852
2020 8 21 112.90867378138853 29.839425709161084 380.5977070284919
2020 8 22 115.15987531940475 27.683079880299335 423.27850251355295
2020 8 23 117.53381736560625 25.701277906513038 471.0317496736074
2020 8 24 120.19507787275732 23.91347816161193 525.1277448959044
2020 8 25 123.03848540453829 22.27428965336772 585.9689655542722
2020 8 26 126.03234023941023 20.762520857904725 654.2553935097905
2020 8 27 129.05644056955882 19.346338276362083 730.278483269902
2020 8 28 132.06585263324732 18.01367216345036 814.6415796532489
2020 8 29 135.45793744212406 16.81543072006471 910.6780795529365
2020 8 30 139.2576712517911 15.73668352909347 1020.1910037128032
2020 8 31 143.30521220393626 14.743098879922561 1143.9078963459285
2020 9 1 147.8094878257755 13.847132792044041 1285.3344776826962
2020 9 2 152.60523197728722 13.019658592192224 1445.5497293357503
2020 9 3 157.50499068900345 12.237231367073173 1625.2469590122491
2020 9 4 162.72179322384022 11.51423449131996 1828.9306257938026
2020 9 5 167.94636851266952 10.822276981173252 2056.2861847593686
2020 9 6 172.9980637261814 10.14995356702717 2307.733916229282
2020 9 7 177.90931541818367 9.50224253571854 2586.0288531150704
2020 9 8 182.47888032958875 8.870168147548982 2890.8907284424827
2020 9 9 186.79571120072805 8.262147950930457 3225.828888572004
2020 9 10 190.8989488361666 7.681841134945556 3594.1207632582154
2020 9 11 194.5760801224937 7.121519535945306 3994.7409784228057
2020 9 12 197.92940314952546 6.587624569361307 4431.914392177147
2020 9 13 200.80526527686098 6.075940674753116 4904.9458190619625
2020 9 14 203.24776244344946 5.589624018072333 5416.859092982549
2020 9 15 205.44515182182025 5.134674124732776 5974.874803068093
2020 9 16 207.38850973411388 4.709810709043321 6582.29549283286
2020 9 17 209.2801463743833 4.31851011930391 7249.243058802267
2020 9 18 211.1890370524169 3.959719573171222 7983.768729740808
2020 9 19 213.04395045712755 3.629399557927155 8790.02105025798
2020 9 20 214.987171627814 3.327861709560988 9680.665226088855
2020 9 21 216.94811735021904 3.0513762348853133 10661.553446092774
2020 9 22 218.85361385049325 2.7968302687386557 11738.22569164631
2020 9 23 220.8498262508125 2.564463959099691 12927.59512399213
2020 9 24 222.86424654762055 2.351403111954731 14237.476777158969
2020 9 25 224.88448493827934 2.155911315489949 15679.279366519231
2020 9 26 226.90529897632402 1.9765023404902708 17265.853911676953
2020 9 27 228.64897209683713 1.8094510167131128 18990.50255339752
