2020 8 8 1866.4410802438697 1805.5756094333522 1927.306551054387
2020 8 9 1848.4970160499574 1729.9747550023274 1970.9459184856346
2020 8 10 1831.4704399749278 1658.2365737396112 2016.3677194718778
2020 8 11 1813.862585383628 1588.8049192752308 2062.0236696051875
2020 8 12 1796.0800067214054 1521.9790983995815 2108.3223206259563
2020 8 13 1777.3647015227184 1457.025888055673 2154.3609954063318
2020 8 14 1758.9286826188156 1394.9137562469243 2201.5071461200255
2020 8 15 1740.5587987926533 1335.3502202297884 2249.5284736803533
2020 8 16 1721.9681355177686 1278.0135091679247 2298.0639961659103
2020 8 17 1703.8617928980125 1223.350781118401 2348.028072627709
2020 8 18 1685.9862299687816 1171.0550690757634 2399.134122886958
2020 8 19 1669.057620448653 1121.5223676579335 2452.4331626322682
2020 8 20 1654.356523519513 1075.467336016129 2509.9395360640547
2020 8 21 1641.275254739666 1032.272386085702 2571.0554587750426
2020 8 22 1627.9083279664915 990.5675946162078 2633.050012491278
2020 8 23 1616.734258817608 951.815808393524 2699.9101527052294
2020 8 24 1608.013199486538 915.9790216841872 2772.436434799338
2020 8 25 1600.5590504551317 882.186402305332 2849.01417117716
2020 8 26 1594.2018915145882 850.2260587971944 2929.5982163909857
2020 8 27 1587.643221680685 819.3026557283238 3012.044863976475
2020 8 28 1580.5093278430886 789.1931929877619 3095.669283630325
2020 8 29 1574.7188976297064 760.8450797158702 3184.1839900414216
2020 8 30 1567.829735447076 732.9741253111746 3272.9650003971583
2020 8 31 1558.5176100949077 704.977281124544 3359.100352175449
2020 9 1 1549.3346890251532 678.0832361831604 3447.661814263435
2020 9 2 1539.1407115580419 651.7489868777321 3536.1879099814673
2020 9 3 1526.6785684016652 625.4486063546298 3621.6218753844446
2020 9 4 1514.100173037145 600.1205750725459 3708.604775059837
2020 9 5 1500.7280503177924 575.4625488961356 3795.478822666225
2020 9 6 1487.7586461643286 551.9268218490275 3885.1077234463396
2020 9 7 1475.747804258144 529.6677037325379 3979.0636619831757
2020 9 8 1462.784369770978 507.92959051021745 4072.461869292528
2020 9 9 1449.7267426224996 487.01138376295825 4167.473087393511
2020 9 10 1436.235781160175 466.7699297371468 4263.120174362061
2020 9 11 1421.0657918806457 446.7832851774105 4355.6060039357
2020 9 12 1405.2811879568128 427.4088383550883 4447.723336595898
2020 9 13 1387.3731977575937 408.17540894160624 4534.513425034982
2020 9 14 1367.5884444792903 389.18818735096846 4616.117159442073
2020 9 15 1346.7565667478796 370.7059176500169 4694.702679231044
2020 9 16 1324.581793369276 352.64436883964925 4768.838641502451
2020 9 17 1302.3953156133796 335.3624947391723 4842.788668480274
2020 9 18 1280.7657105832593 318.97524740228965 4918.574274983192
2020 9 19 1257.4610096360766 302.88210515161467 4987.733420235376
2020 9 20 1234.0139619910606 287.4644774525903 5055.618379033668
2020 9 21 1210.5652982966296 272.72943135452556 5122.629490566595
2020 9 22 1187.0456296005925 258.63330436128365 5188.342879523893
2020 9 23 1164.0673398256693 245.28413528655048 5255.268240574336
2020 9 24 1141.8926052919649 232.6995675263954 5324.676496066872
2020 9 25 1119.6485024098783 220.66044710431493 5392.708255246074
2020 9 26 1097.9430036595954 209.2649419360192 5462.116349177438
2020 9 27 1074.307895238578 198.00995325584898 5520.72489543192
