2020 8 8 7814.995808474622 7492.569371036907 8137.422245912338
2020 8 9 7730.0940735651875 7106.260534154425 8380.16988493247
2020 8 10 7654.521317754807 6747.597547402696 8639.27251406282
2020 8 11 7577.417096535202 6405.035479329386 8903.823848175663
2020 8 12 7501.838691334794 6080.49783929707 9177.356537264859
2020 8 13 7423.305763447718 5769.398494056588 9454.75576615782
2020 8 14 7349.998396700577 5477.6384262530055 9746.148276917233
2020 8 15 7281.77491678066 5203.882032389706 10052.302740233588
2020 8 16 7206.26563862812 4938.1478731621755 10357.142340309565
2020 8 17 7132.25181234143 4686.471533733695 10672.250268998509
2020 8 18 7059.703295860566 4448.085393080099 10998.000223381292
2020 8 19 6994.174366458088 4225.783057283432 11343.478945874882
2020 8 20 6951.381059333985 4027.9597971213275 11735.69735791648
2020 8 21 6925.343572995318 3848.9547175897824 12169.323382341916
2020 8 22 6894.610885505491 3675.241043037227 12610.549734392649
2020 8 23 6882.41878325544 3519.1780771550048 13101.435850234522
2020 8 24 6895.424215723591 3382.615262009199 13659.35572257936
2020 8 25 6923.4520098240555 3258.709114978444 14270.743979804465
2020 8 26 6965.283498536315 3145.785143871773 14937.715374656598
2020 8 27 7006.679108864971 3036.463315810929 15634.382174151366
2020 8 28 7041.393571099784 2927.9386169253116 16348.083231707837
2020 8 29 7094.379894974402 2830.8188970067727 17136.387027072342
2020 8 30 7151.271876360984 2738.31998553237 17971.173756100194
2020 8 31 7191.651804563292 2642.346148536957 18803.985147181425
2020 9 1 7235.814760249915 2551.0422250553293 19684.685577906355
2020 9 2 7271.664470837487 2459.866715745846 20583.280786730524
2020 9 3 7283.96761615561 2363.9244216008856 21455.742359192285
2020 9 4 7293.411053695054 2270.7893296475795 22356.699972106555
2020 9 5 7290.608636388724 2177.507086297013 23257.915000827386
2020 9 6 7290.690445981458 2088.9179230341174 24204.656264814803
2020 9 7 7303.7465775255705 2007.6502829368653 25233.00973487265
2020 9 8 7308.8831394128565 1927.3609394381622 26277.612260642847
2020 9 9 7313.300719492078 1850.0919541686842 27362.86156470879
2020 9 10 7314.105814700197 1775.0061774142168 28479.404826114194
2020 9 11 7294.663902348282 1698.0541307414494 29562.67128216394
2020 9 12 7261.571088766895 1621.2485040283093 30631.610094799325
2020 9 13 7197.757984289996 1541.0246572529668 31608.978802643942
2020 9 14 7109.599381560962 1459.4381274356767 32508.15661583705
2020 9 15 7005.651142886487 1378.708132889195 33355.77904600989
2020 9 16 6887.292565360243 1299.30873889821 34149.654810150096
2020 9 17 6767.529055934158 1223.8396504153814 34945.54394989111
2020 9 18 6645.16460868356 1151.9071446592884 35735.797729826736
2020 9 19 6510.559184146374 1081.6971123012288 36466.1956071984
2020 9 20 6375.462007866397 1015.2317491183118 37193.49577255632
2020 9 21 6236.234736751127 951.7462978666161 37894.853009753104
2020 9 22 6093.265896340474 891.1957395726363 38568.22442375717
2020 9 23 5949.9602170904955 833.9687874855263 39230.682957474935
2020 9 24 5812.966121017614 780.8288406849091 39923.91281070756
2020 9 25 5682.478645153392 731.5252513007352 40652.417121528255
2020 9 26 5556.362259379628 685.5204478754113 41404.530396395035
2020 9 27 5411.126585680187 639.7046475916014 42007.22922235053
