2020 8 8 51997.7 603.800000 603.800000
2020 8 9 51291.8 1152.2000 1211.58000
2020 8 10 50638 1652.41000 1826.97000
2020 8 11 49983 2107.99000 2450.8000
2020 8 12 49341.1 2523.01000 3085.27000
2020 8 13 48690.3 2899.55000 3730.9000
2020 8 14 48070.5 3243.0000 4393.8000
2020 8 15 47473.3 3556.6000 5078.9000
2020 8 16 46871.1 3840.4000 5789.5000
2020 8 17 46294.3 4099.2000 6536.4000
2020 8 18 45733.4 4334.5000 7331.1000
2020 8 19 45230.2 4552.0000 8198.4000
2020 8 20 44863.1 4762.8000 9178.5000
2020 8 21 44605.8 4967.4000 10305.000
2020 8 22 44343.2 5155.7000 11603.000
2020 8 23 44175.4 5340.000 13162.000
2020 8 24 44156.3 5530.9000 15101.000
2020 8 25 44244 5723.8000 17529.000
2020 8 26 44420.7 5920.5000 20587.000
2020 8 27 44613.8 6112.3000 24469.000
2020 8 28 44797.7 6295.7000 29400.000
2020 8 29 45104.7 6490.5000 35750.00
2020 8 30 45431.3 6685.2000 43850.00
2020 8 31 45659.7 6862.8000 54080.00
