2020 8 8 412.0839355915053 398.379589324287 425.7882818587235
2020 8 9 400.7077149945612 374.514241588279 427.78647515400866
2020 8 10 389.8006777274512 352.22355735420166 429.9596537522797
2020 8 11 379.1150725534738 331.1914129137979 432.06064760364285
2020 8 12 368.64900890844467 311.35104345668293 434.08827665305995
2020 8 13 358.32916310953846 292.5786996061592 435.95737368865366
2020 8 14 348.3675674116534 274.99483265972674 437.9189042349899
2020 8 15 338.4806113025321 258.3080622199053 439.6349647142297
2020 8 16 328.6121847473556 242.4338537752609 441.01736026229145
2020 8 17 319.03147287781553 227.53518783431696 442.40410263807325
2020 8 18 309.7300873515689 213.55211286123185 443.79520550981294
2020 8 19 300.9396944855744 200.5937054257597 445.5342932853953
2020 8 20 292.7482862843338 188.6545841575631 447.79763176662016
2020 8 21 284.9498399673347 177.53561660546558 450.3325003273061
2020 8 22 277.35913445637414 167.0719813368462 452.88171813453584
2020 8 23 270.2390691994649 157.38674964075943 455.8836738848913
2020 8 24 263.6679420523823 148.47622543340086 459.5232262389947
2020 8 25 257.40970797026523 140.15639356321904 463.45867614716
2020 8 26 251.34984005970352 132.3298907993588 467.5175388545209
2020 8 27 245.4326318778017 124.94042942872676 471.6119481323208
2020 8 28 239.6072181027126 117.93942058976228 475.6509283013051
2020 8 29 234.2447271304268 111.49051329934011 480.3689806301781
2020 8 30 229.0022505285575 105.39423115352604 485.1338320220898
2020 8 31 223.56681655814862 99.48848913506576 489.2886163412751
2020 9 1 218.34694304178163 93.95218877576986 493.6684001749953
2020 9 2 213.1644158447564 88.68759902634491 497.8962762630744
2020 9 3 207.7748101464626 83.58067572858458 501.3893632854938
2020 9 4 202.48125646546296 78.75164766006219 504.8099059146784
2020 9 5 197.1266033791494 74.12540828632433 507.76521937621845
2020 9 6 191.9135550525814 69.77093580736314 510.7378341576289
2020 9 7 186.98695676931933 65.72628586941406 514.1232929138115
2020 9 8 182.11444101458997 61.8906615016074 517.3321611141048
2020 9 9 177.36889352647276 58.27887473691956 520.5610572634694
2020 9 10 172.74700575933383 54.87786296343513 523.8101063650898
2020 9 11 168.04493000912203 51.611591674067995 526.4710902409846
2020 9 12 163.37325986845156 48.50975493027208 528.839874869016
2020 9 13 158.57847758793557 45.51921952853184 530.4004035897859
2020 9 14 153.70955028719845 42.65136892201218 531.2468730802427
2020 9 15 148.87110609376796 39.93117867056221 531.6833728615325
2020 9 16 144.0408853942415 37.34582873110398 531.6056580965545
2020 9 17 139.36738437402903 34.927867647471935 531.5279546909401
2020 9 18 134.8724946369979 32.67321857380615 531.5531471990935
2020 9 19 130.41814878296623 30.538813256412563 531.1667831715946
2020 9 20 126.13615793113945 28.549750958591098 530.8835146224919
2020 9 21 121.9703413676047 26.684714610285578 530.4976373232546
2020 9 22 117.8948884300371 24.931182932507994 529.9066702543914
2020 9 23 113.95561053682941 23.292881017906677 529.316361514712
2020 9 24 110.14795760655745 21.76223677725739 528.7267103708464
2020 9 25 106.42844372579444 20.324453007905614 527.9500884730568
2020 9 26 102.8393384889923 18.98257844431984 527.1984521213094
2020 9 27 99.2040591324395 17.69843356451468 525.5906950872226
