2020 8 8 1101.3813790594736 1037.8393763617253 1164.923381757222
2020 8 9 1096.4808086703817 973.7112140326229 1226.5374749626167
2020 8 10 1092.0917974653535 913.9804529444503 1291.9582514142012
2020 8 11 1087.162876018939 857.447221722542 1360.2089221286267
2020 8 12 1082.1174595526832 804.3013648416406 1431.8915057323386
2020 8 13 1076.197829398119 753.7823900851478 1506.1639684140873
2020 8 14 1070.2419114100787 706.3884649739954 1584.1928505275564
2020 8 15 1064.3189547959712 661.9744239341435 1666.2641254824161
2020 8 16 1058.0213010296723 620.0994694160466 1751.9492832392227
2020 8 17 1052.0309543081628 581.0316973025474 1842.487830575607
2020 8 18 1046.0745239679293 544.425289684892 1937.7052967780824
2020 8 19 1041.4200401220899 510.7852157503559 2040.1926849015645
2020 8 20 1041.2385193232128 481.4074604037671 2156.822925941502
2020 8 21 1044.7112276993132 455.40884946795654 2287.6897947297807
2020 8 22 1047.9288719760332 430.69806839808064 2425.9132131710935
2020 8 23 1054.2991686776109 408.6197754046762 2579.763485177023
2020 8 24 1065.68641694853 389.6026873421321 2755.5520868960502
2020 8 25 1080.7326532553132 372.76337078301435 2952.462213194893
2020 8 26 1098.4738854049017 357.50815733856064 3170.2255484973957
2020 8 27 1116.1558960746452 342.7631978403548 3403.0389113650076
2020 8 28 1133.5527694675764 328.4514051674224 3651.212355252748
2020 8 29 1154.764987258099 315.76413244175126 3928.9003014871532
2020 8 30 1175.7846787721803 303.4057502675829 4225.701842976644
2020 8 31 1193.0605991818563 290.4662566561812 4530.094727874298
2020 9 1 1211.5800139884027 278.31954509116184 4860.171920709633
2020 9 2 1229.381878793679 266.44991515679436 5210.268024745516
2020 9 3 1242.895491400216 254.10039122377307 5566.300172291557
2020 9 4 1256.478340950569 242.30703402610393 5946.305811857869
2020 9 5 1267.8845802121482 230.61265564481477 6341.250713926053
2020 9 6 1279.0707569907954 219.42381862891767 6760.8087716514465
2020 9 7 1292.6408655688533 209.1698717046472 7220.205307686628
2020 9 8 1303.4680887708232 198.92796526123342 7694.6929221961
2020 9 9 1314.3028288720168 189.1748557386133 8199.871279784888
2020 9 10 1324.8921747293866 179.85164114602648 8736.123136939714
2020 9 11 1330.0717719523677 170.24196286598644 9271.210998738676
2020 9 12 1331.9616886993465 160.7220876120128 9816.00128078074
2020 9 13 1328.754855521724 151.1192337627272 10355.223549627022
2020 9 14 1320.468585197434 141.51157079463317 10884.4217793481
2020 9 15 1308.7794425827765 132.1445156130913 11412.18910401285
2020 9 16 1292.3501163685253 122.9084392222935 11923.311633364483
2020 9 17 1274.8900847629995 114.20026768991039 12445.91387871015
2020 9 18 1257.3405476164523 106.0799299766079 12988.245309171018
2020 9 19 1238.508235870786 98.40839056349198 13538.462394446886
2020 9 20 1219.404800273908 91.24769012840636 14105.941067967156
2020 9 21 1199.6623247079133 84.53817044114753 14686.405236392713
2020 9 22 1179.0147048088575 78.23569922596147 15275.76179900674
2020 9 23 1158.6472238240322 72.39809635886073 15887.79415942353
2020 9 24 1138.7794543837467 67.00530891462243 16526.375510792237
2020 9 25 1119.1312587182476 62.00709341929709 17188.865951646792
2020 9 26 1099.655444003002 57.37248438185439 17875.354358180994
2020 9 27 1078.0626984928952 52.95615089446954 18549.338681299098
