2020 8 8 3.9074404453306184 3.536921678570905 4.277959212090332
2020 8 9 3.7156333491579074 3.0445465632667665 4.453504225900098
2020 8 10 3.535075830045135 2.6222179576114057 4.638451151405732
2020 8 11 3.3615472403716664 2.2571788115500286 4.828788864100187
2020 8 12 3.1948773404693083 1.9418425381479623 5.024553314995
2020 8 13 3.0348940059559477 1.6696013274476176 5.225773911389449
2020 8 14 2.8829218294916954 1.4355276176375753 5.435052881508881
2020 8 15 2.737136503222396 1.2335617798121996 5.650029938084835
2020 8 16 2.5987233370782965 1.0600107207394847 5.873510156610012
2020 8 17 2.4673095312289717 0.9108767363509793 6.105829869548379
2020 8 18 2.342541137810206 0.7827245636219591 6.347338712594749
2020 8 19 2.231020456438134 0.6749205941145032 6.617200269009284
2020 8 20 2.1468356975528233 0.5886278392352289 6.963866573225245
2020 8 21 2.085963399396614 0.5188890721696571 7.394010581392533
2020 8 22 2.029906297349634 0.45818118007826636 7.861673840801246
2020 8 23 1.994394781303665 0.40887328916842686 8.432653439060601
2020 8 24 1.9890403979359383 0.3709269330053174 9.169985238619644
2020 8 25 2.0013743452956576 0.339798203380054 10.053269091695737
2020 8 26 2.026628450693216 0.3134624726921053 11.08614995023362
2020 8 27 2.0522012220319716 0.2891678673072602 12.225149809287982
2020 8 28 2.077083614696972 0.26661344455677777 13.475136494800125
2020 8 29 2.1145718855129463 0.24739757376567129 14.932754492436672
2020 8 30 2.146473634859577 0.2288339013639774 16.503815205131676
2020 8 31 2.1555454061054093 0.2091779724800042 18.060929931342763
2020 9 1 2.1721040873424724 0.19193323276922145 19.827366755168825
2020 9 2 2.1834286931389397 0.17563642069650684 21.717629986651925
2020 9 3 2.177566807423656 0.1593361087135004 23.616569545349044
2020 9 4 2.1727956113788123 0.1446272378909194 25.693206286157935
2020 9 5 2.161599288067966 0.1308478241848318 27.876344043055422
2020 9 6 2.151527728768384 0.11844584203505248 30.258742937282385
2020 9 7 2.148937782155795 0.10762863524230284 32.94930927735985
2020 9 8 2.1304386607041166 0.09700236226296295 35.6351365612299
2020 9 9 2.1131504763008877 0.08747311592503638 38.55748737411774
2020 9 10 2.0949594297143523 0.07883681568690477 41.70045922567147
2020 9 11 2.054173170704521 0.07019699668377816 44.64674907979869
2020 9 12 2.0009984610544236 0.06205354139493348 47.514687781892825
2020 9 13 1.9314200307246905 0.054303409686684956 50.14465222989471
2020 9 14 1.8470990113685808 0.04703870286011999 52.474617865523435
2020 9 15 1.7546056141191988 0.040444000578736004 54.57609300978348
2020 9 16 1.6511529737378425 0.034414486167345215 56.27678176651087
2020 9 17 1.5489094322568462 0.029181938155109062 57.863781400355904
2020 9 18 1.452997067802356 0.02474497251964354 59.49553426561835
2020 9 19 1.3630238379826438 0.02098262499712386 61.17330239896136
2020 9 20 1.2799676854821664 0.017813039401006394 62.95877962095312
2020 9 21 1.201972577606112 0.015122243892044009 64.79636991817925
2020 9 22 1.1287301185051757 0.012837913574566187 66.68759432522754
2020 9 23 1.0599507044978607 0.010898648780207833 68.6340182714218
2020 9 24 0.9953623789656673 0.009252324728969011 70.63725287657972
2020 9 25 0.9345459707070118 0.007853168021743549 72.68733296444027
2020 9 26 0.877230140132955 0.0066637857125617875 74.7801668804155
2020 9 27 0.8216107158503118 0.005640722205507749 76.77821482046811
