2020 8 8 636.4194344214844 615.7270619390318 657.1118069039369
2020 8 9 625.4773401520358 585.4770035385346 666.7993314466078
2020 8 10 614.8851839785992 556.864560863766 676.8021732860868
2020 8 11 604.3928667442897 529.5783878766823 686.8675275987059
2020 8 12 593.8841466294474 503.4579784131417 696.8604609878645
2020 8 13 583.4045087653558 478.495664172417 706.8185023057845
2020 8 14 573.1097938536376 454.771024492371 716.9188426813218
2020 8 15 562.9226082138943 432.16386966246466 727.0707836085518
2020 8 16 552.8436897741086 410.62464123351447 737.2724361880564
2020 8 17 542.9809851762012 390.18549369441433 747.664912189783
2020 8 18 533.2942307497163 370.7637199565312 758.2038788944644
2020 8 19 524.1596802135117 352.5724457589517 769.4307976105875
2020 8 20 515.6900832917747 335.61574804197545 781.5703880635028
2020 8 21 507.75756229692723 319.7350366555413 794.5080761515574
2020 8 22 499.88138467968434 304.56441386712345 807.5571596976052
2020 8 23 492.547660801324 290.3696649184008 821.4995255525654
2020 8 24 485.7674994661244 277.0993976127111 836.42641909672
2020 8 25 479.3320023995167 264.5789674881736 852.0572987598816
2020 8 26 473.0747643255061 252.6755932625308 868.145601216216
2020 8 27 466.89920873486585 241.3077503351649 884.5376784026106
2020 8 28 460.68348448229455 230.38891992377106 901.0104399407722
2020 8 29 454.9378336105929 220.15785305001737 918.5475087211744
2020 8 30 449.0578842048775 210.28145608879683 936.0100725064997
2020 8 31 442.8182963911651 200.64412351338794 952.8965862130555
2020 9 1 436.72268426943504 191.47442889984515 970.2110038828932
2020 9 2 430.4850246210012 182.6247338747669 987.3380507435196
2020 9 3 423.80747461044035 173.95964987762568 1003.5541939132041
2020 9 4 417.1786860789473 165.68320099430497 1019.9068650921712
2020 9 5 410.35679216926997 157.6826500725701 1035.8004236558008
2020 9 6 403.61991355087815 150.0582337509073 1051.8746676948947
2020 9 7 397.150257262112 142.86070935802587 1068.6065359171716
2020 9 8 390.6301919738195 135.9529771271662 1085.189887157247
2020 9 9 384.19190381456184 129.3704612942002 1101.9604064264847
2020 9 10 377.81003581181216 123.08992123355137 1118.8475609651825
2020 9 11 371.11879203802147 116.9789500919639 1134.7633803281321
2020 9 12 364.2820353488974 111.08814625947836 1150.0983193752697
2020 9 13 357.1235939350132 105.35748474631868 1164.2272448444137
2020 9 14 349.78246949350466 99.82705428753948 1177.4756113959338
2020 9 15 342.2981675338112 94.50299674334197 1189.8847623059157
2020 9 16 334.64194072658404 89.37120793585487 1201.2703723375798
2020 9 17 327.11367649248007 84.506530275561 1212.6095456815394
2020 9 18 319.7336159385329 79.90118268913105 1223.9773288478316
2020 9 19 312.3753089930902 75.51063979579324 1234.8975648375294
2020 9 20 305.2065476894574 71.36623931655234 1245.9950960697297
2020 9 21 298.14308693890814 67.43545759471309 1256.9506061267673
2020 9 22 291.1852511099581 63.708095482538674 1267.758567504707
2020 9 23 284.40862404259013 60.19087622439056 1278.741452702467
2020 9 24 277.7897064547893 56.86783686153187 1289.8194851706612
2020 9 25 271.32183375005866 53.72764406314967 1300.9795862395765
2020 9 26 265.04959320057736 50.769768595608184 1312.4522075518612
2020 9 27 258.80835721305476 47.95289830767141 1323.461537858125
