2020 8 8 827.6234149594975 792.9903527590893 862.2564771599057
2020 8 9 817.8336063417217 750.834029419276 887.6961174227715
2020 8 10 808.2658223091095 711.0163076515316 914.0016144254355
2020 8 11 798.704991175444 673.2178233938748 940.9679207235899
2020 8 12 789.2053842866129 637.3850323547259 968.6687213223644
2020 8 13 779.7675112696603 603.4180899834729 997.1220885586674
2020 8 14 770.4931422553358 571.3004698369697 1026.4759905775131
2020 8 15 761.2790433885219 540.8552457564293 1056.6273701732937
2020 8 16 752.0020980589031 511.90954696925377 1087.4242403938013
2020 8 17 742.813783495864 484.496353118453 1119.0834186253135
2020 8 18 733.761855796783 458.56689119516517 1151.7006570029955
2020 8 19 725.1299702944791 434.21870234598674 1185.7547257008084
2020 8 20 717.40017684532 411.6426912763343 1222.1248023006224
2020 8 21 710.3817341985189 390.6013494351681 1260.6818900341334
2020 8 22 703.316620961748 370.572131714192 1300.2507474569168
2020 8 23 696.8013555804656 351.82265815171365 1341.9481700195956
2020 8 24 691.3193488533921 334.51306299196125 1386.856462028362
2020 8 25 686.4865580535877 318.3483670729714 1434.4834813748496
2020 8 26 682.1110757368895 303.1612020029779 1484.631090373845
2020 8 27 677.7634815780569 288.6985576364638 1536.5317921905462
2020 8 28 673.3995828414884 274.9071213822923 1590.1470878921525
2020 8 29 669.6322924449871 262.0066041498216 1646.9756853954784
2020 8 30 665.7991040464259 249.67743696924134 1705.6213063127639
2020 8 31 661.1879550536985 237.62847280675575 1764.30602041411
2020 9 1 656.8234343837046 226.2381287835334 1825.5827623773598
2020 9 2 652.2744485117636 215.32030161024176 1888.3949482253804
2020 9 3 646.9733134951833 204.6706585982721 1951.0995393635335
2020 9 4 641.7152616202594 194.5477420279535 2015.886250957208
2020 9 5 636.1665510790078 184.82442645884018 2081.7769027207905
2020 9 6 630.6451616887839 175.58107178810835 2149.753639644921
2020 9 7 625.5402887457493 166.90261404229446 2221.2065107210374
2020 9 8 620.0705028239754 158.54471794827933 2293.5918259922805
2020 9 9 614.6284110918807 150.6002078382159 2368.261580034357
2020 9 10 609.1941673578432 143.04400862149336 2445.2084703854557
2020 9 11 602.9969497716528 135.67649873569695 2521.400124140761
2020 9 12 596.4124406902491 128.5871269780884 2598.08282674225
2020 9 13 589.2026574311049 121.71787768890601 2674.0606393390076
2020 9 14 581.3721516190749 115.06935633128698 2749.047667422626
2020 9 15 573.0982630741512 108.6756378212368 2823.5488643952035
2020 9 16 564.2908130006355 102.51367285254085 2896.8602014283947
2020 9 17 555.4538104486693 96.67113622284995 2971.2284434221924
2020 9 18 546.7732346252004 91.16472083600699 3047.6023461593813
2020 9 19 538.1395472617269 85.95715149758526 3125.44461113687
2020 9 20 529.7120831901818 81.05821663129747 3205.6810757976873
2020 9 21 521.4165963186745 76.43848555906287 3287.977372278376
2020 9 22 513.2510198355066 72.0820456874828 3372.3863806147674
2020 9 23 505.2799818884911 67.98325355947584 3459.400354107563
2020 9 24 497.53117897233466 64.13077532848583 3549.333429422453
2020 9 25 489.9415971095938 60.501815452997604 3641.8925938919833
2020 9 26 482.5011988333499 57.082332593074575 3737.1138425593267
2020 9 27 474.9215510808517 53.82627294343088 3832.8710692706977
