2020 8 8 116.57349871591556 109.2594481919084 123.88754923992272
2020 8 9 117.00335169649676 102.79656786189899 132.12935198108121
2020 8 10 117.49737276299105 96.77096187184655 140.99012653862167
2020 8 11 117.93063243563513 91.04679653559909 150.36970357046624
2020 8 12 118.36548970948105 85.66122521725639 160.37327085933217
2020 8 13 118.70698303000543 80.5254914736885 170.9136689947451
2020 8 14 118.95422015066353 75.63305803415545 182.00969782017415
2020 8 15 119.17015893877036 71.01764350163113 193.77742428358647
2020 8 16 119.29087667196065 66.6268998326571 206.1505137211069
2020 8 17 119.41171669055558 62.507618704765456 219.31365051731672
2020 8 18 119.5007434989992 58.62629953271576 233.25862731252434
2020 8 19 119.84551211190121 55.111417927799934 248.58935410521073
2020 8 20 120.89641136099709 52.13152703079655 266.39030707945204
2020 8 21 122.6031794779318 49.591602149129315 286.89082345920116
2020 8 22 124.36683222594738 47.188688993973656 309.0457181724406
2020 8 23 126.82107164019803 45.15461071806482 334.56453688849024
2020 8 24 130.30734111811762 43.55842177789575 364.7853343519708
2020 8 25 134.51673905572358 42.22834492039738 399.49199442967887
2020 8 26 139.3297949883547 41.0856994047119 438.88966803443014
2020 8 27 144.35232627955747 39.984960440127146 482.29009503855434
2020 8 28 149.51730296027463 38.90301806639931 529.853270301327
2020 8 29 155.5468649303244 38.02722430650757 584.5160775006725
2020 8 30 161.61158190218651 37.12029637568279 644.0366056593392
2020 8 31 166.961884737007 36.01659319571856 705.8287103540076
2020 9 1 172.8018818324273 35.01313284350964 774.8708337542246
2020 9 2 178.6612930874467 34.00017413244378 849.8375283017524
2020 9 3 183.66819597513475 32.816474065822575 927.0568558396195
2020 9 4 189.0118968901442 31.709089876231406 1012.2843452181056
2020 9 5 194.35942040229466 30.613633148927754 1104.5349077378105
2020 9 6 200.48199274810088 29.654269443697277 1208.7371417947775
2020 9 7 207.8161599780703 28.875654805831328 1328.911910769385
2020 9 8 214.97400173340634 28.055703461643 1458.1914193233697
2020 9 9 222.6658466418367 27.296551668924664 1601.9974289375716
2020 9 10 230.63290844913988 26.557941561969987 1759.9855055473097
2020 9 11 237.09629262908476 25.63333932100004 1919.9041872820853
2020 9 12 242.47262365856676 24.60381842306177 2084.084430123974
2020 9 13 245.8309098725354 23.398504027147297 2243.9113001635524
2020 9 14 247.2633490947072 22.064504918228135 2397.9917391966765
2020 9 15 247.44769504856387 20.694441752561985 2550.467150915551
2020 9 16 245.77920221828037 19.254483326042607 2693.538851073936
2020 9 17 243.66183922952635 17.878673829960967 2839.593796419604
2020 9 18 241.49755188074718 16.59638990523544 2992.809027415653
2020 9 19 238.964970017676 15.379441851900003 3149.488849540402
2020 9 20 236.58676549271368 14.259954011580088 3316.0557950809207
2020 9 21 234.04240992464116 13.210513920889321 3488.771412527181
2020 9 22 231.21245446812014 12.220640629524066 3665.81765604854
2020 9 23 228.4785535498885 11.308207557941856 3852.8289353651253
2020 9 24 225.9602925801342 10.472972572843664 4052.4717904839613
2020 9 25 223.4496438545734 9.698495204609097 4262.09831577424
2020 9 26 220.8553396376972 8.976448796706046 4480.440675255032
2020 9 27 217.5055803881922 8.276229308091175 4694.0316736492005
