2020 8 8 37.81246023158147 35.35332706012525 40.271593403037684
2020 8 9 37.2721210104009 32.58178090688919 42.27774975798805
2020 8 10 36.83161528649058 30.1080324845537 44.48832680263599
2020 8 11 36.48733916306431 27.896508810069847 46.92443406269605
2020 8 12 36.14628109152742 25.84742806390792 49.49393853072138
2020 8 13 35.80841099178646 23.948858334478523 52.20414481738517
2020 8 14 35.56219380239354 22.24892990179589 55.1917716824919
2020 8 15 35.31766959246196 20.669665119792693 58.3503794977958
2020 8 16 35.074826721133256 19.202499088726473 61.68975344955014
2020 8 17 34.83365362759101 17.83947485919594 65.22023872715415
2020 8 18 34.59413883051054 16.573200278849246 68.95277257195778
2020 8 19 34.44176478633729 15.437765905266506 73.06932386485043
2020 8 20 34.290061891963475 14.380120443603122 77.43163749499111
2020 8 21 34.139027191229104 13.3949345547459 82.05438572615408
2020 8 22 33.988657740994945 12.477244014026402 86.95311677131996
2020 8 23 33.92294812062856 11.65326020205722 92.3591977524895
2020 8 24 33.941200654180044 10.91249055850255 98.32963850358621
2020 8 25 33.95946300866395 10.218809854463297 104.68603066645117
2020 8 26 33.977735189364516 9.56922475963229 111.4533235703644
2020 8 27 33.99601720156882 8.960932222490113 118.65807936169257
2020 8 28 34.01430905056679 8.39130737474152 126.32857726236129
2020 8 29 34.03261074165119 7.857892204637656 134.49492456798134
2020 8 30 33.96681614779133 7.338965431582517 142.85679221308243
2020 8 31 33.73326169025191 6.818033876959676 151.03244170933928
2020 9 1 33.50131314374045 6.33407888083566 159.67598106683525
2020 9 2 33.27095946607751 5.884475787694244 168.81418747585357
2020 9 3 32.95996585750083 5.452243707331995 178.05817342154893
2020 9 4 32.65187919919333 5.051760346487798 187.80834476221554
2020 9 5 32.346672319021444 4.680693668191629 198.09241937362552
2020 9 6 32.04431829883767 4.336882930458333 208.93963291662527
2020 9 7 31.82398285895005 4.029044013891347 220.8971826987522
2020 9 8 31.6051624366583 3.7430559980917284 233.5390593115341
2020 9 9 31.38784661476255 3.477367871024775 246.90442656525707
2020 9 10 31.172025047691182 3.2305387139813355 261.0346896028095
2020 9 11 30.880650806857876 2.993246129320693 275.32851785330814
2020 9 12 30.515683558691325 2.7659860568516876 289.7246223003871
2020 9 13 30.07961511493203 2.5491448525504845 304.1574480988735
2020 9 14 29.501104202746216 2.3367034455809894 317.80590218593215
2020 9 15 28.860812350744432 2.136191757700082 331.2813969625245
2020 9 16 28.091767664401278 1.9423273963454362 343.69085741068454
2020 9 17 27.27379116918923 1.761256525603933 355.71578672308726
2020 9 18 26.412229730221924 1.592713081660896 367.28234539528165
2020 9 19 25.512610876004384 1.4363622680396677 378.3173263392047
2020 9 20 24.643633663599374 1.2953598415206085 389.68385277111383
2020 9 21 23.804254417445218 1.1681991071196505 401.3918859597382
2020 9 22 22.934636618103273 1.050634260086379 412.4597108709677
2020 9 23 22.096787724590953 0.9449008664189941 423.8327157137066
2020 9 24 21.344155816655565 0.8521434068632825 436.5667498973491
2020 9 25 20.63474195776498 0.7691935861333865 450.04301241647346
2020 9 26 19.97270470307106 0.6952054179061034 464.4543009706496
2020 9 27 19.280080702225177 0.6265301244646384 478.12185273434176
