2020 7 2 20.40488870619173 18.02886816643248 22.78090924595098
2020 7 3 20.662071366103106 16.130295464226872 25.754166815200783
2020 7 4 20.922495549235286 14.431656461257667 29.11548003568288
2020 7 5 21.18620211165841 12.911896665356137 32.91549611334764
2020 7 6 21.453232424391402 11.55217877756398 37.21147249023514
2020 7 7 21.723628379892386 10.33564920534614 42.068139581527255
2020 7 8 21.997432398630878 9.247229163683246 47.55867611299887
2020 7 9 22.274687435742834 8.273427774758748 53.765811754944615
2020 7 10 22.555436987769575 7.402174849626572 60.78307366672112
2020 7 11 22.839725099481633 6.622671279201673 68.71619573444406
2020 7 12 23.127596370788634 5.925255180181995 77.6847117357885
2020 7 13 23.41909596373624 5.301282136791443 87.82375643719678
2020 7 14 23.7142696095913 4.7430180539500135 99.28610176185751
2020 7 15 24.013163616016318 4.243543293794853 112.24445870879183
2020 7 16 24.315824874334286 3.7966669073322175 126.89407970763668
2020 7 17 24.622300866885173 3.396849898128655 143.45570062058496
2020 7 18 24.93263967447505 3.039136566901101 162.1788667206386
2020 7 19 25.246889983919157 2.7190930860276663 183.3456927609644
2020 7 20 25.56510109568003 2.4327525426151917 207.27511379089
2020 7 21 25.887322931601886 2.1765657689368503 234.32769076849306
2020 7 22 26.213606042742494 1.9473573507870838 264.9110433792358
2020 7 23 26.544001617303785 1.742286268481012 299.48599192064097
2020 7 24 26.878561488662385 1.558810682646703 338.57350079698654
2020 7 25 27.21733814350138 1.3946564283330698 382.7625282464053
2020 7 26 27.560384730044582 1.247788826920424 432.7189005775971
2020 7 27 27.90775506639456 1.1163874664446125 489.19534463035006
2020 7 28 28.25950364897578 0.9988236377389066 553.0428296258173
2020 7 29 28.615685661084154 0.8936401467164616 625.2233893019659
2020 7 30 28.976356981544345 0.7995332525682297 706.8246175340871
2020 7 31 29.341574193476198 0.7153365080017582 799.0760558557972
2020 8 1 29.711394593171654 0.640006301221952 903.3677198025208
