2020 7 2 1090.666890528692 992.8372935217378 1188.496487535646
2020 7 3 1138.9240765172774 943.7851967954225 1352.3867438781538
2020 7 4 1189.6509975128295 897.433811216726 1539.2742707515972
2020 7 5 1243.1211425424199 853.7238688341338 1752.6140382520136
2020 7 6 1299.6546878838717 812.5961878716213 1996.4528721299155
2020 7 7 1359.0528948452366 773.6334309032894 2274.6678087226283
2020 7 8 1421.350043291569 736.6437688103326 2591.961683587866
2020 7 9 1486.9042827239934 701.6307619906455 2954.247069826714
2020 7 10 1555.4819563398876 668.2819389982855 3367.1700491724746
2020 7 11 1627.644294557082 636.699412535521 3838.7214185642974
2020 7 12 1704.05550497708 606.9619436522012 4378.435840485945
2020 7 13 1783.6880993836344 578.4830869379214 4993.09281541107
2020 7 14 1866.6792719661742 551.222821067502 5693.02159274994
2020 7 15 1953.2787599368437 525.172424794128 6490.294106117126
2020 7 16 2043.675105813056 500.2938156330296 7398.486412760069
2020 7 17 2138.0702082440275 476.5485425443749 8433.094104455995
2020 7 18 2235.955674121576 453.7364509963306 9608.95171317493
2020 7 19 2336.730998921081 431.6933918119354 10941.923879347765
2020 7 20 2442.3651191182403 410.77974003203417 12461.292007100341
2020 7 21 2552.195038737754 390.7817989009805 14188.67914427455
2020 7 22 2666.992699826606 371.7618303566529 16155.677389076152
2020 7 23 2787.074487286731 353.6843950072995 18396.093734644943
2020 7 24 2913.318723423987 336.5819055286124 20952.191975882968
2020 7 25 3045.9725912165527 320.38627026971074 23868.425894092332
2020 7 26 3182.4641343320754 304.73826580691525 27173.29708554256
2020 7 27 3324.101100489214 289.76156411306175 30927.478133376113
2020 7 28 3473.205947951031 275.6223980517502 35211.15789422459
2020 7 29 3629.666103475686 262.22610430237216 40094.921427587804
2020 7 30 3793.5763305260302 249.50995598940938 45660.49910061857
2020 7 31 3963.1933320017897 237.29895895200815 51978.23139766737
2020 8 1 4140.394186992799 225.6855671206042 59170.10528675656
