2020 7 2 565.3836887848615 533.2816172292089 597.4857603405142
2020 7 3 574.0454827798127 510.70891953930425 641.0832940109955
2020 7 4 582.8537226178809 489.1039058292505 687.8774171684204
2020 7 5 591.8285190705931 468.4392207493569 738.1242093622329
2020 7 6 600.973394854817 448.6728580179314 792.0811028978075
2020 7 7 610.2919542299545 429.764733578961 850.0249203013028
2020 7 8 619.7476984591729 411.64829645420434 912.1973767844513
2020 7 9 629.3647878534665 394.30540211309807 978.9390885861067
2020 7 10 639.1235778339285 377.68844952307813 1050.5522953532625
2020 7 11 649.0489890979184 361.78081787115525 1127.4294423171234
2020 7 12 659.1401952298876 346.54968721462006 1209.9525398055382
2020 7 13 669.3527845555244 331.9411232062514 1298.4507941873862
2020 7 14 679.6955576280308 317.9344637376536 1393.367571573249
2020 7 15 690.1778022704614 304.50931622087154 1495.1810623420408
2020 7 16 700.8093091689284 291.6455924086236 1604.407222500237
2020 7 17 711.5919983881081 279.3200475690818 1721.583773358841
2020 7 18 722.4894739278177 267.4953409425456 1847.194547674573
2020 7 19 733.4889613914715 256.147201076364 1981.8043126617947
2020 7 20 744.6690821522268 245.28509123510702 2126.259023978398
2020 7 21 755.9794950294674 234.87038221380038 2281.128557991492
2020 7 22 767.4707470871697 224.90068962139955 2447.305576926399
2020 7 23 779.1412659316005 215.3555332139798 2625.6030088678776
2020 7 24 791.0172366705166 206.22322395249645 2816.9845303706725
2020 7 25 803.1405180459336 197.49545984277185 3022.5520291659573
2020 7 26 815.4015256231708 189.12524906791265 3242.9397383427395
2020 7 27 827.8253080322908 181.1041220949934 3479.2998311345364
2020 7 28 840.5077614249481 173.438362641881 3733.178503408062
2020 7 29 853.4096698032854 166.10226996086575 4005.6940141238133
2020 7 30 866.5382327995561 159.08204738505842 4298.236962729269
2020 7 31 879.8306347405122 152.35153134620663 4611.955726476801
2020 8 1 893.3269376089428 145.90577305905506 4948.572125599183
