2020 7 2 3638.0841098631263 3407.6517141901995 3868.5165055360526
2020 7 3 3677.8823487058485 3226.9230595448707 4158.325678845693
2020 7 4 3720.57038368743 3057.9330356945 4472.620903747763
2020 7 5 3762.098607079217 2896.4323416541224 4808.681374830297
2020 7 6 3801.5797284804744 2741.528163343937 5166.783441421273
2020 7 7 3842.3208418257495 2595.518271355703 5552.702685070986
2020 7 8 3881.789128234936 2456.1299149387737 5964.976755129281
2020 7 9 3922.5263347338678 2324.773562910411 6409.188033996623
2020 7 10 3962.818491271553 2199.9251387818636 6885.053965671466
2020 7 11 3999.1168928029388 2079.334647516476 7388.593848707719
2020 7 12 4033.078973286043 1963.9667703613318 7924.029460121125
2020 7 13 4066.4323166236077 1854.562974119753 8496.504249719654
2020 7 14 4098.252338322447 1750.4284802248508 9106.557630678384
2020 7 15 4129.409698834213 1651.7518001175545 9758.387409049812
2020 7 16 4156.211009824249 1556.8006507217942 10446.020158182348
2020 7 17 4176.714440183756 1464.8836123975175 11165.841524904577
2020 7 18 4197.31901811626 1378.393564311451 11935.26482539141
2020 7 19 4216.157859260344 1296.3968386418358 12752.398074715114
2020 7 20 4234.143372475924 1218.989482861635 13622.638583438933
2020 7 21 4251.2637260302035 1145.9329268269557 14549.23510566385
2020 7 22 4267.507612449079 1076.9998887553018 15535.62120834349
2020 7 23 4284.762871115009 1012.4530622006661 16592.336652571386
2020 7 24 4295.415895155939 950.1981222005853 17695.091987059397
2020 7 25 4302.273352253141 890.9257048152009 18855.39328451287
2020 7 26 4310.09879571666 835.5488281082548 20095.97214858578
2020 7 27 4318.098269529377 783.6449654493698 21418.919183402435
2020 7 28 4326.336720660396 735.0060190009706 22830.069489712943
2020 7 29 4333.2435416002345 689.1570717960436 24327.081162172126
2020 7 30 4340.16138899931 646.1681364896008 25922.254776209666
2020 7 31 4347.090280460916 605.8608083731781 27622.02699958955
2020 8 1 4354.030233616451 568.0678114472584 29433.256564790852
