2020 7 2 6815.180958301497 6490.756644491207 7139.605272111788
2020 7 3 7126.455270132335 6464.228276058904 7820.969469868188
2020 7 4 7454.436025111091 6440.066407082287 8570.091285454593
2020 7 5 7813.135274296313 6429.492660973193 9408.928956071652
2020 7 6 8201.376467922739 6429.043012663283 10344.661991352286
2020 7 7 8610.342136343734 6429.716288052388 11375.261965381576
2020 7 8 9039.701078820759 6430.389633949616 12508.536759270333
2020 7 9 9493.627951995426 6433.309305267735 13759.084946146613
2020 7 10 9968.690526351991 6435.106664840746 15132.25425790586
2020 7 11 10476.230926894015 6442.5242831965115 16655.68207373987
2020 7 12 11018.760815531603 6455.576686103274 18347.02513892582
2020 7 13 11583.612972931322 6465.272953053863 20200.50644673398
2020 7 14 12173.374642476982 6472.725343484875 22234.176572175526
2020 7 15 12791.03691846673 6479.055802358088 24468.701434630122
2020 7 16 13437.804556017747 6484.26082509827 26923.521365872468
2020 7 17 14119.622473410496 6490.602565910397 29629.323295688795
2020 7 18 14818.772140424031 6489.01499966056 32570.831855422282
2020 7 19 15518.893947393004 6472.694051774537 35730.40999519305
2020 7 20 16249.382911034283 6455.283637463301 39190.24668951606
2020 7 21 17008.580466434727 6435.665103275211 42971.41540350193
2020 7 22 17803.24896441076 6416.106192630455 47117.40031670428
2020 7 23 18638.155168277426 6397.727357041127 51671.62926128103
2020 7 24 19512.215369858135 6379.401167338179 56666.05654320678
2020 7 25 20444.305697029413 6366.698581928339 62192.71670870635
2020 7 26 21367.359760745865 6337.34124149385 68095.45589858943
2020 7 27 22302.233361796756 6299.264264557462 74463.27871911033
2020 7 28 23278.009941022214 6261.416067501685 81426.57691957339
2020 7 29 24295.12386208745 6223.43073752139 89036.29466134882
2020 7 30 25342.818083457987 6182.125046437082 97306.37830083427
2020 7 31 26406.257406156677 6133.913064307163 106231.60392919154
2020 8 1 27514.320937155237 6086.07706862259 115975.47735749885
