2020 7 2 258.8548836206409 238.1000476357765 279.60971960550546
2020 7 3 266.1263222310955 225.17066371696652 310.50209159873316
2020 7 4 273.73021400233506 213.05183969120142 344.95714173849257
2020 7 5 281.8810065929645 201.84182521620448 383.65093059102037
2020 7 6 290.546066598838 191.41609488773983 427.0546039921262
2020 7 7 299.5474695391094 181.5749869639026 475.4715314761056
2020 7 8 308.8998906045214 172.28356351094 529.4922010972948
2020 7 9 318.767506394871 163.5920771788412 590.0330093956453
2020 7 10 328.9503370633982 155.33906526137375 657.4959016488153
2020 7 11 339.61690689178954 147.57723390286253 732.9890464460461
2020 7 12 350.8747412778871 140.30986982030112 817.6798725085047
2020 7 13 362.33674153033616 133.33279622327532 911.7621482399827
2020 7 14 374.0859015689843 126.67055271677252 1016.4499367191266
2020 7 15 386.2160408067905 120.3412017153186 1133.1578919465937
2020 7 16 398.73951290560916 114.32810956993188 1263.2661596944602
2020 7 17 411.765108253226 108.64300961438458 1408.6176097601256
2020 7 18 425.01786309684195 103.18827476013442 1570.0146737130087
2020 7 19 438.2876998346359 97.90799925408321 1748.3917969989523
2020 7 20 452.1829677977928 92.94508432634116 1947.8774244730832
2020 7 21 466.4098568631041 88.211351688487 2169.654546570434
2020 7 22 481.19669652165646 83.73995571036075 2417.204837853895
2020 7 23 496.5682271219709 79.51538160894948 2693.5819674945033
2020 7 24 512.4307917520374 75.50393188988258 3001.5593639359176
2020 7 25 529.2937506444189 71.76759498561066 3347.6418165753025
2020 7 26 546.3291919116635 68.16429641018269 3731.209050590756
2020 7 27 563.7813397589363 64.72549448089352 4157.826121408344
2020 7 28 582.3341311010442 61.5225320970416 4637.227155095787
2020 7 29 601.7078357668432 58.50029585135827 5173.578862082626
2020 7 30 621.8275298774671 55.63638693499754 5772.838402873967
2020 7 31 642.7772342962976 52.926751984080354 6442.970531637108
2020 8 1 664.4327455412152 50.34908321521971 7190.894041114639
