2020 7 2 98.64143580184408 90.33866810510332 106.94420349858484
2020 7 3 99.76258408744222 83.67419277009071 117.26473779008413
2020 7 4 100.95657300643386 77.55177593232989 128.6518852586082
2020 7 5 102.22914425466641 71.92672198908093 141.22672629294718
2020 7 6 103.59165682067801 66.76166450850161 155.13276328281015
2020 7 7 104.98837584462683 61.97785148496797 170.43210354473698
2020 7 8 106.40934780473947 57.5400232348014 187.24907951186563
2020 7 9 107.91731680651725 53.45660210510671 205.84467602162604
2020 7 10 109.49494916638588 49.68688957719511 226.37910646647558
2020 7 11 111.13522115445629 46.2009729265123 249.0438119540698
2020 7 12 112.8651009058876 42.986656723673306 274.12341017398114
2020 7 13 114.56945709377386 39.975991933127744 301.6012240037966
2020 7 14 116.2857469554531 37.171369283308856 331.79704473761626
2020 7 15 118.01774007736711 34.560313533533744 364.98746771864035
2020 7 16 119.75318590976303 32.12612484449853 401.4289027640404
2020 7 17 121.51002909752346 29.86227762944153 441.49494062735835
2020 7 18 123.23827000007438 27.744594572279695 485.3623414006338
2020 7 19 124.8383700172476 25.742704791171388 532.9869730707774
2020 7 20 126.48288082706438 23.890133640910257 585.3855293026156
2020 7 21 128.09027651543553 22.15978048905563 642.663409977848
2020 7 22 129.70928105568814 20.55323052145058 705.5014812395949
2020 7 23 131.35321412184769 19.063860463318953 774.5079925721786
2020 7 24 133.03832962412542 17.685369257940973 850.3841439293911
2020 7 25 134.79772891493755 16.413556629067145 934.0302870076732
2020 7 26 136.5131131534877 15.225011566801404 1025.4378866628515
2020 7 27 138.23152977926597 14.12043552604788 1125.6497704599476
2020 7 28 140.07150383733935 13.106204098351764 1236.4686755481716
2020 7 29 141.9729360076068 12.16828096561704 1358.523891415751
2020 7 30 143.9150040399897 11.298749281564731 1492.7693660789578
2020 7 31 145.85849618843716 10.48937948202653 1640.0198131807194
2020 8 1 147.82823411824893 9.737987734401859 1801.7954070763374
