2020 7 2 36.140936269045405 33.108532739853295 39.173339798237514
2020 7 3 36.006717365545924 30.216553945321067 42.304108979833295
2020 7 4 35.87142616689633 27.575866833415247 45.68324663170237
2020 7 5 35.66146528175552 25.108162329975375 49.23655936356735
2020 7 6 35.4468346668566 22.857134278978798 53.058110108868
2020 7 7 35.22550645643265 20.802766411659153 57.16431603092985
2020 7 8 35.005880348170336 18.933231371434843 61.58882375741588
2020 7 9 34.80060386065465 17.238731082063303 66.37862489777314
2020 7 10 34.59804926334292 15.696638448141702 71.5438275454348
2020 7 11 34.43182775519723 14.30844281071664 77.18365027324253
2020 7 12 34.24086999055825 13.032406638198863 83.21082217834321
2020 7 13 34.04070195066792 11.866259592955256 89.68369207873546
2020 7 14 33.826359200915036 10.799110965714288 96.6196511365647
2020 7 15 33.609492548134675 9.82669580961984 104.08095935202635
2020 7 16 33.40831148334365 8.94602222117172 112.1627249895891
2020 7 17 33.212646131150336 8.14542957725269 120.88650538812598
2020 7 18 32.98800244650977 7.409095132021098 130.17915740811895
2020 7 19 32.7590619880135 6.738017879806062 140.16319146642726
2020 7 20 32.53695035171168 6.128801084548556 150.9353663810946
2020 7 21 32.31155423374374 5.5737641802751225 162.51320933662907
2020 7 22 32.09188945635571 5.06971188252992 175.00013022486166
2020 7 23 31.872201396876438 4.611002963102588 188.43823009894396
2020 7 24 31.66015811690867 4.194686563968785 202.94453615702645
2020 7 25 31.4031423025122 3.8098130111606494 218.27024228219054
2020 7 26 31.17755219485021 3.4638120459354167 234.95722057052853
2020 7 27 30.950182440263347 3.1488565582929464 252.8943106757823
2020 7 28 30.73842255786822 2.863958601721798 272.31475274561564
2020 7 29 30.51144303497965 2.6032842186815324 293.0788755494475
2020 7 30 30.25272709773383 2.363485327701404 315.1053271595926
2020 7 31 29.95228500788442 2.1423440408888417 338.3297256667789
2020 8 1 29.654826630844155 1.9418940053228766 363.2658460635397
