2020 7 2 107.78171176529287 98.84109488484062 116.72232864574511
2020 7 3 111.91236648822499 94.13239087675579 131.229473677206
2020 7 4 116.79068826556114 90.14373372433388 148.23077001416175
2020 7 5 123.06703442688224 87.23900775063754 168.9391304637465
2020 7 6 130.47018370582953 84.98754563400847 193.62431635651794
2020 7 7 138.56852475244614 82.95694151974669 222.28726565241058
2020 7 8 147.18280138197136 80.9827977349045 255.21458529534877
2020 7 9 156.83993750997524 79.33478278375215 293.89914604412485
2020 7 10 167.34095479739733 77.8266542864639 338.8413558813593
2020 7 11 178.92960654779807 76.52604176547567 391.43466189466216
2020 7 12 191.21799675759817 75.20320010930084 451.9663640427544
2020 7 13 203.21514576821895 73.45677828990499 519.1756089693991
2020 7 14 215.80934025756795 71.69464481293086 595.981451825418
2020 7 15 229.43202269541027 70.05716038945228 684.8345912498078
2020 7 16 244.28807982156277 68.57111199053915 788.0493340835853
2020 7 17 260.94815534100894 67.3529518928115 909.5364970854171
2020 7 18 278.79439460595455 66.16933049123271 1049.926526430867
2020 7 19 297.00690563552365 64.8037650680733 1208.769232729191
2020 7 20 317.60358829629416 63.726991638443074 1396.5042500659183
2020 7 21 338.8379193087673 62.50946028667641 1609.9199363598061
2020 7 22 361.10260699630703 61.24336650227254 1854.1002878729457
2020 7 23 384.76113253446954 59.99118854246223 2134.9609860929477
2020 7 24 410.0433868573032 58.776100928775044 2458.775551200926
2020 7 25 436.9869118480808 57.58562422787033 2831.703834666803
2020 7 26 462.18615677363 55.95609544059372 3238.41947157251
2020 7 27 487.33388102109984 54.190511848772445 3693.0086396290903
2020 7 28 516.2296928446412 52.7452654720186 4229.444220150712
2020 7 29 548.7171585468142 51.530478461203934 4859.18980029079
2020 7 30 584.867365103728 50.495639089838015 5597.032058374593
2020 7 31 623.634400821877 49.501888416985466 6449.162621641891
2020 8 1 664.9710500080396 48.527694688407614 7431.0273885515935
