2020 7 2 7684.023633997282 7350.097201521484 8017.9500664730795
2020 7 3 8248.87190438742 7548.292374431366 8980.536289609427
2020 7 4 8891.70906153563 7785.201909396902 10098.386550252082
2020 7 5 9662.750426308783 8097.934833933722 11444.088535007948
2020 7 6 10582.204497895473 8491.575622485163 13065.703917532792
2020 7 7 11611.021122325088 8921.902546218053 14944.10602379635
2020 7 8 12756.526585068203 9386.843149816568 17114.008210105952
2020 7 9 14064.847230949461 9912.660477051926 19665.798405286918
2020 7 10 15514.618061509296 10473.054329819655 22608.235987905802
2020 7 11 17125.407619602767 11072.945897094929 26007.801547559797
2020 7 12 18922.117277099635 11719.278051681664 29946.92552275741
2020 7 13 20846.490461389905 12365.657280955116 34386.38179684718
2020 7 14 22951.01234960419 13038.458200128238 39458.296114705925
2020 7 15 25274.581193719772 13751.60837387306 45289.63371528257
2020 7 16 27821.780090624085 14497.448666246702 51961.952510266274
2020 7 17 30635.27251868742 15288.734922248874 59635.174172069186
2020 7 18 33634.7829721542 16074.05439912014 68249.76269805047
2020 7 19 36682.72625157624 16782.50744698643 77611.12228915207
2020 7 20 40015.29485473092 17526.039280854446 88274.34026692997
2020 7 21 43512.77602826152 18242.13821293274 100098.5182308504
2020 7 22 47218.51835111109 18946.649577579614 113282.38717972649
2020 7 23 51204.615234521305 19664.227751543935 128118.1376094992
2020 7 24 55462.53391075254 20384.145197569913 144734.9889386708
2020 7 25 60122.28454696078 21147.974195832456 163631.68371240076
2020 7 26 64918.09230827661 21850.57525811405 184300.33278731687
2020 7 27 69928.72583472016 22520.06517373208 207103.51752469427
2020 7 28 75474.65040123164 23257.90761667122 233168.05689058566
2020 7 29 81522.52308756694 24039.064263554785 262704.77088750404
2020 7 30 88004.78127474229 24831.643494366926 295821.1772659879
2020 7 31 94912.2851160674 25624.906009778126 332809.0491005532
2020 8 1 102361.95960570041 26443.509796639974 374421.6833523815
