2020 7 2 2461.656018753716 2270.200679344533 2653.1113581628993
2020 7 3 2634.998594888288 2241.1903829076446 3060.6633652727755
2020 7 4 2825.598696896035 2216.8471286893073 3536.68784356533
2020 7 5 3039.2390827387003 2200.028123498898 4098.330449100669
2020 7 6 3277.5290855499275 2189.4871264520903 4760.621835312455
2020 7 7 3534.2403049644936 2178.821750622943 5529.55944953579
2020 7 8 3811.0583330306927 2168.208327710167 6422.696186273268
2020 7 9 4118.081391049347 2162.495763422879 7474.456983396446
2020 7 10 4450.496423066432 2157.1437059008936 8699.644899790177
2020 7 11 4816.853889807658 2155.25090367837 10139.559080209377
2020 7 12 5220.679413028428 2156.6305985590207 11833.187331501073
2020 7 13 5648.352071089323 2153.876949173836 13787.021228753296
2020 7 14 6105.645329223541 2149.062341338532 16050.247189668717
2020 7 15 6596.547474674328 2143.056910918486 18676.021857454863
2020 7 16 7122.176762027028 2135.5276847256437 21717.94015581289
2020 7 17 7684.569583069137 2126.4897459767367 25239.70851320766
2020 7 18 8273.570772914334 2112.564349493122 29274.100590969214
2020 7 19 8868.06652124843 2088.605761064143 33813.06722281224
2020 7 20 9515.904607327555 2067.4212775201136 39096.315272897846
2020 7 21 10195.107540667328 2042.9838529387746 45139.48534973928
2020 7 22 10919.53164695914 2018.1825566141947 52102.334410541705
2020 7 23 11696.302661814483 1993.8435426519 60143.37745097863
2020 7 24 12539.540819104119 1971.709137578643 69483.0554802785
2020 7 25 13456.59238290994 1951.8678117876725 80345.24300629475
2020 7 26 14384.818977819976 1924.1191319128952 92571.78963107281
2020 7 27 15342.60466801985 1892.1543071995115 106437.08903891394
2020 7 28 16397.250666297517 1864.801139051751 122608.66056262505
2020 7 29 17542.29221535856 1839.8790380950834 141371.10936597202
2020 7 30 18772.52458892188 1815.83865560434 163046.87798264553
2020 7 31 20047.57294999036 1788.1020648434742 187685.99720080543
2020 8 1 21409.223851668794 1760.7891452412002 216048.50078153692
