2020 7 2 12.531923602206914 10.297887395126134 14.765959809287695
2020 7 3 12.69924521620433 8.575649687082722 17.62974548048733
2020 7 4 12.867745758255053 7.140729705656908 21.04748364534093
2020 7 5 13.041332958625558 5.94748966670095 25.132454607523233
2020 7 6 13.219790057798711 4.954797045278545 30.015123527431218
2020 7 7 13.398492483819332 4.126970952381222 35.84139738266131
2020 7 8 13.577384205368777 3.4367687078359257 42.792661071979786
2020 7 9 13.760920516150211 2.8625682339112357 51.099199013479186
2020 7 10 13.943126849245354 2.383509928587976 61.00397807270757
2020 7 11 14.131993338977736 1.98534939249927 72.84722741077378
2020 7 12 14.32850599285477 1.6544155485363548 87.01593979522515
2020 7 13 14.526957621974022 1.378552756954005 103.93563278968881
2020 7 14 14.728560144615097 1.1487264294901771 124.14813029899153
2020 7 15 14.933776263983187 0.9572793752586188 148.29825483208157
2020 7 16 15.141024543060036 0.7976859160582058 177.13800907202267
2020 7 17 15.35408421225123 0.6648538243390422 211.6206077121419
2020 7 18 15.567165449946252 0.554012282745998 252.77474216527955
2020 7 19 15.778461459833988 0.46148098897448253 301.85517011657856
2020 7 20 15.994810292959802 0.384468200852992 360.50717920483316
2020 7 21 16.212796733869567 0.32027550442909924 430.5256228106662
2020 7 22 16.43599902536994 0.26684508438456256 514.2028075413749
2020 7 23 16.668191527955788 0.2224243417180091 614.3286595780995
2020 7 24 16.90735713506205 0.18544743952741885 734.0871792937509
2020 7 25 17.15978740850583 0.15472560943225697 877.6186063907223
2020 7 26 17.398878327548754 0.1289389979471057 1048.338846686319
2020 7 27 17.641300550541306 0.10744999003466661 1252.2687297975447
2020 7 28 17.89442893277989 0.08958698214082302 1496.3886272311875
2020 7 29 18.15589730086434 0.07471717730732158 1788.491463377203
2020 7 30 18.422946020312555 0.06232273115585147 2137.787649347179
2020 7 31 18.69392266562294 0.051984335579871165 2555.30212320475
2020 8 1 18.96888501127803 0.04336092298206244 3054.3580616384666
