2020 7 2 368.8982587008173 338.1050591168459 399.6914582847886
2020 7 3 378.99954191348695 318.3711462861148 444.9088799313461
2020 7 4 389.5217811031457 299.9102937240308 495.4112497133381
2020 7 5 400.78125374549955 282.86260393301586 552.2123313079588
2020 7 6 412.87504535270966 267.14308757832896 616.2270262050583
2020 7 7 425.5958781092249 252.4667412869106 688.0537622327703
2020 7 8 438.92478839736026 238.72490453298042 768.6019789928994
2020 7 9 453.061234719191 225.94320866063418 859.2628151267414
2020 7 10 467.71049657381593 213.87455129257756 960.7266928864626
2020 7 11 483.24910868772434 202.64061878740998 1075.025530213057
2020 7 12 499.9788712769807 192.27976964617443 1204.4240436043442
2020 7 13 516.9704067802619 182.32659776488626 1348.6333765416848
2020 7 14 534.1455668080423 172.74974684546294 1509.0819495436745
2020 7 15 551.8913322672188 163.67592770887984 1688.619286791133
2020 7 16 570.1565890604159 155.05793701104452 1889.30200567433
2020 7 17 589.098738416691 146.9133943890021 2114.0745910581927
2020 7 18 608.2962213087221 139.10338574435113 2364.2465749460007
2020 7 19 627.1152853625027 131.4789647813614 2640.1207009642844
2020 7 20 646.835049128639 124.3392205113607 2949.5262514021438
2020 7 21 667.0106532837963 117.55561447526405 3294.443211292138
2020 7 22 687.7308727368024 111.127177827646 3679.276405009344
2020 7 23 709.1820694094476 105.06438451765312 4109.530189530683
2020 7 24 731.572481032518 99.37237919882101 4591.663063918886
2020 7 25 755.2271131639238 94.06444715913533 5133.857991512225
2020 7 26 778.2082763095577 88.86089188840533 5730.299294107889
2020 7 27 800.8018825166714 83.82108737706461 6388.030895001541
2020 7 28 824.6614908278688 79.13097304359256 7126.124187028332
2020 7 29 849.8253078746837 74.76022121694018 7954.626153116595
2020 7 30 876.1597976197143 70.66632192902847 8883.222468644608
2020 7 31 903.1546048354937 66.78404512683655 9918.64098843938
2020 8 1 930.9811320395639 63.1150534194027 11074.746737999947
