2020 7 2 271.86464030709953 243.22391573037999 300.5053648838191
2020 7 3 295.3569882742523 236.40374504635525 360.8662443756781
2020 7 4 321.4059935415319 230.19633800818843 433.9949305916128
2020 7 5 350.3254754941314 224.5623759747581 522.7168086379822
2020 7 6 383.096376038491 219.86711768632537 631.4402276023301
2020 7 7 418.932802779521 215.27003011905376 762.7777688523147
2020 7 8 458.12151777460696 210.76906067223393 921.4330972618068
2020 7 9 501.7929645459119 206.73801280573738 1114.7311921800765
2020 7 10 549.6274885556828 202.78406044296497 1348.5793320338562
2020 7 11 603.981978080968 199.6288799741376 1636.2932853686204
2020 7 12 665.8656317563801 197.2346910871037 1991.22505527857
2020 7 13 734.0898497717848 194.86921618387584 2423.145811464919
2020 7 14 809.3042827822718 192.5321108919317 2948.755394602317
2020 7 15 893.6681795461678 190.56633060083183 3593.633839914508
2020 7 16 985.2329184469654 188.28083067203173 4373.136408686465
2020 7 17 1087.9360549415649 186.35845655785215 5329.520045502905
2020 7 18 1197.4655196054402 183.79113484242706 6476.054455683927
2020 7 19 1311.6165683358142 180.27605127359305 7834.600173859924
2020 7 20 1436.6493182199197 176.82819517199508 9478.141406049002
2020 7 21 1571.0394645776762 173.13098612080816 11449.564406159352
2020 7 22 1718.0010236030955 169.51108009674815 13831.037064621887
2020 7 23 1881.7732703637098 166.26910864423914 16732.50991520668
2020 7 24 2061.157468712553 163.08914127366322 20242.6532988359
2020 7 25 2264.992182906892 160.55158643774345 24561.341616422298
2020 7 26 2480.907571543812 157.48096910943002 29713.816122927125
2020 7 27 2712.981973704076 154.1882811768594 35894.19453428984
2020 7 28 2976.4403799778815 151.5142911833071 43488.07457815975
2020 7 29 3266.3678295602335 148.93170093328558 52701.46155484305
2020 7 30 3585.8953319053157 146.4550939464842 63888.72369670076
2020 7 31 3927.72873426434 143.6540780283623 77291.29043109612
2020 8 1 4302.148161633263 140.90663273016327 93505.44557540672
