2020 7 2 780.210111782132 700.2037730987203 860.2164504655439
2020 7 3 802.8094041410035 646.6516642396635 975.8399044919428
2020 7 4 826.7943681962468 597.784126159613 1107.8931802855363
2020 7 5 852.8009581534857 553.5530789638061 1259.5650013754425
2020 7 6 880.9198994568385 513.4349047729818 1433.9125441699298
2020 7 7 910.2333909185076 476.38010390753476 1632.8283321467231
2020 7 8 941.0196538657808 442.2598485421401 1860.2303444545719
2020 7 9 973.989752261489 411.1204074993367 2121.5610191583696
2020 7 10 1007.8784892460541 382.0736540940098 2419.0890090078647
2020 7 11 1043.5582165910566 355.3110850822932 2759.8109715006494
2020 7 12 1081.0712177082996 330.61725142596976 3150.030588071217
2020 7 13 1118.685718346972 307.2582607299591 3591.7912823759475
2020 7 14 1156.5223358826524 285.25119067552185 4092.0156778751584
2020 7 15 1195.7791010601086 264.8549900533482 4662.402561281976
2020 7 16 1236.0780110217472 245.8528542042794 5311.163583831129
2020 7 17 1278.0351982840791 228.27373691467437 6051.487737578823
2020 7 18 1319.8648025964462 211.67440591240234 6887.658205818238
2020 7 19 1361.4609156674644 196.02511320617165 7831.0044965113075
2020 7 20 1405.7730523406353 181.7350966923072 8911.635259819781
2020 7 21 1451.0153778908261 168.42060883110767 10138.140355987382
2020 7 22 1497.8018378253378 156.0918071305596 11534.064377428323
2020 7 23 1546.7333900588433 144.73183739746597 13127.095221193189
2020 7 24 1597.9207891518424 134.26012359283155 14945.726555597685
2020 7 25 1652.9363637310114 124.7253828048848 17036.273110667637
2020 7 26 1706.434249638982 115.61032278513198 19384.071912480675
2020 7 27 1760.1096706704132 107.05612166192202 22037.7731351436
2020 7 28 1817.931098126948 99.2843438434574 25085.540625302587
2020 7 29 1877.872749637817 92.0888159851543 28557.852386042865
2020 7 30 1939.152401507224 85.38346883637547 32501.088704566715
2020 7 31 2000.2067703188084 79.06839496679773 36951.510820166535
2020 8 1 2063.183440826785 73.22039228233015 42011.33581414554
