2020 7 2 374.0712346047657 345.15720014481155 402.9852690647199
2020 7 3 380.4913727579176 323.9462713578456 441.58267565720064
2020 7 4 387.07351928229 304.08293603444866 483.937032368017
2020 7 5 393.9434961905642 285.574222340077 530.5713023040881
2020 7 6 401.15537987167437 268.35154685868997 581.9957194472591
2020 7 7 408.54846194785864 252.20044537908058 638.4756687739396
2020 7 8 416.09448708408894 237.03172422333557 700.4628185531824
2020 7 9 423.8988952013945 222.843125770305 768.6683989329547
2020 7 10 431.85545863634843 209.5068845758913 843.5257730057441
2020 7 11 440.090761121703 197.03153587398126 925.9259325246517
2020 7 12 448.6269570564134 185.3634498199927 1016.6780368228532
2020 7 13 457.2126349532565 174.33837466863875 1116.0618782420052
2020 7 14 465.8629919802033 163.93106067403406 1224.9176384268867
2020 7 15 474.68970123034103 154.14948757443344 1344.4240751222362
2020 7 16 483.6319305929975 144.93477411877998 1475.4434173765615
2020 7 17 492.7426141390228 136.2708957350161 1619.231102866034
2020 7 18 501.8839980120074 128.08595047253206 1776.568346823837
2020 7 19 511.0035843391433 120.34377955229495 1948.516238021344
2020 7 20 520.4141513669273 113.09908710670311 2137.584043878337
2020 7 21 529.8987944009303 106.26896030364257 2344.5898425710093
2020 7 22 539.5057787595324 99.84117808590945 2571.418769940663
2020 7 23 549.2869362799563 93.8021865754586 2820.1924150419463
2020 7 24 559.3202338400989 88.14124460517169 3093.417925435547
2020 7 25 569.6510634401826 82.83994563352815 3393.7459874930855
2020 7 26 579.8701347352632 77.81349519871479 3721.4291473141475
2020 7 27 590.0908867118786 73.06765830223891 4079.5860394934275
2020 7 28 600.756997981474 68.64410884926777 4474.0461006418955
2020 7 29 611.7577227917255 64.50456779541649 4907.703157693379
2020 7 30 623.0920833870871 60.62859823529253 5384.453929045213
2020 7 31 634.5859494696124 56.98061604557554 5907.081542917902
2020 8 1 646.2918371153148 53.552130503378685 6480.436607778493
