2020 7 2 350.9598585519723 316.55021469724136 385.3695024067032
2020 7 3 374.81936687529327 305.0181662436997 451.80626283428785
2020 7 4 401.99729285732155 295.28669038964694 531.7413496038125
2020 7 5 433.8749214353679 287.8703122159336 629.4286651713358
2020 7 6 470.24402323744596 281.9430502836284 747.9109990113823
2020 7 7 510.3711385081454 276.5631715472375 889.8245013352101
2020 7 8 553.9224023067995 271.2859486315493 1058.6655955361948
2020 7 9 602.0256558731089 266.5186859833292 1261.1408061458694
2020 7 10 652.4898133622703 261.03105494031973 1498.5353105293107
2020 7 11 707.1840749445829 255.65641445312474 1780.6164592880837
2020 7 12 767.5298858228115 250.77812251950667 2118.48221920744
2020 7 13 831.2883089763935 245.42542781362548 2515.6628996633667
2020 7 14 899.0890352298021 239.81673290577368 2983.5133043716196
2020 7 15 973.097843177074 234.5171075491467 3540.622658680186
2020 7 16 1053.1987103522467 229.334596743203 4201.76065338507
2020 7 17 1140.6875368849865 224.43960004440902 4989.521881821895
2020 7 18 1233.7231811902043 219.31049319878377 5917.448207731231
2020 7 19 1328.76330606434 213.30604302560533 6991.164359768213
2020 7 20 1432.1271562668358 207.62688452850426 8264.978883891561
2020 7 21 1539.2106023913057 201.47247676388412 9745.949683421175
2020 7 22 1651.978864022928 195.19655359533093 11477.587341685638
2020 7 23 1771.7628540141072 188.96888994007966 13508.240777755742
2020 7 24 1900.2323087958382 182.9399172652201 15898.164263764558
2020 7 25 2035.150306711937 176.82731239296314 18686.937021885078
2020 7 26 2155.085690105705 168.78484893385163 21739.372085927746
2020 7 27 2265.8332375332097 159.83502484933408 25126.429388674846
2020 7 28 2387.3993530463918 151.7214573966192 29098.058830931604
2020 7 29 2516.0879876354547 144.05789991928785 33704.7833474101
2020 7 30 2649.941995530145 136.68001511699734 39017.103107607276
2020 7 31 2781.12253512909 129.17480611849834 45022.504345303154
2020 8 1 2918.7969278004784 122.08171415161463 51952.23981473976
