2020 7 2 216.34470529625233 209.26300504340762 223.42640554909707
2020 7 3 219.36718004791987 205.24236819768964 233.96198964776232
2020 7 4 222.4771561509679 201.3413413284256 245.04266273536928
2020 7 5 225.75060748721003 197.62250415476416 256.7796215735173
2020 7 6 229.21200199578126 194.0947176394166 269.2377438214762
2020 7 7 232.7643153140708 190.66195366479084 282.3447487548122
2020 7 8 236.39089835617958 187.3056420110086 296.1131369697991
2020 7 9 240.1715633102177 184.08572951885452 310.6751633863531
2020 7 10 243.99286577400386 180.90597206888447 325.9276618160444
2020 7 11 247.93539745867747 177.8259442001061 342.0096990929915
2020 7 12 251.97233710071106 174.82037658684627 358.9276145625812
2020 7 13 255.960596431115 171.7862292769802 376.5194199641716
2020 7 14 259.91689220057197 168.7409227491999 394.83355868062307
2020 7 15 263.93433908638696 165.749601292791 414.038508492442
2020 7 16 267.95940858132906 162.7770986551022 434.09214514102365
2020 7 17 272.03480057860384 159.851184821298 455.09914570260275
2020 7 18 276.0149675978067 156.88548699318383 476.85973748428194
2020 7 19 279.8824677185676 153.87767205763865 499.3655543906459
2020 7 20 283.86192419935094 150.95928205470852 523.0366178307739
2020 7 21 287.79250600141125 148.0401592390861 547.6354333471388
2020 7 22 291.7299955682588 145.1530406122218 573.3007284638499
2020 7 23 295.7695250505237 142.34619397887235 600.2635038683104
2020 7 24 299.9382421633487 139.62887855532068 628.643026250022
2020 7 25 304.2771434205235 137.01530796637897 658.5978315824735
2020 7 26 308.5406509366754 134.38844491105056 689.680938516013
2020 7 27 312.81295435034434 131.78975491758797 722.1171649547475
2020 7 28 317.3381009641999 129.32291688995187 756.5260078118355
2020 7 29 322.0073031807947 126.93428240702075 792.7617984066557
2020 7 30 326.74520641146 124.58976674564313 830.7331969071835
2020 7 31 331.41120316191206 122.23455515691884 870.163277316005
2020 8 1 336.14383141987526 119.92386585740459 911.4648746532872
