2020 7 2 1270.486318717232 1132.64902947526 1408.3236079592039
2020 7 3 1370.1774989479618 1089.1667357646852 1683.4027262617583
2020 7 4 1479.932836410949 1049.1356673048438 2014.9654938159922
2020 7 5 1602.7171138004653 1013.5796832550574 2417.6018817082017
2020 7 6 1744.6473176679422 984.8945038952824 2914.208366076644
2020 7 7 1904.6171301348818 960.109557106945 3521.962532425387
2020 7 8 2079.2548589431676 935.948325432126 4256.46299839152
2020 7 9 2273.590702976804 914.0539879607638 5151.686686846507
2020 7 10 2484.2301194392608 891.9240933284162 6230.980506378643
2020 7 11 2716.0779467385237 870.937996960035 7540.637231514652
2020 7 12 2972.896383846369 851.5143639863331 9134.816463991365
2020 7 13 3245.4865355586608 830.0859387921255 11039.869935612562
2020 7 14 3534.6637538456303 807.0464812754972 13313.621680685612
2020 7 15 3844.3060342982712 783.4361493053008 16035.704496346405
2020 7 16 4170.066818011259 758.2734808482238 19268.42826733426
2020 7 17 4516.609600294116 732.678413361633 23121.32984436969
2020 7 18 4877.172034350911 705.5498779444777 27668.999111130022
2020 7 19 5242.5802240009325 675.9628486146404 32975.33207620738
2020 7 20 5642.513232695498 648.5381401849769 39344.26633164859
2020 7 21 6067.570301356138 621.6071436247412 46905.7627738517
2020 7 22 6526.301898697462 595.9639733305045 55933.27832658642
2020 7 23 7030.392797328316 572.3536949898873 66789.74605967116
2020 7 24 7580.129217029546 550.2250207950008 79817.16101677445
2020 7 25 8171.818410524314 528.8768815403772 95374.70573807966
2020 7 26 8775.15550739185 506.1217329076612 113561.54544399132
2020 7 27 9400.306414731109 483.0345606424781 134922.2292020178
2020 7 28 10084.091559152574 461.7249474572282 160503.15787346696
2020 7 29 10813.262043192595 441.15608740407225 190864.87342365494
2020 7 30 11580.366330799083 420.9000557762718 226708.89890606483
2020 7 31 12364.31319414752 400.208335996504 268548.7200347326
2020 8 1 13201.330285759752 380.53383458382524 318110.20820217085
