2020 7 2 206.86281887417266 187.61365030804646 226.1119874402989
2020 7 3 205.79560686099063 169.27786326751135 245.87724135372613
2020 7 4 204.72900562319452 152.73003609858 267.364398109135
2020 7 5 203.65981632550464 137.79379391462132 290.71871354332603
2020 7 6 202.5874194930305 124.31229423544329 316.1004821256075
2020 7 7 201.51817091976247 112.14826731473822 343.6943573110573
2020 7 8 200.45261298788552 101.1734104005708 373.6936991003732
2020 7 9 199.3861555405862 91.26925789416211 406.2993510141182
2020 7 10 198.3215076085447 82.33288211834292 441.7420480631722
2020 7 11 197.2600985300271 74.2704713039278 480.27106849815453
2020 7 12 196.20211096937066 66.99671790233825 522.1551141711303
2020 7 13 195.1537732710381 60.43668434926126 567.7024129685714
2020 7 14 194.11138084346493 54.51908785336815 617.2237774252934
2020 7 15 193.07438523720458 49.18085877251985 671.0644063342384
2020 7 16 192.0436099013605 44.36549497128864 729.6039353529301
2020 7 17 191.01783006954057 40.02149264211602 793.2481643826054
2020 7 18 189.99803416186364 36.102934655329314 862.4462525237469
2020 7 19 188.99037787007668 32.56932013461493 937.711147052188
2020 7 20 187.9857348061645 29.38116034058304 1019.5327748605106
2020 7 21 186.99057243743678 26.505731607468082 1108.516346094532
2020 7 22 186.00051354756292 23.911687416126302 1205.2653178313847
2020 7 23 185.01438585839276 21.57134678589954 1310.4498417626696
2020 7 24 184.03136750904991 19.459818407010783 1424.7989002793156
2020 7 25 183.0525993930098 17.554875797951297 1549.1184572029947
2020 7 26 182.0835521480072 15.836843096364268 1684.3236178270067
2020 7 27 181.11995567785195 14.28697599347606 1831.332286811415
2020 7 28 180.15539539551517 12.888307817216381 1991.1106451319529
2020 7 29 179.19552223613292 11.626534464641711 2164.8242256174817
2020 7 30 178.24278921803943 10.488420952895892 2353.7178463196738
2020 7 31 177.30006786595314 9.462007649200828 2559.1588600017326
2020 8 1 176.36233254192206 8.536040759196982 2782.5315090192275
