2020 7 2 364.1136533102229 335.8745745266786 392.35273209376726
2020 7 3 365.97534610784663 311.40694660383053 424.94680868067195
2020 7 4 367.66056378310253 288.5634631393976 460.0326221373838
2020 7 5 369.1275829221274 267.21833339735156 497.7325734534385
2020 7 6 370.43031059392433 247.32893838932563 538.2926344876103
2020 7 7 371.6982330388953 228.89362746593636 582.1006629314242
2020 7 8 372.97928152905195 211.83785133726082 629.4876927103196
2020 7 9 374.19421364002096 196.01290987934806 680.6133172807691
2020 7 10 375.37330004589984 181.34929042859775 735.8188570340906
2020 7 11 376.52948268088096 167.76978826215662 795.4500191412016
2020 7 12 377.73817840776434 155.2289357179197 860.0171382823646
2020 7 13 379.0891525043376 143.68239030845814 930.1403053471364
2020 7 14 380.5345669299749 133.02868630791951 1006.2009663178902
2020 7 15 381.9585074430119 123.15549531666338 1088.4100067319432
2020 7 16 383.2839463922725 113.98159982418541 1177.0398551286933
2020 7 17 384.55509466401423 105.47355815061505 1272.706035060769
2020 7 18 385.86227387507046 97.60931677041175 1376.2529621168633
2020 7 19 387.30158990902765 90.3637450015792 1488.6798752908062
2020 7 20 388.6318374791717 83.62931433580003 1609.8511438352716
2020 7 21 390.01258613192977 77.40665661715461 1741.0754288719713
2020 7 22 391.3844117714954 71.64426741799325 1882.9345059277005
2020 7 23 392.7656884008072 66.31169492335755 2036.3742094091926
2020 7 24 394.0868508368859 61.3650602041636 2201.9807142240197
2020 7 25 395.3286189658939 56.7743733409355 2380.586584501157
2020 7 26 396.7752115104854 52.55596681205384 2574.889285468841
2020 7 27 398.2974393492464 48.660310465710445 2785.507396245522
2020 7 28 399.6513315216779 45.03213641101968 3012.1353238482025
2020 7 29 400.94369750481115 41.66703233905478 3256.7032188106823
2020 7 30 402.1938031298361 38.54856536646899 3520.7513970351556
2020 7 31 403.48607216059315 35.6671600195493 3806.5431431174356
2020 8 1 404.7824933171037 33.00113225398259 4115.533608142933
