2020 7 2 39.38892188989282 35.327494202929074 43.45034957685657
2020 7 3 41.26836702678195 33.19668855983534 50.21756452154702
2020 7 4 43.27932882150016 31.228059690618174 58.08965732807849
2020 7 5 45.47603767890943 29.439493807031255 67.31356264071792
2020 7 6 47.92255777432042 27.842906090134225 78.20683987366878
2020 7 7 50.54928074151657 26.36113364621341 90.9422516249238
2020 7 8 53.31997919472263 24.958219693875883 105.75153201396034
2020 7 9 56.350658692679275 23.680573874789122 123.18682196208084
2020 7 10 59.61072998597725 22.49234041482995 143.62156349554542
2020 7 11 63.119841851159755 21.386532855691815 167.59171159145325
2020 7 12 66.96350966154522 20.378455231480864 195.9022453896227
2020 7 13 71.04123671231076 19.417894448980157 228.9951536639901
2020 7 14 75.36727598542826 18.502610749869607 267.6783019883253
2020 7 15 79.95674839482888 17.63046994928797 312.89602512937563
2020 7 16 84.825695638914 16.799438459512352 365.75218018990915
2020 7 17 89.99113627150736 16.007578548202037 427.537094018241
2020 7 18 95.47112518723448 15.253043820150173 499.7590627256232
2020 7 19 101.09123516165783 14.503147151101615 583.1678382203756
2020 7 20 107.04218481208447 13.790118206349975 680.4973694320755
2020 7 21 113.2349279312187 13.098163697298906 793.3810986902868
2020 7 22 119.90074177463244 12.454208992711918 925.7947973664615
2020 7 23 127.08051094796286 11.854539867774166 1081.2466658805517
2020 7 24 134.81904854458466 11.29576316157986 1263.8969293565317
2020 7 25 143.43887034672815 10.797680706496292 1481.2456036357144
2020 7 26 152.60981106495075 10.321561011123011 1735.9710964779179
2020 7 27 162.5218264399961 9.876899867537809 2036.2609572446427
2020 7 28 173.57193264178164 9.481435356118505 2394.688453620409
2020 7 29 185.6666376182498 9.117825803421091 2820.253525761963
2020 7 30 198.77980062274128 8.776788143727403 3324.1152740949938
2020 7 31 213.10125145595194 8.460963799636108 3922.7142028075223
2020 8 1 228.45451715830683 8.156504093119207 4629.107431028314
