2020 7 2 368.3665904732248 335.2944354727476 401.438745473702
2020 7 3 376.4167882700059 311.9507347911722 446.93341002587886
2020 7 4 386.38639296966716 291.6771446820218 499.65403811751503
2020 7 5 399.8158637648873 275.1336015475015 562.7262907201107
2020 7 6 416.7544370652997 261.62197502867775 638.0422532378518
2020 7 7 435.6515455788132 249.5528939120793 725.3384119204674
2020 7 8 455.8379100391379 238.28826800861734 825.2982399758566
2020 7 9 480.1266419264671 229.18766691584472 944.7675615119764
2020 7 10 505.86841317799116 220.5104567664908 1081.8437069948236
2020 7 11 534.8313022863423 212.96426598369726 1242.7453102018317
2020 7 12 566.8679816814142 206.23997611762218 1430.8668715109259
2020 7 13 599.510871316477 199.25037481106435 1644.1517537410125
2020 7 14 632.6450888238172 192.03621349751157 1885.4211859894122
2020 7 15 668.4478139926927 185.33738595131996 2164.590565565219
2020 7 16 706.0555409594206 178.81091730842303 2484.379688162722
2020 7 17 746.4799039052632 172.69174583763623 2853.8791567234066
2020 7 18 787.2429834311539 166.32491270511463 3270.7804841645125
2020 7 19 826.5856789405686 159.4224328198332 3733.4341948209526
2020 7 20 870.6292248930534 153.33384113860038 4273.8822760722305
2020 7 21 915.2913327741487 147.17340715983653 4884.081199928447
2020 7 22 961.6389141160608 141.16309641562214 5578.168902988016
2020 7 23 1010.6515466163929 135.4449391039548 6372.740451295812
2020 7 24 1062.496611214037 130.00322057064434 7282.601583214824
2020 7 25 1117.001257872514 124.78013184212155 8322.367155100259
2020 7 26 1166.5413634400218 118.89995793488025 9452.763072358794
2020 7 27 1213.261398718038 112.78550157549594 10696.040674131498
2020 7 28 1266.6693391735887 107.43325187040159 12145.305069530414
2020 7 29 1322.9870604054745 102.38238498724256 13796.295695629698
2020 7 30 1379.5618842650094 97.39510157486883 15648.28574266835
2020 7 31 1432.6454241351466 92.23348107122783 17681.84015896214
2020 8 1 1487.7715416071185 87.34540950169956 19979.662727821167
