2020 7 2 438.10201057962144 376.95098816170287 499.25303299754006
2020 7 3 449.7751201929816 332.97736175137027 584.0988612537734
2020 7 4 461.8515230864639 294.20183308119704 683.4836814164003
2020 7 5 474.7258946728243 260.2435127840952 800.4799424949979
2020 7 6 488.4460706673178 230.4717706213945 938.3242481816922
2020 7 7 502.5627770205557 204.10590252610115 1099.9056290923113
2020 7 8 517.0874739591028 180.75627801909684 1289.311658793129
2020 7 9 532.350177389188 160.18908067613722 1512.1272639127192
2020 7 10 548.0633850912317 141.9621041608025 1773.4493027143576
2020 7 11 564.5776820234134 125.89643436669567 2081.0237714244186
2020 7 12 582.0528569545252 111.75220096771197 2443.6493712583315
2020 7 13 599.7107295736165 99.12827202494323 2867.9598742565486
2020 7 14 617.78126909697 87.91005223997006 3365.3584935777285
2020 7 15 636.5230428479872 77.97941782541288 3949.712767957107
2020 7 16 655.8333901393574 69.17058344808454 4635.533176965856
2020 7 17 675.7295599185436 61.356826557240254 5440.438102000362
2020 7 18 695.8134689039184 54.38797959621661 6381.757007239066
2020 7 19 715.4951386285533 48.132547618638526 7476.781352536179
2020 7 20 736.0270729038713 42.61633170595927 8762.764822968129
2020 7 21 756.8462182706651 37.714815486756365 10266.33833765676
2020 7 22 778.2542506903408 33.37704702071237 12027.90500402139
2020 7 23 800.5871279692687 29.551880745437103 14096.667789742081
2020 7 24 823.5608721719727 26.16509648233994 16521.25143222477
2020 7 25 846.8559847396474 23.15571862996922 19356.07772105705
2020 7 26 869.420233471392 20.454463155715775 22645.55687789815
2020 7 27 891.8722924245556 18.051541534194822 26475.486409261935
2020 7 28 915.6359885025917 15.94571937565264 30974.877348147922
2020 7 29 939.8137237148444 14.081737914315667 36231.5065452858
2020 7 30 963.7751684159239 12.422840704653973 42347.2676551663
2020 7 31 987.3787642243041 10.946882447601471 49452.782779464855
2020 8 1 1011.5604302645633 9.64628285676332 57750.543542673615
