2020 7 2 450.4319693247676 429.77570913864304 471.0882295108921
2020 7 3 469.0709321333171 427.0477561941902 513.0658548025882
2020 7 4 489.071199107557 424.8742800748174 559.4293722038776
2020 7 5 511.21611120920693 423.8341637946226 611.4602806305203
2020 7 6 535.5211929423655 423.75620840610264 669.7148575104106
2020 7 7 561.3186293727426 423.94477794673173 733.9406199197125
2020 7 8 588.500005599331 424.24008307467534 804.510280506489
2020 7 9 617.8118851457343 425.1225867070418 882.9784834717304
2020 7 10 648.5837243767053 426.0069261222403 969.1001111672537
2020 7 11 681.7040608178594 427.4289573831293 1064.8406244419746
2020 7 12 717.3731886465873 429.39337639579145 1171.3790589550701
2020 7 13 754.0063024125421 430.82671178780396 1287.1033593150592
2020 7 14 792.0358962977664 431.9938743186031 1413.4509444566334
2020 7 15 832.1828298725992 433.2728754199711 1552.556931840025
2020 7 16 874.1553902571093 434.44666490879666 1704.962577985792
2020 7 17 918.4648193508891 435.73292796930986 1872.757932888343
2020 7 18 963.8649272373319 436.47491317692834 2054.7113655362677
2020 7 19 1009.4481082634292 436.2848289106508 2249.9493543663552
2020 7 20 1058.0758259819563 436.47897362909765 2465.7198588519145
2020 7 21 1107.7151669575064 436.1241802459802 2699.081286939001
2020 7 22 1158.986655155558 435.495386148504 2952.831062203339
2020 7 23 1212.9228514215 434.97705609047847 3231.1795563727014
2020 7 24 1270.284500698964 434.78762413904576 3538.205160414392
2020 7 25 1333.2349881059897 435.58268934503246 3882.415182936408
2020 7 26 1395.280244336704 435.064255378051 4248.390884609043
2020 7 27 1457.5803468134952 433.7255709648914 4640.849520979276
2020 7 28 1525.4123095970185 433.2093473549156 5078.319003187748
2020 7 29 1598.8953530424699 433.4021234983831 5565.330611306818
2020 7 30 1677.88920914937 434.1292366238986 6105.907047687427
2020 7 31 1759.8254865496215 434.60910827659796 6695.496675527762
2020 8 1 1845.7629539674276 435.0895103630568 7342.0173910086405
