2020 7 2 696.5910660202225 665.5833109417297 727.5988210987152
2020 7 3 727.0517730048286 663.7783350526902 793.2052186192666
2020 7 4 759.822089267386 662.8707905605265 865.7938057274786
2020 7 5 795.2614178845541 663.0043558274176 946.3833934801061
2020 7 6 834.2250261913554 664.698065691397 1036.7013375229258
2020 7 7 876.4998008951 667.5133188456394 1137.3812349344314
2020 7 8 920.9168711667581 670.3404956848323 1247.838723418609
2020 7 9 968.5135185400362 673.8556668726673 1370.281771256652
2020 7 10 1018.4616255981139 677.3137638881358 1504.585889042881
2020 7 11 1071.8986223636477 681.3967649788918 1653.40216927798
2020 7 12 1129.340459525641 686.2679016704764 1818.790318339946
2020 7 13 1188.4685398320908 690.3279822784316 1998.480276201876
2020 7 14 1249.0942963104249 693.4838470327506 2193.2357398400723
2020 7 15 1312.2528167133369 696.3433124715558 2405.9874399169566
2020 7 16 1377.428519947232 698.5903521780049 2637.2200388400925
2020 7 17 1444.7608964537385 700.2966911518068 2888.607193812875
2020 7 18 1513.9276568665957 701.3009677659576 3161.044190340721
2020 7 19 1584.8789651650075 701.5994416296309 3455.98806730823
2020 7 20 1660.3985854795167 702.4483544921853 3781.162695412959
2020 7 21 1737.8422554352376 702.5898944473032 4133.119871397722
2020 7 22 1818.5085638961446 702.5740089655908 4516.911578110136
2020 7 23 1903.122969945895 702.6368490412633 4936.847403670416
2020 7 24 1992.527446212377 703.01462369594 5398.037273749656
2020 7 25 2086.578481047527 703.5501506026357 5903.520256116269
2020 7 26 2173.14477448804 700.0655220057957 6422.6009489722455
2020 7 27 2259.406358768115 695.3430466461883 6975.8083146884965
2020 7 28 2352.889624288241 691.8211522396031 7588.390761837393
2020 7 29 2451.4711272777568 688.6788575987747 8258.735357436397
2020 7 30 2555.9776682163656 686.0550011024668 8994.342998177728
2020 7 31 2663.7364410698992 683.1182698151076 9791.238473471127
2020 8 1 2776.038271271427 680.1941095178881 10658.738594225762
