2020 7 2 35.10620277332397 30.01514781671107 40.19725772993687
2020 7 3 37.054114479908215 27.086300852443735 48.58045496576564
2020 7 4 39.11010851146356 24.443247734419664 58.711980318078524
2020 7 5 41.280181951395626 22.058100995814197 70.95645018762357
2020 7 6 43.57066463880698 19.905694399864544 85.75452226193076
2020 7 7 45.98823763186448 17.963317405065357 103.63875403753859
2020 7 8 48.53995269562969 16.21047554097484 125.25276866036135
2020 7 9 51.233252871196065 14.628674166300934 151.37441783026085
2020 7 10 54.07599418613049 13.201223327648982 182.94377536344263
2020 7 11 57.47852708191079 12.011213608747346 222.45716764918743
2020 7 12 61.09515183640049 10.92847600364401 270.50492065218214
2020 7 13 64.93933939179752 9.943340585937554 328.9303413789582
2020 7 14 69.02540829975491 9.047009114078264 399.9748663307917
2020 7 15 73.36857805408596 8.231476454298456 486.3640521140707
2020 7 16 77.98502577923347 7.4894590867860735 591.4121388647062
2020 7 17 82.89194648565247 6.814330056590442 719.1491979643527
2020 7 18 88.10761711654088 6.200059788306879 874.4757419513886
2020 7 19 93.65146462447512 5.641162235956298 1063.3507280909703
2020 7 20 99.5441383315174 5.132645887124525 1293.0201681848964
2020 7 21 105.80758684231638 4.669969183779452 1572.2951150223557
2020 7 22 112.46513979668167 4.248999961629462 1911.8896901611677
2020 7 23 119.5415947661381 3.8659785457761604 2324.8321211584966
2020 7 24 127.0633096181259 3.5174841730687967 2826.9645573091093
2020 7 25 135.05830069187815 3.2004044412785144 3437.550838853472
2020 7 26 143.55634715165394 2.9119075122431006 4180.015536151672
2020 7 27 152.58910190601478 2.649416820728597 5082.842611368323
2020 7 28 162.190209506288 2.4105880631326904 6180.6681789816475
2020 7 29 172.59641391202564 2.1962754068619104 7523.268232423154
2020 7 30 183.96971417682076 2.004826362155163 9170.567270041414
2020 7 31 196.57120133894324 1.8352830108088456 11202.424146303221
2020 8 1 210.03586035197435 1.6800775335689122 13684.46499091116
