2020 7 2 1554.2791147310477 1523.479564883431 1585.0786645786643
2020 7 3 1585.152249128581 1522.9520331856895 1648.597357118503
2020 7 4 1616.2713078391862 1522.0717790073493 1714.2794073858456
2020 7 5 1647.4394888938823 1520.6629818518463 1781.9824469380032
2020 7 6 1678.6572977986082 1518.7465029441164 1851.7628695068126
2020 7 7 1710.5747136495233 1516.9301978654205 1924.3950087791857
2020 7 8 1743.5614418826015 1515.526159647694 2000.3962667024964
2020 7 9 1777.027165170563 1513.986849269908 2079.218820969173
2020 7 10 1811.2267325980995 1512.5270640701779 2161.254325328906
2020 7 11 1846.1078007489157 1511.088158029341 2246.554360660525
2020 7 12 1881.2803612413795 1509.3393710806115 2334.758264878994
2020 7 13 1917.6074153453333 1507.9812199659125 2427.026352337506
2020 7 14 1954.7840546047348 1506.7407696400508 2523.128280071008
2020 7 15 1992.3291261594848 1505.2297796721573 2622.5807712285005
2020 7 16 2030.4927233410854 1503.6427941844838 2725.8182679555334
2020 7 17 2069.335075019806 1502.018767353419 2833.0495111117384
2020 7 18 2109.479896921089 1500.802558037181 2945.265036242443
2020 7 19 2151.734194092205 1500.5340477345928 3063.783245131153
2020 7 20 2194.7240711052327 1500.188316504043 3186.912889269127
2020 7 21 2239.0814215750975 1500.1902951710033 3315.7294463880835
2020 7 22 2284.5370489775237 1500.3274635563275 3450.051628025754
2020 7 23 2330.944881957306 1500.4839590658892 3589.859696032209
2020 7 24 2378.115392922037 1500.5245713168686 3735.05598623561
2020 7 25 2425.8730986673213 1500.3333792286678 3885.5479165505913
2020 7 26 2475.3393945279636 1500.6057633065193 4043.30393131179
2020 7 27 2526.164895319874 1501.090696651512 4208.037522376542
2020 7 28 2577.155921845982 1501.054027692813 4378.020085005098
2020 7 29 2628.789142540796 1500.791913711456 4554.211505827517
2020 7 30 2681.283110980363 1500.4306666179627 4737.192707811456
2020 7 31 2735.2240045606986 1500.2926052499877 4928.230184936276
2020 8 1 2790.2500577007727 1500.1545565856595 5126.971658904212
