2020 7 2 39.76469191213099 36.49062975916383 43.03875406509816
2020 7 3 40.96385849877227 34.49635404751524 47.98669815959637
2020 7 4 42.199187832649066 32.61106893538001 53.5034819264803
2020 7 5 43.47719924994821 30.833013209688282 59.66138498938461
2020 7 6 44.799508720011886 29.155869117466697 66.53569792428547
2020 7 7 46.16203472574908 27.569952317464153 74.20208396200407
2020 7 8 47.56600040726291 26.07030055337589 82.75180746687013
2020 7 9 49.01878532039722 24.655575349597548 92.29729423729906
2020 7 10 50.51594192729934 23.317621312998806 102.94386049437136
2020 7 11 52.06532416671213 22.055272134426986 114.83176003378277
2020 7 12 53.662227747551405 20.86126292189418 128.09246757534663
2020 7 13 55.30811020420315 19.731893945533653 142.88451422075386
2020 7 14 57.004473775315105 18.663665768248478 159.38473815481544
2020 7 15 58.74553332988914 17.65086738093502 177.7698943953503
2020 7 16 60.539769208562255 16.693029288457623 198.27579302252792
2020 7 17 62.38880554959971 15.787169027528138 221.14706335641836
2020 7 18 64.28628997425007 14.928435011252922 246.62810303420758
2020 7 19 66.233213997734 14.114490844014117 275.0133949140801
2020 7 20 68.23910103113398 13.344925414860228 306.66564941983717
2020 7 21 70.30573678179991 12.617319058569386 341.9608727184787
2020 7 22 72.44400564801462 11.931007215648199 381.36233902665924
2020 7 23 74.65662721702049 11.283561798596683 425.35278797698817
2020 7 24 76.93682779637838 10.67125051234271 474.4175701815932
2020 7 25 79.27677373923785 10.090793953274765 529.0809816968277
2020 7 26 81.67768776552627 9.540612847560372 589.974764314419
2020 7 27 84.13029883416293 9.01797456773915 657.7252288062051
2020 7 28 86.65655671159843 8.523966605057812 733.2558997008647
2020 7 29 89.24752476669939 8.055923998904754 817.3658953462177
2020 7 30 91.88381293122372 7.610679317498223 910.8295191294487
2020 7 31 94.56901419935441 7.187644194867673 1014.6933810091929
2020 8 1 97.33268745967125 6.788123230108365 1130.4010639092364
