2020 7 2 160.94985159135032 144.79024252597156 177.10946065672908
2020 7 3 161.75739504207286 130.90660939594818 195.86936000352713
2020 7 4 162.5689902295218 118.35424877107657 216.61635717218635
2020 7 5 163.30728058251415 106.94917542027162 239.45782931183155
2020 7 6 163.97119550578657 96.59223516602577 264.5938853011244
2020 7 7 164.63780953116742 87.23825927320208 292.3684906855764
2020 7 8 165.26795284037007 78.7693597286774 322.9890374822418
2020 7 9 165.78251573111262 71.06636543620576 356.58596090994973
2020 7 10 166.29868071690132 64.11666050998306 393.67759509504464
2020 7 11 166.65814859262508 57.78554508132581 434.2527032570695
2020 7 12 166.82008551136528 52.01082780918909 478.4930387977937
2020 7 13 166.94247964641323 46.80082116851587 527.126571637791
2020 7 14 167.06496358074554 42.11270910901413 580.7031659744439
2020 7 15 167.1477789706115 37.88419057196575 639.5870326708525
2020 7 16 167.23063541270443 34.08025571515215 704.4417808094213
2020 7 17 167.27373509086894 30.650161800279953 775.7052193085308
2020 7 18 167.436270157264 27.587180937284504 854.7316915112499
2020 7 19 167.79819702338872 24.86312098974549 942.8261913371964
2020 7 20 168.12097331752975 22.402127795203626 1039.7759380199673
2020 7 21 168.52438994486556 20.195390407128198 1147.189812428686
2020 7 22 168.9287745952386 18.206029240831693 1265.7000586552247
2020 7 23 169.29392762886815 16.408298795976915 1396.151771987344
2020 7 24 169.57929224520686 14.780273131906236 1539.3842147615096
2020 7 25 169.70371078109702 13.299709864374654 1695.845618986065
2020 7 26 170.03015251789512 11.983282394182693 1870.227498365766
2020 7 27 170.51907847915538 10.808564320444827 2064.3211883208946
2020 7 28 170.88766908160054 9.741286833025658 2277.084262828749
2020 7 29 171.23672235020274 8.778237135133123 2511.5052041925137
2020 7 30 171.61501443957596 7.911859450932215 2770.4776633778806
2020 7 31 172.10849771097827 7.136261915285745 3058.0000279528613
2020 8 1 172.60340000588474 6.436696005457653 3375.3616910804226
