2020 7 2 27.70816416726429 25.915800063344083 29.500528271184493
2020 7 3 27.60996183033593 24.15319908070116 31.297826398814454
2020 7 4 27.500181656802376 22.500044412813818 33.19110477859804
2020 7 5 27.375989901761848 20.947890788101148 35.180991215127065
2020 7 6 27.234621771104152 19.489239269723054 37.26738193895173
2020 7 7 27.092513188181947 18.131104854180666 39.475492834493444
2020 7 8 26.954071712757663 16.869571794497812 41.81869817129372
2020 7 9 26.80323976880928 15.687616674985728 44.2806714959153
2020 7 10 26.647463150675645 14.585086375666597 46.87802413904873
2020 7 11 26.483959279771327 13.555317303472304 49.61254218401909
2020 7 12 26.3114490625167 12.59313109004762 52.48782084399673
2020 7 13 26.150006911475984 11.704002525114678 55.54957303759063
2020 7 14 25.99237915621068 10.878914075328872 58.795923801718594
2020 7 15 25.83289475868951 10.110816515582961 62.22564417836253
2020 7 16 25.678573287750222 9.39858763690979 65.86550831997666
2020 7 17 25.5279466168302 8.737544687510509 69.72539736502745
2020 7 18 25.38647342971517 8.125826301487903 73.83407384320982
2020 7 19 25.26634452007107 7.5635155459835435 78.24465788326184
2020 7 20 25.139963075381523 7.038075070608998 82.8975912858421
2020 7 21 25.022358027323904 6.551417183288722 87.85407336943753
2020 7 22 24.90395211344741 6.098056231518837 93.10216214047905
2020 7 23 24.780727974540127 5.674751056015368 98.64364566991006
2020 7 24 24.650085681272778 5.278991837015578 104.4830046525447
2020 7 25 24.502830117517814 4.907127662563625 110.5946961756216
2020 7 26 24.368360990846316 4.563842984953053 117.11763036259251
2020 7 27 24.23594553014542 4.244819660033897 124.03161418041016
2020 7 28 24.087238282224728 3.9451173552029863 131.26670340083257
2020 7 29 23.92817217927297 3.6647292426490323 138.86240987764563
2020 7 30 23.76171579762056 3.402976185338584 146.84865552096431
2020 7 31 23.59057991027009 3.159082826219381 155.25812978078704
2020 8 1 23.420676572462284 2.9326694514969924 164.14918323570512
