2020 7 2 273.39664728200523 261.38537185470545 285.40792270930496
2020 7 3 270.0440297128055 246.8305578361538 294.3005732350532
2020 7 4 267.58856212556145 233.86865554207446 304.40322861404866
2020 7 5 265.9978653385915 222.32371023494122 315.8110311835617
2020 7 6 264.74582339451115 211.62382982819398 328.03719968207315
2020 7 7 263.64912884086 201.55837342092929 340.92186992452423
2020 7 8 262.3852446232465 191.84037123002358 354.09055956582966
2020 7 9 261.6002685819646 182.93663513500397 368.40602555715236
2020 7 10 261.27203587186256 174.76389875137818 383.9401636347534
2020 7 11 261.27891078136935 167.18015802274076 400.6211478243231
2020 7 12 261.46732056431824 160.0416632675662 418.305216617436
2020 7 13 261.24144156458317 152.95431266491462 436.106876880435
2020 7 14 261.17457777625475 146.2738088046878 454.93124421841844
2020 7 15 261.4990089760949 140.1042253931365 475.2497111606432
2020 7 16 262.18154067691194 134.38650945902853 497.1257374643971
2020 7 17 263.32125841892736 129.13556299333706 520.8722286377786
2020 7 18 264.82612067595466 124.26643027519339 546.4655192944535
2020 7 19 265.7588354232885 119.30838230626763 572.1179818865619
2020 7 20 267.3353305443715 114.83569380566031 600.3534754421652
2020 7 21 268.77026161346464 110.46585260239655 629.643552201224
2020 7 22 270.07867561349167 106.20713222092994 660.048201919406
2020 7 23 271.31136286079703 102.08031162570722 691.7204156765475
2020 7 24 273.274243050124 98.38646084363371 726.7597262529716
2020 7 25 275.95739946545706 95.08048180994601 765.4517369901479
2020 7 26 278.73880053226145 91.91036314985166 806.4031106999727
2020 7 27 281.7419013042145 88.90979941402517 850.1056501963262
2020 7 28 285.1015717800792 86.1095069713021 897.1548824584127
2020 7 29 289.1760372701388 83.60120221960547 948.9313026113516
2020 7 30 294.13500493845515 81.40483914253075 1006.4072477887353
2020 7 31 298.875022252429 79.18204646948078 1066.324334936396
2020 8 1 303.6914254564178 77.01994806619915 1129.8086234731054
