2020 7 2 203.22773350914005 184.87203442854246 221.58343258973767
2020 7 3 213.97274236141004 177.065906127265 254.3706952407969
2020 7 4 225.28585879054364 169.58938765174818 292.0094243556865
2020 7 5 237.32434389622333 162.52433252945383 335.3823864644903
2020 7 6 250.14014603444565 155.84538732080466 385.38705216582866
2020 7 7 263.64801701714305 149.44091368454022 442.8472870706122
2020 7 8 277.8853294005026 143.2996321982826 508.87469769330806
2020 7 9 292.8914739040301 137.4107269680553 584.7466282686415
2020 7 10 308.70796839381467 131.76382657956134 671.9308718265663
2020 7 11 325.5529074379307 126.42339597973759 772.4935208722666
2020 7 12 343.50085375899545 121.3708090431886 888.5428420424154
2020 7 13 362.4382821881419 116.52015177759607 1022.0258951212091
2020 7 14 382.4197435260411 111.8633539424031 1175.5616959305232
2020 7 15 403.50279599495303 107.39266782906274 1352.1627069685483
2020 7 16 425.74817103986095 103.1006553708526 1555.2939436915517
2020 7 17 449.2199482703309 98.98017576785334 1788.9409601502084
2020 7 18 473.7320549237019 94.96847716157917 2056.6777906518705
2020 7 19 499.3141599145429 91.06574305623475 2363.323248277305
2020 7 20 526.2777295729328 87.3233919953726 2715.6887681845947
2020 7 21 554.6973646648511 83.73483303011865 3120.5910960423157
2020 7 22 584.6516944880345 80.29374606695764 3585.86333705993
2020 7 23 616.2235944175735 76.99407073691923 4120.506492625144
2020 7 24 649.500415199234 73.82999572218537 4734.863590670691
2020 7 25 684.5742246248969 70.79594852132138 5440.819778438455
2020 7 26 721.1554670123352 67.84660548951942 6248.959689031193
2020 7 27 759.2842289835055 64.98181683235747 7173.6059056980075
2020 7 28 799.4289258757228 62.237992429648465 8235.070195859036
2020 7 29 841.6961437252444 59.610024626829926 9453.59725948412
2020 7 30 886.1981039601279 57.09302143747409 10852.42736479225
2020 7 31 933.0529613533399 54.68229743680989 12458.239596565869
2020 8 1 982.3851177291697 52.373365039761254 14301.660691042356
