2020 7 2 806.5296061145328 768.317497918662 844.7417143104037
2020 7 3 880.55772887705 799.1645473605148 965.8972402175558
2020 7 4 966.3956094840302 835.8015266425808 1109.9303188371887
2020 7 5 1071.6088406140107 883.6383238710015 1288.0840866939752
2020 7 6 1194.379926105449 939.2456005594468 1502.1691166565247
2020 7 7 1331.2165351923343 998.3522379446523 1751.835985202066
2020 7 8 1483.7301137067384 1061.178450466441 2042.9985445843865
2020 7 9 1659.3502205965744 1131.9874416079376 2390.3105048403286
2020 7 10 1858.9075595856837 1209.670277626503 2801.2036938776364
2020 7 11 2089.522116361885 1297.277043386829 3293.3649566598633
2020 7 12 2352.713323755828 1393.69124860444 3878.24935609433
2020 7 13 2649.0554660487455 1497.2710003143216 4567.006167242549
2020 7 14 2987.753183292881 1611.3912986830212 5386.752696556081
2020 7 15 3369.755446303095 1734.2097168289868 6353.638149644551
2020 7 16 3794.2017814675255 1863.0969521200745 7482.011069828802
2020 7 17 4279.31336128034 2005.1000898427194 8824.981143039966
2020 7 18 4810.201489110698 2150.313489845837 10375.498112898573
2020 7 19 5379.555775227344 2293.7969245000254 12139.344003917407
2020 7 20 6016.301064372291 2446.8545426941396 14203.045602431994
2020 7 21 6705.571052004218 2600.8348691425376 16563.651928343785
2020 7 22 7473.808682838636 2764.5051630652797 19316.601022272924
2020 7 23 8330.061048414202 2938.4752132049884 22527.101913749586
2020 7 24 9284.411739042864 3123.3931822525624 26271.201649157832
2020 7 25 10418.602552336817 3343.6661064442374 30837.0820206351
2020 7 26 11711.125893502889 3585.821162070433 36255.04475607116
2020 7 27 13186.231296656071 3852.3209811768597 42693.75117266294
2020 7 28 14897.20353501154 4153.253853868319 50438.03977982972
2020 7 29 16929.166215295325 4505.290999817799 59922.211984672365
2020 7 30 19395.766152359076 4929.076880739424 71747.16365726825
2020 7 31 22363.51493784645 5428.752043556567 86430.02689339948
2020 8 1 25785.359363824442 5979.080761669621 104117.69842886332
