2020 7 2 553.1454491943504 533.5827822199454 572.7081161687553
2020 7 3 548.5905786605856 510.4706171775934 588.083078789419
2020 7 4 545.7110887425356 489.88361924252786 605.6265812456692
2020 7 5 544.2187353143166 471.35854496293683 625.2160971568919
2020 7 6 543.6283904086138 454.3117136672194 646.4708209628269
2020 7 7 543.2949582715482 438.0955539592865 668.7528696284962
2020 7 8 543.0897882458972 422.56147386093187 691.9605471725464
2020 7 9 543.9514393885788 408.40820477321535 717.3327563772949
2020 7 10 545.7974188644089 395.4670095329928 744.9315661168534
2020 7 11 548.5073125835638 383.55730577823124 774.7627812515241
2020 7 12 551.7478057033858 372.36789546459295 806.5190679905996
2020 7 13 554.2271432276245 360.97829576259494 838.4363882973317
2020 7 14 556.8047115045468 349.99379226625905 871.7485593399111
2020 7 15 559.8754877827441 339.6460285437511 907.1376780768234
2020 7 16 563.3590965547526 329.8443715844296 944.6048897992719
2020 7 17 567.7496262669896 320.8438827439596 985.1039212486413
2020 7 18 572.1743734992275 312.0889909375645 1027.339309947533
2020 7 19 574.9702743793042 302.66574112970665 1068.398989911408
2020 7 20 578.8188519212431 294.0739577910482 1113.030380019811
2020 7 21 582.374851526713 285.5643350779811 1158.9140617518303
2020 7 22 585.9984538912495 277.3233918105095 1206.7803113511568
2020 7 23 589.9208488214767 269.45100265842285 1257.1924545295396
2020 7 24 594.4256887195232 262.05613162015226 1310.8958274914621
2020 7 25 598.3110852874731 254.57595602326498 1365.4513108546678
2020 7 26 601.4227354829846 246.96926780684214 1420.4534421920057
2020 7 27 604.0307868355827 239.37642215728226 1476.4434981873032
2020 7 28 607.3145569844743 232.2803158799379 1536.2645431196636
2020 7 29 610.059494886923 225.18165184028615 1597.1011667438825
2020 7 30 611.4300225377043 217.7880345562124 1656.7163345758258
2020 7 31 609.7099087278284 209.53521308302538 1710.1740925167392
2020 8 1 607.9946340514754 201.59512257509584 1765.3567878077758
