2020 7 2 895.5554657087858 842.9690744504272 948.1418569671443
2020 7 3 932.5279963323345 826.2843895750709 1045.1952651036133
2020 7 4 972.3800259542602 811.1288878532969 1153.69981378535
2020 7 5 1017.9327959175096 799.5860743406732 1278.2115992526446
2020 7 6 1069.230081865436 791.0435846121178 1420.6948892272571
2020 7 7 1123.284806984917 782.7198944805862 1579.2899570177465
2020 7 8 1179.800608894501 774.2945005754641 1755.207387984417
2020 7 9 1241.9179547432245 767.7698980766583 1954.8235140523002
2020 7 10 1307.0054839802892 761.1146015486943 2176.668826709114
2020 7 11 1377.9274557653516 755.9281542470375 2427.7261941622496
2020 7 12 1452.8089399350174 750.8379854869197 2707.9362658802966
2020 7 13 1528.8319161615693 744.2689343515209 3015.0311224068755
2020 7 14 1607.3541424955552 737.0373943041507 3354.0356627202063
2020 7 15 1689.909343261371 729.8761180674045 3731.1572484925273
2020 7 16 1775.4786178129975 722.2548940437944 4147.974716181284
2020 7 17 1865.2376044606215 714.655027170529 4611.021592955664
2020 7 18 1953.8206617946519 704.9459665179068 5111.634652542065
2020 7 19 2039.8381340092462 692.9252539348078 5648.880197196407
2020 7 20 2130.7935917479253 681.5005232046029 6245.779148136595
2020 7 21 2222.884675467475 669.3302324000923 6897.191278749138
2020 7 22 2317.701524014762 656.9995887565132 7612.65137441069
2020 7 23 2416.7496063812896 644.9490665341038 8402.941312788804
2020 7 24 2519.835737629542 633.0675815469782 9274.596012870805
2020 7 25 2628.131506838217 621.6091121517003 10239.659843687154
2020 7 26 2729.005624999468 607.5018294766664 11258.093083119213
2020 7 27 2827.3718361408687 592.294527855885 12351.500879746565
2020 7 28 2934.9816088426332 578.6615498123417 13575.994440934772
2020 7 29 3048.3825985089247 565.6766677876692 14929.723983520698
2020 7 30 3165.1903936993413 552.8022795694459 16413.666669529546
2020 7 31 3281.830270812542 539.409868750989 18021.02508765927
2020 8 1 3402.7684236187515 526.3419078745077 19785.78898601168
