2020 7 2 373.04064241687314 324.1953735307706 421.88591130297567
2020 7 3 371.93932203964033 280.9225673154689 475.7071612094502
2020 7 4 370.91611276523525 243.48225041149453 536.4902941463146
2020 7 5 370.56760216393894 211.47288788230574 606.0117549528171
2020 7 6 370.74150431041255 183.96957197974913 685.3959995424128
2020 7 7 370.9154880667095 160.04322706960085 775.1791485056561
2020 7 8 370.8655925773773 139.1320116302338 876.2553441646189
2020 7 9 371.2635653331159 121.12106874864732 991.5691174277739
2020 7 10 371.51251777354906 105.39292604393972 1121.6588516588895
2020 7 11 371.46254197188074 91.62230780133422 1267.9127979517368
2020 7 12 371.7863915729964 79.74315918853658 1434.5128619567345
2020 7 13 371.5118921796 69.27578488126042 1620.6939122784283
2020 7 14 370.78895344418765 60.09873759819474 1829.0816649162693
2020 7 15 370.0674215020063 52.137384904226444 2064.2637771308678
2020 7 16 369.1983277313202 45.20969502781001 2328.8545071243334
2020 7 17 368.1826589632052 39.18431470629094 2626.4221803484675
2020 7 18 366.9474735154357 33.93831499262809 2960.4254956043123
2020 7 19 364.31318699101877 29.26486660193531 3325.5831941782485
2020 7 20 361.77113659411646 25.240861763911177 3736.4510998056294
2020 7 21 358.4458789711784 21.714287257690817 4189.808427372922
2020 7 22 355.22332969580617 18.684805149465618 4699.016540427728
2020 7 23 352.02975222466284 16.077983096122303 5270.111230612604
2020 7 24 348.9357386175966 13.838089413532781 5911.6745870955165
2020 7 25 346.290297298638 11.92695608712713 6638.478439605491
2020 7 26 342.27096519490254 10.23175271285486 7427.915991920635
2020 7 27 337.5405125108566 8.754839529455136 8294.787166023702
2020 7 28 333.7586102539075 7.514019906791922 9284.52934125698
2020 7 29 330.0862566512901 6.450573449035312 10394.237211739231
2020 7 30 326.7333411974652 5.543087610176978 11645.366407592503
2020 7 31 323.1382867905425 4.758583848249362 13037.24684462556
2020 8 1 319.5827888492727 4.0851095694835555 14595.487968234547
