2020 7 2 217.4710930158112 201.42667317345212 233.51551285817024
2020 7 3 220.1673228354105 188.89364402378675 253.83545177725907
2020 7 4 223.11347392026434 177.32617756517357 276.1731806107763
2020 7 5 226.7572190014806 166.9901802168995 301.2913409988803
2020 7 6 230.9064174581591 157.58505483290133 329.28654378303344
2020 7 7 235.13153785420832 148.70963953948356 359.88298753324796
2020 7 8 239.43396940755505 140.33410030800684 393.3223727514165
2020 7 9 244.2860032371641 132.70626775043266 430.64237515554834
2020 7 10 249.2363615958361 125.4930445386888 471.50344889437554
2020 7 11 254.7771910873223 118.91869223876081 517.1688547849799
2020 7 12 260.44120000277843 112.68875829542344 567.2569839876693
2020 7 13 266.2311267716242 106.78519925755863 622.1961800398277
2020 7 14 272.14977070191844 101.19091693762684 682.4562718201261
2020 7 15 278.19999333376575 95.8897088910278 748.5525914299452
2020 7 16 284.11116249457586 90.77193201025348 820.3143206345163
2020 7 17 290.1479316614427 85.92729851998787 898.9556543416819
2020 7 18 295.7423578190532 81.17224370157736 983.3682144292492
2020 7 19 300.86303784140125 76.52068941311259 1073.773257435034
2020 7 20 306.0723807258589 72.13569123190638 1172.4896040613266
2020 7 21 311.0709570653792 67.93104235531924 1279.1284234537984
2020 7 22 316.45704665742863 64.0382716620579 1396.7239064432297
2020 7 23 322.5587464677387 60.49451435240015 1527.8772510036144
2020 7 24 329.0952707285622 57.20634686410545 1672.8483653640749
2020 7 25 336.4114615519478 54.20941042464756 1834.8647827983777
2020 7 26 342.89790820503725 51.2095637789049 2007.159859849708
2020 7 27 349.1722463618892 48.325368028143565 2193.65990034345
2020 7 28 356.24808257636 45.69865210669054 2401.8031396460515
2020 7 29 363.58407543205465 43.229689489259556 2630.4830837635736
2020 7 30 370.73745170998154 40.854443219988646 2878.52190566554
2020 7 31 377.5211972032526 38.55346264449406 3145.9866266912704
2020 8 1 384.429071517891 36.3820765804286 3438.3034695134584
