2020 7 2 638.9407594970314 589.0349671728706 688.8465518211923
2020 7 3 660.498597461622 561.3761395272094 767.6754646347317
2020 7 4 684.0553308341266 536.0967773311149 857.0031131585996
2020 7 5 710.7820888296905 513.781701114356 959.6439621149457
2020 7 6 740.8687350626828 494.0693332830672 1077.704225456826
2020 7 7 772.2289168782047 475.1132739086059 1210.2888606809988
2020 7 8 804.9165416764829 456.8845055493962 1359.1847296205965
2020 7 9 840.4181577785209 440.1670205536545 1528.8138319681348
2020 7 10 877.7345144494574 424.1915961347543 1720.0657925186115
2020 7 11 917.747635950879 409.2985173714957 1937.280778342216
2020 7 12 960.6720702927255 395.41321438416446 2184.2213816603244
2020 7 13 1003.7547421197247 381.237749937643 2458.4340462207624
2020 7 14 1047.729024418621 367.175281450105 2764.523649080724
2020 7 15 1093.3195034268845 353.52277929434484 3107.9044482471872
2020 7 16 1140.7318841265671 340.3255599188711 3493.4762555547745
2020 7 17 1190.2003278861018 327.6210007323447 3926.882744097264
2020 7 18 1240.403984251346 315.0025826790059 4409.406244286527
2020 7 19 1289.4189247377683 302.0305141402514 4939.467319641077
2020 7 20 1343.0439276638817 290.2188155739859 5543.488299545182
2020 7 21 1397.9046865196613 278.6541583721094 6217.2672117935845
2020 7 22 1455.834440258911 267.71538907072477 6976.6228026467015
2020 7 23 1517.2427681269237 257.40425305973844 7833.889157058106
2020 7 24 1582.5894424921871 247.71896070660563 8803.454333294383
2020 7 25 1652.6254265729106 238.6915636741026 9903.447546468775
2020 7 26 1719.8872635501039 229.14482077763242 11105.687707447045
2020 7 27 1786.320987820296 219.5048479760488 12430.85086398661
2020 7 28 1857.9661186699755 210.59547771035452 13932.544672665703
2020 7 29 1932.8057615819228 202.08410919118606 15618.055852415648
2020 7 30 2008.7232154924272 193.71423616445858 17491.824344686163
2020 7 31 2084.08277230893 185.3496576536551 19559.572851515855
2020 8 1 2162.2695293886545 177.34626154765945 21871.754632042084
