2020 7 2 39.29212875906037 37.58441386810728 40.999843650013446
2020 7 3 38.5026715678179 35.228103231864445 41.92274346553775
2020 7 4 37.73725919051267 33.02700581554189 42.875327525469764
2020 7 5 37.00946452425997 30.983041418246803 43.875008355664306
2020 7 6 36.31848936932711 29.084646670053672 44.92500761288987
2020 7 7 35.63908404439154 27.30150471611341 45.99848882862379
2020 7 8 34.970037578996376 25.625884124682113 47.09458685784682
2020 7 9 34.32610894528269 24.06230657704448 48.233715737552
2020 7 10 33.706112568456604 22.60259614542234 49.41736549528106
2020 7 11 33.11114773773343 21.240713513784403 50.65034308275752
2020 7 12 32.53663406202452 19.96727122981106 51.92930303633704
2020 7 13 31.96612754138891 18.766517152063503 53.23104336985041
2020 7 14 31.406092982430632 17.638246824954802 54.56619536974873
2020 7 15 30.8600129956549 16.580136525165745 55.942034100091355
2020 7 16 30.322071108454622 15.584772711064447 57.35010350713862
2020 7 17 29.79572866162737 14.650306240778484 58.797817241590415
2020 7 18 29.272408495415245 13.76886430014713 60.27001074666517
2020 7 19 28.731678207064817 12.927942138829472 61.724294582115334
2020 7 20 28.20304213431355 12.139326061141308 63.218193105351816
2020 7 21 27.676898279079833 11.395702486597736 64.73203238254472
2020 7 22 27.15651323217917 10.695961049759324 66.2726344341118
2020 7 23 26.64631058333669 10.03934329366994 67.85087371352094
2020 7 24 26.152723527885648 9.425683560793784 69.48459900318663
2020 7 25 25.6742211263402 8.851675491032454 71.17344757236188
2020 7 26 25.208424951625897 8.313985828829928 72.91429798736702
2020 7 27 24.755882873511954 7.810541994528517 74.71162184400274
2020 7 28 24.32743050981855 7.342620830242402 76.60143274164184
2020 7 29 23.915812965045006 6.905575373908848 78.56870590042959
2020 7 30 23.521670391553826 6.497578457440374 80.62103157138158
2020 7 31 23.134445790251178 6.113803581791696 82.72841446341224
2020 8 1 22.753595859172112 5.7526960977172585 84.89088301444605
