2020 7 2 1570.150134758179 1492.1295974987797 1648.1706720175787
2020 7 3 1633.752529118987 1475.4274032648693 1800.1450929799441
2020 7 4 1701.2582189660975 1460.1105134387017 1967.594847010041
2020 7 5 1775.2379203426372 1448.1150531890494 2154.8823698088668
2020 7 6 1855.7303192948968 1438.9065175378014 2363.997512641139
2020 7 7 1940.948978598045 1430.591314161387 2594.7771717575624
2020 7 8 2029.7807650196535 1422.102842614701 2847.6847222728425
2020 7 9 2124.4837379937485 1414.9297788442452 3127.775824292025
2020 7 10 2223.6052438678953 1407.7928958915988 3435.4159821518083
2020 7 11 2328.8994549494646 1401.672081191541 3775.7065016631636
2020 7 12 2440.981122740343 1396.6621105954173 4152.624654886232
2020 7 13 2555.8134509290694 1390.1575477764252 4562.672449094836
2020 7 14 2674.169752778974 1382.661719234507 5009.857218738543
2020 7 15 2797.903549436522 1375.1528323875582 5500.67653430518
2020 7 16 2926.929656020903 1367.471980689852 6038.730786321161
2020 7 17 3062.245446792063 1359.992696616897 6630.116029193901
2020 7 18 3198.4874185268045 1350.1873383289562 7267.877537922472
2020 7 19 3331.3892655405366 1336.4839283184135 7945.623117101072
2020 7 20 3469.813379372438 1322.91959785675 8686.569963458349
2020 7 21 3609.426424704671 1307.753300305349 9485.18892227997
2020 7 22 3752.004615044323 1291.7998691247856 10350.260473409979
2020 7 23 3900.2148748511327 1276.0410556648376 11294.228585768904
2020 7 24 4054.5813723574215 1260.573191052909 12325.162451103755
2020 7 25 4219.918849342887 1246.8042107398835 13464.977128320112
2020 7 26 4387.754957554417 1231.9318575239463 14696.66016521165
2020 7 27 4559.720765945114 1216.5222074511016 16032.482849199816
2020 7 28 4743.893252130236 1202.7638802022882 17508.94481640743
2020 7 29 4940.489129509254 1190.4249074773936 19139.773779032712
2020 7 30 5148.487043702749 1178.9967556105937 20935.111467322713
2020 7 31 5364.057017206779 1167.4069987249268 22894.036673836632
2020 8 1 5588.653023617577 1155.9311713000745 25036.261022115585
