2020 7 2 56.55322338009108 53.97667271430887 59.129774045873305
2020 7 3 56.77178880872601 51.718519461605474 62.06055745980099
2020 7 4 57.03522082937911 49.594941176402244 65.18472884899636
2020 7 5 57.344101381328095 47.59701449424369 68.51671862087879
2020 7 6 57.74358604547822 45.75338926156177 72.12528498847193
2020 7 7 58.190629133939375 44.01665312142366 75.97983079709823
2020 7 8 58.68625525078726 42.379972432067724 80.0992888038639
2020 7 9 59.23160915446109 40.837011000861025 84.5042051497124
2020 7 10 59.78203086965196 39.350225396148964 89.15136194867448
2020 7 11 60.43027965586009 37.97859615246685 94.19233998037362
2020 7 12 61.22613399383549 36.743125634383574 99.73747067005392
2020 7 13 62.03246956954273 35.54784584359641 105.60904483031837
2020 7 14 62.849424418724205 34.39144934740102 111.8262802840553
2020 7 15 63.67713839502463 33.272671244801025 118.4095262130248
2020 7 16 64.51575319393241 32.190287782921565 125.38032976128743
2020 7 17 65.41543907504364 31.168075957829778 132.85872876630546
2020 7 18 66.32767126685572 30.178324762552922 140.78318220254675
2020 7 19 67.20119303783125 29.196602574097177 149.07112944310643
2020 7 20 68.13832794793956 28.26945608180699 157.96258305649812
2020 7 21 69.08853140341209 27.37175139241097 167.3843737489368
2020 7 22 70.1055581619684 26.523778130936847 177.49792676557314
2020 7 23 71.19191733115713 25.722641993589935 188.36018723148752
2020 7 24 72.3503142934321 24.965649541117646 200.03323848872927
2020 7 25 73.58366183446027 24.25029346612956 212.5848011311718
2020 7 26 74.78097598945921 23.53663080547935 225.75909935516447
2020 7 27 75.93978566271421 22.825719810952943 239.5747770052184
2020 7 28 77.17543740978414 22.153980973883076 254.42169711624643
2020 7 29 78.49103827325918 21.519189363565204 270.3859933156055
2020 7 30 79.91427478077168 20.925947750380875 287.6455345159093
2020 7 31 81.385006531467 20.354739865808536 306.0848694723059
2020 8 1 82.88280543491365 19.79912403237241 325.7062463269243
