2020 7 2 1430.1063370215693 1343.3159196987092 1516.8967543444296
2020 7 3 1515.3731677148887 1337.0753472328668 1704.8267452178034
2020 7 4 1607.6268993552533 1332.5429139226355 1918.1805705073555
2020 7 5 1708.7909260438498 1330.7562197321715 2162.165315235736
2020 7 6 1818.862227618256 1330.9509878517842 2440.3994414011827
2020 7 7 1937.3461696385366 1332.1134697977673 2756.211920575653
2020 7 8 2064.3807062894025 1333.8492805690337 3114.0778891376613
2020 7 9 2201.928255883286 1336.9979605517394 3521.7023803445654
2020 7 10 2348.858766429333 1340.286629913515 3983.0329894753163
2020 7 11 2506.990937345186 1344.3806845780125 4507.165669691381
2020 7 12 2675.3547779698156 1348.2650973615134 5099.524904523835
2020 7 13 2852.1962417682234 1350.7348808931 5764.34262351424
2020 7 14 3038.841754253973 1352.3163982151345 6512.021634272435
2020 7 15 3237.6007758640676 1353.855075480384 7356.465078964396
2020 7 16 3448.6108843158577 1355.0823049996686 8308.709511645025
2020 7 17 3673.1456009535623 1356.2210805743389 9383.666339817973
2020 7 18 3908.172186436554 1355.8369049080484 10587.154085872051
2020 7 19 4154.620532411441 1354.198210310144 11935.196453598051
2020 7 20 4419.630519709079 1353.5460837923233 13463.56015493506
2020 7 21 4697.016746005001 1351.5075660943126 15173.845351383263
2020 7 22 4990.104859249085 1348.9808028957004 17095.873067318695
2020 7 23 5301.316398517531 1346.4141821533672 19260.79356263335
2020 7 24 5633.688869146285 1344.2974120485062 21706.232184915163
2020 7 25 5990.437330800637 1343.0280785243579 24475.784638372523
2020 7 26 6359.2839626953855 1339.407547880542 27555.840385225485
2020 7 27 6744.116193083984 1334.380291963441 30994.35166574104
2020 7 28 7161.151824514816 1331.1358662269652 34902.9045053947
2020 7 29 7609.53727602568 1328.93313646803 39331.453514199944
2020 7 30 8090.750770099565 1327.564121015015 44346.47245894574
2020 7 31 8599.681377562882 1325.7511971426568 49986.06369377012
2020 8 1 9140.625128252683 1323.9407490022916 56342.84814673269
