2020 7 2 6531.243882964533 6240.477689495017 6822.0100764340505
2020 7 3 6815.91434183277 6222.614082943164 7436.225900076994
2020 7 4 7117.277428007655 6208.71361394781 8110.417268229168
2020 7 5 7448.073206960479 6208.895945011133 8864.088664180772
2020 7 6 7811.100368130591 6223.1304423978 9707.857458216435
2020 7 7 8192.803995428549 6238.180039137242 10633.164859052682
2020 7 8 8590.069897826053 6250.9129578651255 11642.657334269783
2020 7 9 9016.319723356974 6270.745493670445 12761.164114657702
2020 7 10 9460.319587872122 6288.275596211091 13982.311948084905
2020 7 11 9933.320752765958 6310.598643271088 15330.86288062048
2020 7 12 10442.460897294812 6340.935567966214 16828.75366045304
2020 7 13 10956.689691953989 6358.6618894733265 18439.139349963745
2020 7 14 11476.954228481534 6365.24467552037 20171.16865344071
2020 7 15 12008.935372908296 6364.631269306628 22043.065316096956
2020 7 16 12550.475534079806 6356.015352282349 24060.95927135822
2020 7 17 13100.655981495736 6339.419362082589 26233.324757930382
2020 7 18 13630.480218510154 6301.345356879543 28512.766148516996
2020 7 19 14106.323452512426 6228.638832420706 30832.52828492822
2020 7 20 14589.910190684739 6152.85542441438 33321.63965609675
2020 7 21 15064.39255984814 6067.163256818201 35953.04134336194
2020 7 22 15544.835089031665 5978.850268603003 38769.64139408746
2020 7 23 16032.782055752785 5888.815751672789 41787.39812640078
2020 7 24 16532.013743939093 5798.656188991326 45029.54314838649
2020 7 25 17057.183864147628 5713.522467216508 48551.54435352674
2020 7 26 17551.85391359487 5613.834071186054 52214.718255492655
2020 7 27 18029.97337828637 5506.003041368508 56062.36254582823
2020 7 28 18546.053995113452 5407.858510646106 60271.07446843306
2020 7 29 19085.845541410126 5314.069909093613 64824.79238697677
2020 7 30 19644.14769113791 5222.687410610874 69732.07089818834
2020 7 31 20201.491682896354 5128.279633036901 74949.45921184667
2020 8 1 20774.64864501285 5035.578415278924 80557.21512057101
