2020 7 2 557.666202176351 526.7759288000783 588.5564755526237
2020 7 3 566.2017733009247 505.2128860455006 630.6651906330039
2020 7 4 574.7659327788373 484.441441746573 675.6729299735349
2020 7 5 583.770429749038 464.78595667965703 724.2580329893015
2020 7 6 593.2316627851493 446.1792919976628 776.7283439006304
2020 7 7 602.9531632018962 428.3979258505562 833.1399734467518
2020 7 8 612.7252929573654 411.24797447571933 893.4984526740759
2020 7 9 622.8766842730416 394.93283525685746 958.5518222297064
2020 7 10 633.1962598416425 379.2649545881932 1028.3415636031907
2020 7 11 644.1433324867542 364.4920994425314 1103.9539412131908
2020 7 12 655.5118741754831 350.42606297589793 1185.5239492964704
2020 7 13 666.9629063235815 336.83968272842935 1272.9073935006672
2020 7 14 678.4937567884043 323.71934619308877 1366.502321398644
2020 7 15 690.3462557702735 311.1684129277633 1467.2254484410844
2020 7 16 702.2813714547661 299.0480051904373 1575.1082848187239
2020 7 17 714.5494124748535 287.4536052869014 1691.2074888910704
2020 7 18 726.6453761949484 276.1532944553761 1814.9497116002221
2020 7 19 738.4221995632521 265.0981158792716 1946.4373462806884
2020 7 20 750.3898912329196 254.4855066145004 2087.450863669288
2020 7 21 762.4162892469857 244.25187919032302 2238.304128898024
2020 7 22 774.4980096261245 234.3857510749586 2399.655620393474
2020 7 23 786.9107852161072 224.96039525824963 2573.070905064909
2020 7 24 799.5224986935116 215.91406133968994 2759.0183467267475
2020 7 25 812.624561162255 207.30934334885595 2959.3982119765383
2020 7 26 825.2089669291511 198.86071076102425 3171.6640017914096
2020 7 27 837.9882563804382 190.75639161054718 3399.1547671919893
2020 7 28 851.4185816288046 183.08550352543537 3644.800595112168
2020 7 29 865.1408856361863 175.73958520413962 3908.5269276197646
2020 7 30 878.9751946509634 168.66623275834093 4190.842520243824
2020 7 31 892.5871146410555 161.79245173366726 4491.434881876417
2020 8 1 906.4098305295348 155.19880304373817 4813.587530595772
