2020 7 2 526.3740917227764 487.268755123157 565.4794283223958
2020 7 3 530.2612857141515 454.39515153830376 611.9814798209086
2020 7 4 533.7104886326231 423.33944120187596 661.7689936564822
2020 7 5 536.3768708208357 393.7675082747882 714.6084810166303
2020 7 6 538.4158941959315 365.79095280090087 770.8134103933138
2020 7 7 540.5642134062979 339.87107481659547 831.5843083499436
2020 7 8 542.9589872226768 315.9374394029804 897.5123314472065
2020 7 9 545.1595674966222 293.57003378038183 968.3285904119164
2020 7 10 547.3005223330292 272.7492608658785 1044.6107019644442
2020 7 11 549.2434448081041 253.3022726072989 1126.5080720795565
2020 7 12 551.0551492106497 235.17815554485304 1214.542910193091
2020 7 13 553.2885427445 218.52826052580556 1310.3737776234018
2020 7 14 555.6701207562134 203.1120794089166 1414.0954843310558
2020 7 15 557.747554054837 188.66852017139325 1525.2271194304958
2020 7 16 559.6223731354028 175.18089559251965 1644.517110708206
2020 7 17 561.4683129035627 162.64646774810305 1773.033542329399
2020 7 18 563.5674233753666 151.08046980977204 1912.3735790019784
2020 7 19 566.4183981898766 140.5363998116373 2065.1888375863878
2020 7 20 569.0345353752738 130.6663669459349 2229.3065480745486
2020 7 21 571.8773941571759 121.53880484545773 2407.3073554530024
2020 7 22 574.770407450891 113.05647971505722 2599.6721214458926
2020 7 23 577.6419222690937 105.15903782867267 2807.245071400352
2020 7 24 580.2009554355254 97.75376489335103 3029.8035252439486
2020 7 25 582.4065749816768 90.8085153010162 3268.10169506038
2020 7 26 585.2430121703597 84.45376407008212 3528.635045346959
2020 7 27 588.3875995710747 78.58619064460532 3811.712792857834
2020 7 28 590.9572478535473 73.0472304916464 4113.665842739548
2020 7 29 593.2904434438223 67.8680560348179 4437.814683520416
2020 7 30 595.4936052440617 63.04016529358319 4786.464262597017
2020 7 31 598.0194145008012 58.589003451512376 5165.032538507945
2020 8 1 600.5559370756104 54.452130787650994 5573.54231855713
