2020 7 2 5.551928473139193 4.911722009005467 6.192134937272919
2020 7 3 5.5011871169896045 4.305625477596907 6.843046894133678
2020 7 4 5.446885397234775 3.7711704703076765 7.557376484130982
2020 7 5 5.385150908654772 3.2975398691336677 8.335216843971208
2020 7 6 5.320176883572212 2.880981558176277 9.187018955725314
2020 7 7 5.2559867963972495 2.5170445447055068 10.125869413211847
2020 7 8 5.1964159346670655 2.2009227119013364 11.168071019100683
2020 7 9 5.129917903352935 1.9212834568154522 12.301202011952965
2020 7 10 5.060518314035002 1.675768481048244 13.540304043214912
2020 7 11 4.9920575902288045 1.4616271181189269 14.904221018771372
2020 7 12 4.924523030584699 1.2748502293612094 16.405525567773296
2020 7 13 4.861504386424538 1.1128735426938867 18.070057378421772
2020 7 14 4.799292185748775 0.971476879012378 19.903475344970268
2020 7 15 4.737876108578265 0.8480454339592729 21.922914936667382
2020 7 16 4.677245966997635 0.7402966283565129 24.147250215867853
2020 7 17 4.620813101525176 0.6467794229992181 26.614933914079995
2020 7 18 4.568441238920677 0.5655487999462365 29.354266778642497
2020 7 19 4.523346569243628 0.49534752731571924 32.41848973035643
2020 7 20 4.472079383180906 0.43313560955707664 35.75515156932749
2020 7 21 4.42466457362687 0.37905387801536194 39.46139301068919
2020 7 22 4.374515840053445 0.3314475665173013 43.52294323300296
2020 7 23 4.324935487526124 0.2898202491039774 48.002527106686024
2020 7 24 4.272753390568478 0.2532090061048986 52.90805682767741
2020 7 25 4.214949866974377 0.2208521965059002 58.2374937901462
2020 7 26 4.1548451034678155 0.1924686122661973 64.06116514879358
2020 7 27 4.0986366905277505 0.16787363305641037 70.51405648280678
2020 7 28 4.037192394997941 0.14617597291971599 77.51378674261099
2020 7 29 3.9761770354019337 0.12726491321022868 85.19891015708474
2020 7 30 3.9154051544540542 0.1107786908024214 93.6314350163315
2020 7 31 3.8545596713523476 0.09639977376471304 102.87459339784118
2020 8 1 3.7946597284100463 0.08388721977642953 113.03022286185399
