2020 7 2 569.3047566354569 488.8585963209024 649.7509169500114
2020 7 3 628.4917585521258 463.4624453837092 818.6063636079521
2020 7 4 694.2017081467249 439.6582096324776 1031.8249580332597
2020 7 5 767.5983486305797 417.59377538773714 1301.793355339221
2020 7 6 849.5075229138187 397.04600416486136 1643.6728273979702
2020 7 7 940.3236397375501 377.58713101896404 2075.65958822278
2020 7 8 1041.0327538097758 359.15594664568215 2621.587170651302
2020 7 9 1153.5483440331764 341.9765106389512 3313.6711978810567
2020 7 10 1278.45085769144 325.68586032980886 4189.111103248872
2020 7 11 1418.3812701535683 310.55435143973466 5300.761466899689
2020 7 12 1573.905576526225 296.18674386649286 6708.445982894894
2020 7 13 1745.8658575600841 282.36770901684883 8487.328591241188
2020 7 14 1937.2985719016501 269.3041392561891 10741.246469768452
2020 7 15 2149.7217214255584 256.8449475792905 13593.720860928852
2020 7 16 2384.593976073022 244.86146298703915 17198.37590084101
2020 7 17 2645.5951843862936 233.48509128863958 21762.251232184197
2020 7 18 2931.533069216575 222.31684467660165 27507.361157563457
2020 7 19 3243.7774740875416 211.33412171948942 34726.004326486014
2020 7 20 3589.9157050192384 200.9353910855199 43845.81430028577
2020 7 21 3970.174547545187 190.89075676267746 55326.30209198735
2020 7 22 4390.711992467567 181.3482474170954 69812.81456446559
2020 7 23 4859.237744848538 172.42497671906818 88147.19005374242
2020 7 24 5379.664444411895 164.00838548649153 111331.13728523912
2020 7 25 5968.4854069741405 156.38848347256177 140874.7077942218
2020 7 26 6618.244254086917 149.0306247516403 178175.30031364926
2020 7 27 7338.739063611196 142.01894295983098 225352.28742572933
2020 7 28 8144.8643664473375 135.47636628773697 285241.62956507894
2020 7 29 9046.724337113435 129.3547169689058 361298.737964637
2020 7 30 10049.686490943463 123.52743329459808 457685.371766545
2020 7 31 11159.014583789201 117.90332861520442 579566.0214864889
2020 8 1 12390.795135095785 112.53528489815052 733903.2313075776
