2020 7 2 555.7857964834309 509.01329274987194 602.5583002169899
2020 7 3 582.7722432819239 488.83523602881894 684.9596389544682
2020 7 4 611.690243080151 469.9781477974664 779.3597056612391
2020 7 5 643.455946019475 452.9339363293336 888.5698390282973
2020 7 6 678.128757180622 437.3930020209203 1014.8198720971754
2020 7 7 714.6699228752121 422.3853036213367 1159.007798339789
2020 7 8 753.4340569346913 408.04262713220703 1324.0940940444939
2020 7 9 795.3716241584192 394.76691997189624 1514.5767984874658
2020 7 10 839.3609038512337 381.78287040433804 1731.9239725840162
2020 7 11 886.2304433329758 369.4293546963846 1981.3843241923025
2020 7 12 936.6618450607006 357.8693647804058 2268.8881643578725
2020 7 13 989.1310334771466 346.35320805041596 2596.094076363234
2020 7 14 1043.8364823049294 334.9615057732101 2968.6428383341263
2020 7 15 1101.5675020936483 323.94448136170945 3394.6536767797174
2020 7 16 1162.1000170940606 313.1747073303757 3880.5923997565847
2020 7 17 1226.3717878365298 302.874259857288 4437.471253803433
2020 7 18 1293.1088218881794 292.643554701816 5070.32239690907
2020 7 19 1360.491026051884 282.0825446880589 5781.717436498187
2020 7 20 1432.8346602592553 272.20335291515585 6599.088333282762
2020 7 21 1508.2614682203368 262.5250743692643 7528.495108339682
2020 7 22 1588.1947857326136 253.2841907457152 8591.473320582454
2020 7 23 1673.4929653530228 244.54858048288216 9810.6431170068
2020 7 24 1764.2642481230507 236.244595600666 11208.04763230644
2020 7 25 1862.153099333809 228.5163830628963 12818.433679735757
2020 7 26 1962.4957617425753 220.67559699515846 14639.706026462714
2020 7 27 2065.4561564421233 212.79019923073915 16698.94174853341
2020 7 28 2177.487762613801 205.5646140565921 19077.499027788075
2020 7 29 2297.4658222227995 198.76090022506855 21811.233999748743
2020 7 30 2425.1022220145746 192.27300755486493 24946.64888179384
2020 7 31 2559.9802956796816 186.00884644873716 28534.33805051122
2020 8 1 2702.359947872269 179.94876866591375 32637.98884727419
