2020 7 2 45.60206978199819 41.62942364818613 49.574715915810245
2020 7 3 46.560931118334516 38.804577147532854 55.0234918668909
2020 7 4 47.56259977597829 36.190289370975904 61.09790638487442
2020 7 5 48.655215810640264 33.80493285198057 67.93206422761128
2020 7 6 49.84392424352297 31.626123424466698 75.62978197388404
2020 7 7 51.06167432620342 29.58774351776299 84.19976614066104
2020 7 8 52.284340951744554 27.666351656251052 93.69990569247523
2020 7 9 53.574428146760454 25.889916565154486 104.34029103030159
2020 7 10 54.883319155954084 24.22124902078452 116.1636047930646
2020 7 11 56.250881374156506 22.671911500111655 129.38317459620217
2020 7 12 57.67987848304049 21.232705807103102 144.17007619086954
2020 7 13 59.07504408581749 19.859043298210654 160.47163998067242
2020 7 14 60.4752240110613 18.564591949586895 178.53840237463564
2020 7 15 61.923297131384025 17.3590300633683 198.68263573371033
2020 7 16 63.42110289034811 16.23597730667213 221.148030397519
2020 7 17 64.98598352656265 15.19347773230909 246.26118545077867
2020 7 18 66.55786979372168 14.210526669445342 274.10637031607314
2020 7 19 68.11921980758312 13.280800946688506 304.90008537428963
2020 7 20 69.80002388024695 12.428050966036997 339.52396651848517
2020 7 21 71.43743007414581 11.614943968975322 377.6668388214883
2020 7 22 73.0785027224386 10.849385505760035 419.9110815654995
2020 7 23 74.73950294013545 10.131647771909304 466.7784745978334
2020 7 24 76.40190529993609 9.45646407245671 518.6498371673481
2020 7 25 78.10128384364424 8.826275327257305 576.2854720871168
2020 7 26 79.62953933082358 8.214472653438273 638.7843723913986
2020 7 27 81.09087649591976 7.6350896454992 707.2846522542277
2020 7 28 82.6973510650059 7.107711997437359 784.1625814444315
2020 7 29 84.36246525553054 6.619066473641313 869.6509759626896
2020 7 30 86.04195878900612 6.162512331463429 964.2618200001043
2020 7 31 87.68897745713628 5.732728647837464 1068.4268933777837
2020 8 1 89.36752342347476 5.332918780858978 1183.8444733742322
