2020 7 2 29.7394790363572 28.34680847527124 31.132149597443156
2020 7 3 30.232288451132668 27.467089871064108 33.130083236708316
2020 7 4 30.984004835968765 26.842479237719644 35.53101048616657
2020 7 5 32.01138768499101 26.454698724043197 38.40061946376806
2020 7 6 33.07283699908298 26.07252029076534 41.501988123170236
2020 7 7 34.169482370823985 25.695863007298573 44.853834188818354
2020 7 8 35.30249084837881 25.324647112221054 48.47638709420769
2020 7 9 36.473068177468456 24.95879399638621 52.39151007280642
2020 7 10 37.68246008452269 24.598226186276374 56.622832109469506
2020 7 11 38.93195360238004 24.242867327596894 61.195890548711375
2020 7 12 40.222878439945966 23.892642169107244 66.13828522052265
2020 7 13 41.55660839726686 23.547476546685736 71.47984501392823
2020 7 14 42.93456282752573 23.20729736762442 77.25280790360993
2020 7 15 44.35820814751551 22.872032595150895 83.49201551611033
2020 7 16 45.82905939819732 22.541611233173693 90.23512340988535
2020 7 17 47.348681857004536 22.21596331124808 97.52282833831114
2020 7 18 48.91869270360838 21.895019869759 105.39911386724825
2020 7 19 50.54076274091785 21.578712945318124 113.91151582954123
2020 7 20 52.21661817314534 21.266975556371822 123.1114092185545
2020 7 21 53.94804244283031 20.95974168901707 133.0543182522359
2020 7 22 55.73687812877577 20.656946283022254 143.8002514790411
2020 7 23 57.585028906917636 20.358525218049955 155.41406394818733
2020 7 24 59.49446157621341 20.06441530007872 167.96584863004668
2020 7 25 61.46720815170636 19.774554248021033 181.53135944902246
2020 7 26 63.50536802699249 19.48888068053458 196.19246848204392
2020 7 27 65.61111020839174 19.207334103024078 212.0376600820144
2020 7 28 67.78667562320078 18.929854894830843 229.1625649084014
2020 7 29 70.22178264444862 18.708717800408138 248.3040802413108
2020 7 30 73.01615557698501 18.562575019369028 270.0054966620687
2020 7 31 76.34563367746003 18.52534188459018 295.17114631695864
2020 8 1 79.82693330748482 18.48818343267855 322.6823405269851
