2020 5 12 1.5105889345478127 1.3669057578354475 1.6542721112601777
2020 5 13 1.411868923058481 1.1560561453704548 1.6932289190535454
2020 5 14 1.3196004619847301 0.9777307642372826 1.7331031290464178
2020 5 15 1.2333619295891145 0.8269126470753606 1.7739163453394216
2020 5 16 1.1527592579589339 0.6993587098863489 1.8156906807927697
2020 5 17 1.0774241323086158 0.5914803780348082 1.8584487690071507
2020 5 18 1.0070123079612932 0.500242626072467 1.9022137765867566
2020 5 19 0.941202037319005 0.4230785909945289 1.947009415691097
2020 5 20 0.8796925996335446 0.3578173566760101 1.9928599568823981
2020 5 21 0.822202926859727 0.30262287779119207 2.0397902422755467
2020 5 22 0.7684703193118956 0.2559423249150697 2.0878256989977073
2020 5 23 0.718249245254849 0.21646239755915006 2.1369923529649006
2020 5 24 0.6713102189439037 0.18307237606208324 2.1873168429830105
2020 5 25 0.6274387519872852 0.15483287284507904 2.2388264351808584
2020 5 26 0.5864343732390863 0.13094940388674833 2.291549037783166
2020 5 27 0.5481097127441836 0.11075003688300895 2.3455132162314087
2020 5 28 0.5122896455491875 0.09366648725026445 2.400748208660753
2020 5 29 0.47881049146706106 0.0792181301309341 2.4572839417414634
2020 5 30 0.447519267138723 0.06699847859858639 2.515151046893365
2020 5 31 0.418272986973923 0.05666374764345008 2.5743808768821403
2020 6 1 0.3909380097770304 0.04792318219996624 2.6350055228064564
2020 6 2 0.36538942807213554 0.04053087710721928 2.6970578314851275
2020 6 3 0.3415104973369787 0.03427885886679848 2.76057142325373
2020 6 4 0.31919210253758473 0.028991234561775447 2.825580710180314
2020 6 5 0.29833225952592723 0.024519243323760678 2.8921209147100813
2020 6 6 0.2788356490222538 0.020737071127093287 2.960228088749129
2020 6 7 0.2606131810525992 0.01753831116449682 3.029939133197602
2020 6 8 0.24358158785117978 0.01483297022118229 3.1012918179428373
2020 6 9 0.22766304336743093 0.012544936825380642 3.1743248023233264
2020 6 10 0.21278480763902163 0.010609839944804219 3.249077656074592
2020 6 11 0.19887889440580472 0.008973237986070736 3.3255908807683237
2020 6 12 0.18588176044586097 0.00758908714679471 3.4039059317563845
2020 6 13 0.17373401521405463 0.0064184460292983315 3.484065240631587
2020 6 14 0.1623801494562909 0.005428380071826564 3.5661122382173978
2020 6 15 0.1517682815593749 0.004591034974773349 3.650091378099036
2020 6 16 0.14184992047741546 0.0038828530538945563 3.736048160708707
2020 6 17 0.13257974415146276 0.003283910473559959 3.824029157978027
2020 6 18 0.12391539240986671 0.0027773567139091765 3.9140820385709914
2020 6 19 0.1158172734030113 0.0023489405020028597 4.00625559371116
2020 6 20 0.10824838268792679 0.001986608869619575 4.100599763617052
2020 6 21 0.10117413413608459 0.0016801680576779296 4.197165664560076
2020 6 22 0.09456220189170647 0.001420996727242947 4.29600561655965
2020 6 23 0.08838237265841462 0.0012018034086577257 4.397173171730517
2020 6 24 0.08260640763924486 0.0010164213649271777 4.50072314329763
2020 6 25 0.07720791349915651 0.0008596350980850461 4.606711635294296
2020 6 26 0.07216222176040056 0.0007270336175121932 4.7151960729597056
2020 6 27 0.06744627607964199 0.0006148863420890386 4.826235233852289
2020 6 28 0.06303852689174791 0.0005200381448403894 4.939889279695774
2020 6 29 0.05891883293881506 0.0004398205872815969 5.056219788975187
2020 6 30 0.05506836923447251 0.0003719768461525072 5.175289790300471
2020 7 1 0.051469541042901495 0.00031459822044431983 5.297163796555784
2020 7 2 0.048105903479498544 0.00026607043242190187 5.421907839852996
2020 7 3 0.04496208636579622 0.00022502821188623808 5.5495895073083
2020 7 4 0.04202372399526527 0.0001903168859605663 5.680277977661349
2020 7 5 0.039277389489062266 0.0001609598937756227 5.8140440587567275
2020 7 6 0.0367105334417605 0.00013613131211924048 5.950960225908103
2020 7 7 0.03431142657670529 0.0001151326190929227 6.091100661165805
2020 7 8 0.03206910614895658 9.737304204917396e-05 6.234541293509132
2020 7 9 0.029973325850906618 8.23529369227477e-05 6.381359839985159
