2020 5 12 282.70433493445233 255.55466924087688 309.85400062802785
2020 5 13 286.4451588083591 234.06850419629296 344.10562016119786
2020 5 14 290.20118184441486 214.36079401417297 382.10224827257304
2020 5 15 293.99356322349 196.3028774785049 424.27754216948654
2020 5 16 297.8638292168279 179.78508674655933 471.1488956249256
2020 5 17 301.7528165865336 164.63772327527857 523.1473057808162
2020 5 18 305.68621122707737 150.7630901633245 580.8734865614936
2020 5 19 309.5972017722056 138.02138704760102 644.8294044798738
2020 5 20 313.5327099356908 126.34516852304425 715.7739079786598
2020 5 21 317.5293213414867 115.66118844142969 794.5490529968224
2020 5 22 321.61970780672794 105.89626641385021 882.1010410801215
2020 5 23 325.8285968707123 96.9774357675213 979.4809495054587
2020 5 24 330.2354267768012 88.85229005183109 1088.0406110366655
2020 5 25 334.8218551067743 81.44018639283955 1209.0277158189588
2020 5 26 339.4381862291285 74.63818407897482 1343.346218863038
2020 5 27 344.0222335290167 68.38320079930459 1492.2073572817417
2020 5 28 348.439010349285 62.60685573933183 1656.5702831166182
2020 5 29 352.6170677773359 57.26535854372969 1837.6328492837824
2020 5 30 356.4394822433412 52.313694911076375 2036.3710077476367
2020 5 31 359.8284338772929 47.72049582699391 2253.8893627477746
2020 6 1 362.5595420200929 43.43906809334077 2490.319881421243
2020 6 2 365.1174265374212 39.5185271880829 2750.219494302696
2020 6 3 367.4906653438948 35.92989162427837 3035.716496161452
2020 6 4 369.91642263616677 32.670762828035315 3351.1570102936557
2020 6 5 372.4179319290039 29.71253929004315 3699.9160637925656
2020 6 6 374.8762134565203 27.017374121655926 4084.3733828091745
2020 6 7 377.2031533752157 24.556046736896732 4507.17176625957
2020 6 8 379.68921422474517 22.328368865888883 4975.465323002387
2020 6 9 382.203157295393 20.303457808561614 5492.565074376104
2020 6 10 384.78389619402014 18.464845639941142 6064.127673694484
2020 6 11 387.2383600380199 16.78583608600379 6692.9030290168
2020 6 12 389.5834058132809 15.254077295048251 7384.712895223949
2020 6 13 391.91119474852917 13.860864436661213 8147.435176249741
2020 6 14 394.1539987065926 12.59140139552487 8986.878524336516
2020 6 15 396.2902860861412 11.434390840170034 9910.089804434707
2020 6 16 398.23015471905404 10.377695296219105 10922.940056274092
2020 6 17 400.1473629232789 9.417815029845382 12038.425593635018
2020 6 18 402.1182288535765 8.547764101365688 13269.16468358499
2020 6 19 404.10691953263347 7.758264095929134 14625.995292509297
2020 6 20 406.03610499654394 7.040353710686011 16119.058153166468
2020 6 21 408.163022866311 6.392143945423989 17772.02116183665
2020 6 22 410.60594613771576 5.808389662038717 19607.765000812997
2020 6 23 413.35360167969856 5.2820498641024285 21646.983973951606
2020 6 24 416.04454456819315 4.802445829242426 23894.350026512402
2020 6 25 418.9041816913332 4.368134329403134 26383.71752550752
2020 6 26 421.70313841109885 3.972262295314858 29127.373201785173
2020 6 27 424.70382410725136 3.613991097599687 32168.984822950904
2020 6 28 427.8073096304314 3.288726616320277 35534.38448412186
2020 6 29 430.842794254123 2.9920393252448454 39244.32777623149
2020 6 30 433.87807348869785 2.721966210344436 43339.62462056424
2020 7 1 437.0617370429466 2.4770676950973054 47874.9674531224
2020 7 2 440.14524008377066 2.253502926100555 52871.38803370964
2020 7 3 443.4548569146461 2.051162028219865 58413.80297538925
2020 7 4 446.7266959623739 1.8666993710631599 64528.96518261318
2020 7 5 449.90544016549865 1.6983357108301076 71267.37063515862
2020 7 6 452.94332315515095 1.5445401980766988 78683.53467786584
2020 7 7 455.7258883950843 1.4037313008933487 86823.5170613099
2020 7 8 458.3237672504881 1.2751378016823711 95767.15567196568
2020 7 9 460.68063309765563 1.157612797043815 105578.61885764204
