2020 5 12 80.63427736650685 72.26599330692532 89.00256142608839
2020 5 13 79.51403030255202 63.86600319417587 96.87494758399674
2020 5 14 78.52166535726744 56.53261841185535 105.58049798009597
2020 5 15 77.50020225572761 50.01141984282316 115.01258365944862
2020 5 16 76.52258196549028 44.26217741110663 125.33263375955059
2020 5 17 75.64771607236653 39.226161836170895 136.72679762956838
2020 5 18 74.82102778155866 34.782924152520714 149.22581964364898
2020 5 19 74.10822026400697 30.891723502105854 163.0765626754456
2020 5 20 73.44895173206255 27.455322175461923 178.31576505914845
2020 5 21 72.76460470241601 24.389620126047483 194.9039198582068
2020 5 22 72.13187884743202 21.68140434155582 213.15640942633038
2020 5 23 71.32914911888108 19.221154460921056 232.59958424014775
2020 5 24 70.30523477343938 16.97806588968591 253.06587944192592
2020 5 25 69.05558233155051 14.938680286479759 274.4675339971651
2020 5 26 67.7870703138406 13.135378337801159 297.51587248794414
2020 5 27 66.61241537211487 11.563431243365285 322.80935434894207
2020 5 28 65.69582733951765 10.220868448515786 351.4051472761427
2020 5 29 65.05559754958234 9.075216060781468 383.94484413187524
2020 5 30 64.83755347643323 8.11600359050967 421.9525089689301
2020 5 31 65.21796683355767 7.3329959631128885 467.6125580458999
2020 6 1 66.38609473462294 6.713848868609909 523.8454495074692
2020 6 2 67.83179128717373 6.172933729547112 588.8658114313322
2020 6 3 69.49051833639082 5.692119998426724 663.5326445954225
2020 6 4 71.03481804482107 5.23606166062986 746.1871421589667
2020 6 5 72.46556579031075 4.805643408651075 837.5843737806077
2020 6 6 73.92513094066703 4.410606686463936 940.176456500769
2020 6 7 75.31516599619079 4.042140685491481 1054.0764382893713
2020 6 8 76.35058324644625 3.684021662061623 1176.446240316666
2020 6 9 77.30941412332905 3.3532484439798744 1311.622778295763
2020 6 10 78.23430543785183 3.0501796088977695 1461.5513243748578
2020 6 11 79.37965077011418 2.7826659468857353 1632.5296014640976
2020 6 12 80.6834002342086 2.543579449423951 1826.4225265584735
2020 6 13 82.02055966107645 2.325413457047495 2043.6153760537827
2020 6 14 83.47744538648392 2.128725976767126 2289.0671024009625
2020 6 15 85.05950763423016 1.9512068396150453 2566.722111838446
2020 6 16 86.7600860849358 1.7905222998534176 2880.7271397951586
2020 6 17 88.46886301040045 1.6425378820875396 3232.28991849921
2020 6 18 90.15867697942377 1.5058072689456754 3624.8348290304875
2020 6 19 91.92098483137644 1.3811302908699057 4066.669230294649
2020 6 20 93.75874348199167 1.2673923310424084 4564.1732567179615
2020 6 21 95.54959767704693 1.161890149080867 5118.468517317446
2020 6 22 97.04788927010199 1.061196802308675 5722.57547463258
2020 6 23 98.30993281012768 0.9663896580991245 6382.66601680018
2020 6 24 99.73456628088793 0.8814895013896171 7128.387459419833
2020 6 25 101.01671865746528 0.802606307845478 7949.576390274931
2020 6 26 102.33037419572665 0.7309015950100659 8866.548165085162
2020 6 27 103.52417262710087 0.6646248636665592 9877.425893376781
2020 6 28 104.60875326352361 0.6035673879078818 10991.804620649305
2020 6 29 105.87579463689431 0.5491063090290225 12249.886596763476
2020 6 30 107.29986753152787 0.5002941848183811 13668.357075994762
2020 7 1 108.5037771382307 0.45470531620959126 15220.59335157959
2020 7 2 109.91479691450395 0.41408201957606766 16976.26608356777
2020 7 3 111.13170282669635 0.3762875886642219 18901.638241395496
2020 7 4 112.4116543454872 0.3421106133750918 21053.808999292713
2020 7 5 113.77320596006363 0.3112412962555932 23463.55139780669
2020 7 6 115.30350227848983 0.28357388729944133 26180.503488163853
2020 7 7 117.15726924759468 0.2591108506361161 29280.83673649614
2020 7 8 119.3985348492641 0.237549260296481 32837.71383326564
2020 7 9 121.88772935773291 0.21818985337334237 36883.055867891955
