2020 5 12 340.3599625961746 328.93866796257004 351.7812572297793
2020 5 13 349.2824242391279 326.234272505277 373.1171915991213
2020 5 14 358.4803323193476 323.59091600971567 395.7915558537554
2020 5 15 367.9698241154499 321.01354134022006 419.89835007024453
2020 5 16 377.7482941530767 318.4896521660789 445.51654511625753
2020 5 17 387.8434239709904 316.0335008057078 472.76471486552816
2020 5 18 398.26482292183994 313.64231518731356 501.7482548990022
2020 5 19 409.02226438103867 311.31333748296873 532.5792475479693
2020 5 20 420.13187378860044 309.048539390373 565.3849258736087
2020 5 21 431.54114538415826 306.7986801511309 600.2085470913987
2020 5 22 443.221217197072 304.5374486395081 637.1227602296038
2020 5 23 455.1300226747235 302.2328317227743 676.181648855298
2020 5 24 467.2188308050588 299.8527055238727 717.4270922522878
2020 5 25 479.47532216284327 297.39286719417447 760.9528422624514
2020 5 26 492.03902423820267 294.9443310046222 807.096551769397
2020 5 27 504.97599505891225 292.54236652639315 856.1106622693479
2020 5 28 518.358626109647 290.22108944888765 908.2802303812857
2020 5 29 532.2197004055059 287.9875356559753 963.8457971634775
2020 5 30 546.6738373175061 285.89152055321784 1023.213469103405
2020 5 31 561.8468848257646 283.98143661972165 1086.8487217973961
2020 6 1 577.8938808543596 282.3129875110101 1155.317490520069
2020 6 2 594.5544477517856 280.73018374640014 1228.4099954464527
2020 6 3 611.7840721578935 279.19815275331393 1306.3101216538525
2020 6 4 629.4764714913225 277.6578145093795 1389.0723302955441
2020 6 5 647.6429440728814 276.1093982649456 1476.995070593305
2020 6 6 666.3916907784155 274.5943425110406 1570.6152338065856
2020 6 7 685.7627653701531 273.12038644626125 1670.3570938897435
2020 6 8 705.6150504999125 271.62173187095743 1776.233617696693
2020 6 9 726.0209809862821 270.1231927962587 1888.7681643004387
2020 6 10 747.0170377727067 268.6329211725586 2008.4324172970476
2020 6 11 768.7540767634777 267.1989832144191 2136.037792094162
2020 6 12 791.2613128382318 265.82055449554343 2272.1331120540526
2020 6 13 814.4511246352218 264.45717151729974 2416.967419709689
2020 6 14 838.3935031202951 263.12446325300795 2571.2504486519206
2020 6 15 863.1398179913734 261.82988789822645 2735.6888791025576
2020 6 16 888.7711409988171 260.58857528017666 2911.1335510810404
2020 6 17 915.2697161550353 259.3842616792301 3098.1773939131826
2020 6 18 942.5856628760296 258.19325639686645 3297.331509269606
2020 6 19 970.7449817203826 257.0154268259849 3509.3858861897224
2020 6 20 999.7745239727963 255.8506421522072 3735.182426672316
2020 6 21 1029.5826479550765 254.66822497285264 3975.172403945752
2020 6 22 1059.9721682665659 253.4152544066807 4229.395445975064
2020 6 23 1090.9739166825923 252.10036892886768 4498.74052081554
2020 6 24 1122.784698904275 250.7697305109585 4784.83572420794
2020 6 25 1155.2884204645254 249.39371750487007 5088.125227583967
2020 6 26 1188.6641285951282 248.01036619605702 5410.335147709457
2020 6 27 1222.8266374370896 246.5976728460108 5752.14180205137
2020 6 28 1257.788479832875 245.15622189691305 6114.6841421258
2020 6 29 1293.8250058934375 243.73783246643188 6500.441614683866
2020 6 30 1330.9326242249083 242.33492487287577 6910.729430625955
2020 7 1 1369.1045096187422 240.94009214277494 7346.913347462216
2020 7 2 1408.5346558013011 239.58205584844646 7811.505062608296
2020 7 3 1448.8901660042036 238.19591662212375 8304.309985934835
2020 7 4 1490.40189000492 236.81779711976554 8828.204525219939
2020 7 5 1533.0584659520707 235.44058197925912 9384.886512971863
2020 7 6 1577.1189554868486 234.09948745327395 9977.791864082235
2020 7 7 1622.6654458407172 232.79864177885506 10609.544864472495
2020 7 8 1669.6403163466277 231.52123896698168 11282.036832527301
2020 7 9 1718.1495063645225 230.27503348103917 11998.333764900188
