2020 5 12 1946.2432871682277 1873.3233765192858 2019.1631978171697
2020 5 13 1971.6472804579237 1826.6709882531861 2122.1591240292964
2020 5 14 1997.4428170878205 1781.2359508197503 2230.4733170149466
2020 5 15 2023.6694081489368 1737.0144628274973 2344.420306072459
2020 5 16 2050.3397329090576 1693.9761301101464 2464.3035710773606
2020 5 17 2077.4772616855757 1652.0997656030418 2590.4562077174746
2020 5 18 2105.09829802122 1611.3574852636664 2723.2218748662103
2020 5 19 2133.1851235099907 1571.6953855591792 2862.9195209939635
2020 5 20 2161.7420016652795 1533.0797553442592 3009.9113843774226
2020 5 21 2190.685405064036 1495.4158920243547 3164.456198642401
2020 5 22 2219.971291698575 1458.6465899141772 3326.871105939199
2020 5 23 2249.5415871405603 1422.7110038909927 3497.4614222826403
2020 5 24 2279.364958494617 1387.5716852029668 3676.580099123333
2020 5 25 2309.4382595117286 1353.211721051505 3864.637527781372
2020 5 26 2339.885069676004 1319.6889662175029 4062.275172670582
2020 5 27 2370.7489972685153 1287.005526345617 4270.047298132002
2020 5 28 2402.0837306501053 1255.1661055581092 4488.561021681825
2020 5 29 2433.913299126576 1224.1565211206073 4718.407634174607
2020 5 30 2466.328126879637 1193.9952753033524 4960.340992870575
2020 5 31 2499.3983079483446 1164.6854286134958 5215.129147673228
2020 6 1 2533.239302287921 1136.24762891535 5483.687617108751
2020 6 2 2567.6831310307157 1108.5690627554332 5766.388881783161
2020 6 3 2602.6297794329867 1081.5796291130139 6063.741750028114
2020 6 4 2637.9821284231443 1055.2182244918006 6376.265158167956
2020 6 5 2673.7349399382165 1029.4674313110042 6704.703189089033
2020 6 6 2709.954352466349 1004.3381269579872 7050.013851472733
2020 6 7 2746.6826100744074 979.8289753999395 7413.156319658501
2020 6 8 2783.797948515409 955.8784372865628 7794.705288240444
2020 6 9 2821.3400210020754 932.4876528978375 8195.682828497242
2020 6 10 2859.378907027939 909.6661198796743 8617.260048113683
2020 6 11 2898.0362936853035 887.4367243020984 9060.841114737525
2020 6 12 2937.3039095477493 865.7773706659159 9527.529795133369
2020 6 13 2977.1134563634887 844.6495570107179 10018.287793402467
2020 6 14 3017.492542515196 824.045842012876 10534.42541815161
2020 6 15 3058.480104511599 803.9613237000224 11077.366504727477
2020 6 16 3100.1271361729764 784.3933285088996 11648.662656055316
2020 6 17 3142.414156415467 765.3200493389735 12249.696288726804
2020 6 18 3185.2885433151696 746.7131257351314 12881.782471177232
2020 6 19 3228.801389420602 728.5711245121577 13546.70072102038
2020 6 20 3272.9845557523845 710.8870268554699 14246.258506238148
2020 6 21 3317.8162987025216 693.6417133227861 14982.13316435679
2020 6 22 3363.161835561841 676.7937844733608 15755.565737614623
2020 6 23 3408.9689848385487 660.3232533003215 16568.184896116778
2020 6 24 3455.3771407173012 644.2491153205696 17422.60492896718
2020 6 25 3502.3358391969996 628.5511208887652 18320.677727109694
2020 6 26 3549.909182069839 613.2314070398143 19264.91989287829
2020 6 27 3598.033346591866 598.2686046238523 20257.310385557623
2020 6 28 3646.6528066237447 583.6447719175051 21299.9372438848
2020 6 29 3695.8680125804444 569.3685969982706 22395.86954500758
2020 6 30 3745.7722526750867 555.4454473711259 23548.340601096963
2020 7 1 3796.3377547287523 541.8609042704995 24760.037678645225
2020 7 2 3847.6368600881788 528.6158782856513 26034.41615266779
2020 7 3 3899.577468439795 515.6875066224503 27374.03606484085
2020 7 4 3952.2454357564834 503.0787884572755 28782.770976422755
2020 7 5 4005.6512884793187 490.78173662528684 30264.196175816134
2020 7 6 4059.9402444085663 478.80504905164645 31823.08884304803
2020 7 7 4115.080887575355 467.13430105606716 33463.18773608552
2020 7 8 4171.057503173356 455.7579087159656 35188.52213040828
2020 7 9 4227.903426491842 444.67035875801054 37003.72336692654
