2020 5 12 492.3330583653063 457.7280424772785 526.9380742533341
2020 5 13 495.715315965169 428.482361862347 567.8457791295255
2020 5 14 499.27986789544286 401.2427653975037 612.1114687463058
2020 5 15 503.0520520251033 375.8811153365527 660.0509639819774
2020 5 16 507.11496563095375 352.3184563073199 712.0890659653395
2020 5 17 511.38034540256893 330.3507229116714 768.4680516474746
2020 5 18 515.8871114433363 309.8854789205738 829.619617200866
2020 5 19 520.6208355333306 290.80053013241286 895.9384846536186
2020 5 20 525.5918833781988 272.99926686287796 967.8924704251486
2020 5 21 530.6529722954324 256.3098168603547 1045.7035793239293
2020 5 22 535.6600763359177 240.59103989789938 1129.5676836089488
2020 5 23 540.472954896599 225.7277958566395 1219.648383024173
2020 5 24 545.0959550182897 211.68541092314547 1316.3867626556905
2020 5 25 549.4935629973746 198.413707522605 1420.1582933796183
2020 5 26 553.9266490528601 185.97407899384615 1532.1101939570553
2020 5 27 558.4724215645624 174.34018373349932 1653.1000872968896
2020 5 28 563.288158986888 163.50669504808988 1784.333168871487
2020 5 29 568.419200338647 153.42586862863578 1926.851573822033
2020 5 30 574.0705889683013 144.0943993173025 2082.3586775970703
2020 5 31 580.3760614949464 135.48055126375115 2252.584808855188
2020 6 1 587.5567431186041 127.56977000335941 2439.854477386908
2020 6 2 595.1526365403296 120.19176440585512 2644.048157013868
2020 6 3 602.9293762416277 113.2571568971028 2865.698165854475
2020 6 4 610.640278992425 106.69119448366341 3105.1331469062366
2020 6 5 618.3226002592318 100.48366287485197 3363.926612522071
2020 6 6 626.1445033136854 94.6442762321078 3644.522467389075
2020 6 7 634.1088304058923 89.15080416199496 3948.7767700787226
2020 6 8 641.9983471604477 83.95143146710065 4277.334310714305
2020 6 9 649.941448262859 79.04946284770745 4632.932455307099
2020 6 10 658.0730805425023 74.44470014187125 5018.736775963478
2020 6 11 666.5806043553954 70.1391862702323 5438.759502261764
2020 6 12 675.4295280532504 66.10703211565642 5895.822480475702
2020 6 13 684.3959220916745 62.3066780145289 6391.296159873783
2020 6 14 693.6239059610253 58.73777678626256 6929.739813170017
2020 6 15 702.9763144266432 55.37330077184169 7513.545402530989
2020 6 16 712.4060150330371 52.19769581463638 8146.012815559515
2020 6 17 722.0116701851915 49.20783298384818 8832.285019270761
2020 6 18 731.7468422265287 46.38922828251216 9576.373181322646
2020 6 19 741.6640852462275 43.73529308202919 10383.813009037758
2020 6 20 751.8702240589244 41.24230002703675 11261.495748012363
2020 6 21 762.2690159132636 38.89427581142736 12214.145780404551
2020 6 22 772.5469938437215 36.666427478965076 13243.143515978689
2020 6 23 782.8026318818866 34.558551757066226 14356.072045694083
2020 6 24 793.2487672776597 32.57425289470356 15563.52575962808
2020 6 25 803.6139892438333 30.694842438985148 16868.21289744048
2020 6 26 814.1704492293653 28.925998066955824 18283.442906976663
2020 6 27 824.6394584344466 27.251052732312814 19812.33168380136
2020 6 28 834.899537638235 25.66174144325196 21460.81458149538
2020 6 29 845.3452417069077 24.16690231711709 23247.94941892687
2020 6 30 856.0390260282361 22.762496043006287 25187.135076790517
2020 7 1 866.8086510286118 21.438123264481977 27286.325567849224
2020 7 2 877.8943228751149 20.195271020741163 29566.154240371725
2020 7 3 888.8779489126404 19.01886288992664 32028.255762715682
2020 7 4 900.1224305808204 17.91362358293662 34699.83479544028
2020 7 5 911.6341545065734 16.8751004347622 37599.077425296295
2020 7 6 923.609592468459 15.902643042586526 40753.610927255344
2020 7 7 935.9988604358648 14.99064192698056 44184.12601618389
2020 7 8 948.7362887819752 14.133857577198564 47912.00144422668
2020 7 9 961.9237241277716 13.330164132832317 51968.37498085179
