2020 5 12 542.7012302095148 502.47224957601645 582.9302108430134
2020 5 13 531.7934532347335 455.9063088848035 613.5198027928515
2020 5 14 521.371266199182 413.8841493879301 646.0218883334106
2020 5 15 512.0701162401652 376.4630652347314 681.3817853759999
2020 5 16 503.55596181670904 342.8819795112037 719.5035152742084
2020 5 17 496.02443713463873 312.86907780022455 760.9598198813463
2020 5 18 489.84393072034555 286.2643511564194 806.7045588097876
2020 5 19 484.12513206615535 262.14676657034397 855.8327651414363
2020 5 20 478.83719023687166 240.25822294350343 908.5965110347265
2020 5 21 473.90085441611944 220.3447523319457 965.1708214559326
2020 5 22 468.5082646760684 201.84598135930418 1024.2348927318396
2020 5 23 462.5013702380095 184.60915592108054 1085.4362977963158
2020 5 24 455.58017951315185 168.44859909144787 1147.9681941537945
2020 5 25 447.687509802274 153.30523061517053 1211.3936371888037
2020 5 26 440.04086177778964 139.5606600864658 1278.6190620409966
2020 5 27 432.829174818122 127.14488513367911 1350.459469470328
2020 5 28 426.352019369572 116.01471051396351 1428.259329076406
2020 5 29 420.630949409883 106.03822688945783 1512.749376859018
2020 5 30 416.201704861552 97.22596117154362 1606.6073205320527
2020 5 31 413.0721618713885 89.43875431148102 1711.1256683815534
2020 6 1 411.814804097728 82.67552731439511 1830.1014212833136
2020 6 2 411.3655031948857 76.58518191492315 1960.9236299622637
2020 6 3 411.0505845147851 70.9684127801354 2101.7357241235186
2020 6 4 410.30109096867733 65.68850683214379 2250.4361532231273
2020 6 5 409.26917966948974 60.755981784314564 2408.100811542717
2020 6 6 408.339770918535 56.20866939938962 2577.3992377819345
2020 6 7 407.9441015702168 52.074882541678164 2761.955558995958
2020 6 8 407.33305068273745 48.21756634844022 2958.266333043438
2020 6 9 406.6566253089157 44.63812419620987 3168.0488042284837
2020 6 10 406.1302275106741 41.340747771135035 3393.8678229652155
2020 6 11 406.0671692357268 38.33404028140186 3639.649505851661
2020 6 12 406.4997489205858 35.59279914206363 3907.6729371586866
2020 6 13 406.98240504439275 33.05192659594381 4195.9105413588995
2020 6 14 407.8630304615907 30.724713399972355 4509.506194145055
2020 6 15 408.76215537334093 28.562611231586644 4846.7229555204885
2020 6 16 410.09565759882196 26.582870472047603 5214.283420692201
2020 6 17 411.68378268482604 24.756573087028627 5612.90069904403
2020 6 18 413.32830625669993 23.05876773600405 6042.676231964391
2020 6 19 415.1811954090586 21.488655663503135 6508.309522779821
2020 6 20 417.05928253242394 20.026329556048143 7010.088125067902
2020 6 21 419.30219652037215 18.680626606669424 7556.54227665398
2020 6 22 421.47187568799495 17.421550305252893 8144.056716964375
2020 6 23 422.91543148703596 16.216857490207293 8763.002138707658
2020 6 24 424.98336243702914 15.119220993185328 9441.822086397844
2020 6 25 426.8539183704515 14.088496371738678 10168.616642327028
2020 6 26 429.2016071441479 13.143515707046406 10962.527241688786
2020 6 27 431.87652720627074 12.271544716573217 11826.450321793292
2020 6 28 433.84770726444634 11.436952183543138 12738.728885451937
2020 6 29 436.1632569626858 10.667961600625246 13731.226837743641
2020 6 30 439.04127287548243 9.964130806759284 14818.370547745473
2020 7 1 441.8489668369402 9.304709077920487 15988.572344061773
2020 7 2 445.53749919541417 8.707098670790097 17282.40853218846
2020 7 3 448.7311460695284 8.137597524640988 18660.554227866836
2020 7 4 451.81988811793514 7.6030279140491475 20143.282501032416
2020 7 5 455.5732748132019 7.114401477268534 21772.508932559656
2020 7 6 460.0436408234935 6.66788745652814 23566.285578859977
2020 7 7 465.15369682932817 6.258033438429846 25538.368306938537
2020 7 8 470.7930055080604 5.87972860688816 27701.420829413753
2020 7 9 476.81577120716094 5.528227846637112 30066.219685977558
