2020 5 12 182.53393670531148 175.2681863581704 189.79968705245255
2020 5 13 185.06255886398378 170.62350211868284 200.08801003649782
2020 5 14 187.68476719775123 166.15589271261288 210.99733589261913
2020 5 15 190.4616592334729 161.90931065871152 222.633594191123
2020 5 16 193.37868792236628 157.85546421396802 235.02736102554377
2020 5 17 196.4751087369971 154.0130861213509 248.274805685589
2020 5 18 199.70333229824422 150.3286882071183 262.3728494217151
2020 5 19 203.0349880444947 146.77036251527736 277.33764020030753
2020 5 20 206.47171415058978 143.3320376531747 293.22356706617916
2020 5 21 209.9620603457562 139.9711005341143 310.0129759585417
2020 5 22 213.43884559582233 136.64059779021824 327.6565711032333
2020 5 23 216.8955343804349 133.33961916903016 346.185074318877
2020 5 24 220.2895493401461 130.04544069870437 365.5719522217777
2020 5 25 223.6847045971806 126.80196571192425 385.9582798747458
2020 5 26 227.1035349360358 123.62314441068862 407.43202512292135
2020 5 27 230.59007584774065 120.53242734084851 430.1282452099396
2020 5 28 234.15773953696942 117.53340679882199 454.14024754428243
2020 5 29 237.8200855118296 114.62882475266092 479.5693024581157
2020 5 30 241.63546462025027 111.84217549088504 506.6153140524769
2020 5 31 245.58208718812497 109.15568526259406 535.3334565136187
2020 6 1 249.65044916655708 106.55918490744969 565.8043846856528
2020 6 2 253.85035500811696 104.05182774625857 598.155084638316
2020 6 3 258.1375140910916 101.610272427226 632.3945930089129
2020 6 4 262.49174711401395 99.22390972649141 668.5809771438427
2020 6 5 266.9047733604502 96.88805269875354 706.8006668021509
2020 6 6 271.3769897842497 94.60173894560825 747.1654727472503
2020 6 7 275.9784103308582 92.38829431768077 789.9848932744488
2020 6 8 280.65553025088684 90.22586160901719 835.2516132522314
2020 6 9 285.3713515861953 88.10100210869861 882.9914293739538
2020 6 10 290.1642300154264 86.02551027751201 933.4531200218057
2020 6 11 295.07554983791465 84.01016237210051 986.9206885245445
2020 6 12 300.0887275962491 82.04736094909505 1043.5134849780138
2020 6 13 305.15517839125926 80.12169683860782 1103.240549664769
2020 6 14 310.2544280798346 78.22738121073701 1166.1955136318136
2020 6 15 315.45193716989246 76.38114305549215 1232.7919690595513
2020 6 16 320.7740286391354 74.58756058910159 1303.3380601684112
2020 6 17 326.1532856743783 72.82850891516692 1377.788567384276
2020 6 18 331.59618802384347 71.10501087253517 1456.379696146235
2020 6 19 337.1239633882404 69.42102185989211 1539.4276084622973
2020 6 20 342.7618053334609 67.78060455865734 1627.2930233891861
2020 6 21 348.6370464363313 66.20725115861327 1720.8529585574142
2020 6 22 354.62632484383863 64.67295063075557 1819.8578471975131
2020 6 23 360.7483246331794 63.17964652900303 1924.7118144979102
2020 6 24 367.1282907906698 61.747492644636324 2036.4195763210332
2020 6 25 373.64860247604435 60.35243027939951 2154.763325113062
2020 6 26 380.4335854245885 59.01293211159541 2280.8429571834145
2020 6 27 387.43472547395265 57.717582064131136 2414.8570407545735
2020 6 28 394.50767425095137 56.442168794261136 2556.389820046192
2020 6 29 401.9420450225893 55.22817398606734 2707.7230067210644
2020 6 30 409.5238910738525 54.04130418289168 2868.064512210862
2020 7 1 417.21602740700536 52.87562195401679 3037.6716623451257
2020 7 2 425.0942824683036 51.7403604997789 3217.611923916055
2020 7 3 432.9800557403482 50.61228179173601 3407.1420538745597
2020 7 4 440.9672500623656 49.503553812578446 3607.48321571764
2020 7 5 449.0977377738431 48.418659688861226 3819.571404447727
2020 7 6 457.18014478608524 47.33619567069263 4042.4446099216493
2020 7 7 465.5438359270161 46.29199485079364 4279.523520817618
2020 7 8 474.044085453026 45.2691928178204 4530.35530045924
2020 7 9 482.67822331522024 44.266953612499485 4795.685143171587
