2020 5 12 176.38215726211607 165.1374019438382 187.62691258039393
2020 5 13 177.04116879424808 155.1999305806322 200.3197849125552
2020 5 14 177.97961185461918 146.10326640654912 214.184711233109
2020 5 15 179.30805254672111 137.8558460810539 229.47262975899594
2020 5 16 181.0291362214857 130.36823551804298 246.3415603046957
2020 5 17 183.21915858521837 123.6131226458403 265.06619959548635
2020 5 18 186.04100819394287 117.61643252757766 286.08986079807426
2020 5 19 189.11804179883458 112.04450534753356 309.10659209091267
2020 5 20 192.4799417260907 106.8751605834265 334.3575052953359
2020 5 21 195.8983924835291 101.94252756260714 361.6655843710934
2020 5 22 199.13895816372582 97.11338927796199 390.76350913503074
2020 5 23 201.82435270546858 92.21613296423843 421.0079353569425
2020 5 24 203.80749559327776 87.22842282687253 452.0527833334014
2020 5 25 204.91204415563303 82.12611045951893 483.39488044368284
2020 5 26 205.92681167515798 77.2838689036622 516.6840954164327
2020 5 27 207.19408262348924 72.82000895439457 552.8867267923306
2020 5 28 209.0086546455728 68.80359068059335 593.0656109135765
2020 5 29 211.39730011478574 65.19244757411893 637.7481886826195
2020 5 30 215.0693920502775 62.15821590401937 689.586804030155
2020 5 31 220.22683017938908 59.676057224627144 750.1970728037394
2020 6 1 227.65466065941393 57.87472542320579 823.4473270082875
2020 6 2 236.44257758502758 56.409841186697975 907.8632125503668
2020 6 3 245.8538765894623 55.04982711138849 1002.0240603831998
2020 6 4 255.24583181564466 53.634392171845356 1104.3453762678769
2020 6 5 264.7409488222073 52.201636924070975 1216.0092147935966
2020 6 6 274.64230973524974 50.81761118123393 1339.2072976222175
2020 6 7 285.57410096586045 49.5924230752908 1478.1058594592841
2020 6 8 296.4262238384556 48.30737512071516 1628.746033052829
2020 6 9 307.2949188364324 46.99112035551422 1792.5637224681182
2020 6 10 318.5621228780065 45.710730230082774 1972.8580355072042
2020 6 11 330.79543958463756 44.54457677849361 2174.7108591409337
2020 6 12 343.8960783714188 43.46170640043192 2399.829756748306
2020 6 13 357.4925872238729 42.40225866238831 2648.0919948117516
2020 6 14 371.38797558448954 41.34032660558468 2920.2689370761286
2020 6 15 386.5177482440118 40.38227270042857 3225.8800875253887
2020 6 16 403.42515473916274 39.56774771224698 3573.165939256665
2020 6 17 421.7185762406526 38.83305412710808 3963.5647820904314
2020 6 18 441.17939226173854 38.14311477098671 4399.793574034226
2020 6 19 462.42192123669133 37.54183262465723 4892.8461976590115
2020 6 20 485.02687706956124 36.97760044030078 5444.7450159559485
2020 6 21 509.9350209869256 36.513194817864964 6072.3466736737555
2020 6 22 534.0795410700827 35.908352667376036 6747.964995836997
2020 6 23 557.2634379124327 35.1720810832824 7472.172319497814
2020 6 24 582.4210797728896 34.5119613642738 8287.074204025675
2020 6 25 607.8589801797641 33.813538466193926 9178.675472230709
2020 6 26 635.5036760294283 33.19020413453906 10182.749658373505
2020 6 27 664.9147751822196 32.604952115429704 11304.819846905522
2020 6 28 695.1099067247186 32.00172053870989 12540.722568042182
2020 6 29 731.1779606942927 31.61690037914888 13992.95747094913
2020 6 30 774.1945309839462 31.45624278209969 15710.5249005858
2020 7 1 820.8273240474463 31.34050549842087 17660.942676962026
2020 7 2 874.598419588082 31.390498457265966 19946.651400983825
2020 7 3 930.6657233952208 31.3965593904658 22500.213706433704
2020 7 4 991.6321581897167 31.446641763947753 25412.22897661729
2020 7 5 1060.2337759726074 31.61227911726079 28794.438277921778
2020 7 6 1141.0847015910908 32.00251315423993 32830.58056076797
2020 7 7 1229.4597597400364 32.43566816033937 37471.56224270591
2020 7 8 1329.1420219676095 32.99242128962846 42904.61498065509
2020 7 9 1442.4348768744346 33.695962427419516 49303.874453245495
