2020 5 12 562.6293589652383 545.8357453090978 579.422972621379
2020 5 13 552.5774392554462 520.0822447516325 586.0572704141078
2020 5 14 542.839308335152 495.6701496748718 592.9098623763008
2020 5 15 533.4045538655434 472.5242430274779 599.9864933209595
2020 5 16 524.2627009296507 450.573369348805 607.2926013660857
2020 5 17 515.3796175045397 429.72995293135483 614.8059354300262
2020 5 18 506.81766365660593 409.9930089046237 622.6157531750287
2020 5 19 498.4984655363071 391.24387094924646 630.6482611795298
2020 5 20 490.44585999604857 373.45419670112125 638.9489069602334
2020 5 21 482.5266114744209 356.47590620568735 647.3630764030211
2020 5 22 474.6946466606733 340.2395114135151 655.8335958216304
2020 5 23 466.7700117383613 324.58509822331405 664.1112865582644
2020 5 24 458.7481998152511 309.49137261054295 672.1669666400535
2020 5 25 450.58975593664854 294.9143444104444 679.9181694489449
2020 5 26 442.52915149334825 280.99296705129365 687.6874562808874
2020 5 27 434.6782579432449 267.7703456287607 695.6473305412395
2020 5 28 427.19992415128434 255.31364148630882 704.0726698456122
2020 5 29 420.1532999081005 243.6175406866024 713.099512729227
2020 5 30 413.6894241600205 232.72774613035727 723.033874221362
2020 5 31 407.9195797627363 222.65922431357794 734.1458356518339
2020 6 1 403.0354204352727 213.465815263461 746.8777360594964
2020 6 2 398.5006212059884 204.80605765290764 760.369478751468
2020 6 3 394.17908593494207 196.5809860397141 774.4145054012467
2020 6 4 389.8314697140062 188.6498569439565 788.5756510122475
2020 6 5 385.4139750504336 180.98169063463217 802.7573957155885
2020 6 6 381.0726906177701 173.63749738476045 817.2486555478807
2020 6 7 376.81791705778943 166.60846727738996 832.0821697503707
2020 6 8 372.4572365848233 159.7961490513827 846.8461577600145
2020 6 9 368.1493171005963 153.26335988511585 861.877333331867
2020 6 10 363.8458047381193 146.9787359741979 877.0689749379544
2020 6 11 359.7317522455649 141.00802785017189 892.8638246905302
2020 6 12 355.78626481435185 135.32770751592085 909.2460424882107
2020 6 13 351.89063502713367 129.87871565072086 925.9456666216811
2020 6 14 348.2243371855577 124.71802873041467 943.4432160297977
2020 6 15 344.8733365006745 119.86164397991266 962.022158022898
2020 6 16 341.83114221793886 115.29048052293227 981.7384302169668
2020 6 17 338.9275402417353 110.93134000384873 1002.179744322799
2020 6 18 336.0904162611915 106.75070465225991 1023.1703188082953
2020 6 19 333.4035068154972 102.76779215474606 1044.9855413460205
2020 6 20 330.8902685483209 98.98039469301825 1067.742900577461
2020 6 21 328.500072714858 95.36371673453345 1091.3317717397342
2020 6 22 325.85358125389223 91.79977482872867 1114.5329587810677
2020 6 23 322.9248924260517 88.28351745021212 1137.189253479472
2020 6 24 320.1420452390997 84.93462026673825 1160.7269974865462
2020 6 25 317.28641328861886 81.68708587618865 1184.4010878961467
2020 6 26 314.5071406560951 78.57682445806438 1208.747991042277
2020 6 27 311.6358092850191 75.55590476093768 1233.1480007018595
2020 6 28 308.5465534766651 72.59193436544791 1257.074492982716
2020 6 29 305.4765017910954 69.74155035023318 1281.418699384648
2020 6 30 302.44830339618403 67.00567032566468 1306.2817771351872
2020 7 1 299.379227889986 64.36140915653299 1331.3210671010543
2020 7 2 296.47980155131 61.851275513499424 1357.456246696043
2020 7 3 293.46946218933795 59.4100419537841 1383.4680941514978
2020 7 4 290.567531127 57.080920907929006 1410.3453494206515
2020 7 5 287.8323094142624 54.87022345132153 1438.4146482362767
2020 7 6 285.3944895348983 52.79693064273488 1468.4001601744096
2020 7 7 283.2252511707811 50.847844926145086 1500.2864177419021
2020 7 8 281.22863320173786 48.99874359257092 1533.6921406604101
2020 7 9 279.41184896934215 47.24576579135719 1568.7456536258571
