2020 5 12 637.3098620604837 613.686740457325 660.9329836636424
2020 5 13 628.2909254617205 582.5788615815919 675.7293003276541
2020 5 14 619.688540347144 553.315744728784 691.1675962257062
2020 5 15 611.4335335018595 525.7275287510415 707.2146888224773
2020 5 16 603.2192042282499 499.4552791204059 723.5542093326586
2020 5 17 595.5893727093592 474.8885175568043 740.8399665281285
2020 5 18 588.427329901952 451.8261632720898 759.0005115255442
2020 5 19 581.9880190260641 430.37262417733905 778.4273811782687
2020 5 20 575.964075658147 410.19278811621666 798.8128032994828
2020 5 21 570.0669719290953 391.00509618113125 819.8215173207254
2020 5 22 564.0935650258091 372.6212027487987 841.1861950249283
2020 5 23 557.8187249057195 354.8612024104731 862.5647989271973
2020 5 24 550.6852926996994 337.3570808145632 883.051147880872
2020 5 25 542.7716549502925 320.18253067241324 902.6266792353272
2020 5 26 534.8582999843755 303.8154028759193 922.4475113765775
2020 5 27 527.2998604037518 288.42099901774895 943.116718986437
2020 5 28 520.7456317851862 274.2974895519331 965.8541251386051
2020 5 29 515.4545283989253 261.4880116196574 991.3313846484381
2020 5 30 511.91010207252316 250.13553582104242 1020.7365288516529
2020 5 31 510.2547352567096 240.1870718823183 1054.73203777176
2020 6 1 511.590760651806 232.03986934546901 1096.0321139402138
2020 6 2 514.0300687033782 224.66784604216713 1141.3055530029496
2020 6 3 517.2023455264463 217.8453118165239 1190.0506802453874
2020 6 4 520.0699107181142 211.0933685612792 1240.1315415602035
2020 6 5 522.487536275006 204.36161529807214 1291.2091398655566
2020 6 6 524.9788010751325 197.86894404063926 1344.5446923256002
2020 6 7 527.9992034919138 191.77750751976137 1401.4081322938007
2020 6 8 529.9807486466096 185.489956265854 1457.8729953436641
2020 6 9 531.6690770255274 179.30331969224125 1515.7858750970297
2020 6 10 533.0770469298346 173.22666202914453 1575.1846648884145
2020 6 11 535.0776488861206 167.54731240082953 1638.6512484850073
2020 6 12 537.4691839844235 162.17422473583326 1705.8492190556588
2020 6 13 539.903502968708 156.98313124349298 1775.9047151127804
2020 6 14 542.6873702627481 152.0566307064911 1849.9507400492428
2020 6 15 545.7448438067247 147.35737568277742 1927.9678569033547
2020 6 16 549.1780228279332 142.9001431008297 2010.5415650973328
2020 6 17 552.6655934247125 138.58626514374 2096.7719149408586
2020 6 18 555.9442955120761 134.34468517679574 2185.8241492026555
2020 6 19 559.342042980487 130.25699039438933 2279.050109379846
2020 6 20 562.9275615049771 126.33256295514232 2376.9326464003775
2020 6 21 566.0486445680461 122.41698501935839 2476.961020145343
2020 6 22 568.3081927449936 118.43270439753951 2577.353188803908
2020 6 23 569.6604766319765 114.38715016193866 2677.6588206656015
2020 6 24 571.6793135383936 110.6129853443232 2784.986127135918
2020 6 25 573.2615143371795 106.87747970063593 2894.4534166416215
2020 6 26 575.3444614128866 103.36066714623615 3010.72965909816
2020 6 27 577.1429456813038 99.9071121851278 3130.1487862482786
2020 6 28 578.6024117981717 96.50929029770828 3252.4354511284723
2020 6 29 580.6529382977216 93.32499933933587 3382.8012519333024
2020 6 30 583.2828462312333 90.337725637043 3521.7254998208327
2020 7 1 585.5589437711744 87.38943036538404 3664.1469197002934
2020 7 2 588.4733213696373 84.63128879454598 3816.2664487982024
2020 7 3 590.5061187829682 81.83132780715442 3968.8901837161497
2020 7 4 592.7046171519524 79.1459908287617 4128.68429898025
2020 7 5 595.3360199467689 76.60548885773241 4297.870516383423
2020 7 6 598.7078885563897 74.24031125092829 4479.25094502474
2020 7 7 602.9747727907112 72.05677259526364 4674.839268883521
2020 7 8 607.9273855915898 70.01576771609416 4884.04870073116
2020 7 9 613.7211429674724 68.12476485155435 5109.051607307654
