2020 5 12 1.425405515479623 1.2445459523272249 1.6062650786320212
2020 5 13 1.3037023110440515 0.9938218361716356 1.6555700002137614
2020 5 14 1.1921377255677204 0.7934156327615444 1.706067606285903
2020 5 15 1.089792901972531 0.6332038519171371 1.7576369306932837
2020 5 16 0.9959679101628937 0.5051882851104825 1.8103352997762643
2020 5 17 0.9099536385265146 0.4029183040464745 1.8641282368675565
2020 5 18 0.8312691376384505 0.32130811494900247 1.9193175303521892
2020 5 19 0.7593278678111094 0.25620442718308023 1.9760006335143008
2020 5 20 0.6936762501024223 0.20431354734389479 2.03452319541977
2020 5 21 0.6337101412856464 0.1629352184496311 2.0948061563848728
2020 5 22 0.5788761366436317 0.12992366831132862 2.1567041524341017
2020 5 23 0.5285963681372936 0.10355768628375106 2.219721502774052
2020 5 24 0.48247746125316054 0.08250184948687891 2.2837137957995615
2020 5 25 0.4401633771402837 0.06568974440527815 2.3485145464580293
2020 5 26 0.40167780989432 0.052321120999378 2.415780959434577
2020 5 27 0.3667716718408974 0.04170110121274595 2.4862637986051612
2020 5 28 0.3352024238221292 0.03327121764605124 2.560860522664206
2020 5 29 0.3066188896598405 0.026572081267922515 2.639746259978982
2020 5 30 0.2807837782215437 0.02124876605815737 2.723739785602114
2020 5 31 0.2575152468205379 0.01702139266578525 2.814186782432697
2020 6 1 0.23669055013548737 0.013669120216633628 2.913271549439829
2020 6 2 0.21779631883665196 0.010991290801451899 3.0188779893129265
2020 6 3 0.20042779419680185 0.008838937951711132 3.1285544399091783
2020 6 4 0.1843640954423344 0.007104527033356851 3.24096271778779
2020 6 5 0.16953371781941734 0.005708362807188294 3.3564581163775142
2020 6 6 0.15591440886447444 0.004587178883793406 3.4764277245304536
2020 6 7 0.14341832714329092 0.0036870647316225263 3.6013350135643223
2020 6 8 0.13187782742792803 0.0029623933890947033 3.7295765526574773
2020 6 9 0.12121315498783775 0.0023789658202229206 3.860891299092282
2020 6 10 0.11141091136138997 0.0019104411975205055 3.996829509447931
2020 6 11 0.10243704286930647 0.0015348019843074007 4.138834304530772
2020 6 12 0.09422154582532329 0.001233555203632651 4.287320746912267
2020 6 13 0.08666493534999876 0.0009914363259673914 4.441134347123438
2020 6 14 0.07973287644492882 0.0007970516157834379 4.601414664717438
2020 6 15 0.07337019054687204 0.0006409276378673357 4.768339326823437
2020 6 16 0.06754070897285307 0.0005156071588820421 4.94297424993763
2020 6 17 0.06220504790296527 0.00041502456141437425 5.126248151732505
2020 6 18 0.05730750520966444 0.00033417400756007774 5.317685860287827
2020 6 19 0.05280779550149203 0.00026914524146510804 5.517408369362003
2020 6 20 0.048678313364675645 0.00021685699941290405 5.726399519992472
2020 6 21 0.04486135424122453 0.00017468075377548268 5.942084022657419
2020 6 22 0.04135446821176021 0.00014074928077363003 6.167319872389756
2020 6 23 0.03814600809852061 0.00011349160515526879 6.404715304367991
2020 6 24 0.03519971220652456 9.15520691154022e-05 6.653471315998718
2020 6 25 0.03249037682944173 7.387819599974728e-05 6.91366501814519
2020 6 26 0.03001213043610602 5.96674912791639e-05 7.188832500074933
2020 6 27 0.027728523726396188 4.8201410236543664e-05 7.476295121060582
2020 6 28 0.025636440366432086 3.8969604975148054e-05 7.780042491704014
2020 6 29 0.02370493958433226 3.151008813197218e-05 8.096961274570956
2020 6 30 0.021908204378086944 2.546416377484129e-05 8.423115202899412
2020 7 1 0.020250578352436148 2.0581685792432575e-05 8.763531212390617
2020 7 2 0.018723237452152177 1.6640314963714018e-05 9.119810429274237
2020 7 3 0.01730209516739867 1.3445716667855695e-05 9.486191968778622
2020 7 4 0.015993901897317635 1.0868363786735221e-05 9.87007816012068
2020 7 5 0.01478333888800041 8.784182454855575e-06 10.268708978073033
2020 7 6 0.013667559327553685 7.101551921094754e-06 10.685632587108952
2020 7 7 0.012641405737954671 5.744045189108434e-06 11.123715079321679
2020 7 8 0.011695051170180886 4.647286730248043e-06 11.58218283822227
2020 7 9 0.010823912876014698 3.7616783272347465e-06 12.06387507545813
