2020 5 12 342.583178204757 291.89370171282104 393.272654696693
2020 5 13 345.51591484386984 250.84228812029014 455.31516839896204
2020 5 14 349.15647711144345 216.05992254415398 528.0451570778029
2020 5 15 353.47036271563763 186.49347864750249 613.3529907978809
2020 5 16 358.5827820224495 161.36620822528639 713.7358058679155
2020 5 17 364.44722814449386 139.92961520644934 831.8971931039175
2020 5 18 371.16139588930986 121.63017910745687 971.3412700423024
2020 5 19 378.65106023032973 105.93746680526483 1135.8649969404673
2020 5 20 386.8820888071819 92.43455877601713 1330.0259577467189
2020 5 21 395.2388871852029 80.64004677000409 1557.193408826102
2020 5 22 403.3654709099111 70.26669734363456 1821.5426873530932
2020 5 23 410.49433900438396 61.02484085170913 2125.5078092938943
2020 5 24 416.6191779259198 52.830532369452314 2474.345146551804
2020 5 25 421.1868910821068 45.527497140463275 2870.6428147519573
2020 5 26 425.94356573657177 39.249010135614924 3331.3591323569467
2020 5 27 431.31576249523005 33.88812817678952 3870.410841482849
2020 5 28 438.17793664492484 29.37121264413241 4509.449528109202
2020 5 29 447.3165591908809 25.601625347094686 5276.303282940071
2020 5 30 459.59574010545805 22.48467552332594 6208.360405711055
2020 5 31 476.4553132010912 19.954803227591036 7362.385152245975
2020 6 1 500.3747163330779 17.97935633119679 8830.457353908794
2020 6 2 527.6398576214992 16.2765415719122 10629.118485179819
2020 6 3 557.6085492786004 14.772568636182116 12818.679824200593
2020 6 4 588.727793900911 13.392951371318013 15446.602667002473
2020 6 5 620.2248640956066 12.111263877786792 18577.615312771504
2020 6 6 653.2025217016776 10.948238590703282 22337.15565824028
2020 6 7 688.5797784745118 9.9077269784974 26879.608186496327
2020 6 8 723.8295861739323 8.936701967538225 32266.037918334343
2020 6 9 760.1678768611139 8.05200368390073 38699.94110951074
2020 6 10 798.0797946427285 7.252231976562861 46404.01468989309
2020 6 11 839.7246087974756 6.548637692682929 55748.86221941942
2020 6 12 885.7576286900877 5.9305792358889775 67122.6376208212
2020 6 13 935.4824203059243 5.378675148181427 80905.40083889154
2020 6 14 989.2325336055416 4.885225921086196 97624.9867552562
2020 6 15 1048.3542999288757 4.4483225860906614 118025.11136403595
2020 6 16 1114.1206550846105 4.063694199265181 143038.38958244486
2020 6 17 1186.9516890526488 3.7230427683488214 173730.1015829745
2020 6 18 1264.9351364053796 3.4121751080221614 211064.61243402387
2020 6 19 1350.1276424557618 3.1328900158197106 256770.273028853
2020 6 20 1442.8385694023907 2.8805964476332617 312712.08163153904
2020 6 21 1541.9157951381244 2.6486202363367246 380841.7728610738
2020 6 22 1639.661580363728 2.4213515143536983 461805.4255163218
2020 6 23 1736.0344391432704 2.2024060848695988 557849.3870681077
2020 6 24 1837.4992754549394 2.0025320968353264 673684.1417065044
2020 6 25 1941.8648733354512 1.8174956096144528 812460.7254324878
2020 6 26 2052.7985000837857 1.6501560278748115 980092.7022562823
2020 6 27 2168.0388032318633 1.4965912880888421 1181342.029245882
2020 6 28 2285.459148204798 1.3543564800800987 1421578.0812117676
2020 6 29 2416.7750184885836 1.2301054071122692 1715355.710630736
2020 6 30 2562.011178678082 1.120498268676527 2074369.2193412788
2020 7 1 2715.1305121794758 1.0202880760775634 2507838.067488404
2020 7 2 2880.9822155724196 0.9303857609609623 3035194.113450713
2020 7 3 3049.3650438901245 0.8459508723493195 3665437.6407570266
2020 7 4 3228.5947277843497 0.7694576098176263 4427756.860904202
2020 7 5 3421.5526184363052 0.7006422466599145 5352999.411013557
2020 7 6 3636.196698880658 0.6400605573019452 6487470.389462141
2020 7 7 3871.1003664515374 0.585913090929799 7874493.8950045565
2020 7 8 4131.30571445766 0.5378790721676302 9578662.710578125
2020 7 9 4429.980148957854 0.49651430116706874 11700281.848800095
