2020 5 12 20.367613693351633 19.212536040745388 21.522691345957874
2020 5 13 19.940365762721964 17.74228945800178 22.266767844747555
2020 5 14 19.500062390190795 16.3649633738288 23.011981834914163
2020 5 15 19.050332377891316 15.078488176956538 23.7595386330659
2020 5 16 18.580973765067597 13.869398983487011 24.493963373809432
2020 5 17 18.09467431582893 12.735985412124903 25.213513879437247
2020 5 18 17.593589118533238 11.675829720484064 25.915864970177964
2020 5 19 17.088068328926262 10.691769912029384 26.61080696403377
2020 5 20 16.590113170105553 9.786293886156667 27.313546009961026
2020 5 21 16.100062022145057 8.953604596998836 28.023965971486906
2020 5 22 15.62740069257592 8.193387307752833 28.757936520800804
2020 5 23 15.198741963451665 7.513512367103826 29.566569599035205
2020 5 24 14.800824399428201 6.899436728697068 30.434868668248505
2020 5 25 14.439848210000406 6.347913181366531 31.383207774541887
2020 5 26 14.087675841617797 5.8404770335181695 32.36109677212373
2020 5 27 13.718847048607898 5.363137742954104 33.311464386189904
2020 5 28 13.326895108074078 4.911996621455721 34.21014851220845
2020 5 29 12.922259174018265 4.490002541656337 35.071771945777805
2020 5 30 12.483594802336718 4.088169922018532 35.829397098051146
2020 5 31 12.000165594794508 3.702762976193543 36.43216901204688
2020 6 1 11.456606876973227 3.329359751971227 36.80569402075447
2020 6 2 10.910295056857327 2.9856571025202925 37.09510612097215
2020 6 3 10.383517093787457 2.675652741512425 37.36463543123744
2020 6 4 9.8945784125947 2.401033071112706 37.680762132338224
2020 6 5 9.434573317144823 2.1560336470485653 38.02207179559972
2020 6 6 8.995954144269524 1.936033761105715 38.366473017514586
2020 6 7 8.577726649146541 1.7384824811394564 38.713993801201205
2020 6 8 8.194314348754855 1.5642045818053238 39.1340390203237
2020 6 9 7.837829673267746 1.4092662774922393 39.605394612764044
2020 6 10 7.496853473346558 1.2696749926308608 40.08242751580372
2020 6 11 7.161754681617027 1.1423937039475516 40.51732018369258
2020 6 12 6.833078283739556 1.026507198520108 40.90852593165138
2020 6 13 6.519485923130074 0.9223764320238039 41.30350887752313
2020 6 14 6.216390973623565 0.8282579055715871 41.677633123126085
2020 6 15 5.923673777998147 0.7432484013466627 42.03025031092522
2020 6 16 5.637663107305699 0.6660760276219324 42.335637882526655
2020 6 17 5.362094170432077 0.5965186781488065 42.617955466264206
2020 6 18 5.096792031225707 0.5338687750303183 42.876698156977376
2020 6 19 4.8385272677109255 0.47716092782947034 43.08578752592489
2020 6 20 4.587568780028864 0.4259065630306298 43.24442252479959
2020 6 21 4.349626683296989 0.38015769911779534 43.403641592442966
2020 6 22 4.13182051924766 0.3400042150768771 43.641227483135644
2020 6 23 3.9298571585129243 0.30449807008788204 43.932251464599375
2020 6 24 3.7377657655679934 0.27269978010796236 44.225216155861425
2020 6 25 3.561761985007197 0.24471082527483506 44.59938738829726
2020 6 26 3.398301052404469 0.21988691186969928 45.03000660552688
2020 6 27 3.246401781511344 0.19784387749491303 45.51858030032142
2020 6 28 3.10710984168166 0.17836513636118806 46.094025635615736
2020 6 29 2.971938429349523 0.16069763167680784 46.64921179337862
2020 6 30 2.8444227683995837 0.14487612833857236 47.23895055817632
2020 7 1 2.724077462535753 0.1306988736475343 47.864362656702816
2020 7 2 2.60719666356506 0.11783090139342599 48.46946334384882
2020 7 3 2.496888208925444 0.10630023227155916 49.11116660834022
2020 7 4 2.391246818851775 0.09589792870427674 49.76136559469958
2020 7 5 2.2886466385825415 0.08645628738515608 50.39044816978031
2020 7 6 2.1890815719356005 0.07789257984940616 50.997383210093076
2020 7 7 2.0883995041889025 0.0699832594087696 51.48469966112932
2020 7 8 1.9903105213254795 0.06280878242000822 51.926441182594786
2020 7 9 1.8939158294515404 0.05627789154522743 52.295979005796255
