2020 5 12 2036.7341905322928 1926.585576139177 2146.8828049254084
2020 5 13 2045.728945178318 1830.453622255315 2272.9694568248015
2020 5 14 2055.910562968721 1740.144844601464 2407.735755761222
2020 5 15 2067.404072774804 1655.3591241658178 2551.9695120832116
2020 5 16 2079.985577259767 1575.5241531690467 2706.107180934527
2020 5 17 2094.281083396931 1500.7797840469993 2871.68502616366
2020 5 18 2109.1469206038314 1429.919655453311 3048.041355222203
2020 5 19 2125.4293296782134 1363.294066867516 3237.1227724556707
2020 5 20 2142.6708543510767 1300.3073976505932 3439.202948815314
2020 5 21 2160.138096834254 1240.2829290257766 3654.0359588731994
2020 5 22 2176.8423870587217 1182.509473622642 3880.7572505565277
2020 5 23 2192.0512563558723 1126.5446397104154 4118.649636241574
2020 5 24 2205.0630040711444 1072.0447039012888 4366.797118637101
2020 5 25 2216.4056931579335 1019.3323605822371 4626.437141746894
2020 5 26 2227.117154902522 968.8947414495389 4900.075393920557
2020 5 27 2238.2583317578687 921.1172522998714 5190.729989627838
2020 5 28 2250.4681474584895 876.1125785935352 5500.97417679385
2020 5 29 2265.417948246921 834.3475318833929 5836.296042193754
2020 5 30 2284.183395117112 795.9421776690882 6201.632289841923
2020 5 31 2307.6912748528653 760.9030113629718 6602.291420733105
2020 6 1 2338.1639385240615 729.6230384605426 7048.069344105427
2020 6 2 2370.8906922017427 700.2067777682186 7529.527302076239
2020 6 3 2405.014325694633 672.2537580241443 8046.8554459440265
2020 6 4 2439.220953682328 645.3025698298767 8598.361866099829
2020 6 5 2472.603283481231 619.0850950447685 9183.046118600403
2020 6 6 2505.6032553659234 593.7226674645261 9804.371821433371
2020 6 7 2539.610597840707 569.5336196521171 10469.95491863619
2020 6 8 2571.709116728735 545.7984817775941 11170.949717584219
2020 6 9 2602.685839096576 522.728315525399 11912.243108407787
2020 6 10 2634.1092959147563 500.6480788780707 12703.064933908721
2020 6 11 2667.1041870032836 479.7270836414735 13552.13596162232
2020 6 12 2701.7947841259565 459.91099631893377 14464.474986121342
2020 6 13 2737.624350706379 441.0305246244084 15441.915294537326
2020 6 14 2774.3936506372033 422.99998673518917 16488.02690316544
2020 6 15 2811.8922142232705 405.7424789087307 17606.406313454874
2020 6 16 2852.99932080933 389.6366034352665 18820.066265786114
2020 6 17 2895.5143110168383 374.2802520525077 20122.710309678165
2020 6 18 2939.318023892956 359.6138136277477 21520.07095345233
2020 6 19 2984.4494868016614 345.60346014946236 23019.3364365989
2020 6 20 3031.11803342105 332.23669218631096 24629.563862795723
2020 6 21 3080.40244430951 319.5936379242344 26367.75405055999
2020 6 22 3129.355560906829 307.3141955853196 28218.918936767557
2020 6 23 3176.6083440625916 295.2631777811937 30177.698116727286
2020 6 24 3225.742644171727 283.7932938785929 32283.539418904675
2020 6 25 3274.268384481815 272.6485710990755 34522.63268340894
2020 6 26 3325.005853579211 262.06489269022455 36932.64593167258
2020 6 27 3376.7176292273184 251.90687615759472 39512.99058008052
2020 6 28 3426.463955757818 241.9359771356058 42241.204370135136
2020 6 29 3478.106115960401 232.44185768314583 45172.12732510534
2020 6 30 3531.707094888218 223.39920133480584 48321.74524799931
2020 7 1 3586.4337875555643 214.72728607704144 51695.0698520312
2020 7 2 3644.037278203178 206.51346370737997 55333.12781116947
2020 7 3 3700.4015516178624 198.49117839958268 59194.349613863335
2020 7 4 3758.7889190025985 190.84228428664872 63343.42947226826
2020 7 5 3819.6922559446557 183.56910803387353 67810.20264467089
2020 7 6 3884.391330102914 176.7081123330596 72641.82444469068
2020 7 7 3953.4456406198965 170.251823669715 77878.66246925098
2020 7 8 4025.3973813790785 164.1033345604615 83525.92433433069
2020 7 9 4102.005925948526 158.31335185603623 89652.1450442233
