2020 5 12 535.5199230904691 490.5984672222732 580.4413789586649
2020 5 13 535.5390696201249 449.47289227562106 629.1397533516522
2020 5 14 536.0020260981331 412.16725068819545 682.4452437644201
2020 5 15 536.8396958384902 378.24576080177627 740.7437601079635
2020 5 16 537.9324611903658 347.2948323644322 804.3726615869396
2020 5 17 539.6520790716678 319.27980941843003 874.4012099622473
2020 5 18 541.7944341990944 293.7715134277028 951.2024883939209
2020 5 19 544.2769718110434 270.48099971411887 1035.3317636701545
2020 5 20 547.071379225332 249.18631458657248 1127.4734732430543
2020 5 21 549.8869557874209 229.5712451156046 1227.8296042768948
2020 5 22 552.5817470235871 211.44372871654454 1336.8163546165422
2020 5 23 554.8531108413135 194.58052957372428 1454.420864412677
2020 5 24 556.3827587068474 178.79883006474918 1580.4027507404958
2020 5 25 557.0632105213095 164.02287290787726 1714.873067811526
2020 5 26 557.6611328858812 150.4434574781177 1860.5283187156072
2020 5 27 558.5517759250862 138.06707449470971 2019.52947592618
2020 5 28 559.9871399708948 126.84314382587976 2194.0832859483653
2020 5 29 562.3479836791395 116.74043937543301 2387.335955533108
2020 5 30 566.1493725391095 107.73937058433688 2603.6834204732263
2020 5 31 571.7767865813519 99.77491969440266 2847.9165250869355
2020 6 1 580.1767754924585 92.87328034910774 3128.590496554465
2020 6 2 589.5683735080057 86.5880218709362 3441.6078250100177
2020 6 3 599.4869577330729 80.78319143557341 3788.131552378558
2020 6 4 609.4378417366979 75.34938160236554 4168.695257792902
2020 6 5 619.1891035409068 70.23596958979824 4584.995902715704
2020 6 6 629.0037311787069 65.45905704026386 5042.183680681132
2020 6 7 639.2092461914029 61.03152251071338 5546.845772509845
2020 6 8 648.8629367817399 56.8349606697511 6095.793058421442
2020 6 9 658.5895984871593 52.920577988998964 6698.3831250652565
2020 6 10 668.4867045782125 49.27776961298155 7360.791882713615
2020 6 11 679.032719641632 45.92258617580716 8094.214323942391
2020 6 12 690.227773437125 42.82849002541079 8906.467766332084
2020 6 13 701.8656200374573 39.9588854309663 9803.562762273445
2020 6 14 714.3561320247431 37.31892351800617 10800.185827077066
2020 6 15 727.4698010656751 34.87431804357924 11904.185588724058
2020 6 16 741.7223143810978 32.6329031614476 13135.733243186036
2020 6 17 756.8645335273632 30.56240514419536 14505.501995274151
2020 6 18 772.79723894083 28.642713841001232 16027.332935368237
2020 6 19 789.7881246997467 26.870391499385274 17723.815368894826
2020 6 20 807.7730612487582 25.228845301762842 19613.793786637183
2020 6 21 826.7417236715278 23.7055162287258 21719.251725109647
2020 6 22 845.0114326629056 22.241352926518996 24020.657572592198
2020 6 23 862.1674546208487 20.827683536807434 26522.789168802286
2020 6 24 879.6717903152037 19.50386754540352 29285.557365231693
2020 6 25 896.5771334373213 18.243033598152078 32304.33895138828
2020 6 26 913.7738177684818 17.063024183096946 35633.09071342968
2020 6 27 930.5824478419928 15.945935694916667 39276.85404904174
2020 6 28 946.0291858816354 14.87334645154861 43222.68985417273
2020 6 29 961.9800690080887 13.876798983103996 47576.25175958704
2020 6 30 978.5957752688955 12.952733049684278 52387.90054051052
2020 7 1 995.2055910600415 12.086324705863966 57670.498746300735
2020 7 2 1012.7675003506345 11.28600937096168 63524.609638913025
2020 7 3 1029.540539217167 10.52644372183257 69904.0497077201
2020 7 4 1046.8224644059078 9.820360841760646 76939.83432292519
2020 7 5 1064.7861139201677 9.16531384017093 84712.54894696838
2020 7 6 1084.3725756334209 8.56527562469698 93375.07228522237
2020 7 7 1105.7594782185165 8.015896462253593 103047.41790341031
2020 7 8 1128.5237873843475 7.508681961687991 113810.73610908158
2020 7 9 1153.071881784552 7.042312317875328 125830.91490136387
