2020 5 12 267.5373527758333 239.59917949488175 295.4755260567848
2020 5 13 276.2788490721877 221.5896120668791 336.9937535893515
2020 5 14 285.4433268768258 205.04391258383018 384.5133915541467
2020 5 15 294.9695176779715 189.77511101390493 438.81154379014066
2020 5 16 304.9824891732696 175.7519559912583 501.02848641878944
2020 5 17 315.4581606822226 162.83578845342313 572.2686052332515
2020 5 18 326.4825281903797 150.96633560738147 653.9808292636095
2020 5 19 338.07963785745636 140.0487602815985 747.7359816195435
2020 5 20 350.25086330957373 129.9879003412982 855.2906135729314
2020 5 21 362.8602657839604 120.64979512253069 978.3159452639102
2020 5 22 375.9350545364315 111.98632508508682 1119.0681167084217
2020 5 23 389.19730537721756 103.86045309116827 1279.226194003492
2020 5 24 402.6473864349477 96.24947497137863 1461.3852417143103
2020 5 25 416.09704882541763 89.085025332738 1667.7948065745552
2020 5 26 429.99597134897635 82.4538704330025 1903.358154605497
2020 5 27 444.40884398269344 76.32584083497954 2172.4129571855556
2020 5 28 459.7669538456229 70.73262140178826 2481.759871257957
2020 5 29 476.1339255657898 65.62283196799619 2837.7378823205486
2020 5 30 493.798720718746 60.980748331395816 3249.039046297159
2020 5 31 513.2599943392698 56.807959119537465 3727.4622359565064
2020 6 1 535.0301653082178 53.09136420711919 4287.531362495683
2020 6 2 558.3419220101428 49.67926691289251 4936.707539075002
2020 6 3 582.9274448676753 46.509420165267784 5686.457260879821
2020 6 4 608.1914229877117 43.50958617944673 6546.131083206279
2020 6 5 634.128701747292 40.67307642332515 7531.23148699069
2020 6 6 661.3186556032007 38.030885582134566 8666.315980048426
2020 6 7 689.6744510124871 35.5603358621764 9972.476984113124
2020 6 8 718.7679514971378 33.225624543406354 11468.585096362602
2020 6 9 748.8395965163237 31.03268149988734 13185.169549095932
2020 6 10 780.4289429567921 28.995233005857884 15163.257756791258
2020 6 11 814.1624294128917 27.12170498396112 17453.87428313257
2020 6 12 850.2006635618918 25.39743871037269 20108.66978126741
2020 6 13 888.1288065469765 23.791596450308575 23174.239273902916
2020 6 14 928.3646607151932 22.303783014796878 26723.22107779228
2020 6 15 970.9596962655768 20.921895667511098 30831.144516010987
2020 6 16 1016.0700095888805 19.637713610901148 35588.354255875274
2020 6 17 1063.6283273624088 18.43916144909605 41091.931951000886
2020 6 18 1113.2897710373934 17.31163021223052 47441.8650818876
2020 6 19 1165.5272043973869 16.257046572373937 54784.016111181634
2020 6 20 1220.2157062168499 15.266705677990712 63262.44586062962
2020 6 21 1277.4702847610545 14.336694012703406 73053.005974351
2020 6 22 1336.2305160076867 13.450084350294304 84291.23658523914
2020 6 23 1396.4584177718966 12.605871817130913 97180.40454426828
2020 6 24 1459.5623229256169 11.816103941192578 112051.71356862028
2020 6 25 1524.674585068112 11.068989270518028 129134.01281814548
2020 6 26 1592.6915581741068 10.369113548816433 148820.51095367546
2020 6 27 1663.5587983606056 9.712291842371679 171491.02319046995
2020 6 28 1736.426013535154 9.090342724613198 197496.1505272306
2020 6 29 1813.4881240508967 8.513473217106979 227558.8271692469
2020 6 30 1895.0179151233544 7.978130006428375 262329.0808163377
2020 7 1 1979.775162639444 7.474606539302498 302351.49597229774
2020 7 2 2069.467045328765 7.007180149586914 348654.63217892137
2020 7 3 2162.2658806780237 6.565745845304501 401887.6487932649
2020 7 4 2260.2253365661036 6.155155286440493 463434.0899047692
2020 7 5 2364.1896831582935 5.774508245654724 534727.2434969082
2020 7 6 2475.394616858303 5.423406044693212 617543.9569363235
2020 7 7 2593.546419417083 5.0974114341187065 713615.1573745458
2020 7 8 2719.854875381126 4.795959357021922 825324.7479940373
2020 7 9 2855.724429212009 4.518347081187717 955556.0680493823
