2020 5 12 163.58587541894465 156.41359755493755 170.75815328295175
2020 5 13 164.38007147053355 150.28369846120842 179.10825386850203
2020 5 14 165.3129109400589 144.517261058511 188.01354010003573
2020 5 15 166.36107753944518 139.06827549307496 197.4867414022304
2020 5 16 167.46959556641633 133.86963723048973 207.50101063125894
2020 5 17 168.7474935681635 128.9948262891126 218.22380507892518
2020 5 18 170.1024947813466 124.34901529741519 229.58780870518507
2020 5 19 171.52498699548642 119.91190919590304 241.62000034753615
2020 5 20 173.06891188881417 115.70970747782194 254.43707281411784
2020 5 21 174.6010332539568 111.63758518666675 267.896261115067
2020 5 22 176.06145221189755 107.65425355473658 281.93658614533433
2020 5 23 177.36646895173646 103.71055964849914 296.44434338174705
2020 5 24 178.38279082082315 99.73687176307783 311.19995155074946
2020 5 25 179.14234212957606 95.76861552465542 326.2319126966243
2020 5 26 179.89124800322298 91.95082534223668 341.9646902357445
2020 5 27 180.726910386489 88.32797534760073 358.61516119373215
2020 5 28 181.79049253769523 84.95736077145834 376.52091048239487
2020 5 29 183.21245306728275 81.8799277702473 396.0500008794501
2020 5 30 185.1991387006036 79.16138132375552 417.78873235558365
2020 5 31 187.7669728109593 76.77229243730322 441.98308619318084
2020 6 1 191.31601843491526 74.84193692917972 469.8044053789836
2020 6 2 195.3471837443418 73.12247903994675 500.3961675598959
2020 6 3 199.61463971374846 71.49917872436738 533.3676385565499
2020 6 4 203.88252589334257 69.87867757268567 568.2636783909741
2020 6 5 208.02051236236628 68.21910759176659 604.8264306618298
2020 6 6 212.30695120255763 66.62009316814336 643.9291163525651
2020 6 7 216.862656082991 65.11533619074254 686.1086270075675
2020 6 8 221.11286763192138 63.52348718982901 729.7752366117743
2020 6 9 225.27506365063184 61.921336756782736 775.6555429437468
2020 6 10 229.42833890734818 60.33560706737308 824.1198211984863
2020 6 11 233.81816674234295 58.832558124336266 876.1868905565098
2020 6 12 238.5818407965963 57.43988402597438 932.6296690562228
2020 6 13 243.36862775751277 56.062375753734734 992.4193820793387
2020 6 14 248.57200164052327 54.79174375353838 1057.3492799321937
2020 6 15 254.17550990718283 53.61358746964369 1127.7560924877291
2020 6 16 260.22042515732636 52.527226413876846 1204.2491773478964
2020 6 17 266.6308782639066 51.50764482673841 1286.9569422851205
2020 6 18 273.4058313016817 50.547760965942004 1376.3421805290739
2020 6 19 280.58594475872286 49.64884500898259 1473.1086446496104
2020 6 20 288.32418762894196 48.83130872033286 1578.618736890401
2020 6 21 296.3875364133005 48.04615105216307 1692.297436590316
2020 6 22 304.3548976341539 47.22150263177347 1812.3266878275701
2020 6 23 312.1355601668275 46.34881152452406 1938.4821673013073
2020 6 24 320.47788564431767 45.54611365655065 2075.672135556916
2020 6 25 328.74521331061493 44.71497154422291 2220.641464068145
2020 6 26 337.429576405878 43.926711835274695 2377.112164028009
2020 6 27 346.0557745809867 43.11491109508483 2542.5821793569107
2020 6 28 354.52713266908876 42.271346671886796 2716.8125902240076
2020 6 29 363.3706758222238 41.46393760189526 2904.2450972501265
2020 6 30 372.6318904386047 40.6944383540788 3106.1836518424475
2020 7 1 381.898179040417 39.913996291484786 3320.238151052966
2020 7 2 391.7795469959946 39.1887235705855 3552.3878457236133
2020 7 3 401.33985719905604 38.41894067112513 3795.5399448166418
2020 7 4 411.28893575253005 37.67916171034411 4056.8055539478664
2020 7 5 421.64397783537083 36.96822415572222 4337.6269211722165
2020 7 6 432.6844151412483 36.30793562657917 4642.256305813752
2020 7 7 444.75704310058444 35.721796809711876 4976.252408226182
2020 7 8 457.512255393379 35.17288914657353 5338.146859133684
2020 7 9 471.1667546303191 34.67342924086366 5732.584344005591
