2020 5 12 292.58188989220827 274.1007468732062 311.06303291121026
2020 5 13 284.0958081081535 249.33901710722304 321.1196415552723
2020 5 14 275.89421512214045 226.84787867847305 331.54473466353085
2020 5 15 267.9421331893516 206.39598324697843 342.323584418528
2020 5 16 260.23880120656685 187.80302427334857 353.47783936629554
2020 5 17 252.8031555022217 170.91834369906843 365.0583178703429
2020 5 18 245.61978094291746 155.57862271954184 377.07568801646056
2020 5 19 238.68882904336988 141.64622250273956 389.56282071487635
2020 5 20 231.9861839319438 128.98092043301955 402.51688849918315
2020 5 21 225.45722000783604 117.44000473982372 415.87649367116603
2020 5 22 219.1005596023427 106.92578136855613 429.6583930934244
2020 5 23 212.86584127232172 97.32492592950693 443.78468788506234
2020 5 24 206.72161511601573 88.54638818389583 458.1942091486153
2020 5 25 200.6756541160079 80.52578472864704 472.89631471607
2020 5 26 194.79592950487563 73.22744491005425 488.0452142813688
2020 5 27 189.10903634141766 66.59830772503017 503.7309035978531
2020 5 28 183.68296490839361 60.60267823538724 520.1732421940185
2020 5 29 178.51193001793618 55.179593533975186 537.4336193400363
2020 5 30 173.6301180865493 50.28620131610974 555.6992017474963
2020 5 31 169.01923966364816 45.86656280677897 575.0254100166717
2020 6 1 164.74039493238368 41.892240700017815 595.7367954643997
2020 6 2 160.63506879253762 38.27887124199929 617.4299326410243
2020 6 3 156.67866661398358 34.98827827432463 640.0921927819817
2020 6 4 152.7887066081396 31.973633455067876 663.4595933731617
2020 6 5 148.95904512331376 29.211142952093212 687.5225116720463
2020 6 6 145.1998289795882 26.68231940571833 712.3402590896259
2020 6 7 141.569960551165 24.378753171021426 738.2230082068278
2020 6 8 137.96920621649878 22.2634480888013 764.7248326427389
2020 6 9 134.4491147445392 20.32992244995538 792.1175304248303
2020 6 10 131.02947521915084 18.56592787739251 820.5541403523887
2020 6 11 127.74693916785806 16.96209487510439 850.3255222068323
2020 6 12 124.58371143651685 15.501733032274721 881.423851270333
2020 6 13 121.53496706871145 14.171600824932286 913.915322551391
2020 6 14 118.59449839647858 12.959527045893594 947.8576895352361
2020 6 15 115.75333316191086 11.854197213781053 983.2857299904597
2020 6 16 113.01382746154593 10.846582279997806 1020.3233311361878
2020 6 17 110.32424844329002 9.923184453701461 1058.6214355658462
2020 6 18 107.68849022783871 9.077481560935237 1098.2593137645829
2020 6 19 105.13985318401204 8.305889371520077 1139.6276456513767
2020 6 20 102.66956485948967 7.601307452205252 1182.749644168569
2020 6 21 100.2478358503017 6.955792727782284 1227.394103968362
2020 6 22 97.85942558678494 6.363444440806395 1273.4322812794549
2020 6 23 95.49564585011404 5.819441308299054 1320.7773283226218
2020 6 24 93.21793726404891 5.32371002359968 1370.2833589390946
2020 6 25 90.97487994949316 4.869084127131469 1421.355775690585
2020 6 26 88.78579621839195 4.4532816648516915 1474.3317343159674
2020 6 27 86.63298994339674 4.072164800135866 1529.0098958670023
2020 6 28 84.52781180558385 3.72344947002922 1585.6352109227607
2020 6 29 82.49497577166058 3.405529250670159 1644.7550159322775
2020 6 30 80.49905724941311 3.1142599184699056 1705.8404107951633
2020 7 1 78.52488069857901 2.846875309448921 1768.6319108333557
2020 7 2 76.62501634468939 2.6033867327240547 1834.3180328356152
2020 7 3 74.75191254183802 2.3800708122834693 1901.9839450066954
2020 7 4 72.93445799226237 2.1762246825434692 1972.3968813301271
2020 7 5 71.17273710668152 1.9901818789398573 2045.728792659205
2020 7 6 69.4732871094311 1.8205949830733537 2122.353839892949
2020 7 7 67.86680814194555 1.6668318492855734 2203.4494934033078
2020 7 8 66.33904789597563 1.5270761827984314 2288.993527863955
2020 7 9 64.86681367743068 1.3995248406537097 2378.587850050376
