2020 5 12 1184.695080397014 1134.2540562371994 1235.1361045568285
2020 5 13 1148.2103004901323 1052.5449804757461 1248.0360921546505
2020 5 14 1113.707682285355 977.5090570105713 1262.0040004602597
2020 5 15 1082.05645538033 909.4151492964684 1278.1844838157074
2020 5 16 1053.5800832819803 847.9770153180009 1297.2601740580192
2020 5 17 1027.432273983356 791.9604955708074 1318.564942437686
2020 5 18 1005.0818196860902 742.0712195970007 1344.2601478589463
2020 5 19 984.1755051578818 696.0319627870356 1371.7372847515762
2020 5 20 964.1989142611455 653.1990295932006 1400.4657956625435
2020 5 21 944.8644918425332 613.1623260710335 1430.1397531706527
2020 5 22 925.3850242952692 575.2338822577117 1459.6361023560064
2020 5 23 904.573518488192 538.5739304270394 1487.0063042250895
2020 5 24 882.6228026052471 503.2933947644546 1512.247613438512
2020 5 25 859.0655487592085 469.10416641261554 1534.2521671400725
2020 5 26 836.07297456354 437.20246340652545 1556.462489883375
2020 5 27 814.4128149164287 407.8452047098981 1580.3291782073436
2020 5 28 794.2551955562982 380.9306598311187 1606.3885591952871
2020 5 29 775.8107471947174 356.37462330509203 1635.3334824022159
2020 5 30 759.6460167493381 334.25200175042414 1668.7025138919066
2020 5 31 745.8008646740158 314.37512295379173 1707.1079643003352
2020 6 1 734.6274391680508 296.70009442940847 1751.9352025514277
2020 6 2 724.799285736852 280.494522183761 1800.7485544822155
2020 6 3 715.2377472430297 265.2263827901403 1851.2576971359247
2020 6 4 705.2689557578946 250.59154039421423 1901.802993603967
2020 6 5 694.7553658900674 236.52128705339473 1951.8845887072475
2020 6 6 684.6316555258942 223.32042611555352 2003.9400479294322
2020 6 7 675.2426127601796 211.04786157197475 2059.1023957865423
2020 6 8 665.6801940346553 199.35530191304454 2114.8618490701797
2020 6 9 656.0297990994544 188.24363705373617 2171.421518894348
2020 6 10 646.837308652807 177.8425628800398 2230.5463848904133
2020 6 11 638.5695515345317 168.23501501922033 2294.025800720826
2020 6 12 631.0503593581116 159.3158662348501 2361.6213251596228
2020 6 13 623.5020546217524 150.8398726514647 2430.7683174164144
2020 6 14 616.6252597880263 142.95543371303242 2504.20582829088
2020 6 15 609.962265733574 135.51509913473416 2580.422260745002
2020 6 16 603.8943805383492 128.57822762899957 2661.1713712709366
2020 6 17 598.179588766141 122.05877377818092 2745.7373321010537
2020 6 18 592.6304005093174 115.89263983765034 2833.50251490076
2020 6 19 587.5304496897812 110.11578932943164 2925.974814222384
2020 6 20 582.8030002704597 104.68848414692982 3023.1015123878406
2020 6 21 578.9611088825908 99.68091527261353 3127.848529555579
2020 6 22 575.0150155061033 94.89057254490183 3235.525133308649
2020 6 23 570.4954734695593 90.2313676950134 3343.5304680392924
2020 6 24 566.713442085915 85.91196220625275 3459.2553109076557
2020 6 25 562.6606445990673 81.75447989187377 3577.1797544020465
2020 6 26 558.9725136982347 77.84696267406815 3701.25833440069
2020 6 27 555.3919285392811 74.13781907407107 3830.192764927177
2020 6 28 550.6124377830132 70.44230313452358 3955.192382875379
2020 6 29 545.8740774982473 66.93099598652154 4084.271405032756
2020 6 30 541.2782651447985 63.60719390311958 4218.324425575264
2020 7 1 536.5596824351193 60.429478240650106 4355.518977295946
2020 7 2 532.5224569831239 57.48262073336935 4502.372578017842
2020 7 3 527.9794850299972 54.62159605991979 4649.644772768017
2020 7 4 523.435895289979 51.89889688419566 4801.387480214206
2020 7 5 519.4583816536539 49.36416479241753 4962.916219069298
2020 7 6 516.3827113914185 47.0360585211957 5138.206587703512
2020 7 7 514.2623102442903 44.903104480681236 5329.0123088256105
2020 7 8 512.4906625867619 42.89656531461986 5530.427253906452
2020 7 9 510.9993396046123 41.002643224592966 5742.414060220979
