2020 5 12 1024.9906706226138 1002.1871067685734 1047.7942344766543
2020 5 13 1029.555513383196 984.2620321084894 1075.867835170889
2020 5 14 1034.9623956744558 967.4431246679864 1105.552285809927
2020 5 15 1041.7096522214033 952.1380036662927 1137.4572281288836
2020 5 16 1049.5738531581517 938.0557107654256 1171.454486117961
2020 5 17 1058.8100934664812 925.3548951714951 1207.9329845203379
2020 5 18 1069.6157062408531 914.1265728248259 1247.245081709288
2020 5 19 1081.2538803784396 903.6517831519611 1288.6788226635351
2020 5 20 1093.6763610710038 893.8466700986382 1332.2728427783863
2020 5 21 1106.2033807445446 884.1167419160959 1377.2950692116444
2020 5 22 1118.2791004294306 874.0173552510289 1423.0982103931685
2020 5 23 1128.7619357553106 862.6853496572812 1468.2297488588642
2020 5 24 1137.4177707476981 850.0288332943637 1512.2882911104289
2020 5 25 1144.2058972028294 836.1125975464346 1555.0974175494011
2020 5 26 1150.6397702230736 822.1357221601965 1598.58183636761
2020 5 27 1157.7336542517892 808.8382220610247 1644.148879002673
2020 5 28 1165.926915801772 796.4933135767852 1692.5139597910631
2020 5 29 1174.9252135290965 784.8471622862902 1743.386227698179
2020 5 30 1187.0331847307202 775.4021627463281 1800.2987469831112
2020 5 31 1201.9572018900026 767.8288361279887 1863.1508445084585
2020 6 1 1221.2749930656676 763.0164259850721 1934.717165870917
2020 6 2 1243.25080724303 759.7008566341219 2012.7513883113443
2020 6 3 1265.9590794348783 756.6056350964816 2094.4786352721435
2020 6 4 1288.4269665010675 753.1314669635008 2178.440464604063
2020 6 5 1310.9760908215062 749.4876517399714 2265.2312413328928
2020 6 6 1333.7906243540403 745.7875853972571 2355.2565356572763
2020 6 7 1358.5799324287163 742.9879770725992 2451.645665194479
2020 6 8 1383.49516001485 740.015778205178 2551.3753532979367
2020 6 9 1408.049044509844 736.6177870783797 2653.652902644929
2020 6 10 1433.1428032248766 733.2898578238388 2760.2266625307993
2020 6 11 1460.0611757459778 730.6817326567746 2873.7334168228836
2020 6 12 1488.420664836955 728.551058803598 2993.7491327529738
2020 6 13 1517.2209535588931 726.3727353577729 3118.5557330253973
2020 6 14 1546.2046153766346 724.0219196041664 3247.7968751185513
2020 6 15 1576.6183535751472 722.089091853711 3384.234980010413
2020 6 16 1609.378747236787 720.9621976320822 3530.1577806696796
2020 6 17 1643.8510544458159 720.299009255488 3684.6344421265894
2020 6 18 1679.1022565604992 719.654181780094 3845.9616722787173
2020 6 19 1716.1438790421219 719.4533057189427 4016.721890045298
2020 6 20 1754.4678676614278 719.4475159005842 4196.152697418603
2020 6 21 1795.636572072673 720.2573002869437 4388.355658524124
2020 6 22 1835.6914969446138 720.2337541693055 4584.279556200678
2020 6 23 1874.3327665242314 719.3049971301084 4783.189071423368
2020 6 24 1915.1269602317002 718.8915022066811 4994.147560969212
2020 6 25 1956.0538911618996 718.1947862502279 5212.441004355497
2020 6 26 1998.9641477151144 717.9058225427675 5443.230463709135
2020 6 27 2043.0620428996738 717.7054344986749 5684.909216265693
2020 6 28 2085.7160176175594 716.6561291912143 5930.593800574687
2020 6 29 2131.727691431113 716.456089972272 6193.911424400938
2020 6 30 2181.065884043623 717.032977326339 6475.636526395026
2020 7 1 2231.277246166028 717.5219773388307 6769.377749779675
2020 7 2 2285.2289372075097 718.8423846036202 7084.284032029679
2020 7 3 2338.570402309633 719.5629130742991 7407.903684880314
2020 7 4 2393.6756357060804 720.4437582148689 7747.949745759794
2020 7 5 2452.61588055251 722.0891218701894 8111.815341184326
2020 7 6 2516.150393858005 724.6635817853703 8503.164173993304
2020 7 7 2583.852387588733 727.9734626712392 8921.915044683527
2020 7 8 2655.6641197937242 731.9431047775759 9369.18855688604
2020 7 9 2732.0829546032987 736.6541020152717 9848.097370507792
