2020 5 12 38.91393387717471 35.466982239888345 42.36088551446108
2020 5 13 40.26124747267065 33.4455967501037 47.708492476499764
2020 5 14 41.62312107023886 31.512761091116097 53.69315408674066
2020 5 15 42.95289050345716 29.632441942139135 60.32770618349425
2020 5 16 44.24650869311102 27.810070041943813 67.67160859038233
2020 5 17 45.507511237323534 26.054785395905277 75.80004036237297
2020 5 18 46.72401319522968 24.36423471608077 84.77084230570438
2020 5 19 47.936901963823054 22.76453316637283 94.73776799311885
2020 5 20 49.141935429681716 21.251182399161078 105.79880622508753
2020 5 21 50.39005764902389 19.84397072014657 118.1788181981383
2020 5 22 51.682604185086326 18.53495269300414 132.03731476480533
2020 5 23 53.07029549523395 17.334516191035554 147.6793282093583
2020 5 24 54.60999198920913 16.2493068927481 165.493701119703
2020 5 25 56.251241302707946 15.248961496065748 185.62938014318883
2020 5 26 57.94181674153548 14.310199705334625 208.2149745833562
2020 5 27 59.622847745018525 13.414324584885025 233.33168690674555
2020 5 28 61.22844149961287 12.546589694458994 260.99211375464733
2020 5 29 62.74971975403409 11.708848723625314 291.38785427955827
2020 5 30 64.1127126351087 10.890455760153039 324.41301148004555
2020 5 31 65.23818841853895 10.083889975717666 359.8295033154871
2020 6 1 66.1795624927026 9.305549269618002 397.9880385022606
2020 6 2 66.99665328727507 8.567900418385035 439.3640397753883
2020 6 3 67.75404769964686 7.879800384740568 484.5839634926609
2020 6 4 68.5200044247275 7.246962624603099 534.4579811181226
2020 6 5 69.36599165629438 6.672497485568252 590.0217970317786
2020 6 6 70.22242393091086 6.143570072207049 651.3621898662766
2020 6 7 71.08943020906266 5.656570618985219 719.079709464598
2020 6 8 71.89309329635398 5.202283542435642 793.0883370829413
2020 6 9 72.70584176182284 4.78448089467182 874.7140298052753
2020 6 10 73.52777831529619 4.400232560327203 964.7407459708581
2020 6 11 74.28241926305937 4.042260401766169 1063.028242454699
2020 6 12 74.96743174187431 3.7091998802973514 1170.2219743424585
2020 6 13 75.65876122141145 3.4035817548979734 1288.2249168392339
2020 6 14 76.19885150266929 3.116054482751643 1415.4433837735533
2020 6 15 76.74279721992951 2.8528168966423646 1555.2252921671704
2020 6 16 77.21068952179886 2.608845522020858 1707.1913984129599
2020 6 17 77.68143451100927 2.385738448821838 1874.0066056628398
2020 6 18 78.15504958007831 2.181711373150948 2057.1218677253723
2020 6 19 78.55014483227312 1.9928600826767264 2255.9871888345792
2020 6 20 78.86541846749357 1.8182801726721411 2471.727276518113
2020 6 21 79.0176628531725 1.6552060406904743 2702.949420360698
2020 6 22 79.17020113639767 1.5067573624321975 2955.8016527292607
2020 6 23 79.40549867590154 1.373191900201401 3235.38620333587
2020 6 24 79.39336588889816 1.2471752480093554 3531.30613851853
2020 6 25 79.38123495572762 1.1327230367576926 3854.291963995283
2020 6 26 79.28642126893895 1.027594147347216 4202.8045378629495
2020 6 27 79.109134980599 0.9311519939160525 4578.452596200129
2020 6 28 79.0970474765754 0.8457009677790364 4997.214162935961
2020 6 29 79.00257322596018 0.7672108156139806 5449.071984388456
2020 6 30 78.82592162846875 0.6952062568253731 5936.111838903288
2020 7 1 78.73177121309315 0.6306836336248525 6472.866613857603
2020 7 2 78.47371701859386 0.5708355464915527 7044.671342041871
2020 7 3 78.29824795592452 0.5172612735153769 7674.326394381566
2020 7 4 78.12317124617441 0.46871507340986673 8360.260223357844
2020 7 5 77.86711182166206 0.42423682939250157 9098.79488037249
2020 7 6 77.44967671651526 0.38309552141061576 9883.615876409693
2020 7 7 76.84624319704751 0.3450128951830394 10712.110527420877
2020 7 8 76.09809550948385 0.31004514890513823 11589.22573760939
2020 7 9 75.27400343642155 0.27828235883734165 12525.484688521829
