2020 5 12 533.0788850715353 518.1165995703352 548.0411705727354
2020 5 13 518.2338115275421 489.5522103297978 547.7318567646344
2020 5 14 503.8927228117111 462.6481790534889 547.5184557096961
2020 5 15 490.08617735471745 437.3491093596152 547.4547401541864
2020 5 16 476.78676722333097 413.5484480776341 547.5349528144192
2020 5 17 464.03877972964204 391.2082743392212 547.8339654641494
2020 5 18 451.7532667078073 370.17747067956924 548.276732503459
2020 5 19 439.9233200274122 350.38402841275763 548.8780040165715
2020 5 20 428.49405500769274 331.72133823682424 549.593340262695
2020 5 21 417.4141849661289 314.0933019720689 550.3768963450763
2020 5 22 406.5867887109028 297.3764351236631 551.1167047356023
2020 5 23 395.9455963128072 281.48005667704626 551.7292118027118
2020 5 24 385.4385317707466 266.33078963617686 552.1412227696351
2020 5 25 375.08267744124623 251.9086792485828 552.3707371262841
2020 5 26 364.98953838750157 238.25711696373227 552.577486853457
2020 5 27 355.2208648877427 225.3798782383639 552.8643540329103
2020 5 28 345.823899609613 213.26857970414173 553.3229736072911
2020 5 29 336.8615767751286 201.92284966578944 554.0796663774913
2020 5 30 328.3545781522075 191.31441027390477 555.2042860964124
2020 5 31 320.3070156627185 181.4058243523638 556.7447798902459
2020 6 1 312.8344850702247 172.22439024911455 558.9462180790689
2020 6 2 305.65280397108535 163.57180112765846 561.3645504906102
2020 6 3 298.66761518354355 155.37084355421416 563.8514266552752
2020 6 4 291.8049799654513 147.56176508240497 566.279314321535
2020 6 5 285.0456869723111 140.1176969226349 568.6121958264077
2020 6 6 278.40757433316264 133.0317642250841 570.8840914475699
2020 6 7 271.9586152830117 126.32069296788572 573.2359430951261
2020 6 8 265.56899747359387 119.90635345456216 575.4076952082756
2020 6 9 259.291035269841 113.80035439705178 577.5043281949717
2020 6 10 253.14538573133441 107.99822703339592 579.5727504626672
2020 6 11 247.1977813013088 102.51426966462726 581.7685100982982
2020 6 12 241.4461817093228 97.33211208765657 584.105010237571
2020 6 13 235.88835967111828 92.43608438991586 586.5959344356371
2020 6 14 230.50240291054422 87.8035528075899 589.2067252610404
2020 6 15 225.26327035828223 83.41226986055445 591.8900973164004
2020 6 16 220.2550901200632 79.2820308517514 594.8796366768082
2020 6 17 215.43573483698137 75.38419405887991 598.0935395718668
2020 6 18 210.75749435139258 71.69047044586169 601.4238150779348
2020 6 19 206.19392641611296 68.18218469562412 604.8099692293641
2020 6 20 201.73770759444375 64.84840415864514 608.2402184540425
2020 6 21 197.44876192532126 61.70044149395986 611.9038865156358
2020 6 22 193.21422763187326 58.69380095775858 615.475665035041
2020 6 23 188.97855154054815 55.80573874079691 618.7753685954024
2020 6 24 184.8591934890668 53.066713898831 622.1695872403186
2020 6 25 180.79137700750204 50.451143370604065 625.453681061835
2020 6 26 176.86170630254827 47.97806157151921 628.9233596866217
2020 6 27 173.03208964125199 45.63017978627563 632.4643425874364
2020 6 28 169.21378645554162 43.378311091879524 635.7635147068343
2020 6 29 165.50425223336256 41.2438563580614 639.1719859953078
2020 6 30 161.89658740349628 39.21954936576603 642.6780878576009
2020 7 1 158.37426266046887 37.29622134621111 646.2300194562242
2020 7 2 154.9875611579469 35.48110503850279 650.0422816172046
2020 7 3 151.61876067201808 33.74184465271605 653.6483644943661
2020 7 4 148.35142078698559 32.09412553994775 657.3961834488152
2020 7 5 145.19746810615302 30.536167248355632 661.3559370593811
2020 7 6 142.18568151831727 29.069634424027726 665.6816720652961
2020 7 7 139.31237431060123 27.689072913408292 670.3915473966206
2020 7 8 136.53278119841 26.381161996381106 675.3062989897265
2020 7 9 133.84622268103607 25.14229150143358 680.4429340486737
