2020 5 12 536.6297236088708 464.68100088610555 608.578446331636
2020 5 13 554.4869496732194 415.7685344077665 713.140476066634
2020 5 14 573.6232542819776 372.5181276823648 836.5484847290247
2020 5 15 594.3259184277181 334.3551772892487 982.633259396454
2020 5 16 616.5553752501531 300.54045735234655 1155.5175007705157
2020 5 17 640.6051709500103 270.62759734210476 1360.672288459548
2020 5 18 666.5936703992754 244.11468087594002 1604.3763219588118
2020 5 19 694.5070420711695 220.51799606253314 1893.824386091937
2020 5 20 724.4048798381966 199.46118916904027 2237.7162702556066
2020 5 21 755.4284473838045 180.3706283592105 2643.5556926591894
2020 5 22 787.3436205030737 163.00289245195611 3121.47015058306
2020 5 23 819.6084955010077 147.10073318222763 3681.8250567346345
2020 5 24 851.737564250894 132.48827174145552 4336.223227128104
2020 5 25 883.5000875989952 119.07443149049195 5098.654328905885
2020 5 26 916.2784155083447 106.99595002830264 5994.169089997284
2020 5 27 950.9725305069622 96.22437105285321 7051.547100641006
2020 5 28 988.6142294716326 86.70252540216465 8307.563420439896
2020 5 29 1029.8219344083811 78.30498302805435 9804.746065797735
2020 5 30 1075.696264226843 70.94501543581471 11599.82663387526
2020 5 31 1127.7212518794947 64.54769602242398 13767.845230060022
2020 6 1 1187.644605713955 59.03530574461196 16406.777788431897
2020 6 2 1252.7926473171037 54.09510699031079 19579.713493641575
2020 6 3 1322.231871851566 49.59929577543081 23377.48250890985
2020 6 4 1394.7626749065855 45.448722214179085 27898.495099373184
2020 6 5 1469.4082592789096 41.58474224119024 33256.552290406646
2020 6 6 1547.7682428050302 38.0413330692497 39637.30451774628
2020 6 7 1630.6024532665658 34.807117849013636 47249.863680812574
2020 6 8 1715.3794860720645 31.794711395959943 56252.2936940405
2020 6 9 1802.2718433870452 29.00052708578648 66894.76776935106
2020 6 10 1893.565723409426 26.45190141151281 79550.71093197916
2020 6 11 1992.0145409806612 24.16260303141613 94707.3622295465
2020 6 12 2098.6241399933583 22.108335944022773 112896.42445065654
2020 6 13 2211.74060455856 20.237160706758306 134621.8999455608
2020 6 14 2332.220786220535 18.53594565978465 160605.26635352793
2020 6 15 2459.7091225479244 16.981280047381414 191634.3416242683
2020 6 16 2597.453490245451 15.579701764903753 228914.35036685405
2020 6 17 2744.3991905019493 14.302727877076814 273577.8113404753
2020 6 18 2899.134124555794 13.127689330695752 326903.32894247957
2020 6 19 3063.7002622976693 12.054198225469836 390747.81977749156
2020 6 20 3239.947334068005 11.077694647137536 467359.5775172146
2020 6 21 3431.281674875703 10.197215474038225 559705.9530012591
2020 6 22 3629.3298464485597 9.373091700265885 669551.246222331
2020 6 23 3833.9590113285985 8.603046703169303 800059.5158474504
2020 6 24 4051.589448434256 7.8995493944615935 956311.8017823373
2020 6 25 4277.706065273432 7.246038830325947 1142167.4585124294
2020 6 26 4518.075388537642 6.649358240143711 1364579.567831331
2020 6 27 4769.36375812496 6.098003553567038 1629520.0458482695
2020 6 28 5022.791873953279 5.577232440511843 1941856.0310117141
2020 6 29 5292.5629651141135 5.104129505427581 2315170.7191125685
2020 6 30 5579.8544490256345 4.674081963173703 2761579.726996943
2020 7 1 5881.675491096298 4.279375689689896 3293537.6904800856
2020 7 2 6205.436642888537 3.9220854766645763 3931109.5129745468
2020 7 3 6538.726864002931 3.589384594918454 4686850.874996015
2020 7 4 6889.917899819507 3.2849059121461233 5587880.737473909
2020 7 5 7261.28652134625 3.00688251793344 6663197.042849877
2020 7 6 7659.603150840533 2.7552602542377786 7951804.4757495085
2020 7 7 8089.761528496448 2.5282885825129697 9499991.315838186
2020 7 8 8548.041249954838 2.3212531315031213 11354259.321030444
2020 7 9 9038.564939635065 2.1328774106387334 13578800.269417832
