2020 5 12 149.24944508897656 140.45207677350777 158.04681340444534
2020 5 13 147.84463391721735 130.92971049281323 165.786834292895
2020 5 14 146.53502481658558 122.12554137475286 173.99783510451928
2020 5 15 145.26870381031364 113.93980432977824 182.65313220982304
2020 5 16 144.0756990597351 106.351656122542 191.81740036752967
2020 5 17 142.98533924693987 99.33739920861865 201.5650819371064
2020 5 18 141.95892071643743 92.82444623990993 211.88662128738918
2020 5 19 141.01886355122912 86.7901605273833 222.85460010383198
2020 5 20 140.15385138757887 81.19050393938309 234.49907646807367
2020 5 21 139.2881165743407 75.9486419491051 246.74190676325847
2020 5 22 138.41966826272565 71.04081222184034 259.6096361365056
2020 5 23 137.4391773932767 66.38984597364046 272.9281307561662
2020 5 24 136.3116004794239 61.96896886676104 286.62401386920476
2020 5 25 135.03144522172144 57.76890686290104 300.66689376928866
2020 5 26 133.74240247868013 53.8445662206862 315.351232711423
2020 5 27 132.5001824320914 50.200709335709334 330.8341315021983
2020 5 28 131.46784049591352 46.878591138883586 347.57242630076416
2020 5 29 130.6539087138063 43.85133212022304 365.71374653136786
2020 5 30 130.16872887167693 41.12821076063827 385.7080468193681
2020 5 31 130.15567883674916 38.722797584592 408.18912298666555
2020 6 1 130.7472770484729 36.63795609338404 433.87678345282876
2020 6 2 131.57777352176166 34.731553271598244 461.96483435029404
2020 6 3 132.55617103107016 32.96199516211177 492.3719863901025
2020 6 4 133.43921069645424 31.257074104691092 524.3993539075631
2020 6 5 134.22481604105312 29.616136976959666 558.1039865883423
2020 6 6 135.00811819344966 28.05981722890351 593.9461036506483
2020 6 7 135.77508519049704 26.580936524618107 631.9980711972685
2020 6 8 136.38521700067457 25.148442696789765 671.7375815524365
2020 6 9 136.92065218557823 23.778869429958885 713.5944721843516
2020 6 10 137.45818943728605 22.48388252840848 758.0595231179773
2020 6 11 138.14683696460125 21.28379180752223 806.1169628884736
2020 6 12 138.98155017018442 20.169728934015406 858.0532137314598
2020 6 13 139.8715239699915 19.121267498475763 913.6456304582315
2020 6 14 140.86105423114392 18.140137986262907 973.4529050294211
2020 6 15 141.95937735220323 17.22245997351105 1037.8786255396108
2020 6 16 143.19083311516312 16.366318334297386 1107.4789471370298
2020 6 17 144.46992709518136 15.556960084852976 1182.032504422728
2020 6 18 145.75298979236524 14.786823757237137 1261.5438641090002
2020 6 19 147.0775411624007 14.057865515197706 1346.6641566404248
2020 6 20 148.43690487070492 13.367020220533234 1437.7363143009786
2020 6 21 149.7705228493121 12.706675262043637 1534.596435594705
2020 6 22 150.89966112786666 12.06058724457833 1635.764078417655
2020 6 23 151.84258586797782 11.431787034977255 1741.4903090319194
2020 6 24 152.84626669891603 10.839900999749963 1854.6793038893225
2020 6 25 153.75401799537707 10.271386277128062 1973.9805328603304
2020 6 26 154.71477871793752 9.735869248564207 2101.567098550871
2020 6 27 155.63362707449923 9.225257112396335 2236.7492495008423
2020 6 28 156.4695649995723 8.736186765908727 2379.3569108800634
2020 6 29 157.39883500107547 8.278004463680295 2532.407739146378
2020 6 30 158.43111816722262 7.848979683445506 2696.8720740030676
2020 7 1 159.42110462449347 7.439759139700941 2871.1821243307636
2020 7 2 160.53248186521972 7.057250333881672 3058.8333995166054
2020 7 3 161.5107402725369 6.688215179749056 3256.064847428837
2020 7 4 162.5366438570901 6.340203618763354 3466.853989987261
2020 7 5 163.65296111025003 6.0135729828325415 3693.0785719595133
2020 7 6 164.9543395264466 5.710288005843144 3938.068284714163
2020 7 7 166.42216604617076 5.427702479002306 4203.03667975037
2020 7 8 168.07543216120519 5.164723243796242 4490.186629338797
2020 7 9 169.96071123155176 4.921110446879555 4802.714089456972
