2020 5 12 239.59802005316538 232.8846050983417 246.3114350079891
2020 5 13 242.6125811685394 229.2077697377381 256.39831140390686
2020 5 14 245.7854340084351 225.70269807730114 267.02546528419543
2020 5 15 249.03681566680552 222.28523503097833 278.133326769117
2020 5 16 252.3664355367486 218.9509603624445 289.7426017410292
2020 5 17 255.861635775223 215.7717333108712 301.97544063291986
2020 5 18 259.4996589414998 212.71829137065836 314.83617791056747
2020 5 19 263.40353543671995 209.88358330620508 328.50442316730334
2020 5 20 267.479269529391 207.1767930197864 342.9071475115188
2020 5 21 271.5879097810509 204.4815513965533 357.9026712952737
2020 5 22 275.74240131591915 201.8083780493001 373.5312125109943
2020 5 23 279.73263366780424 199.003422511512 389.53360448949013
2020 5 24 283.4084280219655 195.9726822320098 405.70328373106906
2020 5 25 286.78740815288586 192.74945663106388 422.05013418072343
2020 5 26 290.2260763703676 189.59228430181656 439.0841945996604
2020 5 27 293.902318400997 186.61508798483604 457.1028027366937
2020 5 28 298.1619682188776 184.02551384005085 476.69578002055187
2020 5 29 303.1086618485083 181.85781337591888 498.1283078057847
2020 5 30 309.10119886733827 180.29388831898933 522.1083206460455
2020 5 31 316.341417367888 179.40206159990066 549.1501012670656
2020 6 1 325.570317178721 179.54628031741314 580.7503023761435
2020 6 2 335.59706956213097 179.98213402433794 615.1118312856095
2020 6 3 346.45480694569744 180.69909638988605 652.4635536707902
2020 6 4 357.5466386186066 181.35779170247775 691.8627004643813
2020 6 5 368.8000685157545 181.9207346972708 733.2665268944364
2020 6 6 380.4326390703823 182.49773235656488 777.1977304062611
2020 6 7 392.7924376285482 183.24940825400657 824.4970280142205
2020 6 8 404.78317093199644 183.64466280747402 873.0573203832228
2020 6 9 416.94825394340666 183.95380266275708 924.064214633288
2020 6 10 429.28148716294095 184.1763492831242 977.613498043909
2020 6 11 442.2699511877912 184.52376373662315 1034.9273216769475
2020 6 12 455.89076074319206 184.9717004262507 1096.1613579529474
2020 6 13 469.96189902948464 185.43323816157954 1161.0926148082235
2020 6 14 484.75348903153815 186.00883153115532 1230.5770328299948
2020 6 15 500.40416312158516 186.73721753416916 1305.2186847282412
2020 6 16 517.2033438973692 187.7084848340401 1386.065494024954
2020 6 17 534.3915450915524 188.62130986476464 1471.451202504639
2020 6 18 552.0425035595545 189.5002922494016 1561.7982826767027
2020 6 19 570.5005533563013 190.46029092881588 1658.3266228152488
2020 6 20 589.8073373583471 191.50246278953117 1761.4941159627863
2020 6 21 609.2088769952253 192.3689604861552 1869.4114898970608
2020 6 22 628.5891994604025 193.03115318202418 1981.9168827115784
2020 6 23 647.6930252664224 193.42138838348208 2098.377418673884
2020 6 24 668.3414337671239 194.10028916065014 2224.8044556330988
2020 6 25 689.1959671482922 194.6502605303952 2357.343589329082
2020 6 26 711.1208612025498 195.32030615754041 2499.2138345637777
2020 6 27 733.502693096874 195.92658944462744 2648.776769158195
2020 6 28 756.5393484358418 196.5214998786637 2807.1109524362632
2020 6 29 781.3231262672492 197.3841173203621 2978.707895453249
2020 6 30 807.1302375108787 198.30393471668972 3161.6005123348646
2020 7 1 832.6430780036595 198.94631055747095 3351.231086338916
2020 7 2 859.9199686251021 199.8195715368263 3556.0897540236265
2020 7 3 887.043281661953 200.45333890396978 3769.140939316334
2020 7 4 915.2621495877928 201.1433604986662 3995.976328016343
2020 7 5 945.1217534722783 201.99904985900488 4239.707200590543
2020 7 6 976.8506485571281 203.0496977926293 4502.319744779957
2020 7 7 1011.6272923678621 204.51791067627246 4790.336524327169
2020 7 8 1049.7499144128326 206.42288880638569 5106.759458924458
2020 7 9 1090.9745261052433 208.6730872058939 5452.1850684440005
