2020 5 12 0.45873991844452466 0.4233039830938877 0.4941758537951616
2020 5 13 0.41219503383528994 0.35112755677511337 0.47815584843883097
2020 5 14 0.37227410208677 0.2928774380761788 0.4648608348623387
2020 5 15 0.33596731456000906 0.2440922931748836 0.45162058397549426
2020 5 16 0.3029738320423785 0.20326803053644912 0.43845151131269244
2020 5 17 0.27301521807071205 0.1691339007074315 0.4253694313273049
2020 5 18 0.24584283053927194 0.14062268530680377 0.4124032526899926
2020 5 19 0.22242163202370985 0.11751643196662036 0.40158833066012106
2020 5 20 0.20113130014345018 0.0981537845011763 0.39087566030724963
2020 5 21 0.18180752323542812 0.08194660394196912 0.3803100622602988
2020 5 22 0.16429336904445005 0.06839441033649957 0.3699319151121632
2020 5 23 0.1484399159183246 0.057072424828844205 0.359777307808372
2020 5 24 0.13410666166534677 0.04762099458429348 0.3498782326500615
2020 5 25 0.12115741639815647 0.03973476038556524 0.3402515251115623
2020 5 26 0.10945854117901263 0.033154519276231725 0.33088969114730593
2020 5 27 0.09888930115234704 0.027663993384425798 0.32178544290627464
2020 5 28 0.08976169172386363 0.023200515066556293 0.3143018604984895
2020 5 29 0.08185877904640498 0.019555989864240828 0.3083306217715996
2020 5 30 0.0750002205867258 0.016567245969878425 0.30378570374683744
2020 5 31 0.06903566028857631 0.014105815696957985 0.3006013039207504
2020 6 1 0.06383939990864579 0.012070148034709455 0.2987302492566719
2020 6 2 0.05930608716180047 0.010379650735065004 0.29814283880018194
2020 6 3 0.055094690418083604 0.00892591781576512 0.29755658340262975
2020 6 4 0.05094775598206432 0.007637782294658063 0.29570448021498175
2020 6 5 0.04689602173070918 0.006503021055993055 0.29260479091507163
2020 6 6 0.04316651070836894 0.005536853660291751 0.28953759376323107
2020 6 7 0.03973359739202663 0.004714231768822817 0.2865025481641345
2020 6 8 0.03657369418570082 0.004013828526760678 0.28349931709270904
2020 6 9 0.03350935798888487 0.003400394710029698 0.27932042253835343
2020 6 10 0.030844451343098885 0.0028951909788626014 0.2763924772993802
2020 6 11 0.0285228135144047 0.0024773741876666644 0.2746721074040335
2020 6 12 0.026497374142077028 0.0021304029357469547 0.2741320038544374
2020 6 13 0.024615763661275197 0.0018320271080704113 0.27359296234148944
2020 6 14 0.022972582915011107 0.0015832414213253494 0.2742199438820068
2020 6 15 0.02143908972514571 0.0013682403427100233 0.2748483622498782
2020 6 16 0.020099250076167485 0.0011882619774686595 0.27664852935539164
2020 6 17 0.01884314393957195 0.0010319579704111772 0.2784604869681551
2020 6 18 0.01766553837490889 0.0008962141959332734 0.2802843123121446
2020 6 19 0.01656152747525357 0.0007783261605821929 0.2821200831171279
2020 6 20 0.015526511929189562 0.000675945120034364 0.2839678776219773
2020 6 21 0.014556179860069022 0.0005870312838469997 0.2858277745780043
2020 6 22 0.013646488862726727 0.0005098131756577184 0.2876998532523158
2020 6 23 0.01273554220017747 0.0004405815466829294 0.28835916296428715
2020 6 24 0.011885404133183966 0.00038075143708691926 0.28901998358872993
2020 6 25 0.011092015494019407 0.0003290461389843118 0.289682318588139
2020 6 26 0.010351588077351096 0.00028436231891559865 0.290346171432944
2020 6 27 0.0096605865526363 0.00024574647394027605 0.2910115456015278
2020 6 28 0.008974576655554897 0.000211328192623548 0.29043931287561203
2020 6 29 0.00833728114826023 0.00018173039995841023 0.2898682053637902
2020 6 30 0.00778074103650397 0.0001570517682083989 0.2905324841975387
2020 7 1 0.0072613517525158605 0.00013572444622930122 0.29119828533128694
2020 7 2 0.0067766333600348784 0.00011729333272966832 0.2918656122536262
2020 7 3 0.006324271466456176 0.00010136512828049808 0.29253446846114234
2020 7 4 0.005902106172263965 8.759994274357326e-05 0.2932048574584341
2020 7 5 0.005508121758125005 7.570404239456467e-05 0.2938767827581317
2020 7 6 0.005140437060401495 6.542358197258646e-05 0.2945502478809151
2020 7 7 0.0047972964891291854 5.653918790512365e-05 0.2952252563555324
2020 7 8 0.0044770616455741 4.8861277120386675e-05 0.29590181171881835
2020 7 9 0.004178203499344088 4.2226011555763276e-05 0.296579917515713
