2020 5 12 459.78755903984006 443.05394228674663 476.5211757929335
2020 5 13 466.49622910507975 433.15869227481227 501.06954325604033
2020 5 14 473.45100080814814 423.6220692712223 527.0417408968889
2020 5 15 480.69024787658816 414.4571714912271 554.5614228270456
2020 5 16 488.1653392617852 405.5984615736348 583.6624419597398
2020 5 17 495.9569899771439 397.0955351145824 614.5300613338316
2020 5 18 504.02354805292623 388.89139862583664 647.2166842524397
2020 5 19 512.4133192576115 381.00491516634924 681.8884609437599
2020 5 20 521.1434517572305 373.42760169941306 718.6847157642353
2020 5 21 530.033307392467 366.00885522234717 757.4817297332987
2020 5 22 538.9867816316571 358.67670754299013 798.2473343937246
2020 5 23 547.7563020355033 351.26837984310146 840.7103990504805
2020 5 24 556.2114104067559 343.7199393960863 884.7307404317
2020 5 25 564.3655664877061 336.0670776072716 930.3697223474758
2020 5 26 572.5250578829649 328.5165982516212 978.1747274178869
2020 5 27 580.8701010408545 321.1745364105769 1028.551555726614
2020 5 28 589.630645152243 314.1590469464645 1082.0431822966534
2020 5 29 598.9210427634637 307.5087110726986 1139.0466153641444
2020 5 30 609.1355145952642 301.398450547619 1200.5321015686056
2020 5 31 620.4692295820818 295.8772038971249 1267.1991149205119
2020 6 1 633.583313159522 291.2055277048381 1340.7736376232983
2020 6 2 647.5087938386043 286.85315070985064 1419.750457518311
2020 6 3 662.0897577488927 282.7206196160111 1504.1454635353248
2020 6 4 676.8427519753939 278.58087639717115 1593.2020963846207
2020 6 5 691.6733729475295 274.3983968960014 1686.940473669916
2020 6 6 706.8756107450887 270.2972203849493 1786.3078763575186
2020 6 7 722.63846471916 266.343945229717 1892.1007524414601
2020 6 8 738.1191373134344 262.2149320217806 2002.499954764414
2020 6 9 753.7820764283348 258.0968668060467 2118.935436507619
2020 6 10 769.5740019282143 253.97383688977868 2241.5693442988527
2020 6 11 785.8135715551253 249.95521725009937 2371.640925572924
2020 6 12 802.3958289820484 246.00018409635965 2509.260172636665
2020 6 13 819.0438506501791 242.0206144807459 2653.9764417994306
2020 6 14 836.1201552617453 238.12991062519777 2807.307447196097
2020 6 15 853.8908825485275 234.39813020629896 2970.6331915334604
2020 6 16 872.5144912180644 230.85527262548035 3145.114172082946
2020 6 17 891.9415543235607 227.471075926759 3331.2753570506547
2020 6 18 912.1621625447963 224.22855238954517 3529.803779432839
2020 6 19 933.2411166219649 221.13056306955042 3741.71121124605
2020 6 20 955.3107858736812 218.19470523944648 3968.359390425041
2020 6 21 977.982917067274 215.31622317765672 4209.071022799258
2020 6 22 1000.5169396372775 212.32684456528446 4461.473510358021
2020 6 23 1022.6928215057043 209.19277983584556 4725.099374301354
2020 6 24 1045.4809421714829 206.12966971345008 5004.860508018134
2020 6 25 1068.2126640003705 203.00017719486823 5298.484807716043
2020 6 26 1091.888982620041 200.00377936905932 5611.569180352535
2020 6 27 1115.9243557425086 197.02125523183415 5942.301850268536
2020 6 28 1140.0371702625898 194.00346835281843 6290.122134916104
2020 6 29 1164.9401627447937 191.07770714404154 6659.786383992082
2020 6 30 1190.8193255259775 188.26695844992716 7053.646193277555
2020 7 1 1217.0324179429217 185.45945776373892 7469.371485645591
2020 7 2 1244.4587556522906 182.7907757468886 7913.503395846664
2020 7 3 1271.7476646750963 180.04952530683954 8379.239400243976
2020 7 4 1299.634974048474 177.34938445749256 8872.385518081792
2020 7 5 1328.5283004089208 174.743569803972 9397.248073616014
2020 7 6 1358.6688772867742 172.25560588444347 9957.438554168903
2020 7 7 1390.3219059201483 169.90812309917152 10557.09621449162
2020 7 8 1423.2758355673334 167.66149291892987 11197.145146694927
2020 7 9 1457.624087054158 165.51680803772467 11880.82298392296
