2020 5 12 39.758058356710634 37.1563957651832 42.35972094823806
2020 5 13 39.42790033751174 34.43593039730468 44.75763077069796
2020 5 14 39.165137750530334 31.971116208677998 47.36467549575073
2020 5 15 39.04046829517787 29.794023664822394 50.28846176868749
2020 5 16 39.04895521809241 27.866497983074275 53.56374023181971
2020 5 17 39.10573067468188 26.098132480620034 57.11857219920403
2020 5 18 39.210945575712486 24.474256874195486 60.97995652321384
2020 5 19 39.377052310962085 22.989252010670885 65.19663917095063
2020 5 20 39.60631601280209 21.630813306268674 69.80830381209962
2020 5 21 39.82520292002955 20.346248715533857 74.72553077468116
2020 5 22 40.0324525883562 19.131405752961125 79.96501709396233
2020 5 23 40.16168383510342 17.951298954020142 85.41388088024331
2020 5 24 40.21683828127152 16.810689178605106 91.0756033744167
2020 5 25 40.20071550493518 15.71272711678164 96.95103044002805
2020 5 26 40.255923553689804 14.714354230577966 103.37750145643355
2020 5 27 40.38262973221355 13.805523380598217 110.41336888565158
2020 5 28 40.65302895029778 13.001814083838015 118.31988927290098
2020 5 29 41.06949246009046 12.291029732118641 127.21243040589964
2020 5 30 41.70881961744139 11.684523069882538 137.45040951492615
2020 5 31 42.65409935246843 11.190867781501895 149.48779647622675
2020 6 1 43.99918855719723 10.817343300005708 163.90548318580696
2020 6 2 45.5428221759264 10.494670571646857 180.29532038568738
2020 6 3 47.221413807456784 10.200242623915363 198.64395128476033
2020 6 4 48.961874021802686 9.914074851271174 218.85991992255111
2020 6 5 50.67961467235554 9.6183459007615 240.74496237133297
2020 6 6 52.457619211934535 9.33143830912611 264.81841411476535
2020 6 7 54.29800189237355 9.053088942261104 291.2991065877025
2020 6 8 56.106615284849376 8.766980467973449 319.9109287175343
2020 6 9 57.875927113705416 8.47435956515125 350.7654576753799
2020 6 10 59.803717699577874 8.206540912179433 385.21815134086984
2020 6 11 61.901825237312394 7.961746338032927 423.73829517131423
2020 6 12 64.18336776927113 7.73837957119044 466.8620854020789
2020 6 13 66.54900210797675 7.521279358243462 514.3745780585119
2020 6 14 69.11989931861636 7.323614192043826 567.635017407595
2020 6 15 71.7901145093656 7.131143822642411 626.4102596273103
2020 6 16 74.69085496818496 6.956383846760225 692.3827108845235
2020 6 17 77.70880230523454 6.785906640925864 765.30326725016
2020 6 18 80.98656380815852 6.631646847189011 847.26149706071
2020 6 19 84.5462683386902 6.492659654789369 939.5000541511126
2020 6 20 88.41243956925035 6.3681046972861886 1043.447184784486
2020 6 21 92.61226678751754 6.25723752905113 1160.7464099413874
2020 6 22 96.84728376090428 6.137198901438275 1289.1724362872992
2020 6 23 101.10413450950523 6.008574433916963 1429.5203758270786
2020 6 24 105.54809198523547 5.882645700053764 1585.1475313806513
2020 6 25 110.0001162392881 5.748919175311382 1754.9049219734384
2020 6 26 114.63992711824197 5.618232572456444 1942.8420536252625
2020 6 27 119.27205059458227 5.48054888337623 2147.4588374555838
2020 6 28 123.66811250814028 5.326792102812382 2366.005439192857
2020 6 29 128.22620199019818 5.177348968212184 2606.7934996709655
2020 6 30 132.95229096141364 5.032098460252575 2872.086529202986
2020 7 1 137.85257145212486 4.890922954807199 3164.3783952470517
2020 7 2 143.1780426117185 4.7623856338696395 3492.0310258139393
2020 7 3 148.4552180844755 4.628776920864927 3847.414561247384
2020 7 4 154.19028689075182 4.507129004894221 4245.7915390979215
2020 7 5 160.14691082076928 4.388678092303244 4685.418092203451
2020 7 6 166.6177825661005 4.281126583507367 5178.878267794229
2020 7 7 173.84280589633835 4.188870130857365 5739.6228175985325
2020 7 8 181.66899768752464 4.105538223771886 6370.586536333706
2020 7 9 189.73470372311326 4.021314667215621 7066.956907149715
