2020 5 12 398.7896153652284 354.3176958564458 443.26153487401103
2020 5 13 415.3619394983305 327.8957234994082 513.1570234165937
2020 5 14 433.62177997151724 304.2325711908633 595.3079464919255
2020 5 15 453.65339983179695 282.95700633343785 691.9407373476366
2020 5 16 475.96527632488267 264.0143576331735 806.3258933088597
2020 5 17 500.32790272304214 246.8686704535712 941.2352596949308
2020 5 18 526.4425086343082 231.08561747530595 1099.6667619626778
2020 5 19 555.0749678441725 216.81853068020482 1287.178147241521
2020 5 20 586.1564764460815 203.78062088750252 1508.731278291062
2020 5 21 618.6795885263027 191.42283425582085 1767.6497077545932
2020 5 22 652.3318770670899 179.60548949084404 2069.072344290161
2020 5 23 685.8731122205763 167.9831221670225 2415.735929020988
2020 5 24 719.1964858810047 156.63709830037115 2813.639785672445
2020 5 25 751.2058352891012 145.41861214215962 3265.6090218510994
2020 5 26 784.1292291435589 134.90476193598974 3787.960717006117
2020 5 27 819.0285466033919 125.24276474070501 4396.440068434834
2020 5 28 858.2646230792168 116.69840931653877 5117.603971363361
2020 5 29 902.8805322697917 109.21289328244364 5977.933773154099
2020 5 30 955.3389856415761 102.87562261947339 7019.464315791493
2020 5 31 1019.2868796489339 97.81511009582837 8304.485082023935
2020 6 1 1099.2931342561494 94.13378036726931 9920.706929684102
2020 6 2 1191.5568363037303 91.10286576261365 11905.423733545584
2020 6 3 1293.9939570427257 88.35530978618435 14311.475566256708
2020 6 4 1403.4784393302593 85.5705056819711 17184.32836021955
2020 6 5 1518.41056548812 82.64082268690952 20587.14989769775
2020 6 6 1642.7545880121763 79.81144344000448 24663.79436111179
2020 6 7 1778.3978452231256 77.13318212383633 29564.45553501989
2020 6 8 1920.4061014402664 74.33508474912884 35358.490667144855
2020 6 9 2068.532728042333 71.43638775822822 42191.90599665432
2020 6 10 2229.4907946905428 68.69928118651443 50374.63170877602
2020 6 11 2409.035029109436 66.25382882871696 60281.28025766861
2020 6 12 2611.225403288692 64.12059146559565 72341.03272628508
2020 6 13 2832.1604856042877 62.09962309697029 86862.60578307531
2020 6 14 3071.788826087609 60.142352100025846 104299.20612239804
2020 6 15 3333.77996851004 58.28764994170258 125306.88239687553
2020 6 16 3627.1801444544194 56.648617863314016 150886.55766035046
2020 6 17 3946.4019595163513 55.055674899114706 181687.97153920686
2020 6 18 4291.035539552714 53.47010338340724 218653.57575781824
2020 6 19 4665.765472091201 51.93019540803471 263140.0735373561
2020 6 20 5079.562722352284 50.50523038333552 317035.35536995163
2020 6 21 5533.511416589593 49.153695101752994 382184.7407984557
2020 6 22 6009.222654041056 47.6712770942634 459423.1757011414
2020 6 23 6505.407866396046 46.071554901168696 550709.9131182407
2020 6 24 7046.985159508919 44.55683025703078 660509.5172201052
2020 6 25 7624.069184947705 43.03133514773437 791302.8752025397
2020 6 26 8258.775391920199 41.61656579692226 949071.4941292366
2020 6 27 8935.094021871197 40.1917367140927 1137005.5729673528
2020 6 28 9648.577298175398 38.73373394682603 1359835.6611924255
2020 6 29 10432.149878103035 37.38127702886483 1628184.5143236455
2020 6 30 11286.448121872285 36.101451804363144 1950595.7960560548
2020 7 1 12210.705625989118 34.86544403970923 2336850.600235621
2020 7 2 13227.250788988236 33.719150031854525 2802767.8910616264
2020 7 3 14292.461115055195 32.51886709549519 3353958.748820913
2020 7 4 15443.45442481702 31.36131000263886 4013546.510457367
2020 7 5 16687.138950489938 30.244957863795445 4802848.454014971
2020 7 6 18053.663939635248 29.209459264906315 5753903.148616791
2020 7 7 19575.04402374614 28.278901519337563 6906972.994760306
2020 7 8 21252.57168676571 27.41835436221839 8300974.452099201
2020 7 9 23119.362179004507 26.642698961458116 9994093.573514678
