2020 5 12 97.39600615697981 93.4692532343669 101.32275907959273
2020 5 13 98.87909505745162 91.06723340204866 107.01236860400152
2020 5 14 100.40294229208376 88.74368073418579 113.04113829390468
2020 5 15 101.97057417685939 86.49735574528728 119.43240716931554
2020 5 16 103.59990031596887 84.33946149248585 126.22862559463402
2020 5 17 105.28723695268538 82.26143302031132 133.45053904090454
2020 5 18 107.05372927099064 80.27497791556777 141.15113576118182
2020 5 19 108.8741366913099 78.35469628371138 149.32809543914544
2020 5 20 110.73792240798377 76.48929086083663 157.99578962653143
2020 5 21 112.63884775575325 74.67191075839304 167.17406456628612
2020 5 22 114.57498561951279 72.89942267980038 176.88935390389744
2020 5 23 116.50849257633008 71.14615946660632 187.11380341264248
2020 5 24 118.43274368083011 69.40948602748131 197.86197301750153
2020 5 25 120.32906684227814 67.68021132999424 209.12778403815702
2020 5 26 122.24817047045161 65.98975476031119 221.02186554992696
2020 5 27 124.21328958918231 64.34983823913085 233.62027695529727
2020 5 28 126.2452231838329 62.76892431114749 247.00305933904323
2020 5 29 128.34619775370993 61.24465003902591 261.2225128500181
2020 5 30 130.55493188455011 59.79212769752572 276.4087104037194
2020 5 31 132.89217948255163 58.41550336380485 292.6693704167845
2020 6 1 135.4220164318003 57.13683770213688 310.2186088859339
2020 6 2 138.0554859949066 55.90956581645788 328.9472210050133
2020 6 3 140.75756748485733 54.71570195713761 348.84798293392146
2020 6 4 143.48592375541196 53.53698673644708 369.886755045771
2020 6 5 146.24455864985046 52.375229316255734 392.1360850082673
2020 6 6 149.06083871727603 51.24033247353727 415.7361069246137
2020 6 7 151.9595341595399 50.13971469371805 440.83505349796434
2020 6 8 154.88586940961537 49.053258278279614 467.3659373461732
2020 6 9 157.87831894001368 47.9934351549504 495.5229891541395
2020 6 10 160.94848255563448 46.9625591731558 525.4388536255938
2020 6 11 164.12906444676423 45.968623758717136 557.3263729023945
2020 6 12 167.41387287160742 45.00731213875524 591.2895531920555
2020 6 13 170.7907979919865 44.07319467168808 627.4155893950414
2020 6 14 174.30041863803527 43.17512951190012 665.9860566234576
2020 6 15 177.95355771730598 42.31304969411138 707.2004559132594
2020 6 16 181.75615728334466 41.48551569191487 751.2550885622265
2020 6 17 185.68582959184891 40.68462374668131 798.2434540573093
2020 6 18 189.70631460622724 39.90047525953378 848.1959292273464
2020 6 19 193.83776198808923 39.1364693528916 901.3812363603984
2020 6 20 198.05307673328437 38.38585928522996 957.8730744337487
2020 6 21 202.42246657999766 37.66174073055756 1018.2072232846957
2020 6 22 206.80533464939882 36.93585477420486 1081.924590186435
2020 6 23 211.17232195547837 36.20417406662209 1149.049709865542
2020 6 24 215.6514864212833 35.490409953280675 1220.4480474493623
2020 6 25 220.19168243650617 34.785126183646135 1296.0905724809672
2020 6 26 224.87603248606086 34.10153070334044 1376.7072464413454
2020 6 27 229.6671230490745 33.43244374075241 1462.3816474702614
2020 6 28 234.43726475558708 32.758575869133054 1552.6043343195824
2020 6 29 239.35819101070882 32.10551608085229 1648.735831302232
2020 6 30 244.45783083205131 31.475591799044196 1751.3389483896592
2020 7 1 249.6738237358635 30.85901869951427 1860.382384211152
2020 7 2 255.1033836930596 30.26716433715077 1976.977245701423
2020 7 3 260.58671197469243 29.679031609467167 2100.3810470587196
2020 7 4 266.21253500796917 29.105132659503376 2231.686316987426
2020 7 5 272.02692088851774 28.549667900411002 2371.762693983619
2020 7 6 278.05401495162903 28.013800024134483 2521.378592135361
2020 7 7 284.26721545396884 27.493286480281633 2680.9092733302136
2020 7 8 290.6944924821319 26.989721401549957 2851.2432452443236
2020 7 9 297.36647340514133 26.504606889849708 3033.3743278947163
