2020 5 12 1448.3064792414546 1383.1721394039298 1513.4408190789793
2020 5 13 1389.039044031674 1266.9468591829147 1516.7466138412642
2020 5 14 1332.7300961834653 1160.9740541472372 1520.6417991861238
2020 5 15 1280.3024660931449 1065.2578977942023 1526.3710575831517
2020 5 16 1231.3895356451537 978.6413757643346 1533.8532969360601
2020 5 17 1185.5133956715015 899.9960270050077 1542.827246021615
2020 5 18 1143.4031774730822 829.2321847681202 1554.5303907310754
2020 5 19 1103.5446130154667 764.5804613041386 1567.3499652537473
2020 5 20 1065.578231589218 705.31767070135 1580.9892782003662
2020 5 21 1029.356494051972 650.9385643550745 1595.397803099187
2020 5 22 993.7438024863847 600.3585404680178 1608.9732581525222
2020 5 23 957.894174222288 552.8212500226425 1620.2857172873814
2020 5 24 922.0163914878572 508.2854014655068 1629.4424839538483
2020 5 25 885.950616056604 466.49296797370334 1635.9439282388375
2020 5 26 851.2750110057469 428.1259684123824 1642.4333009740253
2020 5 27 818.4510872669466 393.1631806192046 1649.9024897116935
2020 5 28 787.5013574423091 361.34795175389996 1658.6324143647355
2020 5 29 758.2892325215865 332.3675293464105 1668.6032510311325
2020 5 30 731.8521780445623 306.45274803336673 1682.356047782801
2020 5 31 707.7822560299004 283.16380177869155 1699.5448977097253
2020 6 1 686.7241493547294 262.53293535038966 1722.2405178738054
2020 6 2 667.3616518723511 243.81390911407536 1747.9203759992447
2020 6 3 648.7079077184401 226.48906424448757 1774.4095868054599
2020 6 4 630.2514908287546 210.28213599469666 1800.413798901639
2020 6 5 612.1883796441782 195.1909561662754 1826.4226024966838
2020 6 6 594.7354199788961 181.21229512217045 1853.082977161434
2020 6 7 578.7680912864782 168.53577683943521 1883.211129402477
2020 6 8 563.2966902082356 156.76561142904634 1914.047904983841
2020 6 9 548.3043073086843 145.83566104314193 1945.611990101735
2020 6 10 534.0103477143484 135.74739607651256 1978.758967380337
2020 6 11 520.5915496562004 126.48473672759133 2014.332759963292
2020 6 12 507.915168964586 117.95256546759386 2052.114035888786
2020 6 13 495.5828627564496 110.00416359589981 2090.746992366293
2020 6 14 483.46938173964304 102.57348400958958 2129.767191436771
2020 6 15 471.3767632606682 95.58634765355147 2168.3032166328017
2020 6 16 459.94804770455806 89.14845678597128 2209.19911540364
2020 6 17 449.0796362061203 83.1990606397307 2252.2266444247484
2020 6 18 438.52543203572367 77.65733488019472 2296.3800258092506
2020 6 19 428.41287011324727 72.51901649676878 2342.4128032965855
2020 6 20 418.57830267759067 67.72826555617358 2389.613268158324
2020 6 21 409.14456252262835 63.28232794320884 2438.7642745095977
2020 6 22 400.0375167802374 59.14588322299535 2489.6062430853885
2020 6 23 390.608007982944 55.2021694180519 2538.2397483794966
2020 6 24 381.6322060199106 51.5541212938484 2589.327219384094
2020 6 25 372.6321053986888 48.11601006831702 2639.8786534666147
2020 6 26 364.000105912764 44.92730837600187 2692.5211095609634
2020 6 27 355.754137136301 41.972891618902096 2747.5896948894206
2020 6 28 347.4263199317701 39.1810609438118 2801.7097020392744
2020 6 29 339.61635464298865 36.61134500359505 2859.499705013007
2020 6 30 332.5343373623352 34.26971372914558 2923.1326839863964
2020 7 1 325.6734044606089 32.08541589443029 2988.8269473620635
2020 7 2 319.6691309963596 30.110793878466794 3062.560386355799
2020 7 3 313.69385039100166 28.249999288666974 3137.330040827298
2020 7 4 307.731860399437 26.495337073656312 3212.9410082516647
2020 7 5 302.4051576454702 24.89460174710084 3295.8240253773606
2020 7 6 297.68008440822115 23.432513053007597 3386.397233884807
2020 7 7 293.16544681568826 22.06704778225934 3481.013533304086
2020 7 8 288.95054199921896 20.798558828540525 3581.019418481139
2020 7 9 284.8385336782708 19.606031519846738 3684.422573976091
