2020 5 12 143.43050660475598 138.53303353536836 148.32797967414353
2020 5 13 144.5650101604812 134.86026767523907 154.60691056318473
2020 5 14 146.04352574601972 131.59742061884424 161.50994846441154
2020 5 15 147.6623307690118 128.52630276447852 168.85962365181777
2020 5 16 149.4217606953108 125.63363900708585 176.68404595660135
2020 5 17 151.32237750978342 122.90716194170442 185.01318508836036
2020 5 18 153.3689219111499 120.33874392611635 193.88383107561458
2020 5 19 155.7744433382892 118.0839475530577 203.59860595923263
2020 5 20 158.55827626267128 116.12957575403748 214.24529468357323
2020 5 21 161.34609860506748 114.17403493996919 225.3868941984348
2020 5 22 164.14907201238097 112.22745980324646 237.06059379378448
2020 5 23 166.7897113133297 110.16979359651039 249.0341585950417
2020 5 24 169.27153476615973 108.01689239266092 261.311935013552
2020 5 25 171.59487919577606 105.78136687824343 273.893364518662
2020 5 26 173.75202226573867 103.46999308776479 286.7643694755901
2020 5 27 175.9362830809749 101.20912392732615 300.2402184706073
2020 5 28 178.35110482775156 99.11449248756117 314.6959345598509
2020 5 29 181.00496129955835 97.17763027488513 330.2109399958037
2020 5 30 184.1162142549983 95.50298287847761 347.25325607070914
2020 5 31 187.91858162165684 94.18794270276045 366.3777487636054
2020 6 1 192.66721446027847 93.32593546409632 388.2472943237084
2020 6 2 197.9806767078778 92.68728975588697 412.31865209031713
2020 6 3 203.6692264975421 92.16001337801055 438.35841964763233
2020 6 4 209.286107133015 91.52934627867002 465.5366704780053
2020 6 5 215.05789260421443 90.90299494465559 494.39997464622087
2020 6 6 220.98885494568924 90.2809298424299 525.0528055699798
2020 6 7 227.338495351123 89.76734268496736 558.2122392823397
2020 6 8 233.60813762450138 89.15304904989131 592.8214348077611
2020 6 9 240.05068688477357 88.54295913366008 629.5764027305357
2020 6 10 246.67091163783084 87.93704416948998 668.610181080336
2020 6 11 253.75847081707397 87.43679083105526 710.8359053193954
2020 6 12 261.04967579624434 86.93938331720993 755.7283729583713
2020 6 13 268.8517357828603 86.54516897446905 804.3284197935379
2020 6 14 276.8869779783761 86.15274214093394 856.053881310615
2020 6 15 285.16237156050124 85.7620947113968 911.1057494338909
2020 6 16 293.68509399658365 85.37321861740176 969.6979416536157
2020 6 17 302.4625372688164 84.98610582707823 1032.0581322546986
2020 6 18 311.5023142854991 84.60074834497499 1098.4286370007947
2020 6 19 321.17186630534144 84.31480200828767 1170.3353897212235
2020 6 20 331.1415773672728 84.02982215604717 1246.9493950683818
2020 6 21 341.8030374566884 83.84281023611072 1330.0182938760404
2020 6 22 352.4131745235944 83.5594256926688 1417.0856675313048
2020 6 23 362.94583930978985 83.1805372899405 1508.2168626482287
2020 6 24 373.7932966052277 82.80336690310966 1605.2086030474338
2020 6 25 384.96495469602417 82.42790674207606 1708.437773844512
2020 6 26 396.4705030562052 82.05414905206261 1818.3054972155185
2020 6 27 407.8622319575881 81.5873621321316 1933.13962430543
2020 6 28 418.63959873888837 80.93486041677447 2050.762775866777
2020 6 29 429.7017470607132 80.28757713816316 2175.542785427035
2020 6 30 441.05620200107745 79.64547056141569 2307.915116717084
2020 7 1 452.71068748093717 79.0084992854283 2448.341729544842
2020 7 2 464.67313151842285 78.37662224020599 2597.3126919665006
2020 7 3 476.4152491552837 77.65932006994505 2752.3495315193445
2020 7 4 488.45408574842963 76.9485826429552 2916.6407137213732
2020 7 5 500.79713927580144 76.24434987876266 3090.738641847289
2020 7 6 514.0302215033377 75.63457934835121 3278.796666800936
2020 7 7 528.4041761147458 75.14610307849269 3483.3439655534567
2020 7 8 543.4647371012549 74.70126456593219 3702.528480998915
2020 7 9 559.3937198727452 74.31942436688256 3938.4968339574425
