2020 5 12 93.71966738022296 89.63357353827028 97.80576122217563
2020 5 13 93.12065533564112 85.17736816506725 101.4179966246249
2020 5 14 92.55910500890728 80.97347081014365 105.20027173221872
2020 5 15 92.04706514546356 77.01740600298983 109.17602619417123
2020 5 16 91.58257049940978 73.29203173533787 113.35506646996183
2020 5 17 91.16174284152807 69.77992600633011 117.74521906358898
2020 5 18 90.78369574295668 66.4673843450712 122.35815689962504
2020 5 19 90.43838976694613 63.33491685444011 127.1938325320945
2020 5 20 90.126588144464 60.37261958554492 132.26589107642442
2020 5 21 89.80859634337266 57.5440080434483 137.529544062794
2020 5 22 89.47329860199275 54.836116676893354 142.97444955971517
2020 5 23 89.09841304479748 52.230622905490776 148.56966328077593
2020 5 24 88.6741692932246 49.71907187681105 154.2989192285176
2020 5 25 88.19067627021519 47.29393744026506 160.14249842404786
2020 5 26 87.69763242778268 44.98055762667878 166.1852544793955
2020 5 27 87.23158285604438 42.79276833922081 172.50195579541187
2020 5 28 86.80417353865086 40.72913052810516 179.13026893814472
2020 5 29 86.42684019788972 38.787522952442984 186.1122880341403
2020 5 30 86.12280693780683 36.97063442341988 193.52076045996907
2020 5 31 85.91505353724726 35.279724453326516 201.438078707252
2020 6 1 85.83839969642005 33.71977917131357 209.98551365435094
2020 6 2 85.82112419072415 32.252107823822904 219.04072322251065
2020 6 3 85.81571176336996 30.85277456481928 228.51668996419147
2020 6 4 85.79844082376007 29.509891119784847 238.37101982455542
2020 6 5 85.76931689310229 28.22137942680126 248.61735771478047
2020 6 6 85.74020284844393 26.989128950648876 259.3041327027615
2020 6 7 85.72294710546741 25.81441273873796 270.486110081346
2020 6 8 85.67015673190225 24.68012481220932 282.0381528562076
2020 6 9 85.59372138923064 23.588856531153727 294.005615907927
2020 6 10 85.51735424255436 22.54584029380939 306.4808832068515
2020 6 11 85.4765081019494 21.55828937813441 319.61255950871674
2020 6 12 85.44749345004047 20.61697421598438 333.3510512141947
2020 6 13 85.41848864703674 19.716760377735877 347.6800896573591
2020 6 14 85.40129765102124 18.85857788120398 362.6731052217864
2020 6 15 85.40771328641218 18.042960360034854 378.4129003278308
2020 6 16 85.4377343485306 17.267604311010388 394.94037867958093
2020 6 17 85.47957258412585 16.527953668164965 412.24428425031596
2020 6 18 85.50961890499852 15.81770165857827 430.2493746626069
2020 6 19 85.55149234193698 15.140156992312985 449.10030749434384
2020 6 20 85.60520862516863 14.493726884627206 468.8392355846347
2020 6 21 85.64712887169613 13.872894126686088 489.3809433926228
2020 6 22 85.65356297476288 13.272903205296045 510.6197826307629
2020 6 23 85.63632466859363 12.69519302417474 532.6392498830645
2020 6 24 85.61908983173949 12.142627986373553 555.6082630686967
2020 6 25 85.57819509858606 11.610757662164062 579.4142107184084
2020 6 26 85.53731989821678 11.10218427516554 604.2401632549638
2020 6 27 85.49646422130208 10.615887374981138 630.1298244613207
2020 6 28 85.45562805851685 10.150891208892634 657.1287706807248
2020 6 29 85.46204777539243 9.711873761362495 685.6477649482383
2020 6 30 85.50389791709556 9.295869691461206 715.688714974965
2020 7 1 85.56940008073539 8.900254170944917 747.2436799795862
2020 7 2 85.68225168713622 8.526395032894142 780.6029601280109
2020 7 3 85.79525212577211 8.168240014345969 815.4515022157957
2020 7 4 85.92025761921292 7.826258223991586 851.968478580966
2020 7 5 86.08106515059389 7.501838799081931 890.473932518765
2020 7 6 86.31354678414161 7.197087495069365 931.458000162071
2020 7 7 86.58045129395727 6.907534201082113 974.6930606539992
2020 7 8 86.87889011117674 6.63208023116687 1020.2806542341735
2020 7 9 87.22457986300451 6.371139097838251 1068.5432562002802
