2020 5 12 2306.64868432294 2173.8629050057125 2439.434463640168
2020 5 13 2185.641192835677 1941.2829524291196 2444.480769261235
2020 5 14 2071.7735163187695 1734.2897625602552 2450.4230008955114
2020 5 15 1965.9125468489208 1551.1041432437319 2458.8332322565534
2020 5 16 1867.3379397727658 1388.7487539063047 2469.620215062874
2020 5 17 1775.5856357421535 1244.7850974937621 2482.940336933793
2020 5 18 1690.6700408899512 1117.377689897175 2499.5883245680043
2020 5 19 1610.6853983717485 1003.5857611246232 2517.634121836976
2020 5 20 1535.176475437395 901.813196577343 2536.8913716279094
2020 5 21 1463.7153686395623 810.6596709330702 2557.1353241271822
2020 5 22 1394.726373375575 728.2466016050671 2576.048273933027
2020 5 23 1327.7375645194882 653.5583480887772 2592.7896744877903
2020 5 24 1262.690332738079 585.9020059812148 2607.148312768602
2020 5 25 1199.5231013899418 524.6431094171685 2618.8883873753853
2020 5 26 1139.5918698320752 469.8223689413454 2630.847260378113
2020 5 27 1083.208522456815 420.9581498288793 2644.138700235963
2020 5 28 1030.2782844053884 377.4339175238757 2659.116769469029
2020 5 29 980.8701017180981 338.7525668994276 2676.5945828426698
2020 5 30 935.4057566169855 304.5792156308381 2698.483521552084
2020 5 31 893.2340749276387 274.2392333142162 2723.9709777827898
2020 6 1 854.3030743302539 247.33272740907455 2753.783806897791
2020 6 2 817.790568827251 223.2750528748732 2786.2493182713715
2020 6 3 782.9940357130608 201.5998714357695 2819.627188431375
2020 6 4 749.4961708680783 181.98204600179068 2852.7498541971568
2020 6 5 717.2572810993659 164.23096698469388 2885.598868261738
2020 6 6 686.3748206893046 148.20444478507963 2918.704246646239
2020 6 7 657.343908951914 133.8545575683924 2954.408575454778
2020 6 8 629.5131226014529 120.88844338657448 2990.424879130977
2020 6 9 602.7409852271593 109.15534175325936 3026.3118278160687
2020 6 10 577.2729102083272 98.59099250325319 3063.460344689304
2020 6 11 553.2467166300926 89.11155668568291 3103.005871022586
2020 6 12 530.5359799947565 80.5943750279253 3144.8313364506444
2020 6 13 508.75751741187446 72.89125594621622 3187.2205679916224
2020 6 14 487.9912534233257 65.941326326064 3230.921618337346
2020 6 15 467.9695550627108 59.640121720996326 3274.539499090747
2020 6 16 448.95710954284425 53.964978376670125 3320.060231880186
2020 6 17 430.7360565703697 48.832141105728354 3366.354006349596
2020 6 18 413.25451025536586 44.187509690556155 3413.2932852390904
2020 6 19 396.5871925328191 39.995847669191555 3461.7521326508004
2020 6 20 380.66748167101713 36.2094124095939 3511.5569634984404
2020 6 21 365.51545105240615 32.793677522413596 3563.264968202567
2020 6 22 351.03600660430664 29.706391846541603 3616.411682233809
2020 6 23 336.96704245498836 26.895948859271336 3668.67076236759
2020 6 24 323.7394924727864 24.373548046322096 3724.706819126185
2020 6 25 310.8876017147268 22.07689710522463 3779.946803684033
2020 6 26 298.6115678442379 20.001315760397777 3836.804358764476
2020 6 27 286.86442497163563 18.12382924014094 3895.0843911820516
2020 6 28 275.3673556262962 16.40918179815051 3951.370440783819
2020 6 29 264.37178074492283 14.859178534321536 4009.05402336075
2020 6 30 253.8990182340094 13.460295197346552 4068.849758344453
2020 7 1 243.8089472897533 12.191400843442484 4129.0217534054555
2020 7 2 234.36702398114778 11.054483567926834 4194.269428373599
2020 7 3 225.25115691121835 10.021722514685504 4259.83949848048
2020 7 4 216.48034318848406 9.085023465465708 4326.2547067246405
2020 7 5 208.22478492934127 8.243166008412746 4397.177467668771
2020 7 6 200.42478182142895 7.484889744932035 4472.2346886739715
2020 7 7 193.11026851111475 6.803585170715109 4552.886464829201
2020 7 8 186.10647445938147 6.185837949530779 4636.024788794036
2020 7 9 179.34431531125287 5.62376898267354 4720.372841471747
