2020 5 12 638.2327263339089 553.7294152459353 722.7360374218825
2020 5 13 643.4205668832665 484.36481288097383 825.0212116414348
2020 5 14 649.5018209368885 424.3301926812647 942.8737907830913
2020 5 15 656.5123501887173 372.3061266895257 1078.8269471076962
2020 5 16 664.3615667165127 327.09306138313605 1235.6370596303054
2020 5 17 673.9726846260945 288.19195040575806 1418.342298207409
2020 5 18 685.0016490478465 254.46416012407965 1630.7540992631102
2020 5 19 697.0224213437451 224.98500553533862 1876.908315631738
2020 5 20 710.1768837646742 199.21879415987075 2162.7030044810067
2020 5 21 723.7235097573353 176.44380464538023 2492.453567198796
2020 5 22 737.2025079445511 156.19299982701108 2871.3588677684224
2020 5 23 749.5368538193428 137.97071108465312 3302.4295978938753
2020 5 24 759.7698185554158 121.44953112614849 3788.048161938223
2020 5 25 767.5392134501586 106.49053065537127 4332.097027801669
2020 5 26 775.3456403965951 93.3681527297525 4954.04412908519
2020 5 27 783.8742005831679 81.94018911764375 5669.389184021337
2020 5 28 794.0994274426246 72.07852191326074 6499.620022238297
2020 5 29 806.8717396214037 63.62281233058087 7471.186568973128
2020 5 30 823.7289300328532 56.464962114348886 8623.904929441684
2020 5 31 845.4905975538172 50.4244527281076 10002.13407931683
2020 6 1 875.3032727185724 45.476014114487995 11689.066944713852
2020 6 2 908.7309458104776 41.14639402262389 13694.75083070561
2020 6 3 943.8369801073939 37.24717414005192 16050.63728508632
2020 6 4 979.6211396841364 33.69070230957973 18800.2717880147
2020 6 5 1015.733374811065 30.438436977682585 22001.205386276895
2020 6 6 1053.0645642782104 27.496758319442918 25744.698052912576
2020 6 7 1092.9899234312884 24.87128541713097 30155.02200307346
2020 6 8 1132.3148688518174 22.44839307305265 35262.55093255759
2020 6 9 1173.305003100162 20.266494645581723 41242.96638185573
2020 6 10 1216.1680450060878 18.30338855199637 48251.31672457296
2020 6 11 1262.2772273245016 16.555726151015325 56517.249280465076
2020 6 12 1311.8785477078643 14.997809389645107 66277.3035825136
2020 6 13 1364.4439615825713 13.5980986019017 77774.11623651962
2020 6 14 1422.2072265399192 12.359830750521313 91441.45102970599
2020 6 15 1484.2236233156289 11.250032220421268 107626.79197139703
2020 6 16 1552.7174347047492 10.268482794697766 126950.57963029413
2020 6 17 1627.375446970115 9.392434057614476 149989.4002052013
2020 6 18 1708.501132437385 8.607735011516555 177474.52579439263
2020 6 19 1797.4477620788562 7.907622411865073 210388.5430707136
2020 6 20 1894.799792012574 7.2810600797656 249848.54488475918
2020 6 21 2000.7754150218136 6.71701985317429 297151.42396208615
2020 6 22 2108.2553514867723 6.181825494854781 352753.1011386323
2020 6 23 2213.3532014315033 5.665359524564178 417394.09092529456
2020 6 24 2325.280402976187 5.196112363371591 494180.22785679746
2020 6 25 2437.4704298750326 4.753670996314307 583945.3233089664
2020 6 26 2555.34280740471 4.349428282906946 690080.2929946643
2020 6 27 2673.6901847651793 3.9706679136376692 814094.7551336166
2020 6 28 2787.9142583663925 3.6106276541488525 957471.4954212387
2020 6 29 2908.8670285188737 3.285628514398214 1126734.430608165
2020 6 30 3038.1216801467026 2.9933331295755403 1327102.965946981
2020 7 1 3170.937020943319 2.724890339107116 1562149.8365335695
2020 7 2 3315.1662399648117 2.48534042849037 1841589.1127452296
2020 7 3 3456.978348246713 2.260119569752199 2166027.8790509757
2020 7 4 3607.531394826736 2.0570568236848192 2549299.944072285
2020 7 5 3768.2297290504443 1.8742847366147815 3002926.782606629
2020 7 6 3946.707122878363 1.7130348306052718 3545736.481374877
2020 7 7 4143.489297415015 1.5699336289032406 4195515.138069616
2020 7 8 4357.83042085098 1.441722056734534 4972214.545761623
2020 7 9 4592.952868797416 1.3271880834331258 5903761.468732669
