2020 5 12 75.44554419836919 72.20845889178747 78.68262950495091
2020 5 13 74.68916230994091 68.41716059574492 81.23618271977003
2020 5 14 73.91865973162054 64.80504280774876 83.84900222159656
2020 5 15 73.1600389223806 61.387076801974594 86.55032004302414
2020 5 16 72.3957775713175 58.13811648347163 89.32278119302896
2020 5 17 71.61891860076952 55.04458189040489 92.15865881493146
2020 5 18 70.83129521574024 52.10097424294893 95.05999312573041
2020 5 19 70.03293539563442 49.300512620131386 98.02663342920894
2020 5 20 69.22839469011247 46.63989191337553 101.06460991679323
2020 5 21 68.43607352813211 44.12486360482495 104.20108333019735
2020 5 22 67.64229747542497 41.73867186237499 107.41887270775953
2020 5 23 66.88744744480906 39.4998592093379 110.78322459872248
2020 5 24 66.17481023462696 37.40108770050226 114.30891144192279
2020 5 25 65.5096046592574 35.436348025937974 118.0156206266348
2020 5 26 64.84920786973038 33.57380341959086 121.83914446323864
2020 5 27 64.17873664679469 31.80049226601677 125.75510867345206
2020 5 28 63.45816134348268 30.092583098597853 129.68517438292182
2020 5 29 62.69109995616163 28.450519846564916 133.6265272800671
2020 5 30 61.8542326736726 26.86217194877087 137.51910952346333
2020 5 31 60.92214278461266 25.316294037926 141.2885405381388
2020 6 1 59.86961724510667 23.803495116008232 144.84940780369976
2020 6 2 58.78378558031305 22.36062300049082 148.37544289042557
2020 6 3 57.690683857961155 20.994955460858588 151.91925353245566
2020 6 4 56.644370649708726 19.722325720840686 155.6173882119607
2020 6 5 55.64301604887195 18.535884050617472 159.4769253889442
2020 6 6 54.65617297257141 17.419752725009793 163.42304094256355
2020 6 7 53.7009337278451 16.375323325258375 167.50896465197587
2020 6 8 52.79010034272869 15.401964418030303 171.7834836060996
2020 6 9 51.89774257026567 14.487345625276957 176.17692973432344
2020 6 10 51.01749350821512 13.626209229594066 180.67263912512115
2020 6 11 50.12292321788269 12.808446584346148 185.1794804639289
2020 6 12 49.22104810763085 12.033886037908692 189.71380459901667
2020 6 13 48.33681174245445 11.306510197268674 194.36459537292134
2020 6 14 47.44213171078726 10.616941287418038 199.02353061364963
2020 6 15 46.55041088973061 9.966384603431333 203.73708497057635
2020 6 16 45.6621057823438 9.352833844290808 208.50386511069902
2020 6 17 44.795988042351745 8.778127014536375 213.40608178884696
2020 6 18 43.952719846162545 8.239992648968903 218.45414598005968
2020 6 19 43.12028573193273 7.733903182265614 223.5965702694519
2020 6 20 42.29496415632717 7.257345056862209 228.81517718062813
2020 6 21 41.49150176946343 6.811192401337768 234.18838147529206
2020 6 22 40.72709198773647 6.396372690108247 239.8220372185711
2020 6 23 40.00128394235923 6.010667388396778 245.73559593572406
2020 6 24 39.2757964123623 5.646324911457956 251.71747978644083
2020 6 25 38.57585228098962 5.305847963186509 257.92435766186406
2020 6 26 37.88285258439771 4.985141450728825 264.24731463125534
2020 6 27 37.20773246543917 4.6845342815591415 270.7631545809333
2020 6 28 36.54784384372766 4.4024568018310015 277.462949507585
2020 6 29 35.88813325042451 4.135976209100557 284.24102774057513
2020 6 30 35.230042442862874 3.884439980440691 291.1032000377015
2020 7 1 34.58805912248797 3.648646778777589 298.16442082574713
2020 7 2 33.94389245703456 3.4257023030322418 305.27725533185185
2020 7 3 33.32826545034595 3.2180500105844465 312.7085478017405
2020 7 4 32.722848375528464 3.022892509887992 320.31177376820216
2020 7 5 32.12749077118788 2.839483606458128 328.0906826303088
2020 7 6 31.53467580832335 2.6664701095734835 335.9738544816417
2020 7 7 30.941046995824454 2.5030048056033127 343.9212267860102
2020 7 8 30.34741662817779 2.3486564544451802 351.932362215284
2020 7 9 29.750255101996775 2.2026712998717763 359.9570758214372
