2020 5 12 77.20683937475614 72.32986117438827 82.08381757512402
2020 5 13 78.29338594652761 68.71555647318957 88.49588741982456
2020 5 14 79.32531868813196 65.22050430586236 95.32982891168258
2020 5 15 80.33492622102052 61.87368123869945 102.64833482423852
2020 5 16 81.29376400988278 58.64960260204724 110.44739505755005
2020 5 17 82.17336870273385 55.52810303843369 118.71581963976452
2020 5 18 82.9714703357909 52.51123214933064 127.47174619275984
2020 5 19 83.70689199225322 49.61369455557413 136.76526301580515
2020 5 20 84.37517675256679 46.832385243377274 146.6159950276978
2020 5 21 85.06561079202257 44.216326769544956 157.20545846077772
2020 5 22 85.77402297187261 41.75280958365596 168.5825382524007
2020 5 23 86.58511931756131 39.47366002789448 180.97320912083796
2020 5 24 87.52623443814375 37.374699961294745 194.53030732832943
2020 5 25 88.59718017729047 35.43842050505579 209.36881592682084
2020 5 26 89.65096349602409 33.59034798543693 225.2676621697644
2020 5 27 90.62540203680209 31.804225315413476 242.14295456162517
2020 5 28 91.45563661095665 30.058753232761475 259.8688125618119
2020 5 29 92.13726361672074 28.357733005596724 278.4483995519289
2020 5 30 92.57216643293054 26.67547363727357 297.5953739967656
2020 5 31 92.66125672167101 24.992770141902415 316.94065736311745
2020 6 1 92.37057807290792 23.31375738029803 336.2442235959006
2020 6 2 91.92303500413891 21.707718844517327 356.1491597022214
2020 6 3 91.4462579503004 20.204901418747294 377.11075908204157
2020 6 4 91.06567227582921 18.826830438305272 399.69256039175326
2020 6 5 90.77999898040487 17.5620451269132 424.0362084313081
2020 6 6 90.52623373188607 16.38822748841702 450.0073865521319
2020 6 7 90.30410305415556 15.29846433066198 477.7229653247739
2020 6 8 90.17506538018824 14.296845428946764 507.635116674495
2020 6 9 90.10782255915845 13.370572437633314 539.767020249759
2020 6 10 90.07141214331713 12.50887900183204 574.1171777324329
2020 6 11 89.94270696690943 11.689899437824952 610.0649574275798
2020 6 12 89.75273398708009 10.916553077992363 647.8467560719009
2020 6 13 89.59382321858176 10.198096784730838 688.1897257120697
2020 6 14 89.40458713546722 9.523440765007248 730.8098521910284
2020 6 15 89.18520872200715 8.890163317028044 775.8198200971372
2020 6 16 88.90543444656389 8.292922691947775 823.0718495670986
2020 6 17 88.56579480810953 7.730138667239055 872.6394591246701
2020 6 18 88.22745267283625 7.205546950626356 925.1921639914107
2020 6 19 87.8301232868746 6.7116326325318845 980.2776140048026
2020 6 20 87.34457076695533 6.244695963064045 1037.6381872643367
2020 6 21 86.83186424186331 5.808111373917503 1098.0007190617323
2020 6 22 86.4408198417823 5.409986236669478 1163.3750986539756
2020 6 23 86.11059560991707 5.042847419513023 1233.436688889884
2020 6 24 85.75221616559767 4.698901089679422 1307.296215741942
2020 6 25 85.42462256148961 4.380018764932119 1386.025124320299
2020 6 26 85.06909803459557 4.0812805217381225 1469.0218122001595
2020 6 27 84.77317505663797 3.8057061169789663 1557.992114124734
2020 6 28 84.56516106939458 3.5526391932705947 1653.947546094464
2020 6 29 84.29987989771868 3.3139731106791115 1754.6827634288716
2020 6 30 84.06422909123467 3.0924727066711566 1862.152780584099
2020 7 1 83.85795469528185 2.886833455905621 1976.8412137505045
2020 7 2 83.62353924085866 2.69388234995783 2097.917891303187
2020 7 3 83.47548045429035 2.5165885912222854 2228.560264678007
2020 7 4 83.29916726226666 2.3501034442311415 2366.576740074063
2020 7 5 83.0947701531021 2.1938293046241313 2512.332223253063
2020 7 6 82.80571510956081 2.045698539893576 2664.4899070813863
2020 7 7 82.42808771312043 1.9053567915042737 2822.980515520083
2020 7 8 82.00618983539648 1.7735798186372458 2989.323401010532
2020 7 9 81.51781557912555 1.6494323005127405 3162.966027064658
