2020 5 12 1053.0663058818673 1032.9547134290146 1073.1778983347199
2020 5 13 1035.9543241157728 996.7693587819776 1075.8947310999736
2020 5 14 1019.8107579325663 962.5158493799362 1079.335409194913
2020 5 15 1005.1276538431591 930.5804202000637 1084.0665438856981
2020 5 16 991.8253604933361 900.7872545612482 1090.0796628515347
2020 5 17 979.9660766912483 873.0986062546095 1097.5186071396151
2020 5 18 969.5833825681987 847.450285607841 1106.5032197483138
2020 5 19 959.9346267700621 823.1007558080271 1116.2734261729959
2020 5 20 951.1375708442843 800.0988158949033 1127.0086556173135
2020 5 21 942.6892920847496 777.9652519349125 1138.164869222022
2020 5 22 933.7914024603259 756.0110064173942 1148.798075470482
2020 5 23 923.6816705674943 733.6271905178463 1157.9364274703476
2020 5 24 912.2364093298194 710.7584433007346 1165.3360277533857
2020 5 25 899.2795922205215 687.3143578799329 1170.6708131202302
2020 5 26 886.5611350340876 664.685090172771 1176.100746231771
2020 5 27 874.4510444243888 643.122126452656 1182.124294713176
2020 5 28 863.4044771061436 622.9192019733007 1189.3927930687107
2020 5 29 853.4885395697678 604.065963975109 1198.0712611574436
2020 5 30 845.8521382145443 587.3161030947008 1209.853056190786
2020 5 31 840.4303398221728 572.5209559390883 1224.820612367521
2020 6 1 838.495946804056 560.450543203972 1245.0051407942003
2020 6 2 838.0350717051791 549.6165331772171 1267.7035814804547
2020 6 3 837.8782274662619 539.1911835721578 1291.2753783105582
2020 6 4 837.2658315496581 528.670410842397 1314.5833638172828
2020 6 5 836.4009676414063 518.1952237080965 1337.9149664259444
2020 6 6 835.5875279713945 507.95890072309305 1361.7414946661868
2020 6 7 835.7340321451097 498.5078589443473 1387.5554558556335
2020 6 8 835.2241845449038 488.8411392045572 1412.768988765359
2020 6 9 834.4623491239819 479.2142039939516 1438.0139218791605
2020 6 10 834.1045185631058 470.00846813798057 1464.4049764256242
2020 6 11 834.805076121205 461.57587834150235 1493.1382726463435
2020 6 12 836.212304390699 453.6849838424702 1523.6982527547962
2020 6 13 837.8239826945847 446.038625408699 1555.2519170689964
2020 6 14 839.6412346254023 438.6289269449612 1587.8348536968617
2020 6 15 841.716061331757 431.4748181853571 1621.5800538007845
2020 6 16 844.355386852435 424.7241354691178 1657.1200572370685
2020 6 17 847.0029883696445 418.0790712390905 1693.4389872772476
2020 6 18 849.556549066261 411.48745683424625 1730.3492985491266
2020 6 19 852.5284135368013 405.1986476015807 1768.9004169669822
2020 6 20 855.8197051966383 399.15283054187427 1808.9516355309734
2020 6 21 860.2094881922735 393.7036290491105 1852.20471924286
2020 6 22 863.7902798425865 387.9482521728901 1894.701604680193
2020 6 23 866.1857088559609 381.7379421953153 1935.5407787505806
2020 6 24 869.5820564990713 376.06523608435185 1979.4819822270179
2020 6 25 872.5189019405043 370.2723489536523 2023.3444442531281
2020 6 26 875.8873693597817 364.74765409770424 2069.156752164711
2020 6 27 879.1630083183256 359.2613189425583 2115.7563217967345
2020 6 28 880.9636965335791 353.24977619712575 2159.826327763279
2020 6 29 883.1938577545299 347.5095566582217 2205.8581681026317
2020 6 30 886.0166008986079 342.0935555623695 2254.337001076288
2020 7 1 888.7413089526443 336.7206289306265 2303.6088785488805
2020 7 2 892.494562923732 331.8186038474933 2356.6019284435806
2020 7 3 895.5087909302055 326.70728927885904 2408.820823854148
2020 7 4 898.7496062882115 321.753660722087 2462.778926782815
2020 7 5 902.7080193306562 317.1278427126731 2519.879945638392
2020 7 6 907.9382126524677 313.00919040499036 2581.8063520863743
2020 7 7 914.6705916464425 309.4514559258543 2649.4400428583504
2020 7 8 922.0589038527627 306.1391856898654 2720.6008631532573
2020 7 9 930.2282865301507 303.1018829477172 2795.8014942761088
