2020 5 12 240.8453699864516 228.64202886064663 253.0487111122566
2020 5 13 236.09595094845042 212.78992371904923 260.61283663065655
2020 5 14 231.62035267014613 198.19924808247399 268.6019406989412
2020 5 15 227.774128745614 185.07499238498428 277.46742559996375
2020 5 16 224.4958662858716 173.22938558291395 287.2395944984922
2020 5 17 221.65955478217646 162.44656717843023 297.8610318576281
2020 5 18 219.85741582273712 153.06658226379793 310.21676871844
2020 5 19 218.38060769766736 144.44451354072748 323.5234059479396
2020 5 20 217.15753308010414 136.4693830547641 337.76202815220705
2020 5 21 216.09775861906465 129.03289751965022 352.8706469215717
2020 5 22 214.942437036326 121.94150095889691 368.4906313353431
2020 5 23 213.2788027050462 114.94795273008685 383.92001698267944
2020 5 24 211.12500904472253 108.08438188576883 399.08995247616747
2020 5 25 208.23951988915576 101.24491391660018 413.4350623568673
2020 5 26 205.48766917740585 94.88404084287835 428.48282751906186
2020 5 27 203.07171184295063 89.0611070297463 444.70286103057106
2020 5 28 201.19451544044836 83.8193472665062 462.6545159426957
2020 5 29 199.82008465220434 79.08832239647131 482.44706418314115
2020 5 30 199.33888716553767 74.9741547172311 505.2203052491757
2020 5 31 199.75058361942953 71.40939979388602 531.3286097703362
2020 6 1 201.6691587558961 68.55253065660746 562.7920906084308
2020 6 2 204.33599844649567 66.05804634269153 598.1554662946531
2020 6 3 207.14081067467106 63.68753430753962 636.0415753694874
2020 6 4 209.7030085550082 61.315657280971266 675.4641401009758
2020 6 5 212.08609047932495 58.9704757125091 716.6511336834365
2020 6 6 214.73077870636772 56.780201438800034 761.1420115288662
2020 6 7 218.08841422427832 54.85107874500968 810.8051949345946
2020 6 8 221.53143711976554 52.99576955917343 863.8310761276288
2020 6 9 224.90633126721093 51.17391388372196 919.8471868961859
2020 6 10 228.49090435476498 49.45069944512929 980.1430142334929
2020 6 11 232.61496947456592 47.889906001758725 1046.4603757501518
2020 6 12 237.29284541674662 46.47706722304909 1119.4213846040354
2020 6 13 241.90973962507675 45.07554036254936 1196.737899534708
2020 6 14 247.1636293212553 43.81823158508439 1282.1013911062444
2020 6 15 252.32042823580932 42.558551510854194 1372.4583409908053
2020 6 16 258.2189451493014 41.44204189751903 1472.6324940136499
2020 6 17 264.83940817675807 40.44855978195161 1583.4491364889993
2020 6 18 271.7361072544288 39.495158953854144 1703.241529327826
2020 6 19 279.2358154250731 38.62577072097194 1834.7504986666927
2020 6 20 287.20918249618023 37.81240787681717 1978.1656092510902
2020 6 21 295.62676566032377 37.044681267969466 2134.2823523641973
2020 6 22 304.23161590910644 36.28509424420769 2302.290714885515
2020 6 23 312.2764641375471 35.44441977344434 2477.391272317985
2020 6 24 321.24037033605396 34.703392978203944 2671.4126107352317
2020 6 25 330.1386516177872 33.94297225779784 2877.9435801902678
2020 6 26 339.53232266230737 33.224805330411435 3102.6116111705737
2020 6 27 349.96125425448497 32.59698337992975 3351.836142015913
2020 6 28 360.1124455328737 31.92531781519509 3615.352050619115
2020 6 29 371.13730638032695 31.31884185190641 3905.4002144973347
2020 6 30 382.76085981709394 30.745925717165385 4221.466211714094
2020 7 1 394.55605882085126 30.1680359293158 4560.989726395716
2020 7 2 408.24179002938666 29.71776729182659 4945.472788650977
2020 7 3 421.68404005763136 29.22193877380408 5353.666857901785
2020 7 4 434.69989525705296 28.674162118254436 5784.519948063687
2020 7 5 448.7511408875819 28.178450506507563 6258.479066720844
2020 7 6 465.08360393412863 27.8060330779652 6796.75287633447
2020 7 7 483.44816557348764 27.52449204094573 7402.332282688603
2020 7 8 503.3033265480779 27.289381304561196 8073.58795434425
2020 7 9 524.3723778861367 27.077882552230346 8812.105668224642
