2020 5 12 154.0518079245695 147.6909243927176 160.41269145642138
2020 5 13 152.89289579080923 140.5277002246639 165.77941128827825
2020 5 14 151.7821552641178 133.74816530517492 171.36845708112122
2020 5 15 150.71439347017466 127.32645987863475 177.18534475119358
2020 5 16 149.66229583874224 121.21996993258954 183.20926392867514
2020 5 17 148.66499758014749 115.44477952463593 189.4960753882712
2020 5 18 147.71572539542098 109.97686578070693 196.05136390595993
2020 5 19 146.83689183409447 104.81586363502875 202.91886406056543
2020 5 20 146.0214955367591 99.93860816116606 210.10736697276548
2020 5 21 145.210627196352 95.28829945024904 217.5505262194465
2020 5 22 144.3868838660778 90.84297384999576 225.2313281883697
2020 5 23 143.4947817091733 86.55907968922463 233.06938394904142
2020 5 24 142.48541601515845 82.40314095859227 240.98078796132663
2020 5 25 141.36257070962355 78.37700578956667 248.95680764798612
2020 5 26 140.23362022024278 74.53929265197206 257.17048361585785
2020 5 27 139.14335427370457 70.90526220658337 265.70955649767404
2020 5 28 138.18176930938245 67.50965679190595 274.7617040661247
2020 5 29 137.385182688927 64.35402912647082 284.4371091202465
2020 5 30 136.8426703743166 61.462768624183354 294.96974047966546
2020 5 31 136.59904919805138 58.83468948681534 306.5320461734216
2020 6 1 136.81584648317042 56.51710447835128 319.57979282219486
2020 6 2 137.17289076842604 54.348604894343374 333.5097164491292
2020 6 3 137.62276655901806 52.299719420095236 348.27025773790683
2020 6 4 138.03044355254508 50.31147760420443 363.5735514376763
2020 6 5 138.36632220452455 48.372211027837466 379.35698647193897
2020 6 6 138.7103365368279 46.51025235858149 395.84567577677257
2020 6 7 139.14813593509177 44.751124600902315 413.31624226391693
2020 6 8 139.5186264430068 43.03643975859154 431.35383440477534
2020 6 9 139.91716087941188 41.39580105980864 450.2622620248272
2020 6 10 140.2970993539849 39.81186832537595 469.9360355229895
2020 6 11 140.74732739968158 38.30819499446233 490.7014201055177
2020 6 12 141.23374033509185 36.87077006246374 512.5054966529411
2020 6 13 141.72432428822128 35.48793116755355 535.2874623120125
2020 6 14 142.27907875881203 34.172597338645325 559.3180684987256
2020 6 15 142.97647726247175 32.93975408606157 584.979694618365
2020 6 16 143.86634918196359 31.794943663677238 612.5921886721445
2020 6 17 144.88350786155877 30.716827531605617 642.0264730398471
2020 6 18 145.96916255116446 29.6882658137718 673.1466983000099
2020 6 19 147.14015725058593 28.709848265879533 706.1314146915067
2020 6 20 148.4035584267532 27.779873134759853 741.1307884035825
2020 6 21 149.60716442852203 26.866798139528278 777.5121107467828
2020 6 22 150.5594061944986 25.936840703738135 814.322275738628
2020 6 23 151.2283767264068 24.989229267013965 851.3102687676145
2020 6 24 151.93498048566735 24.081966555807124 890.1734397739715
2020 6 25 152.55916817420493 23.194056663577523 930.3085417776099
2020 6 26 153.3123351687281 22.35810356906336 973.0240892937677
2020 6 27 154.04489382942285 21.548731997683863 1017.5465476431835
2020 6 28 154.75650993976913 20.765240758244556 1063.9447528889834
2020 6 29 155.55872284432488 20.02195169911292 1113.058877857659
2020 6 30 156.4693116154644 19.31868239135274 1165.1859232038162
2020 7 1 157.33005831033114 18.633303431347365 1219.343340991718
2020 7 2 158.31481313190764 17.98636606632865 1276.9423692825162
2020 7 3 159.14105355889248 17.343180674919918 1335.933977768568
2020 7 4 159.97441183258087 16.723301108041813 1397.6744070778748
2020 7 5 160.87136277129053 16.13176887379862 1462.7856544384126
2020 7 6 161.93217153234582 15.577087105162445 1532.3743490234947
2020 7 7 163.14890761966248 15.055804309349751 1606.6829220116228
2020 7 8 164.48418448779603 14.56206166167144 1685.672249436654
2020 7 9 165.9501566407295 14.095114055321284 1769.7723263864475
