2020 5 12 174.8729696603722 148.02674984612602 201.71918947461836
2020 5 13 183.30007249030436 131.33555301802073 243.906273638014
2020 5 14 192.35103813844827 116.6824494719073 295.2060295117734
2020 5 15 202.3340463445235 103.95847501856174 358.03997607959127
2020 5 16 213.33365362613475 92.87814101053843 435.13007573718005
2020 5 17 225.12235943847034 83.06200306935344 529.2083772091146
2020 5 18 237.76418443106894 74.35772976675344 644.1011993257289
2020 5 19 251.68779295622892 66.7444462526643 785.4868297767572
2020 5 20 267.03949559843846 60.073151440310156 959.82001796415
2020 5 21 283.613616333854 54.1330189221229 1173.873327189545
2020 5 22 301.15014704163696 48.76760528796134 1435.3891810110747
2020 5 23 319.33992269104095 43.8641780522434 1753.110924396694
2020 5 24 338.19924636842325 39.394829565746825 2138.804157837704
2020 5 25 357.7376325114215 35.330228233013514 2606.6026568432385
2020 5 26 378.4047867908722 31.684996248394405 3176.7178802996314
2020 5 27 400.2659201969024 28.41586475579742 3871.528506472435
2020 5 28 423.9045071997622 25.520554555579977 4723.284278021386
2020 5 29 450.0288847629046 22.985856835134488 5774.57309433963
2020 5 30 479.4986370755736 20.791541999669985 7082.121031218386
2020 5 31 513.3635535523705 18.91360517709454 8722.152648398964
2020 6 1 553.5794239990148 17.35115532516705 10809.2401277402
2020 6 2 598.3688512625027 15.962385058434082 13423.52614046529
2020 6 3 647.5512705630734 14.70528848956557 16687.348876434196
2020 6 4 700.776197028169 13.5471929019211 20744.743937614687
2020 6 5 757.4751333398495 12.462888234750313 25761.99707222589
2020 6 6 818.7615105385196 11.465370300429667 31992.705966641497
2020 6 7 886.0589172025044 10.562430193878258 39771.47586856186
2020 6 8 957.7488494917455 9.717023146174393 49390.46960354068
2020 6 9 1035.239125631554 8.939281688982227 61335.88041138202
2020 6 10 1118.999044276713 8.22378993163497 76170.36760407036
2020 6 11 1210.974219917016 7.576136208941982 94690.58166644315
2020 6 12 1312.0657860121923 6.989225858195816 117835.55118924667
2020 6 13 1421.5964291475684 6.44778245132619 146637.78466358577
2020 6 14 1542.0979393960756 5.9565716296194475 182668.55834293857
2020 6 15 1674.7959415105856 5.51043916956486 227787.35216264758
2020 6 16 1823.2181653110163 5.111887005968262 284635.99330118304
2020 6 17 1987.1372654696954 4.748731572476944 356038.154889145
2020 6 18 2165.793752468883 4.411375196891307 445351.8554230574
2020 6 19 2363.296493157056 4.103655397861074 557642.7303300162
2020 6 20 2581.8476220110438 3.822675675208712 698963.3766890407
2020 6 21 2820.609755308044 3.560934801067594 876098.2173360696
2020 6 22 3074.2008075395893 3.307961130130384 1095871.218479195
2020 6 23 3338.7367328123237 3.0602030356232084 1366549.3691584712
2020 6 24 3626.036055839777 2.8310014086738624 1704084.5191089115
2020 6 25 3933.396718813754 2.6153274868712426 2122799.8166658394
2020 6 26 4266.8107843708785 2.4160842317589344 2644398.802468386
2020 6 27 4623.002169232398 2.2289143070392274 3290762.238114688
2020 6 28 4997.043563151964 2.050514087647382 4086654.788251393
2020 6 29 5407.7713128795995 1.889028556847203 5080292.128573119
2020 6 30 5859.209553357608 1.7426887363513481 6322054.555347113
2020 7 1 6348.33364872384 1.607685612161716 7867337.702096067
2020 7 2 6886.449654467711 1.485207445977056 9800442.903143581
2020 7 3 7461.327276927282 1.3701509582095341 12195939.353912767
2020 7 4 8093.7861006085195 1.2657688728763115 15192637.180984247
2020 7 5 8790.258884635166 1.17096591972977 18945190.27914566
2020 7 6 9557.962239781666 1.08476861588128 23648968.884283222
2020 7 7 10404.999168560833 1.0063108259379583 29551016.265908934
2020 7 8 11345.825637280917 0.9353385297365686 36979209.416553825
2020 7 9 12402.34812015861 0.8718964804401635 46374434.31972539
