2020 5 12 297.16321436261467 258.1362973124461 336.19013141278316
2020 5 13 294.2535502224968 222.04203107175167 376.6147934898982
2020 5 14 291.50437246118383 191.09429952515697 422.0691986669967
2020 5 15 288.86295682754894 164.51380006019642 473.1284275295123
2020 5 16 286.30414479942635 141.66396147272204 530.4605686526509
2020 5 17 283.88785200581145 122.04711216227713 594.9620909252308
2020 5 18 281.53217638159987 105.16398977053707 667.390997736009
2020 5 19 279.2965206672487 90.65388822171475 748.8753605682037
2020 5 20 277.1888339906079 78.18160545843999 840.6039864167338
2020 5 21 275.0960433713307 67.42499127321213 943.5652536610912
2020 5 22 272.9658672801967 58.135289851775354 1058.9552922350406
2020 5 23 270.65586372439424 50.083695794950394 1187.6949343664678
2020 5 24 268.096154116233 43.097403210001595 1330.9042059312078
2020 5 25 265.3263400486297 37.04797841784465 1490.2180977997853
2020 5 26 262.5967366923688 31.849308222361383 1668.6675417683239
2020 5 27 260.0042302346673 27.39335121543462 1869.1785444975371
2020 5 28 257.76113620691945 23.59493257089166 2096.1113549111215
2020 5 29 255.92600178245368 20.35878289842704 2353.7557309891295
2020 5 30 254.72463401808776 17.61586198866906 2648.7771710072398
2020 5 31 254.23017823336 15.290989947096756 2988.0690567725965
2020 6 1 254.88653645608252 13.34210476486029 3384.336820139704
2020 6 2 255.9678478552768 11.663766769626713 3838.776244715365
2020 6 3 257.3222018286065 10.208784054284418 4358.2625951296395
2020 6 4 258.56002879601317 8.930394134104914 4945.953983799173
2020 6 5 259.6625737988866 7.807211798530843 5610.191126528543
2020 6 6 260.82655571952773 6.826998795373077 6364.860525737553
2020 6 7 262.19521968931235 5.97507461353617 7225.913693620282
2020 6 8 263.2216036207423 5.221496163125134 8193.821217587401
2020 6 9 264.136979191501 4.560677522477365 9287.798820649161
2020 6 10 264.9689683824068 3.9819955870825865 10524.792081596399
2020 6 11 266.006210372545 3.4797849440122444 11934.582715127046
2020 6 12 267.20444088354367 3.042966148955948 13540.254806641957
2020 6 13 268.37887717452753 2.660648952487527 15360.47387236077
2020 6 14 269.6581633636759 2.3273542382310497 17431.090905937504
2020 6 15 271.33241611222286 2.0391669843523768 19805.96752904302
2020 6 16 273.47356075416144 1.7900955892360118 22537.728252668854
2020 6 17 275.7092807178449 1.5719551647349452 25652.671950033735
2020 6 18 277.9693024569611 1.3804316030596773 29198.693109730826
2020 6 19 280.3511001069903 1.2127556052185815 33245.733707987376
2020 6 20 282.86356687743466 1.0659235700491754 37866.78359677498
2020 6 21 285.2934818254255 0.9364730073112943 43116.0791152239
2020 6 22 287.11467968831346 0.8206768780110357 48997.91059751048
2020 6 23 288.3201665943353 0.7174059399274457 55575.07386786095
2020 6 24 289.62521049252535 0.627365360606465 63053.32755858743
2020 6 25 290.68936085355136 0.5480910419746962 71484.13458403322
2020 6 26 291.80823293551333 0.4789296857564627 81054.71292731313
2020 6 27 292.7592617457376 0.41821297627095644 91858.82055385734
2020 6 28 293.5598692468344 0.3649743703620181 104054.88091106173
2020 6 29 294.5935771088916 0.31880013575425714 117952.05593936297
2020 6 30 295.8433386596048 0.27869743905446887 133790.33306048816
2020 7 1 297.0143689867977 0.24356020178808901 151717.32779077723
2020 7 2 298.4431318103181 0.21306049631218507 172175.70199572586
2020 7 3 299.6570572960863 0.18622182091336154 195264.88503749747
2020 7 4 301.0003213328793 0.1628412524029308 221531.4471125489
2020 7 5 302.5995238297682 0.14253137205100508 251515.2588312989
2020 7 6 304.6171486298284 0.1249476643388383 285898.03882575326
2020 7 7 306.98101577727675 0.10966971422482616 325293.37210844515
2020 7 8 309.71067226200086 0.09638399806330432 370485.35875058355
2020 7 9 312.9430334498004 0.08485664459158486 422528.0420512491
