2020 5 12 1104.9309276389336 1061.7115568209958 1148.150298456871
2020 5 13 1109.8351894802674 1024.7103807050416 1198.3560918001367
2020 5 14 1114.885309247548 989.1132864630296 1250.8912489419365
2020 5 15 1120.0326406643724 954.8186462716411 1305.8128009913044
2020 5 16 1125.3321289839291 921.8225266816822 1363.2954237772642
2020 5 17 1130.8300266694055 890.1086576604912 1423.5184523375447
2020 5 18 1136.53465657251 859.6274371805237 1486.628236376298
2020 5 19 1142.4281989383167 830.3111464265439 1552.7453700662609
2020 5 20 1148.4782141670012 802.0861553176572 1621.9741684661403
2020 5 21 1154.5432130949002 774.8087124370768 1694.2654296545907
2020 5 22 1160.6317386555227 748.453218461439 1769.7662301513708
2020 5 23 1166.5075048076603 722.8363124167062 1848.2581581140164
2020 5 24 1172.1107880850548 697.9089034960637 1929.7524636805904
2020 5 25 1177.4276671445439 673.6545705131064 2014.3242099336105
2020 5 26 1182.7686644044802 650.2431450579099 2102.6023280653553
2020 5 27 1188.2680213164554 627.7190745958825 2194.9876963994698
2020 5 28 1194.1394624973127 606.1582769197774 2292.0724344024657
2020 5 29 1200.4558531331907 585.5491806871169 2394.2496145073155
2020 5 30 1207.437722926706 565.9490896514598 2502.2423309068886
2020 5 31 1215.291557946063 547.3947461885633 2616.828934682061
2020 6 1 1224.3581069372296 529.9719207442397 2739.164146358853
2020 6 2 1233.9385946835212 513.2968235071608 2868.2169277384105
2020 6 3 1243.813946677939 497.2378670811929 3003.861031951198
2020 6 4 1253.6071266501708 481.6168847151333 3145.5307175095395
2020 6 5 1263.2844744264553 466.4125193147884 3293.397784714874
2020 6 6 1273.0467605418032 451.69192501443416 3448.242556847948
2020 6 7 1282.884486696293 437.4359320864315 3610.367622776149
2020 6 8 1292.2994277653722 423.4597942972919 3778.711503483746
2020 6 9 1301.657846800052 409.8890338616639 3954.5375993592343
2020 6 10 1311.0734926049327 396.7498599618986 4138.512973557577
2020 6 11 1320.8333718304714 384.1154273897442 4331.918971000222
2020 6 12 1330.8798901517957 371.9455657187294 4535.065254300261
2020 6 13 1341.0243854984988 360.1673054304943 4747.811598173177
2020 6 14 1351.463462019736 348.8203726281961 4971.3073551595935
2020 6 15 1362.2684316465609 337.90438549243095 5206.370827876133
2020 6 16 1373.270135905243 327.3573748291895 5452.970785303176
2020 6 17 1384.3718141170364 317.1422197584104 5711.295130402583
2020 6 18 1395.5632396086226 307.2458276089631 5981.8571107101025
2020 6 19 1406.9468790803955 297.6806506512015 6265.672558578791
2020 6 20 1418.5943269412662 288.44942661677385 6563.715240035751
2020 6 21 1430.326707379833 279.5021308537 6875.8819126056615
2020 6 22 1441.8432929777614 270.7712377412493 7201.391236203281
2020 6 23 1453.160620357067 262.25824053209965 7540.852063538146
2020 6 24 1464.731575674449 254.04263180017668 7897.169644394614
2020 6 25 1476.1692336186004 246.04528964845645 8269.108383615305
2020 6 26 1487.7559924331576 238.30967163535223 8658.899506073976
2020 6 27 1499.2288248350105 230.78444328011483 9065.872307103062
2020 6 28 1510.5229553104798 223.45571531927172 9490.357430730823
2020 6 29 1521.9878183181681 216.37238696215647 9935.256057945644
2020 6 30 1533.6753148518017 209.53287286308023 10401.896366913468
2020 7 1 1545.3283275063068 202.89258233344086 10889.61130258317
2020 7 2 1557.2826822309257 196.4906683272993 11401.693353139079
2020 7 3 1569.0141494419036 190.25096414902765 11935.547024206238
2020 7 4 1580.8594124179729 184.21248852353796 12494.590324341078
2020 7 5 1592.8581288453317 178.37313220262575 13080.32443641054
2020 7 6 1605.1801647255238 172.74488576683123 13695.424385638733
2020 7 7 1617.909582613389 167.32781174959462 14342.111812684423
2020 7 8 1630.978470519385 162.10527931055282 15021.449733629303
2020 7 9 1644.4442382877196 157.07470345841284 15735.648649955501
