2020 5 12 23057 272.1556000 272.1556000
2020 5 13 22915.3 519.218000 559.911000
2020 5 14 22800.9 744.927000 868.059000
2020 5 15 22719.3 952.838000 1202.56000
2020 5 16 22668.8 1145.97000 1570.39000
2020 5 17 22651.1 1327.15000 1980.11000
2020 5 18 22667.7 1498.65000 2441.61000
2020 5 19 22711.1 1662.10000 2966.29000
2020 5 20 22779.6 1819.01000 3567.9000
2020 5 21 22863.2 1969.8000 4260.3000
2020 5 22 22952.1 2114.65000 5059.0000
2020 5 23 23031.8 2252.8000 5979.1000
2020 5 24 23097.5 2384.24000 7038.8000
2020 5 25 23146.1 2508.81000 8257.8000
2020 5 26 23204.4 2629.87000 9677.3000
2020 5 27 23283.7 2749.35000 11341.000
2020 5 28 23396.3 2869.57000 13310.000
2020 5 29 23549.6 2992.64000 15658.000
2020 5 30 23765.2 3121.97000 18488.000
2020 6 1 24447.5 3414.6000 26211.000
2020 6 2 24899.7 3578.2000 31417.000
