2020 5 12 155.12314370184382 151.33944124402092 158.9068461596667
2020 5 13 156.22810071568563 148.69969769456733 163.9424018145319
2020 5 14 157.32756504393058 146.0932785276081 169.12350455324687
2020 5 15 158.41549123452643 143.51464560282167 174.4476257486321
2020 5 16 159.4920681566451 140.96442992118077 179.9185715882218
2020 5 17 160.5593921737513 138.4448864363189 185.54240342502703
2020 5 18 161.61210208775998 135.95161627101126 191.3168810443437
2020 5 19 162.6627718933458 133.49572531349244 197.2604869732488
2020 5 20 163.70594520634353 131.07244057148554 203.3713673981436
2020 5 21 164.7542834151688 128.69192350100687 209.66966056444423
2020 5 22 165.81305580762375 126.35754741480676 216.16774343985742
2020 5 23 166.90568815161367 124.08613307035978 222.902487234765
2020 5 24 168.04396868637525 121.88413423787816 229.8984007627328
2020 5 25 169.23384608184665 119.75300468631985 237.17385326102305
2020 5 26 170.43214870214058 117.65913768081748 244.67954750470722
2020 5 27 171.61353228998243 115.58434390369437 252.38629888622057
2020 5 28 172.76473485840177 113.52029411911487 260.27936283205753
2020 5 29 173.88503242125083 111.46772184447666 268.3610781669082
2020 5 30 174.94131846998945 109.40657131437592 276.58372984760183
2020 5 31 175.89971692858998 107.31830276331264 284.893419940032
2020 6 1 176.71916199632386 105.18191314415267 293.2192088979704
2020 6 2 177.509498236422 103.06845523757667 301.7336800130144
2020 6 3 178.29013965813368 100.9897823190214 310.47290592945944
2020 6 4 179.09414553684252 98.96432168097388 319.49995768844036
2020 6 5 179.92179838616872 96.99054728396267 328.82519000069055
2020 6 6 180.7532760910587 95.05613844116458 338.4225974903855
2020 6 7 181.58859632742585 93.16031003404689 348.300124123395
2020 6 8 182.48191054952082 91.33006478701485 358.56977808996777
2020 6 9 183.39321937845227 89.54258352939624 369.1689570023806
2020 6 10 184.31591321405014 87.79342296490755 380.09520009599646
2020 6 11 185.22264430819686 86.06861660645434 391.3023341421452
2020 6 12 186.11312961823265 84.36807434805448 402.7961668980351
2020 6 13 187.00789606835448 82.70113137458127 414.6276112138202
2020 6 14 187.89999558407115 81.06404205942353 426.79113317711034
2020 6 15 188.78234695748375 79.45331779534014 439.27967654299283
2020 6 16 189.65477216654625 77.86867676756066 452.1009146534783
2020 6 17 190.5029599796703 76.30403351598314 465.22897742047616
2020 6 18 191.34784222312112 74.76798581120521 478.72091532941016
2020 6 19 192.1750803854932 73.25450124709843 492.5506109411633
2020 6 20 192.98441125806684 71.76346400425648 506.7247673489408
2020 6 21 193.81872466281078 70.31079821610044 521.3634619765824
2020 6 22 194.69275726120097 68.90063818855882 536.5221919869022
2020 6 23 195.592496416869 67.52646299810273 552.181643453354
2020 6 24 196.5109706685909 66.18472738197046 568.3392996557611
2020 6 25 197.46304905938098 64.87951697333038 585.0544672269419
2020 6 26 198.42709844355946 63.60246392075363 602.2830384097932
2020 6 27 199.42543121273138 62.36002800580179 620.1087270653661
2020 6 28 200.43621820905622 61.14418611212668 638.4851079016022
2020 6 29 201.45212837520813 59.95204965216751 657.4060567432532
2020 6 30 202.48069458410473 58.78539048928404 676.912208947658
2020 7 1 203.5296028743821 57.645815517519075 697.0475846955359
2020 7 2 204.56119184827347 56.521887261830265 717.703981418031
2020 7 3 205.6285004755365 55.42829730697496 739.0794904262372
2020 7 4 206.7013778409142 54.35586621724779 761.0916301306492
2020 7 5 207.7875555136153 53.30621012463977 783.7877227157754
2020 7 6 208.85621188198263 52.27086454384601 807.0730017984151
2020 7 7 209.85642766445838 51.2371237840639 830.7643451325544
2020 7 8 210.83406320352924 50.217144371891266 855.0427879720187
2020 7 9 211.80250424798524 49.214194971653 879.9749904435237
