2020 5 12 907.1123968620842 874.6895509112143 939.535242812954
2020 5 13 922.6569391711535 857.8846679175736 989.7862662763969
2020 5 14 939.2784195693455 842.1563062793589 1043.594500704774
2020 5 15 957.321394898249 827.7223468426831 1101.574616777924
2020 5 16 976.6002731575518 814.3046917420926 1163.7993101929453
2020 5 17 997.4204166901072 802.0659478547092 1230.9129289724854
2020 5 18 1019.789229340584 790.8995662048629 1303.2602703184814
2020 5 19 1043.3826538939645 780.4493316484303 1380.7837659137201
2020 5 20 1068.4615046322308 770.8399809253467 1464.1621027329609
2020 5 21 1093.9980834077721 761.2442858170511 1552.376427084386
2020 5 22 1119.6541769597354 751.4265122404454 1645.2091102048075
2020 5 23 1143.769843312785 740.297740546931 1740.4456324428909
2020 5 24 1165.8134062334555 727.6564442142475 1837.2516804644913
2020 5 25 1185.7216780491585 713.6330738741028 1935.4076061650749
2020 5 26 1205.4659470630754 699.5766438520922 2037.9849404309673
2020 5 27 1226.3075357064156 686.2430980499215 2147.2982284162504
2020 5 28 1248.986252839612 673.9900975026617 2265.060760259127
2020 5 29 1274.0308668018351 663.0062593680548 2392.8116406252084
2020 5 30 1304.1804679684672 654.5967179700197 2536.4124556764705
2020 5 31 1339.9400423238774 648.751498756948 2698.1541013181036
2020 6 1 1384.3686180817667 646.6809750745515 2885.6915297049713
2020 6 2 1433.408464003831 646.0829835700931 3092.8053104270693
2020 6 3 1485.2009062473933 645.9432226719329 3316.9751069683816
2020 6 4 1537.9178430029335 645.3916712368558 3555.2782314283195
2020 6 5 1591.0896819205748 644.2462464578891 3807.427815250036
2020 6 6 1645.9871684784837 643.057216898261 4077.190789968597
2020 6 7 1704.5277842539547 642.5536831585276 4370.399298637397
2020 6 8 1762.4940068599055 641.0491531503181 4677.8826378290105
2020 6 9 1821.4326744401367 639.1848565916553 5004.348235560798
2020 6 10 1881.6971392755008 637.0995862298175 5351.825089040701
2020 6 11 1945.6883961267142 635.6078269094307 5728.3575147302145
2020 6 12 2012.820628700376 634.4347405334037 6134.221746019276
2020 6 13 2080.9858569679072 632.859335678247 6564.931303869677
2020 6 14 2151.6069511167043 631.3326738261583 7026.347846813119
2020 6 15 2225.996424351157 630.2122005994339 7524.6747202766255
2020 6 16 2304.5347026841087 629.5401509212978 8063.674624039571
2020 6 17 2387.313247196911 629.2701809078228 8646.42461643156
2020 6 18 2473.4034137071535 629.0894801965095 9272.514105217873
2020 6 19 2564.175040352554 629.3099070502444 9949.850556793797
2020 6 20 2660.639263210802 630.109945662377 10685.827789067593
2020 6 21 2761.8633280112713 631.178818874633 11480.786109181954
2020 6 22 2862.24293190673 631.1764179612801 12315.365472600497
2020 6 23 2962.0129040590755 630.235069254073 13192.29286373668
2020 6 24 3068.198142457259 629.9201561179117 14144.746082089563
2020 6 25 3175.5818459541883 629.0699266399365 15153.940265838573
2020 6 26 3289.6482745843145 628.8001582759598 16249.093404619625
2020 6 27 3406.8798130387217 628.35233172387 17418.787394672618
2020 6 28 3523.462285051083 627.0145892069037 18648.00349162318
2020 6 29 3647.2789499499945 626.2571154557476 19981.136447898327
2020 6 30 3779.063775493581 626.1216432963483 21429.390328311856
2020 7 1 3913.7363676187724 625.6757243616664 22971.988949253988
2020 7 2 4058.4758648072698 626.0722436181921 24656.5506852415
2020 7 3 4203.105724810026 625.6263598655745 26431.457040556346
2020 7 4 4353.485172478164 625.2694309488962 28337.87510477809
2020 7 5 4513.562463438035 625.5328126504993 30409.901029914105
2020 7 6 4687.199435010122 626.8597936257785 32685.131447104668
2020 7 7 4874.599658443689 629.1369179379026 35179.98643204763
2020 7 8 5074.487880644635 632.0670547334172 37901.32612642517
2020 7 9 5289.115103666147 635.8257413534485 40882.03934111712
