2020 5 12 2.6716191232776514 2.3089627964201065 3.0342754501351963
2020 5 13 2.547067277014779 1.9025291027007993 3.285463808208532
2020 5 14 2.4277991211991385 1.5672470134347036 3.556771883784472
2020 5 15 2.3129411571374408 1.2902933111400892 3.8487632823072344
2020 5 16 2.2024262273832265 1.0616725330949837 4.162910398574977
2020 5 17 2.094980074154849 0.8724937879891664 4.498518569189546
2020 5 18 1.9912595851933377 0.7163932588456273 4.85792744066558
2020 5 19 1.8922775001680598 0.5880784320518975 5.245083463688387
2020 5 20 1.7978155832494962 0.48262203570484896 5.661985261249732
2020 5 21 1.7077073600572654 0.3959793405220098 6.110884713624093
2020 5 22 1.6222265356040002 0.3249169296497641 6.595771805840549
2020 5 23 1.540655181080171 0.2665333943015113 7.117632038567523
2020 5 24 1.464049941463817 0.2187901987536022 7.684775561390602
2020 5 25 1.392039426390321 0.17971649435471299 8.30123415653456
2020 5 26 1.3235708084436169 0.1476209561815018 8.96714392907349
2020 5 27 1.2581147123772825 0.1212177424304614 9.68406553798735
2020 5 28 1.1955580934854744 0.09950443181172976 10.45570630484681
2020 5 29 1.1354703197055456 0.08162714904721712 11.283221234801559
2020 5 30 1.0780978187676102 0.06693985212554586 12.173201965068062
2020 5 31 1.0230456192931818 0.054859337863133247 13.126848178516966
2020 6 1 0.9699810507284047 0.04491480969673721 14.144635557127925
2020 6 2 0.9191483342643039 0.03674885337063355 15.233745782469581
2020 6 3 0.870979551349399 0.030067548614247586 16.40671543834609
2020 6 4 0.8255688129281192 0.0246090393584472 17.67440408457537
2020 6 5 0.7829687417235982 0.020154683382361437 19.049527952945887
2020 6 6 0.7425668713694625 0.01650658753178034 20.531640755388164
2020 6 7 0.7042497727835064 0.013518814797298115 22.129066565301766
2020 6 8 0.667909869923153 0.011071843478961325 23.850777095008574
2020 6 9 0.633445137763502 0.009067785886608826 25.706442084084728
2020 6 10 0.6005888385809695 0.007424039248958839 27.699585597772487
2020 6 11 0.569114448313073 0.006074275536730948 29.832401377324892
2020 6 12 0.5389840715108669 0.0049666522924565895 32.113429621702885
2020 6 13 0.5104488740419809 0.004061000335760191 34.5688685608768
2020 6 14 0.48301348483206463 0.003317221737506781 37.184225483878734
2020 6 15 0.4567934597066924 0.0027078870872569187 39.97749508804143
2020 6 16 0.43187419404470523 0.0022097534230697147 42.969866924323746
2020 6 17 0.40819845065541993 0.001802661766793818 46.174691569003
2020 6 18 0.38582063345103945 0.0014705665399291426 49.61854187837031
2020 6 19 0.3645660586531548 0.0011992569223720569 53.305930589891105
2020 6 20 0.34438455588448497 0.0009776802951271286 57.25304261395603
2020 6 21 0.3249506071276444 0.0007959931256095057 61.43097143286258
2020 6 22 0.30661333462364426 0.0006480697822954508 65.91377643684011
2020 6 23 0.289310851886182 0.0005276357662044833 70.72370536926876
2020 6 24 0.2728294986634031 0.0004292994303166929 75.84667377111651
2020 6 25 0.25728704905340977 0.0003492901972813061 81.34073140124069
2020 6 26 0.242491936258766 0.00028400495960178863 87.18910502888424
2020 6 27 0.2284825363799951 0.00023084586557471195 93.43457879251004
2020 6 28 0.2155277385592005 0.00018788469083598258 100.2277124263453
2020 6 29 0.20330746859001617 0.00015291873199742406 107.5147388476637
2020 6 30 0.191725524183799 0.00012441901920993653 115.30271611742972
2020 7 1 0.18080337568748625 0.00010123084424623217 123.65482618056403
2020 7 2 0.17035788694869908 8.22827949752929e-05 132.5123889735366
2020 7 3 0.16060728861731974 6.692553706728907e-05 142.07554716199598
2020 7 4 0.15141477520659058 5.4434557225359246e-05 152.32885964656245
2020 7 5 0.14270777387792247 4.426028656417952e-05 163.28125791172468
2020 7 6 0.13442487482221482 3.5963918139930594e-05 174.93350118203085
2020 7 7 0.1265626045518175 2.920657817771936e-05 187.3390482396647
2020 7 8 0.11912848696426823 2.3711574989245707e-05 200.5774256345514
2020 7 9 0.11214222780668508 1.925264324410946e-05 214.77013533617475
