2020 5 12 200.6895850423105 197.31345982678204 204.06571025783902
2020 5 13 198.28686971934198 191.67174159788865 205.01422274716154
2020 5 14 195.8753325181637 186.15500123002226 205.9282808340592
2020 5 15 193.432663387344 180.73958461858214 206.7828505136924
2020 5 16 190.9686294499597 175.43328201005323 207.585563437793
2020 5 17 188.4687537641159 170.22100564855407 208.31831275575144
2020 5 18 185.93493687501692 165.103379401277 208.9799614875038
2020 5 19 183.38394197206154 160.09411043598325 209.58611733056665
2020 5 20 180.8276899240652 155.20167989703182 210.14802311766485
2020 5 21 178.303733531626 150.45589670003147 210.70755751503353
2020 5 22 175.8510705617996 145.88566277847167 211.3112004115358
2020 5 23 173.4924093792628 141.5042488103189 211.988988920557
2020 5 24 171.23889350069712 137.31437829031947 212.75877148883046
2020 5 25 169.08506904827604 133.30503686198392 213.61884414819227
2020 5 26 166.9583351690128 129.41276124197165 214.48239363238343
2020 5 27 164.8266619475032 125.60957039697468 215.3087246200848
2020 5 28 162.65963613034515 121.87046586101627 216.05650676002764
2020 5 29 160.45420877509656 118.19254780504204 216.71803501294679
2020 5 30 158.17209244818082 114.54710881272115 217.2376207766006
2020 5 31 155.7773303140918 110.90902360995499 217.55916267997515
2020 6 1 153.25127917887397 107.26719802282923 217.6471848264569
2020 6 2 150.6886231783823 103.69066364652826 217.62508241832
2020 6 3 148.14975228946574 100.22025860385946 217.57544500958758
2020 6 4 145.6864632507457 96.88819639535062 217.57399810992533
2020 6 5 143.2917830810359 93.68530622357987 217.61384739163006
2020 6 6 140.94553052263976 90.59422312562006 217.66747188359247
2020 6 7 138.65552996595258 87.61659157972362 217.74865219861488
2020 6 8 136.4597566405305 84.77285960049838 217.91940965374914
2020 6 9 134.3419233921408 82.04824222885694 218.15923723581778
2020 6 10 132.2654580663335 79.41638562486183 218.41313117341576
2020 6 11 130.19598340688162 76.85387747037878 218.625865151413
2020 6 12 128.14653273296307 74.36675956585738 218.81805842233365
2020 6 13 126.14150431462508 71.96718640081608 219.03118679870795
2020 6 14 124.15986664464549 69.64048645478412 219.23066517826675
2020 6 15 122.19757683961028 67.38239976169143 219.40951992290348
2020 6 16 120.25083782441527 65.18900508338814 219.56075754305354
2020 6 17 118.33511245851919 63.06700857778016 219.7120994103564
2020 6 18 116.44990666108464 61.014086130965566 219.86354559666896
2020 6 19 114.5763154493345 59.01833874119039 219.98032056185198
2020 6 20 112.71112199295891 57.076669633445825 220.05540465042648
2020 6 21 110.86916114706433 55.195269207522706 220.1165919835552
2020 6 22 109.0923743523036 53.39334516449583 220.24742760239357
2020 6 23 107.36131734369846 51.65869253897571 220.41317731922786
2020 6 24 105.64414342626804 49.973858974950424 220.5511617354781
2020 6 25 103.96780228893478 48.3502992333534 220.71714003090284
2020 6 26 102.31806101334091 46.779485993399476 220.88324323518924
2020 6 27 100.70744435981096 45.26562487138473 221.07742095967546
2020 6 28 99.14448118827755 43.810778256041175 221.32072403856583
2020 6 29 97.58068440692121 42.391603498131744 221.5082851324509
2020 6 30 96.04155324834154 41.01840046393187 221.69600517739715
2020 7 1 94.52973682452863 39.69097754700756 221.89089739820358
2020 7 2 93.02975697329492 38.40148991143685 222.0578839270009
2020 7 3 91.56829294645476 37.15996931054986 222.26011881191124
2020 7 4 90.12109803098684 35.95506055003501 222.44144507281874
2020 7 5 88.68822274604773 34.78580866383562 222.60180925135523
2020 7 6 87.26129610018668 33.647978184935184 222.7200385760687
2020 7 7 85.8352443677889 32.538850394278434 222.78196682189588
2020 7 8 84.41729196611075 31.460518200017557 222.80444660520135
2020 7 9 83.00500494911559 30.411303571263385 222.78005843057602
