2020 5 12 332.673864934218 314.71494535365366 350.6327845147823
2020 5 13 339.4365741148742 303.7775104232123 377.07405741816365
2020 5 14 346.2955206035725 293.1832840177511 405.46346095892574
2020 5 15 353.230889628187 282.9058915155266 435.9174664229651
2020 5 16 360.2519343919594 272.946142586758 468.5931661615068
2020 5 17 367.3472443269413 263.28756135054675 503.633261189699
2020 5 18 374.51956031980717 253.92579582340272 541.2075419840826
2020 5 19 381.76012619823445 244.84823656789754 581.4813686524934
2020 5 20 389.095525669197 236.0662334238426 624.6833948896273
2020 5 21 396.5751593211968 227.6012096398653 671.1004570485444
2020 5 22 404.2409676003749 219.46406031162005 721.0382747938414
2020 5 23 412.1106476283226 211.64806371642817 774.7913932943458
2020 5 24 420.2202471918425 204.15496005785806 832.7148131990657
2020 5 25 428.591661441924 196.97680661030716 895.1711741773761
2020 5 26 437.13853582892165 190.05503274494194 962.3301167874914
2020 5 27 445.8026758727078 183.35337178063992 1034.4105043283234
2020 5 28 454.53008419768514 176.84341599210072 1111.6381982340047
2020 5 29 463.2809085762772 170.50723207248978 1194.2710179721644
2020 5 30 472.01236089103304 164.32893373010387 1282.5620461373956
2020 5 31 480.6500019063121 158.28455355093217 1376.6782680114197
2020 6 1 489.07541799879095 152.3405573590828 1476.6402856498532
2020 6 2 497.56920263043423 146.59506579121233 1583.621153708314
2020 6 3 506.1600615475853 141.05140419593636 1698.192132862713
2020 6 4 514.9402939347735 135.72882101417346 1821.1897457030218
2020 6 5 523.9354728399828 130.6235960600839 1953.3174305942641
2020 6 6 533.1090271234448 125.71569247777296 2095.110207152631
2020 6 7 542.3891605396224 120.97944940706316 2246.983451015071
2020 6 8 551.9188077832263 116.44126215696203 2410.2303271516575
2020 6 9 561.6494567049989 112.0803936517491 2585.4839369815054
2020 6 10 571.5744358750801 107.88738957207086 2773.585489696003
2020 6 11 581.6052735500639 103.8381250746726 2975.03460042942
2020 6 12 591.7060264244896 99.92189237615517 3190.5723906081753
2020 6 13 601.9222194014018 96.14323069812893 3421.4022213407216
2020 6 14 612.2537861465617 92.49771764792999 3668.585185738303
2020 6 15 622.7254492072941 88.98480764630999 3933.4030293420374
2020 6 16 633.1110920174075 85.56742734146752 4215.662197609138
2020 6 17 643.4902479481901 82.25700182676434 4516.979621934921
2020 6 18 653.9482378223851 79.0629762873484 4839.1928947784345
2020 6 19 664.4966436009573 75.98335689753543 5183.802215551271
2020 6 20 675.1747836010262 73.01907186154358 5552.6366240213065
2020 6 21 685.9013224258902 70.1571071798075 5946.7009451796885
2020 6 22 696.8817083022617 67.41585050751638 6369.45492864323
2020 6 23 708.2639281316968 64.80357141174908 6824.328810716832
2020 6 24 719.860772641294 62.295142430259496 7311.96416489681
2020 6 25 731.7496584261368 59.89265080250781 7835.481389767902
2020 6 26 743.805225189327 57.58038585519615 8396.163352188782
2020 6 27 756.0744868436185 55.35855746961812 8997.136140841261
2020 6 28 768.7607296029155 53.238174179180554 9643.678456874251
2020 6 29 781.5819084294136 51.19361070011067 10335.704328611075
2020 6 30 794.5535335614323 49.223415309490946 11076.551488595851
2020 7 1 807.7404439460279 47.32904324573047 11870.501417101026
2020 7 2 821.0643337493092 45.50277879501865 12720.157151523905
2020 7 3 834.7744635110339 43.756208617154634 13633.207583410169
2020 7 4 848.6627534451303 42.07401718193219 14610.967418879462
2020 7 5 862.6788728518575 40.45137904223075 15657.073901804446
2020 7 6 876.6991116134136 38.880658800839214 16773.952313332924
2020 7 7 890.7961296482343 37.364229244798096 17967.611319505468
2020 7 8 904.9807639105488 35.90111091852954 19243.407989887797
2020 7 9 919.1151428761389 34.48433172663566 20603.92156893643
