2020 5 12 21.41865908957164 18.506831635318456 24.330486543824822
2020 5 13 20.98676959506547 15.668821015463566 27.080342704471178
2020 5 14 20.571891039867676 13.272215978099391 30.15170321400684
2020 5 15 20.172622288894924 11.246960208146675 33.58226508235758
2020 5 16 19.788152480037173 9.534676079970202 37.41488105855726
2020 5 17 19.420605233301718 8.087700439224816 41.70304076718032
2020 5 18 19.06773978581968 6.863587974069537 46.49953844918371
2020 5 19 18.725513965970823 5.826272804820721 51.85801896525463
2020 5 20 18.39503321871102 4.947473541069241 57.849512598962384
2020 5 21 18.07002606926913 4.201130426438737 64.53211354027268
2020 5 22 17.749308024350434 3.56703784065979 71.98147869799108
2020 5 23 17.425077682922293 3.026801432022765 80.25344412134716
2020 5 24 17.09547712977321 2.566423483275063 89.42399567225068
2020 5 25 16.761436041584677 2.174466674505689 99.58662551755447
2020 5 26 16.435230332749565 1.8425411629614072 110.91196514304644
2020 5 27 16.121787351546416 1.5620021316599546 123.56854790795278
2020 5 28 15.825647568208977 1.325274307469767 137.75622678385741
2020 5 29 15.548535440999778 1.1255614346570562 153.6911593172822
2020 5 30 15.29812102541968 0.9575257847667428 171.68529606507857
2020 5 31 15.076815441711478 0.8161457867654891 192.0676004327344
2020 6 1 14.895192508109325 0.6976155585355044 215.33441513116745
2020 6 2 14.728546496948384 0.5968986473176379 241.6046269058154
2020 6 3 14.569513050538017 0.5109555004668686 271.1740245326124
2020 6 4 14.408785141883962 0.43726704264362376 304.29884916183386
2020 6 5 14.245331670195123 0.37406918887220386 341.37497565076376
2020 6 6 14.08595624089401 0.3200636655950683 383.02179229847957
2020 6 7 13.93386124853077 0.2739799983972189 429.898889899004
2020 6 8 13.774707720276417 0.23436050435618122 482.2447162250548
2020 6 9 13.616296877056483 0.20045198349664198 540.9266918632828
2020 6 10 13.461833403961082 0.17148081964074516 606.8338305330564
2020 6 11 13.31647746122242 0.14679052869989087 681.1027344784236
2020 6 12 13.17684866133743 0.1257010459555777 764.6738798620306
2020 6 13 13.039712439455501 0.10765131329553741 858.5588713541885
2020 6 14 12.910110291254618 0.09224380362272393 964.3729435476743
2020 6 15 12.785827030798005 0.07907028183863488 1083.5292868521576
2020 6 16 12.667730177585254 0.06780895595183661 1217.8312645613587
2020 6 17 12.549735358109906 0.05814619472415772 1368.6847321055855
2020 6 18 12.435778302032462 0.04987399054679566 1538.545002381672
2020 6 19 12.330621370832596 0.04280977969313969 1730.446460849537
2020 6 20 12.232128407671151 0.0367662009673573 1947.0940456602737
2020 6 21 12.13633171876453 0.031581551024317124 2191.1693270362684
2020 6 22 12.034654202637755 0.027110767964250274 2464.6431137569507
2020 6 23 11.925374307507823 0.02325383787502829 2770.5170200091284
2020 6 24 11.825464180908805 0.01996195191372233 3116.297590815492
2020 6 25 11.719929882984108 0.017125168778906123 3503.531392011747
2020 6 26 11.616252200524253 0.014692856191436126 3939.156662502571
2020 6 27 11.508051476150895 0.012599127433374848 4427.102290957503
2020 6 28 11.39546906853078 0.010797854050611077 4973.4166975155895
2020 6 29 11.286656448280425 0.00925663377375751 5588.312126170686
2020 6 30 11.183287724081584 0.007939010551425481 6281.41198729845
2020 7 1 11.077374078616812 0.006806463952890177 7058.513561438827
2020 7 2 10.980245257922999 0.005840263269627837 7936.712384520011
2020 7 3 10.877968682811211 0.0050080270452376495 8919.837566921444
2020 7 4 10.779191995349453 0.004295556995555354 10026.83173759886
2020 7 5 10.682994971535265 0.0036851175108646534 11272.77441622783
2020 7 6 10.592659574751403 0.003163153119568912 12678.81833961299
2020 7 7 10.511769501142934 0.0027177128120893725 14270.628174800928
2020 7 8 10.435517542909661 0.0023360395600904075 16067.745793561058
2020 7 9 10.362954687923832 0.0020086701742507824 18096.005140825866
