2020 5 12 20.353368565310728 19.608898122171844 21.097839008449615
2020 5 13 20.684528995681493 19.19727807801639 22.227260887248445
2020 5 14 20.97142319360048 18.74821439021877 23.363785830086734
2020 5 15 21.269689653596018 18.31626451883409 24.566660019667225
2020 5 16 21.579696404196643 17.900723586582416 25.84012412454111
2020 5 17 21.901828994874396 17.50092055860725 27.188710302300837
2020 5 18 22.23612361425577 17.115922714665924 28.616807074933366
2020 5 19 22.581866444678866 16.74427888807359 30.128081834080383
2020 5 20 22.938292307642804 16.38463992313774 31.726248820783876
2020 5 21 23.3045796414329 16.035750957437877 33.415050302595745
2020 5 22 23.67984572287225 15.696444666733 35.198234930720396
2020 5 23 24.063142173421088 15.36563537126124 37.07953308159641
2020 5 24 24.45345079586638 15.042313912714482 39.062628996106724
2020 5 25 24.85009029645125 14.725795737145031 41.15178529162274
2020 5 26 25.253163363191565 14.415937690864673 43.35267431325734
2020 5 27 25.66277434972184 14.112599632404228 45.671271775758484
2020 5 28 26.022163189040505 13.784372275228895 48.012670067825
2020 5 29 26.328922529956493 13.433233973607154 50.36771202477698
2020 5 30 26.580955838538323 13.061273758574796 52.726660037451126
2020 5 31 26.776501022456493 12.670670492764295 55.079251318968
2020 6 1 26.85481671410068 12.235594543848784 57.29271189397077
2020 6 2 26.873853904213657 11.78834506507565 59.468169578594484
2020 6 3 26.892904589656403 11.357443961981849 61.7262314196831
2020 6 4 26.971560737503864 10.967460597499615 64.20681306193782
2020 6 5 27.05044693821057 10.590868188331093 66.78708141991076
2020 6 6 27.129563864633244 10.227206925929186 69.4710425868187
2020 6 7 27.20891219159658 9.876032790306693 72.26286364807024
2020 6 8 27.34878479430249 9.55880129802731 75.32700635059045
2020 6 9 27.48937643880066 9.251759709105942 78.52107706907103
2020 6 10 27.569777142644178 8.93407974600721 81.6765903383534
2020 6 11 27.58932116316104 8.607511021013938 84.77792662060631
2020 6 12 27.608879038296166 8.29287941043823 87.99702353287294
2020 6 13 27.628450777871 7.98974857518907 91.3383525560632
2020 6 14 27.586814538221564 7.679993650719476 94.60415840307378
2020 6 15 27.545241044632924 7.382247628949413 97.98673324724601
2020 6 16 27.50373020254639 7.096044936186086 101.49025216797433
2020 6 17 27.462281917545777 6.820938048584288 105.11903952475643
2020 6 18 27.420896095357186 6.556496792371039 108.8775742947083
2020 6 19 27.379572641848785 6.302307671199856 112.77049560092232
2020 6 20 27.338311463030603 6.0579732195828395 116.80260843849204
2020 6 21 27.29711246505431 5.823111381389602 120.97888960527112
2020 6 22 27.25597555421301 5.59735491244118 125.3044938446867
2020 6 23 27.214900636941017 5.380350806264822 129.78476020818937
2020 6 24 27.17388761981366 5.171759742111712 134.42521864519273
2020 6 25 27.132936409547046 4.971255554374516 139.23159682863636
2020 6 26 27.092046912997873 4.778524722575107 144.20982722459718
2020 6 27 27.0512190371632 4.593265881124979 149.36605441467486
2020 6 28 27.070395455497415 4.425367560872749 155.03762275481
2020 6 29 27.0895854678593 4.263606452502669 160.92454583242466
2020 6 30 27.10878908388557 4.107758221610265 167.0350008676762
2020 7 1 27.12800631321976 3.95760673391939 173.377475577395
2020 7 2 27.14723716551225 3.8129437555417396 179.96077996493258
2020 7 3 27.166481650420263 3.673568664192816 186.7940585576813
2020 7 4 27.18573977760786 3.5392881709638586 193.886803109264
2020 7 5 27.144770706068957 3.402073347524049 200.81923223167203
2020 7 6 27.043713307807803 3.2626395612259103 207.554535474562
2020 7 7 26.92305675849722 3.126510567747607 214.3624283371159
2020 7 8 26.77509776283212 2.9928282815563585 221.17195428182836
2020 7 9 26.586420257524217 2.8602196741354953 227.85472817432776
