2020 5 24 2.2434558875912707 2.146958311485892 2.339953463696649
2020 5 25 2.1848497861955174 2.0009384866343116 2.376845514159754
2020 5 26 2.127774659908215 1.8648498230612798 2.4143192101164503
2020 5 27 2.072190514859665 1.7380168784805121 2.4523837218751368
2020 5 28 2.0180584019454355 1.619810149068439 2.491048364324643
2020 5 29 1.9653403895338122 1.5096429450783022 2.5303225992137066
2020 5 30 1.9139995368862237 1.4069684789512937 2.5702160374663867
2020 5 31 1.863999868272006 1.3112771514722914 2.610738441533985
2020 6 1 1.8153063477593698 1.2220940225007062 2.651899727784046
2020 6 2 1.7678848546649075 1.1389764537230374 2.693709968927024
2020 6 3 1.7217021596444362 1.0615119117275256 2.7361793964812073
2020 6 4 1.6767259014084228 0.9893159204970093 2.7793184032765064
2020 6 5 1.632924564045675 0.9220301531576921 2.8231375459977164
2020 6 6 1.5902674549394085 0.8593206535126886 2.8676475477678784
2020 6 7 1.5487246832602153 0.8008761785333742 2.912859300772368
2020 6 8 1.5082671390208653 0.7464066535819045 2.958783868924357
2020 6 9 1.4688664726782588 0.6956417326977852 3.0054324905723
2020 6 10 1.4304950752682428 0.6483294568028334 3.0528165812501062
2020 6 11 1.3931260590593668 0.604235003164863 3.1009477364706717
2020 6 12 1.3567332387120232 0.5631395199133676 3.1498377345634534
2020 6 13 1.3212911129297702 0.5248390398226096 3.199498539556784
2020 6 14 1.2867748465899804 0.48914346797094693 3.2499423041056255
2020 6 15 1.2531602533412913 0.4558756382518967 3.301181372465486
2020 6 16 1.2204237786556664 0.42487043405416175 3.3532282835132214
2020 6 17 1.188542483323189 0.39597396874633445 3.406095773815464
2020 6 18 1.1574940273780236 0.36904282189881693 3.4597967807454286
2020 6 19 1.1272566544442821 0.3439433274521348 3.5143444456488604
2020 6 20 1.0978091764908242 0.32055091029864485 3.5697521170598927
2020 6 21 1.0691309589843112 0.29874946798492424 3.626033353967612
2020 6 22 1.041201906430108 0.2784307944660751 3.6832019291341216
2020 6 23 1.0140024482909016 0.259494043051892 3.741271832464916
2020 6 24 0.9875135252731714 0.24184522587935853 3.800257274432399
2020 6 25 0.9617165759718971 0.2253967474272296 3.8601726895533712
2020 6 26 0.9365935238641507 0.21006696975741468 3.9210327399213494
2020 6 27 0.9121267646424563 0.1957798073253455 3.9828523187945724
2020 6 28 0.8882991538790415 0.18246434934827013 4.045646554240578
2020 6 29 0.8650939950123379 0.17005450785719234 4.109430812838244
2020 6 30 0.8424950276473119 0.1584886896856493 4.1742207034381895
