2020 5 25 390.1023597313579 372.5731263190507 407.63159314366516
2020 5 26 394.2623120937351 359.6310110343975 430.48529769829975
2020 5 27 398.7927230960395 347.4359215878574 454.976344516997
2020 5 28 404.1526844390449 336.33173377201973 481.7477574327388
2020 5 29 410.5875213275925 326.4169893010034 511.28980980629973
2020 5 30 418.50747235652324 317.8937365867922 544.3652358430242
2020 5 31 428.2120502062255 310.83257961930616 581.7029215306542
2020 6 1 440.54501448679747 305.6728233714106 624.8663997196591
2020 6 2 453.92289834530845 301.07727921323794 672.2109817006076
2020 6 3 468.4445028099363 297.0399791907036 724.2348724432446
2020 6 4 483.2922962554978 292.9690729409572 780.0710706780577
2020 6 5 498.3822843422984 288.81549100970966 839.8433737155846
2020 6 6 514.1789842084594 284.85730063217744 904.5926185880102
2020 6 7 531.0687327505508 281.2815252952702 975.375954980564
2020 6 8 547.9171482092033 277.4348961887955 1050.6031417246306
2020 6 9 565.2515321134061 273.61628520300314 1131.5392235322
2020 6 10 582.9172566318149 269.74516079106456 1218.275909414042
2020 6 11 601.7721940334122 266.2236272627476 1312.9928182877597
2020 6 12 621.8058456279074 262.9997200603014 1416.314782060132
2020 6 13 642.6533825279645 259.8770049148435 1528.1020516453677
2020 6 14 664.6744765543341 256.9832838353698 1649.840985119827
2020 6 15 688.0391698945753 254.34951983445808 1782.7405344191227
2020 6 16 713.2820502525528 252.13344477493462 1929.083929894076
2020 6 17 739.6196056508986 249.9962611414653 2087.896384130057
2020 6 18 766.6893322499853 247.79596040934484 2259.1046925273026
2020 6 19 794.7045025857857 245.60038566679458 2444.218682060702
2020 6 20 824.1424392193854 243.54759860871928 2645.7285753438678
2020 6 21 853.5509711217126 241.18103136067967 2860.2565707653275
2020 6 22 882.1431073158031 238.31025502321305 3085.9271707889975
2020 6 23 909.8689474724649 234.980878037771 3323.021897196859
2020 6 24 938.9500025421116 231.82295739505778 3580.0997314866927
2020 6 25 967.9620367690396 228.46094964564477 3853.258621179727
2020 6 26 998.4137671078056 225.27592365613845 4149.421978200058
2020 6 27 1028.5553092051775 221.8491546073136 4463.077987184686
2020 6 28 1059.0295278845913 218.34999819446807 4797.938430430317
2020 6 29 1091.0635918661276 215.04148232790115 5160.899444330287
2020 6 30 1124.2277864921073 211.81485946613125 5552.080484686712
2020 7 1 1157.4369784960236 208.45520002412567 5968.155717646258
2020 7 2 1192.584482071574 205.32124435824173 6420.348118735416
2020 7 3 1227.1787879528438 201.9554101262413 6898.077908511431
2020 7 4 1263.2841055012486 198.72827164898035 7414.207685007582
2020 7 5 1301.421932023021 195.70533036275285 7974.649791035901
2020 7 6 1342.0950837566838 192.93649048411888 8585.936328486712
2020 7 7 1386.431300740873 190.5506800706331 9259.38230602488
2020 7 8 1434.02871184078 188.44128846378624 9997.648998861732
2020 7 9 1485.6027281843499 186.66307426305175 10811.110547369568
2020 7 10 1539.0315743091119 184.9016400672168 11690.759625663266
2020 7 11 1594.381958099406 183.15682753283525 12641.981600890409
2020 7 12 1651.7229865501959 181.42847981065887 13670.600022125112
2020 7 13 1711.1262520497 179.71644153153733 14782.912273164857
2020 7 14 1772.6659217651284 178.0205587924514 15985.72812622724
2020 7 15 1836.4188302431246 176.34067914267783 17286.411432579225
2020 7 16 1902.4645753405312 174.6766515700849 18692.925205336243
2020 7 17 1970.885617605248 173.02832648755734 20213.88037043608
2020 7 18 2041.7673832312669 171.39555571954898 21858.588484249558
2020 7 19 2115.1983707164245 169.7781924887629 23637.118740574584
2020 7 20 2191.2702613560405 168.1760914029567 25560.359616020454
