2020 5 25 189.58281209121833 165.30256974379606 213.8630544386406
2020 5 26 194.21332581672547 147.6447982294337 247.15520668045906
2020 5 27 199.0779031773767 131.9652055756756 285.7839013277472
2020 5 28 204.4894499745886 118.23256219179352 331.0602817429043
2020 5 29 210.53936374460682 106.21301487902602 384.30507936807044
2020 5 30 217.57379848216388 95.82175227195766 447.5836633605337
2020 5 31 226.04353447549045 86.97572171321156 523.7506649712539
2020 6 1 236.47211926754525 79.57318541666001 616.6540617376352
2020 6 2 247.92888874497976 72.98476780311968 727.4633310182354
2020 6 3 260.33780613101857 67.058743312239 859.3495064002711
2020 6 4 273.0203300980236 61.52438360534609 1013.999171744555
2020 6 5 285.9805936153828 56.37013463647916 1195.2166686753103
2020 6 6 299.55608029351947 51.647686538686 1408.820564045966
2020 6 7 313.53611067475214 47.27950549451163 1659.4706318670915
2020 6 8 327.2200556577173 43.13773815276948 1949.6947680744986
2020 6 9 341.26829955729175 39.32809052628309 2289.288250532073
2020 6 10 355.7982030980408 35.840889200278326 2687.2165860489117
2020 6 11 371.51657992574286 32.72029886587567 3158.6174022002283
2020 6 12 388.326039757672 29.906348215026092 3716.085532897052
2020 6 13 405.9306046202296 27.33705874130262 4372.272523442085
2020 6 14 424.6222134407458 25.007959032322223 5147.441395100459
2020 6 15 444.4767569648818 22.89509829964309 6063.705550739846
2020 6 16 465.53650132816585 20.975008014174946 7146.844951181028
2020 6 17 487.51123236256433 19.21221288980383 8422.190094193906
2020 6 18 510.34972682128296 17.590729900256466 9922.121365918645
2020 6 19 534.3943679492028 16.11079327424683 11691.828112074829
2020 6 20 559.7144968464673 14.759666615945953 13780.300183385898
2020 6 21 585.9355058942871 13.513972094111471 16234.472191812047
2020 6 22 612.1857852188996 12.345756245109374 19092.490916009378
2020 6 23 638.6316185937867 11.258753933676608 22423.074777181497
2020 6 24 666.7881255673609 10.27747629047646 26354.612860321915
2020 6 25 695.5333979763099 9.3716646068753 30949.690439002137
2020 6 26 725.5797675485361 8.546521060591404 36348.699920681596
2020 6 27 756.3430679772083 7.7871845864379745 42660.430008588744
2020 6 28 787.872297172238 7.089770129284077 50037.78695036448
2020 6 29 821.4869998170539 6.461754731317145 58739.900254417655
2020 6 30 857.1937249422685 5.894543816467991 69002.44417541269
2020 7 1 893.3084115079047 5.369255270671938 80965.87881245982
2020 7 2 931.8984702344003 4.896510404013407 95089.94729910651
2020 7 3 971.0776467811052 4.459725295005831 111567.89328428448
2020 7 4 1012.1632194496983 4.063093326143962 130931.05057006364
2020 7 5 1055.34733161094 3.7031824791539543 153701.37888633442
2020 7 6 1101.2190217166299 3.3781182188727357 180554.79785208893
2020 7 7 1150.8156170086081 3.0868981950476817 212383.64243772437
2020 7 8 1204.748487202572 2.8264233836064547 250211.4158333336
2020 7 9 1262.4470262470231 2.5908323255659256 295033.8559664687
2020 7 10 1322.908898421358 2.3748785048022247 347885.71047623124
2020 7 11 1386.2664469376086 2.1769250973583065 410205.35476208845
2020 7 12 1452.658353268505 1.9954717135743023 483688.832303986
2020 7 13 1522.2299407032667 1.8291430258703885 570336.0128764848
2020 7 14 1595.1334924414741 1.676678344438832 672505.0194655181
2020 7 15 1671.5285849212794 1.5369220618340784 792976.4051288507
2020 7 16 1751.5824371115746 1.408814894035562 935028.8263882867
2020 7 17 1835.47027653267 1.2913858515947967 1102528.272622431
2020 7 18 1923.3757228066543 1.183744880011981 1300033.2798584925
2020 7 19 2015.4911895769803 1.0850761135597882 1532918.9923807173
2020 7 20 2112.018305677024 0.9946316914216327 1807523.4485207114
