2020 5 24 364.4094010504597 360.2226502361226 368.5961518647967
2020 5 25 368.1580771954381 359.74537771433023 376.6680091773851
2020 5 26 371.699691302535 359.0287256287097 384.66532922008605
2020 5 27 375.00258884743204 358.05001402314224 392.55014475616184
2020 5 28 378.3098165997635 357.05008230135024 400.5703922932817
2020 5 29 381.72193077476385 356.12440721271514 408.8346774062022
2020 5 30 385.34309188905706 355.3674492735889 417.4603994430722
2020 5 31 389.20427672265475 354.80177315380905 426.4909238618235
2020 6 1 393.4676835874249 354.5683966429798 436.11515675986556
2020 6 2 398.3028134771755 354.8082896094172 446.538498315486
2020 6 3 403.91484802921605 355.6874835761516 458.0153404006641
2020 6 4 409.8484878991357 356.7824302809064 470.06217532636754
2020 6 5 416.0060145071476 357.9997652273192 482.5826752211314
2020 6 6 422.2005417534283 359.1734842383004 495.372276024535
2020 6 7 428.4309724070148 360.3031252682747 508.43473232108437
2020 6 8 434.8390968811119 361.5084343564648 521.9433960986025
2020 6 9 441.4591138342358 362.8142507944219 535.9502635310828
2020 6 10 448.06210272596064 364.0279602605327 550.1899907787907
2020 6 11 454.7339603591971 365.2214429914926 564.771347941819
2020 6 12 461.50516512312674 366.4188386115286 579.7391461166419
2020 6 13 468.5619382434619 367.7668385076871 595.3356982353082
2020 6 14 475.91418166356215 369.2670156599376 611.5901544816134
2020 6 15 483.4135413775342 370.7979487128236 628.3292098635618
2020 6 16 491.12783043392596 372.40944457984205 645.6521696487899
2020 6 17 499.09629035588426 374.1273284532321 663.6250256567711
2020 6 18 507.3938268337447 376.00290102631385 682.36383859306
2020 6 19 515.9647183761659 377.988219598598 701.8138818499374
2020 6 20 524.7148130380568 380.0092390784498 721.8651505881561
2020 6 21 533.6483054797852 382.06641764225276 742.5374576174909
2020 6 22 542.7694979252209 384.1602231228847 763.8513047921759
2020 6 23 551.7750007648414 386.07327749449297 785.3947311723875
2020 6 24 560.5433856984839 387.725402554351 806.9955689389652
2020 6 25 569.3856648119785 389.33932866523656 829.0962772250452
2020 6 26 578.3674262597859 390.9599728231581 851.8022444809963
2020 6 27 587.4908703028726 392.58736299231776 875.1300465746984
2020 6 28 596.7582319101721 394.22152725332 899.0967133274794
2020 6 29 606.1717813060854 395.8624938036562 923.7197409462677
2020 6 30 615.733824526618 397.51029095819126 949.0171047962183
