2020 5 24 2054.5062998750195 2040.2989855567457 2068.7136141932933
2020 5 25 2064.0217089617327 2035.571883011871 2092.6689696860894
2020 5 26 2073.8051946233218 2031.0766510358776 2117.1288393495793
2020 5 27 2084.5353257941874 2027.4730685960615 2142.793683951114
2020 5 28 2096.452138274057 2024.9760774263214 2169.932425872185
2020 5 29 2110.712334140487 2024.6798469614898 2199.7698883337143
2020 5 30 2128.162019812092 2027.350101190892 2233.2406011131566
2020 5 31 2150.259826149153 2034.3143879312702 2271.9468291908547
2020 6 1 2174.57069185442 2043.1792453629007 2313.419770663033
2020 6 2 2199.6284243139708 2052.5262210945193 2356.151920332272
2020 6 3 2224.0200052674377 2061.0249224957147 2398.650550647605
2020 6 4 2247.595895772062 2068.552249660932 2440.7442879936666
2020 6 5 2271.177775024534 2075.882570496943 2483.311833719307
2020 6 6 2295.25356499661 2083.4641611386423 2526.8912855276267
2020 6 7 2318.0899632957853 2089.71674427222 2569.5900645533216
2020 6 8 2340.1472505145193 2095.0809125943933 2611.8948571593132
2020 6 9 2362.2874322398084 2100.3451619155567 2654.7544073088134
2020 6 10 2386.0471539670525 2106.876354075798 2699.901903225329
2020 6 11 2411.21114777969 2114.4568124458297 2747.135769032554
2020 6 12 2436.7713719993217 2122.1792849061476 2795.3450471553747
2020 6 13 2462.9992396807093 2130.2754384392924 2844.8554100926167
2020 6 14 2490.3113277947446 2139.0960686790086 2896.1689342040213
2020 6 15 2519.2776329143917 2149.113991021286 2949.979606993452
2020 6 16 2549.5378135373403 2159.995173669567 3005.910633130317
2020 6 17 2580.299812189428 2171.0486598662324 3063.0652145659
2020 6 18 2612.133069508463 2182.7477649288867 3122.13761515318
2020 6 19 2645.3512772324516 2195.3390325277887 3183.5351981083895
2020 6 20 2679.5661116778806 2208.4794490779764 3246.8311907422294
2020 6 21 2712.9148316463 2220.6199409825435 3309.79996465916
2020 6 22 2744.6175865824084 2231.1401608113947 3371.475485714611
2020 6 23 2777.2369115144356 2242.1541497573544 3434.971103296741
2020 6 24 2810.8065448946045 2253.6767412489316 3500.3584273506176
2020 6 25 2845.1022551907213 2265.515366818405 3567.3893343162204
2020 6 26 2879.816420377251 2277.416181011831 3635.703864825493
2020 6 27 2914.9541461800636 2289.379510507754 3705.3265999183836
2020 6 28 2950.5206006219164 2301.405683700767 3776.282591355035
2020 6 29 2986.52101478256 2313.49503071053 3848.5973706299487
2020 6 30 3022.9606835681216 2325.647883390831 3922.296958158766
