2020 5 24 304.72579092926287 300.7313074456573 308.72027441286843
2020 5 25 299.444015341715 291.64497410133464 307.3459644231505
2020 5 26 294.3797611120066 282.9558683690751 306.10706960255845
2020 5 27 289.772682002804 274.88275069879853 305.2594968568994
2020 5 28 285.6643694534844 267.44471118487695 304.8637391418688
2020 5 29 282.33535949110063 260.88300444336505 305.238012490156
2020 5 30 279.93596094642044 255.3054186671173 306.5758236933795
2020 5 31 278.7346148475953 250.92112296585958 309.20923084159955
2020 6 1 278.0074673142392 247.03435727187156 312.3855826746324
2020 6 2 277.3991715661727 243.3117223180958 315.7259809394426
2020 6 3 276.5588089246848 239.44046745966529 318.83645345985127
2020 6 4 275.5464739958639 235.4797117348378 321.77637300862744
2020 6 5 274.5958044518856 231.63400562802758 324.81108487983295
2020 6 6 273.70617463175955 227.8998281729003 327.9427398038907
2020 6 7 272.5891363483383 224.03409932068277 330.8286642888442
2020 6 8 271.4193191714846 220.1868181164107 333.67039707415887
2020 6 9 270.3687055464653 216.49823560256013 336.6769112671491
2020 6 10 269.6633825371853 213.14468009076106 340.1354248481718
2020 6 11 269.2435109691104 210.0672404817091 343.9871945769104
2020 6 12 268.8242931499131 207.0342337646408 347.8825826087112
2020 6 13 268.5753654274562 204.17566412082684 352.04160874985683
2020 6 14 268.3266682087617 201.35656341053152 356.25035712289184
2020 6 15 268.02176016461044 198.53403237367286 360.4344867645813
2020 6 16 267.77357557703124 195.79282698030528 364.7435741623554
2020 6 17 267.5256208050815 193.08947004505237 369.1041778131061
2020 6 18 267.33416825558544 190.46405434886205 373.59455274647775
2020 6 19 267.3115497633145 187.99452549572692 378.37530679857053
2020 6 20 267.3451607756419 185.59655985803403 383.29682770027955
2020 6 21 267.09760271010407 183.0339851458268 387.8792402898075
2020 6 22 266.6817261152776 180.39129176286016 392.27167167745637
2020 6 23 266.3786872706354 177.862643025736 396.8788685440536
2020 6 24 266.15443669397393 175.42181728737415 401.6570505007931
2020 6 25 265.9499693717605 173.02740190228812 406.5223291467126
2020 6 26 265.74565912709335 170.66566902571208 411.4465409951563
2020 6 27 265.5415058393011 168.33617255862367 416.43039990500307
2020 6 28 265.33750938780514 166.0384724910171 421.4746283821166
2020 6 29 265.1336696521193 163.77213481879136 426.57995768408614
2020 6 30 264.92998651185013 161.53673146177275 431.7471279262366
