2020 5 25 414.8878129344063 404.6902535459536 425.085372322859
2020 5 26 408.0967161880328 388.2856932249592 428.4006397343576
2020 5 27 401.8485297725903 372.95690052303326 432.19499404373767
2020 5 28 396.5712944495816 359.0456173683059 436.9643422059137
2020 5 29 392.3011945838296 346.5023147282159 442.8196772723641
2020 5 30 389.81047196093755 335.92824843807875 450.71009071045967
2020 5 31 389.13073352101003 327.2238965364782 460.81672793109414
2020 6 1 391.11602394441917 320.98513856909966 474.3045735418359
2020 6 2 394.27977792740955 315.82416813380644 489.60403503705174
2020 6 3 397.6654212489528 310.9034159338333 505.6407615081996
2020 6 4 400.4366914085678 305.556272868247 521.3846070159075
2020 6 5 402.8036279611946 299.9778274158447 537.0670553072755
2020 6 6 405.3349611977396 294.6132369591852 553.4217472138147
2020 6 7 408.6894083530642 289.9312920046902 571.376584395841
2020 6 8 411.7409746427294 285.08918905272185 589.4516760798696
2020 6 9 414.71283065244467 280.25698561856075 607.951827124053
2020 6 10 417.938416151304 275.663658054633 627.3731238128972
2020 6 11 421.9173571784198 271.62596402158897 648.5080547516596
2020 6 12 426.72189437036917 268.1545334821164 671.565736130644
2020 6 13 431.6608112047937 264.7775326288518 695.568613153209
2020 6 14 437.30161627791637 261.83852938173504 721.4682880905906
2020 6 15 443.04334815958526 258.9484437551488 748.3772431495169
2020 6 16 449.57733791702276 256.5092512922866 777.5007517651541
2020 6 17 456.62736872193665 254.33248503461988 808.4834102689238
2020 6 18 463.87320615679545 252.22167465390953 840.851640929787
2020 6 19 471.5804401841741 250.31674079486194 875.143701916411
2020 6 20 479.4450774337595 248.4417721259668 910.8887428485323
2020 6 21 488.06745781481686 246.9055343279024 949.2842151297269
2020 6 22 496.6930343789777 245.30196752618033 989.002736430852
2020 6 23 504.14189079145604 243.05238297629853 1027.736511659236
2020 6 24 512.8319297895681 241.36795997725972 1070.2898022301124
2020 6 25 521.2887808699995 239.5149579867188 1113.805718309505
2020 6 26 530.7610059547061 238.07863625416667 1160.9624241800075
2020 6 27 540.9999037490275 236.91762195956073 1211.416169998797
2020 6 28 550.055930706116 235.15776193075763 1260.9715716883434
2020 6 29 559.9139509675412 233.6890311432009 1314.0451422246795
2020 6 30 571.0288434743204 232.6803116504821 1371.8876336349106
2020 7 1 582.186694427163 231.6035443695085 1431.8493901701452
2020 7 2 595.3016665809902 231.2236020318253 1498.7091194446214
2020 7 3 607.6377066359626 230.42698079935212 1565.9860371708803
2020 7 4 619.964672558849 229.5327230388309 1635.600818001483
2020 7 5 633.8920903917672 229.14189335214502 1711.872863889735
2020 7 6 649.5919981136456 229.27935578394298 1795.6434531007103
2020 7 7 666.9676484356974 229.8711220548222 1887.070678787921
2020 7 8 685.8443731689246 230.8215778544938 1986.0850610267864
2020 7 9 705.9574738342935 232.01226303725474 2092.327935955301
2020 7 10 726.6604121278493 233.20909032864185 2204.2541266161443
2020 7 11 747.9704856524536 234.41209141251156 2322.1676541282386
2020 7 12 769.9054992811901 235.62129813616036 2446.3888028000083
2020 7 13 792.4837800335929 236.83674251116796 2577.25499010622
2020 7 14 815.7241923881343 238.05845671424467 2715.121683203033
2020 7 15 839.6461540437682 239.2864730880833 2860.363364470756
2020 7 16 864.2696521436974 240.5208241422153 3013.3745487069755
2020 7 17 889.615259974919 241.7615425538714 3174.5708547330278
2020 7 18 915.7041541575018 243.00866116884677 3344.3901343245784
2020 7 19 942.5581323379571 244.2622130023704 3523.293661532778
2020 7 20 970.199631401486 245.52223123997928 3711.767385626515
