2020 5 25 116.79978268053053 107.25227987639242 126.34728548466865
2020 5 26 116.65621353107245 98.3619382026555 136.50983812272048
2020 5 27 116.5285044098244 90.22175757085581 147.50815302329292
2020 5 28 116.42848329148346 82.77656640520024 159.42745138419193
2020 5 29 116.36732861837275 75.97333162520918 172.3629836435111
2020 5 30 116.39875598815291 69.7896641793856 186.4851563327392
2020 5 31 116.49683171864183 64.14925707472973 201.87116271243147
2020 6 1 116.64866366652505 58.99426367771217 218.61960364690475
2020 6 2 116.85989949052743 54.28346528840387 236.86855775318597
2020 6 3 117.08661092818862 49.95584365471303 256.6714096811479
2020 6 4 117.30898670591306 45.971193984677626 278.11936499547863
2020 6 5 117.51884880667535 42.29930427336798 301.3288835184749
2020 6 6 117.71603841830054 38.916005584921884 326.4418184886966
2020 6 7 117.96005900842856 35.81869172209157 353.7766317613998
2020 6 8 118.20262536120403 32.967297011449254 383.39446448117843
2020 6 9 118.41194348503204 30.333479165200973 415.3824134144898
2020 6 10 118.61984355909006 27.90962364467646 450.03295473393246
2020 6 11 118.85874944860063 25.686660363311596 487.6902376018392
2020 6 12 119.11303889353047 23.643973628462877 528.5597045957151
2020 6 13 119.34286196718216 21.75876341042978 572.7431360823362
2020 6 14 119.5323856148404 20.016438781763323 620.424424017762
2020 6 15 119.73214128107553 18.415293143802412 672.1267606757333
2020 6 16 119.96035545825171 16.946551293636865 728.2955308899002
2020 6 17 120.1649035687587 15.591546648284279 789.0119323531262
2020 6 18 120.35046859071927 14.342376514142 854.6631925387736
2020 6 19 120.53204786692702 13.192778783474315 925.746752924786
2020 6 20 120.7265552800243 12.136710876985507 1002.8396251735572
2020 6 21 121.02094968584352 11.175190225451425 1087.1796397934356
2020 6 22 121.32520263097965 10.290689290629947 1178.6948648804744
2020 6 23 121.65038047430255 9.477905339550244 1278.1093999171292
2020 6 24 122.0778675106643 8.737220174599646 1386.9745904787715
2020 6 25 122.5249289048558 8.055711967674574 1505.3178876435145
2020 6 26 123.07005673408143 7.433701779004058 1634.9435115828676
2020 6 27 123.6770076350152 6.863306964136622 1776.5205090868017
2020 6 28 124.25098800537468 6.3346832998351745 1929.840693771508
2020 6 29 124.97215527058113 5.854143350324527 2098.637670864882
2020 6 30 125.70203903552206 5.410268706181003 2282.2748626130883
2020 7 1 126.41634268877466 4.999195613867942 2481.6205959875238
2020 7 2 127.15962608911114 4.620341423090041 2698.867427309452
2020 7 3 127.82381833876953 4.267165383382477 2933.361145547261
2020 7 4 128.46531624887479 3.940112477108494 3187.628663418394
2020 7 5 129.10770488578885 3.6380548127096097 3463.8786344535165
2020 7 6 129.64087166654429 3.355985332602701 3761.0527642223374
2020 7 7 130.25232181737232 3.0977550668977787 4085.9293746691233
2020 7 8 130.8575656549794 2.859178444762597 4438.583402606343
2020 7 9 131.4539987594189 2.6387220735043697 4821.280533847446
2020 7 10 132.05315033448176 2.435263945821101 5236.974024732072
2020 7 11 132.65503277063127 2.247493415606332 5688.508839752622
2020 7 12 133.25965851480507 2.0742008938545213 6178.975237823381
2020 7 13 133.86704007067243 1.9142700566738755 6711.729921702088
2020 7 14 134.47718999889284 1.7666706540987613 7290.419010926412
2020 7 15 135.09012091737574 1.6304518733771718 7919.002995489783
2020 7 16 135.70584550154155 1.5047362139805596 8601.783841037053
2020 7 17 136.3243764845837 1.3887138348797892 9343.434431085212
2020 7 18 136.94572665773197 1.2816373376732235 10149.030547768747
2020 7 19 137.56990887051708 1.1828169519606577 11024.08560998268
2020 7 20 138.19693603103636 1.0916160919480136 11974.588406667623
