2020 5 24 164.15685468911474 162.46513689516195 165.84857248306756
2020 5 25 163.6407782832481 160.2844698692487 167.03186357180508
2020 5 26 163.3497163057204 158.3518827291362 168.4516184490554
2020 5 27 163.5423270998209 156.91096974178618 170.38168656086387
2020 5 28 164.23129298018915 155.9591790965356 172.8507449174269
2020 5 29 166.03169646377125 156.0658615180946 176.5222983112456
2020 5 30 169.09844460823498 157.34439847225624 181.59721342920622
2020 5 31 174.09422695687985 160.37564841582667 188.82881421702638
2020 6 1 180.2014558121039 164.35319717718693 197.39382258625497
2020 6 2 186.76892594509653 168.6537594546921 206.61679713783107
2020 6 3 193.23579513180886 172.75987225000867 215.89462325547686
2020 6 4 199.70675180987385 176.76942013661167 225.34345195339404
2020 6 5 206.43984157202647 180.9122438472447 235.25708817390117
2020 6 6 213.9635737620577 185.64609986459678 246.24917550914523
2020 6 7 221.3233753416989 190.12367635891408 257.250608524185
2020 6 8 228.60062800187185 194.42086393311197 268.35333935942606
2020 6 9 236.1171613353954 198.81517681753672 279.93525519137904
2020 6 10 244.34643390756955 203.70084667987362 292.5690314369411
2020 6 11 253.1960833916846 208.984656087801 306.1723801032571
2020 6 12 262.34704361156616 214.38967298193575 320.38501241884643
2020 6 13 271.62976954191055 219.77188595238331 335.01441733583476
2020 6 14 281.8177679077849 225.75591399149934 351.02324780662843
2020 6 15 293.349686051238 232.67334635402082 368.9950547536693
2020 6 16 305.88743741759095 240.22624496640333 388.5586264702198
2020 6 17 319.23943705830254 248.24294884499332 409.51305349600096
2020 6 18 333.90059435708895 257.0919911012164 432.52925897581537
2020 6 19 349.5136258447514 266.47095152708624 457.199901099453
2020 6 20 366.8374901847411 276.93981315661836 484.56066442502305
2020 6 21 383.3507454384992 286.55976354657105 511.35383942606506
2020 6 22 398.8920012817302 295.23163412183584 537.3403985129994
2020 6 23 415.5221354749524 304.50552413525065 565.2656498747846
2020 6 24 433.4706128768234 314.52875844396215 595.4924196542717
2020 6 25 452.19437470650774 324.8819218279922 627.3355225888063
2020 6 26 471.7269093725513 335.57587437415384 660.881389775299
2020 6 27 492.10315181520707 346.62183364453114 696.2210740895864
2020 6 28 513.3595459893681 358.0313864432882 733.4504973294291
2020 6 29 535.5341100464503 369.8165009707999 772.6707105731277
2020 6 30 558.6665043318065 381.98953937785274 813.9881684604418
