2020 5 24 842.0193267401855 831.2823025916977 852.7563508886735
2020 5 25 843.6861558856168 822.3042535442954 865.3424923215771
2020 5 26 845.6404817929653 813.7001642279513 878.4058893440002
2020 5 27 848.6319358747804 806.1797020659696 892.7391048094606
2020 5 28 853.0037332304807 800.0299859239564 908.7471532632089
2020 5 29 859.553070860183 795.9483675171778 927.3380963148012
2020 5 30 868.9636640632307 794.4905382884965 949.3420138943555
2020 5 31 882.3801126201189 796.603719702301 976.1318751368922
2020 6 1 897.4527083128112 800.0306664187041 1005.2806874256614
2020 6 2 913.6141187581385 804.2134579682129 1036.2311625534073
2020 6 3 929.6818746999613 808.0794924571857 1067.6982172546725
2020 6 4 945.3928361932326 811.4083640423853 1099.3865289044493
2020 6 5 961.5152613161632 814.8762225208421 1132.1850555301776
2020 6 6 978.1285584963236 818.5418971913309 1166.2163287183714
2020 6 7 994.1228223996247 821.4658116641231 1200.1901999832523
2020 6 8 1010.3925759656787 824.4117003306031 1235.1706333366044
2020 6 9 1026.644972225391 827.1367329093331 1270.823872852186
2020 6 10 1044.052178864311 830.590547594405 1308.612115691672
2020 6 11 1062.560490299308 834.6999601250251 1348.5341863934743
2020 6 12 1081.4416463068726 838.8648505690486 1389.7309490701475
2020 6 13 1101.9636672654947 844.0630761360725 1433.8637213616794
2020 6 14 1124.8703166165333 850.8217559814321 1481.9941115450804
2020 6 15 1150.3055830246942 859.1869757689367 1534.4441575321132
2020 6 16 1177.1716753125984 868.2735746611205 1589.8919349664359
2020 6 17 1204.995685291522 877.7000046092176 1647.7896391395966
2020 6 18 1234.509027572643 887.9802287277734 1709.2065330288608
2020 6 19 1266.0274185475837 899.3031414765436 1774.6878020369545
2020 6 20 1299.256744250062 911.4141663987001 1843.948057761068
2020 6 21 1330.8964173270176 921.9613524450704 1912.417418037321
2020 6 22 1360.4859366011965 930.6766269042008 1979.3760790700353
2020 6 23 1391.9299384258206 940.2928701071592 2050.420110192388
2020 6 24 1425.3223618446264 950.8337552985096 2125.8136881881546
2020 6 25 1459.9219735724687 961.7637180614215 2204.585162257671
2020 6 26 1495.3614887241008 972.819322226243 2286.275492839196
2020 6 27 1531.6612959029223 984.0020120579013 2370.9928374026554
2020 6 28 1568.8422786444125 995.3132484233444 2458.8493611649305
2020 6 29 1606.9258274305764 1006.7545089823838 2549.9613855958823
2020 6 30 1645.9338519960402 1018.3272883807304 2644.4495424272236
