2020 5 24 733.5583065190692 726.0002562862852 741.1163567518531
2020 5 25 728.9762825572134 714.0288121767053 744.0785915138573
2020 5 26 725.086087070209 702.9043811139594 747.729613858933
2020 5 27 723.7233922343273 694.3833213246382 753.9835738361411
2020 5 28 725.6992977108711 689.1663541056178 763.7653666627582
2020 5 29 732.5222584449464 688.5865056272562 778.7696901163623
2020 5 30 744.829696645897 693.1023692014397 799.8313148724587
2020 5 31 766.1982947847943 705.8873021745868 830.9707704603157
2020 6 1 791.525885526353 721.9906345368969 866.9513652162832
2020 6 2 819.9470673787397 740.5194679939482 906.961269445155
2020 6 3 848.3444040310188 758.5806234978517 947.6624464425361
2020 6 4 876.1816165000297 775.7020053691554 988.4658186334707
2020 6 5 905.1448360073548 793.3980131710927 1031.2658656563942
2020 6 6 936.877130160493 813.0857163327248 1077.983226407572
2020 6 7 965.9147143576779 829.9578360798046 1122.4363481732016
2020 6 8 994.7391817899027 846.2236314960574 1167.4291151449197
2020 6 9 1023.3378260953284 861.884357046272 1212.950889509901
2020 6 10 1055.055174433543 879.7690840659616 1262.9697137979203
2020 6 11 1089.2913591168842 899.3055657878378 1316.8896181663745
2020 6 12 1124.770631798055 919.3849712588124 1373.2712662978229
2020 6 13 1162.8381094945858 941.0837160692275 1433.815976650071
2020 6 14 1203.3224228431745 964.2078383834453 1498.4213993328387
2020 6 15 1246.821846637368 989.1867464900289 1567.9372464235585
2020 6 16 1292.0449943743097 1014.932754075707 1640.8683198541682
2020 6 17 1337.8113078665556 1040.4870570732066 1715.7984044137233
2020 6 18 1385.6855832532099 1067.0634201025302 1794.7745630346694
2020 6 19 1436.113510249269 1094.9657978493576 1878.474466497377
2020 6 20 1485.850621879912 1121.6718446194536 1962.7736800599846
2020 6 21 1532.6240571492892 1145.4916037940409 2044.665543361826
2020 6 22 1575.8502235645046 1166.0654761947717 2123.2774391710827
2020 6 23 1622.66907286933 1188.7651875253928 2208.1098119758967
2020 6 24 1672.3715945779359 1213.0003236777538 2298.362749700363
2020 6 25 1723.7740167975132 1237.8582860890579 2392.5485815459933
2020 6 26 1776.7563564341324 1263.225661633384 2490.5941047835113
2020 6 27 1831.3671742158076 1289.1128896917166 2592.657487763174
2020 6 28 1887.656523444962 1315.530623578816 2698.903380500346
2020 6 29 1945.67599587456 1342.4897349273542 2809.5031802911094
2020 6 30 2005.4787689942991 1370.0013181618951 2924.6353082126743
