2020 5 24 0.542311785025161 0.5256479020372402 0.5589756680130816
2020 5 25 0.5056218962022567 0.4750350316952993 0.5371630025210414
2020 5 26 0.4719606388071518 0.42980884296177996 0.5167819991260042
2020 5 27 0.4413308699211598 0.38960838058347663 0.4980398902753128
2020 5 28 0.41340431694787044 0.3537994440489716 0.4807847978911566
2020 5 29 0.38809370415280997 0.3220081314125946 0.4651146738718246
2020 5 30 0.3654231350770246 0.29397821532746765 0.4512620902146157
2020 5 31 0.34555770237694655 0.26957953506287524 0.4396507623475369
2020 6 1 0.3275003814954304 0.24777388689270063 0.42926464997659525
2020 6 2 0.31043974267421964 0.22777220868478654 0.4191934760761936
2020 6 3 0.29401624862318687 0.20920057297124534 0.4090188409567663
2020 6 4 0.2782868746056538 0.19201885628442997 0.39884806435927866
2020 6 5 0.26345914077943117 0.17628978040650742 0.38901639878040195
2020 6 6 0.2495211069632457 0.16191581616989287 0.3795742195983367
2020 6 7 0.23615866603729346 0.14860886462504805 0.3701151121539925
2020 6 8 0.22332041460661928 0.1362750929935966 0.3605917597409042
2020 6 9 0.21118008674810473 0.12496496098849325 0.3513134506621884
2020 6 10 0.199836666228968 0.11467453651662518 0.34250166423788964
2020 6 11 0.18924291873419855 0.10531204094578737 0.33415147563315406
2020 6 12 0.1792107673073616 0.09671393759293119 0.32600486457858835
2020 6 13 0.16978790500513855 0.08885962326503796 0.3181977844588885
2020 6 14 0.16092471213342582 0.08167678066730152 0.31069801549685555
2020 6 15 0.15263722704977303 0.0751319237317519 0.30359325026636697
2020 6 16 0.14491674342147015 0.06918052542544148 0.29692981234276755
2020 6 17 0.137665067427515 0.06373793248108124 0.290573063387112
2020 6 18 0.13083577355795456 0.05875107190773504 0.2844780024294165
2020 6 19 0.12443009880443645 0.05419247667316694 0.2786952412140389
2020 6 20 0.11828425840492404 0.04996416570376438 0.2729095629068649
2020 6 21 0.11249949263492807 0.04609006105821758 0.26737670630337973
2020 6 22 0.10713136215048677 0.04257113250216878 0.26227385017393473
2020 6 23 0.10208980891359734 0.03934885612556987 0.2574407963770282
2020 6 24 0.09739491111911353 0.036412646258995957 0.2529726843368551
2020 6 25 0.09305406006347539 0.03374718140288719 0.2489409191679159
2020 6 26 0.08890667895067841 0.03127683290411803 0.24497341046374116
2020 6 27 0.08494414490509218 0.028987317928377516 0.24106913413361855
2020 6 28 0.08115821936909992 0.026865399168027788 0.23722708240833407
2020 6 29 0.07754103097420306 0.024898808307853203 0.23344626358004744
2020 6 30 0.07408505917555348 0.023076175093240975 0.22972570174631307
