2020 5 25 370.0373273664568 334.6893101741381 405.38534455877556
2020 5 26 370.7359421420933 303.2996483155756 444.93610891057904
2020 5 27 371.90890067503403 275.24092558321297 488.913276865868
2020 5 28 374.27187376296774 250.65591394561685 538.7966371662076
2020 5 29 378.44062153326945 229.4661811945048 596.3475048424874
2020 5 30 385.0700783209404 211.53165594492458 663.8500157377505
2020 5 31 395.2548656237729 196.88811400362255 744.9224339896007
2020 6 1 410.8781961844186 185.83320261270686 845.6379238844394
2020 6 2 428.8228622270798 176.16959897494988 963.4770217804679
2020 6 3 448.5087344813736 167.40187536068981 1099.8882101500064
2020 6 4 468.66912976021285 158.91031754683965 1254.5602767513972
2020 6 5 488.68926918107024 150.49467791794703 1428.181912872619
2020 6 6 509.4087283194679 142.476712957013 1625.3759108141521
2020 6 7 531.4941204210783 135.0222646517715 1851.3525356380112
2020 6 8 553.0112145770112 127.57021572329447 2103.4319275003413
2020 6 9 574.8702168575923 120.40737891073262 2387.821506028727
2020 6 10 597.4098746627288 113.6083152540335 2709.899650370521
2020 6 11 622.1671927467991 107.4468444604 3081.471646725309
2020 6 12 649.5381368344667 101.89372139207204 3511.855646453691
2020 6 13 678.9419589863818 96.75760465820879 4006.831464079089
2020 6 14 710.5431245399361 92.00383590235154 4576.683617762019
2020 6 15 745.2016854862538 87.68905281546535 5237.799222020293
2020 6 16 783.6901256140195 83.82836086305045 6009.451580419466
2020 6 17 826.1662626636254 80.35155834411412 6910.121687641247
2020 6 18 871.2081414599837 77.04458738186666 7947.984428658254
2020 6 19 920.0951413558589 73.99659624852781 9154.404632668904
2020 6 20 972.8993442104937 71.1636007063847 10555.626873142925
2020 6 21 1028.7339769780663 68.43906777128971 12171.327700262795
2020 6 22 1082.5226778876938 65.46955719585101 13972.218398557008
2020 6 23 1134.289595193971 62.33652518882312 15977.176591191554
2020 6 24 1188.1702269643633 59.333539863753735 18264.74202079468
2020 6 25 1242.715283594272 56.38058951586171 20850.704226427173
2020 6 26 1300.1607250268366 53.59258763423443 23809.443521656496
2020 6 27 1359.017461159232 50.89116715023746 27165.247393105023
2020 6 28 1417.937600988115 48.22851746636029 30942.04196570585
2020 6 29 1483.9351141486381 45.85901668879584 35342.623675113384
2020 6 30 1556.7911914401282 43.72295487571938 40459.24459892552
2020 7 1 1632.7276695028127 41.67244182529971 46303.70320144779
2020 7 2 1714.4513534182524 39.7712636352294 53051.49053383103
2020 7 3 1795.8906282323555 37.855331993318224 60647.24783434283
2020 7 4 1881.7712509129158 36.0437729748734 69349.8885273026
2020 7 5 1973.5594638085402 34.35339712810314 79367.68684769234
2020 7 6 2075.4905607730025 32.8409177527165 91060.43415255868
2020 7 7 2186.43775446339 31.454389543650567 104640.39613043352
2020 7 8 2308.8486192334362 30.205996815094668 120510.35340912807
2020 7 9 2449.45446074469 29.15553075742894 139379.1542395663
2020 7 10 2598.6230129085166 28.14159648333794 161202.32068845085
2020 7 11 2756.8757335315872 27.162923536530936 186442.42991083753
2020 7 12 2924.765836514546 26.218285643043636 215634.48666622053
2020 7 13 3102.8802257563275 25.306499174720933 249397.26360593626
2020 7 14 3291.841546830703 24.42642166613477 288446.41715592716
2020 7 15 3492.310363607227 23.576950383078728 333609.65700712183
2020 7 16 3704.987467425535 22.757020940845702 385844.29075520765
2020 7 17 3930.616326895315 21.965605970557405 446257.51557668805
2020 7 18 4169.985686885872 21.20171383187455 516129.8870559746
2020 7 19 4423.932325790738 20.464387370474793 596942.4626230968
2020 7 20 4693.343980706064 19.752702718741524 690408.1949508999
