2020 5 24 30.958791837723467 30.34765519683379 31.56992847861314
2020 5 25 30.510468138548852 29.31778430212872 31.726930641934377
2020 5 26 30.150592163696903 28.401614559612497 31.9699366031558
2020 5 27 29.90294596455979 27.615795756802225 32.32930481895693
2020 5 28 29.737657365016513 26.925898984453763 32.77955369076918
2020 5 29 29.73304146594649 26.39789069712387 33.41217415054839
2020 5 30 29.941405309314966 26.069325684620402 34.29633651218065
2020 5 31 30.446127703549443 26.001611756393903 35.541686715000466
2020 6 1 31.06840165161589 26.02719903116227 36.95955070542481
2020 6 2 31.73121199483396 26.076115725571746 38.467070375295435
2020 6 3 32.35133966987982 26.07842827794164 39.9671939981941
2020 6 4 32.95461983920115 26.057390925642647 41.49003301351198
2020 6 5 33.56914983515748 26.03637054408234 43.070895583515224
2020 6 6 34.195139441868626 26.01536711957051 44.71199253473535
2020 6 7 34.740949397457776 25.924499700305457 46.29551622530548
2020 6 8 35.23325864604006 25.787525095767464 47.852217941940175
2020 6 9 35.7325443417386 25.651274209816336 49.461264257623725
2020 6 10 36.30289377614892 25.56167850749189 51.21298855523023
2020 6 11 36.947356702293256 25.518170592722516 53.118462265471514
2020 6 12 37.60326038205177 25.474736731722615 55.09483264007178
2020 6 13 38.30447713294382 25.45418637471346 57.194068345498124
2020 6 14 39.05306708129396 25.45644377146856 59.4245000414316
2020 6 15 39.88622152181293 25.504287762642182 61.84832828000207
2020 6 16 40.772863735578625 25.57505770965158 64.42639828307018
2020 6 17 41.715722589550644 25.668923432600888 67.16961802608337
2020 6 18 42.75508760820955 25.80910055647118 70.14992636813382
2020 6 19 43.8969129720375 25.996261100946306 73.38809237157119
2020 6 20 45.069232137525454 26.184778882545277 76.77573421352606
2020 6 21 46.151797176174206 26.304327741615804 80.11352136605481
2020 6 22 47.17771866124569 26.377317659927453 83.45295303733515
2020 6 23 48.268687645873115 26.47412784193061 87.0063068563539
2020 6 24 49.38488492383887 26.571293337216957 90.71095937606077
2020 6 25 50.4495119520159 26.62718047991064 94.4312163595636
2020 6 26 51.53708994405308 26.683185169487675 98.30404930652774
2020 6 27 52.648113671103296 26.739307653183282 102.33571569452245
2020 6 28 53.783088570472486 26.79554817875268 106.53272963410582
2020 6 29 54.942530975557936 26.851906994472195 110.90187239391105
2020 6 30 56.126968350743496 26.90838434914035 115.45020335738967
