2020 5 25 2302.437902708719 2208.690412163331 2396.185393254107
2020 5 26 2308.3924816261997 2124.1928839154525 2500.2499465551355
2020 5 27 2315.0158729820996 2043.529237770219 2609.541665943493
2020 5 28 2323.405701900234 1967.4712038921064 2725.5805285723386
2020 5 29 2336.4295724694302 1898.1423523582064 2852.1798201938664
2020 5 30 2355.919487225137 1836.4502577105745 2992.4637233588664
2020 5 31 2383.4632254799444 1782.9144975502743 3149.670835715875
2020 6 1 2422.910686077492 1739.602919284213 3330.4415690746623
2020 6 2 2466.211552443532 1699.6414101311054 3525.9867028635977
2020 6 3 2511.9151316979905 1661.7204481268584 3735.3419838102345
2020 6 4 2557.7546632785993 1624.1751806245372 3956.070399466721
2020 6 5 2602.1380557653724 1586.022380699755 4186.296029103706
2020 6 6 2645.8184899297707 1547.8679340267327 4427.549819586333
2020 6 7 2691.230725512751 1511.2155421864122 4684.377938860944
2020 6 8 2733.2326236064177 1473.0783500126931 4948.811072586369
2020 6 9 2773.182206001854 1434.444200547118 5223.268626836363
2020 6 10 2813.846530369194 1396.8909738720592 5513.193818564355
2020 6 11 2857.2310960947257 1361.3752860886495 5823.373233549513
2020 6 12 2903.576081224799 1327.8544039278054 6155.674101878268
2020 6 13 2951.9056209747164 1295.7226929292476 6509.550786935351
2020 6 14 3001.8751631025707 1264.7352788512185 6885.6136850699595
2020 6 15 3053.1154390895194 1234.667931440352 7284.376611627465
2020 6 16 3110.8477457846466 1207.587044026157 7719.635319085255
2020 6 17 3171.1393228088596 1181.6698403246069 8184.543623922374
2020 6 18 3233.7962440814526 1156.7548483523015 8680.539577583582
2020 6 19 3298.911647568878 1132.8017521912655 9209.869797061387
2020 6 20 3366.8945228185426 1109.8790737513536 9775.822922944679
2020 6 21 3439.7728166654842 1088.5721716073688 10386.700457842653
2020 6 22 3512.119003206085 1067.006691931992 11029.380757640425
2020 6 23 3581.347477888555 1044.458984565018 11697.257895990684
2020 6 24 3654.1369620849937 1023.0283118003543 12412.751789093365
2020 6 25 3725.8200175892866 1001.3134181046528 13163.22689770319
2020 6 26 3801.7216210713723 980.8152637757662 13969.01168047832
2020 6 27 3879.528180293298 960.8292756983268 14825.440467999488
2020 6 28 3953.6194736222146 939.9360092476064 15714.093207631051
2020 6 29 4031.363983650209 920.0291834479524 16664.90879193781
2020 6 30 4112.919504892226 901.0648088394516 17682.689878183017
2020 7 1 4196.707015813393 882.6188705568296 18765.132848520163
2020 7 2 4286.161155344521 865.3833231725051 19931.542892147743
2020 7 3 4373.275701365695 847.6270042658026 21150.708729667138
2020 7 4 4464.43029552478 830.6748871604178 22455.4240926121
2020 7 5 4560.644124815831 814.6496302068905 23856.513472418854
2020 7 6 4664.525525490961 799.9327725586056 25374.284975275394
2020 7 7 4777.301456716708 786.6013426889575 27024.131532498228
2020 7 8 4896.169640242091 774.0462539912254 28800.29040510951
2020 7 9 5024.786434702862 762.7651553951969 30733.132951467804
2020 7 10 5156.781845721645 751.6484696942339 32795.69225611094
2020 7 11 5292.2446257035535 740.6938007032634 34996.67385866584
2020 7 12 5431.265858478196 729.8987871596731 37345.367544166096
2020 7 13 5573.939020543543 719.2611022143452 39851.68655287811
2020 7 14 5720.3600439185975 708.7784529301073 42526.20942157363
2020 7 15 5870.627380647132 698.448579787493 45380.22463285003
2020 7 16 6024.842068995865 688.2692561977065 48425.77826095192
2020 7 17 6183.107801391593 678.2382880226837 51675.724815194815
2020 7 18 6345.530994142948 668.35351310215 55143.78149558827
2020 7 19 6512.220858993664 658.6128007875693 58844.58608965753
2020 7 20 6683.289476555476 649.014051482886 62793.7587548316
