2020 5 25 526.6618131546576 505.6288950137053 547.6947312956099
2020 5 26 523.6178408162907 482.62448084575993 566.2819249445085
2020 5 27 521.1156266971681 461.149818797566 586.0667882959842
2020 5 28 519.5941670579444 441.488000287696 607.6324456224414
2020 5 29 519.7118656329237 424.05347625832627 631.9033571482267
2020 5 30 522.356542618806 409.36928794035697 660.2161827305645
2020 5 31 528.1894410984926 397.68163870275106 693.810224937349
2020 6 1 538.8839107448496 389.9389854298849 735.414070773774
2020 6 2 551.336192432199 383.4623527827053 781.6160402022683
2020 6 3 564.7463947410232 377.5594120574712 831.6707186560212
2020 6 4 578.2404876626198 371.5853597804176 884.5740952551151
2020 6 5 591.3954728463789 365.28072121581687 939.8307087845894
2020 6 6 604.6805876173045 358.9785776573406 998.2702288472314
2020 6 7 618.6965052570627 353.04184533668945 1061.0573659458732
2020 6 8 631.7101352886946 346.4459852576827 1125.517489067963
2020 6 9 644.8619854704912 339.8990392684027 1193.6521843597525
2020 6 10 658.3337594732785 333.5001177342217 1265.996853814154
2020 6 11 673.0284307675491 327.6985883933063 1344.536632960392
2020 6 12 688.9654517844249 322.4431801640715 1429.7754890853773
2020 6 13 705.7724868003 317.5026117687857 1521.4405215689858
2020 6 14 724.2511472408471 313.2053054246953 1621.7020317628608
2020 6 15 743.9904132340477 309.30208955019344 1730.3100348647788
2020 6 16 766.0231911440625 306.1773470102965 1850.2745398213488
2020 6 17 789.9134632212279 303.5658108053095 1981.4669418269664
2020 6 18 815.5089934047922 301.3455503629235 2124.370028361043
2020 6 19 843.3916817122405 299.68020794708974 2281.3767439173134
2020 6 20 873.4941031043466 298.4740586983704 2453.4130612135855
2020 6 21 905.8576378175165 297.6782590313772 2641.7555737768034
2020 6 22 937.023709687869 296.09703820184217 2837.5676038344304
2020 6 23 966.0460428806923 293.5079662299727 3038.154633886706
2020 6 24 995.9672816350791 290.9415330987894 3252.9211169926543
2020 6 25 1024.750037422346 287.7942466887656 3476.1241629123747
2020 6 26 1054.2913217669113 284.6604281287277 3714.393996966028
2020 6 27 1083.1011272118953 281.13329732383556 3963.4185503782296
2020 6 28 1108.980827180207 276.6849775060862 4215.535427270726
2020 6 29 1136.0339683008215 272.4455296299632 4485.79967143102
2020 6 30 1164.6405904675592 268.48532777260704 4776.91919687102
2020 7 1 1193.3013556655421 264.42910999027373 5084.199284052087
2020 7 2 1224.2032840255592 260.7745080993729 5417.78912523708
2020 7 3 1253.36695512647 256.62967540417054 5762.032528011499
2020 7 4 1283.7630982841652 252.66082103299905 6130.620993339289
2020 7 5 1315.8143278225486 248.93400671828886 6527.171092162572
2020 7 6 1351.7705706594513 245.8495498822855 6964.772991045266
2020 7 7 1392.1406466279923 243.427366946907 7449.392208713225
2020 7 8 1436.0157900409336 241.43112281501584 7980.036286342715
2020 7 9 1484.472189168332 239.98899443762977 8566.253970743124
2020 7 10 1534.5636835590822 238.55548025311415 9195.535516155282
2020 7 11 1586.3454472782892 237.1305288067442 9871.044416575682
2020 7 12 1639.874516164821 235.71408895114698 10596.176557942246
2020 7 13 1695.2098506543305 234.30610984446565 11374.577289769197
2020 7 14 1752.4124007221556 232.90654094853443 12210.15975087326
2020 7 15 1811.5451730176294 231.51533202706466 13107.124541317395
2020 7 16 1872.673300263746 230.13243314384152 14069.98083946592
2020 7 17 1935.8641129986227 228.75779466093175 15103.56907030966
2020 7 18 2001.187213737783 227.39136723690177 16213.085239018259
2020 7 19 2068.714553638941 226.03310182504677 17404.10705204809
2020 7 20 2138.52051175374 224.6829496716301 18682.621957120577
