2020 5 25 120.41598367460445 104.83964124916182 135.99232610004708
2020 5 26 118.97073713193895 90.18263680011911 151.74021025920555
2020 5 27 117.57081691442687 77.5959503917449 169.3473835002389
2020 5 28 116.43622906107309 66.93021892891582 189.3560587893776
2020 5 29 115.55904830970296 57.87218510395165 212.12959824368266
2020 5 30 115.04178890283498 50.21696452865696 238.29064373943214
2020 5 31 115.06797030012436 43.810568732061455 268.7988750158424
2020 6 1 115.79778086792261 38.4893596044299 304.8567242122323
2020 6 2 116.80456093644737 33.904983569623084 346.4685118017758
2020 6 3 117.92997766341482 29.898537630892363 394.0860895509098
2020 6 4 118.8998246065404 26.323330495170136 447.69197992856147
2020 6 5 119.70986570588873 23.138494105642224 507.95790982646474
2020 6 6 120.58173374036744 20.349871965819503 576.5754505873825
2020 6 7 121.45995174328912 17.897331050781986 654.462198125068
2020 6 8 122.1731715293756 15.71511201293908 741.9467601101172
2020 6 9 122.80437894728601 13.787882687252155 840.6022434957802
2020 6 10 123.52549328683708 12.106728105806805 952.9688848183163
2020 6 11 124.51230578793336 10.65618251338044 1082.3731500853132
2020 6 12 125.77055417468794 9.401987111741517 1231.6403405867447
2020 6 13 127.13025628507505 8.302039781972608 1402.3615661714773
2020 6 14 128.68405400586343 7.342491491794051 1598.7258529232518
2020 6 15 130.40816613610693 6.502481897093868 1824.4658476295706
2020 6 16 132.30872915291155 5.766219147561223 2084.2257646016606
2020 6 17 134.33034256757855 5.1173903363842035 2382.4397715847913
2020 6 18 136.35125257701847 4.5403657584935875 2722.7623480948973
2020 6 19 138.4667017667217 4.03054074403164 3112.9794407207924
2020 6 20 140.61497152235034 3.577962559273862 3559.1211275309533
2020 6 21 142.79657104523758 3.176203117291964 4069.202332253166
2020 6 22 144.74334685025556 2.8135801227978736 4644.730479301788
2020 6 23 146.44433003148555 2.4870635976259043 5292.9195000883665
2020 6 24 148.19974441650547 2.199024302991106 6032.8104778477455
2020 6 25 149.80192790503546 1.9417583780940904 6869.035765830707
2020 6 26 151.42143255657436 1.7145902361197514 7821.172656677687
2020 6 27 153.02283335558818 1.5135954606416617 8903.44855841872
2020 6 28 154.42523681622856 1.334026661399329 10122.92348821222
2020 6 29 156.0220864805814 1.1773301354248962 11521.329606580053
2020 6 30 157.81891995810668 1.0404238501260061 13126.463369257463
2020 7 1 159.5622129738691 0.9189483773476081 14949.047543493656
2020 7 2 161.51239706133606 0.8127364863661917 17042.27309195935
2020 7 3 163.33447434816637 0.7180359684227081 19412.568021679443
2020 7 4 165.33076336216203 0.6350454981430045 22130.793595989908
2020 7 5 167.5847525692043 0.5625431764486204 25260.865190135246
2020 7 6 170.22419390401436 0.4995090738413831 28887.107982847574
2020 7 7 173.14541272504968 0.44424293682909294 33074.66761762472
2020 7 8 176.45882287632455 0.3959691267899499 37934.60934477104
2020 7 9 180.2859232688016 0.35395143022190884 43605.46409707368
2020 7 10 184.1960271471648 0.3163923813247012 50124.056421402915
2020 7 11 188.19093471991738 0.2828188570888247 57617.11483090462
2020 7 12 192.27248523911138 0.25280793927506745 66230.31251756646
2020 7 13 196.44255784713778 0.22598158700723922 76131.09939725266
2020 7 14 200.70307244188209 0.20200187467509195 87511.95751789771
2020 7 15 205.0559905606436 0.18056673516034913 100594.14311952915
2020 7 16 209.5033162832256 0.1614061547642061 115631.98809582983
2020 7 17 214.04709715461186 0.14427877190464722 132917.84448232313
2020 7 18 218.68942512765483 0.12896883673812368 152787.76809740064
2020 7 19 223.43243752620873 0.11528349340662118 175628.05183234543
2020 7 20 228.2783180291518 0.1030503506751861 201882.73560460354
