2020 5 25 127.41153199683772 121.71629764722863 133.10676634644682
2020 5 26 125.97926701586611 114.96769654110403 137.49434274801018
2020 5 27 124.68222187412644 108.70198132138225 142.1565535486437
2020 5 28 123.71291198165365 103.05183397722165 147.33529446651968
2020 5 29 123.23853958541042 98.10137356248113 153.28316497439417
2020 5 30 123.52341751011433 93.99166292332109 160.4132361851508
2020 5 31 124.56813619282381 90.631796612117 168.8608767765263
2020 6 1 126.89769597720493 88.32041416715734 179.4830997490162
2020 6 2 129.8307641687014 86.45769761472718 191.5654946198503
2020 6 3 133.03622819336422 84.7705163533406 204.76313936680484
2020 6 4 136.19504162219582 83.03610508438581 218.67640464766833
2020 6 5 139.12837386895686 81.15397929974795 233.0525889363865
2020 6 6 142.21258510184833 79.36567107693156 248.5207979147869
2020 6 7 145.61169349436307 77.75435069323999 265.4464774490266
2020 6 8 148.5413148875996 75.8816623697213 282.52092292251587
2020 6 9 151.29579040391923 73.93449426850077 300.2484281383772
2020 6 10 153.98212905826801 71.9790344953894 318.85170882663397
2020 6 11 156.93456125077734 70.17738318882397 339.05987603815794
2020 6 12 160.33930721948755 68.59777709393872 361.40372140807443
2020 6 13 163.71684795656324 67.01048433764905 384.99219670460775
2020 6 14 167.60414230393087 65.63944468644658 411.1516831257363
2020 6 15 171.97993082657976 64.45161965477028 440.06056550395493
2020 6 16 176.9036024498649 63.44780194412899 472.1116833739188
2020 6 17 182.27489861379271 62.569605451398516 507.3156013414756
2020 6 18 188.09653190702855 61.80216852073565 545.9440523846067
2020 6 19 194.43016698510291 61.15127875664809 588.4601795531551
2020 6 20 201.49795828070776 60.67107147253978 635.8638223845239
2020 6 21 208.98144463636834 60.24244130193879 687.5871173475397
2020 6 22 216.28179109362947 59.68392777392389 742.0007504245636
2020 6 23 223.2577304277839 58.97069596646119 798.7326610689129
2020 6 24 230.9864232815709 58.40538638034761 861.690280768601
2020 6 25 238.54584922595814 57.73504586805942 927.9808008837621
2020 6 26 246.65341224918208 57.14518741464115 1000.541036866712
2020 6 27 254.6089559485017 56.462293931793894 1077.040426748795
2020 6 28 262.2593592050344 55.66298963002897 1157.0125585342114
2020 6 29 270.387617873967 54.92763262510818 1244.016771115116
2020 6 30 279.0660724282254 54.262583136682714 1338.9357881808278
2020 7 1 287.67124666870404 53.53717542318624 1439.4091306188382
2020 7 2 297.1311149268024 52.93114618385874 1550.3708606276439
2020 7 3 306.0123842774894 52.173488828796216 1665.2442784826683
2020 7 4 315.4002397644662 51.467787023927876 1789.9412848215914
2020 7 5 325.32461772185917 50.81218495222233 1925.3862617107961
2020 7 6 336.22776408604403 50.26903224052498 2075.0248817115353
2020 7 7 348.6708611297285 49.9072889663439 2243.5418570159422
2020 7 8 362.1257579569044 49.62706054061355 2429.2918486809685
2020 7 9 376.95873844051704 49.466108497306095 2636.182344315932
2020 7 10 392.39929047957094 49.30567845872676 2860.692656691861
2020 7 11 408.47230072414897 49.1457687318934 3104.3233764522865
2020 7 12 425.2036752027871 48.98637762931459 3368.702891953539
2020 7 13 442.62038107708696 48.82750346897184 3655.59827314935
2020 7 14 460.7504901066328 48.66914457430184 3966.9270824008354
2020 7 15 479.62322389426896 48.511299274178754 4304.77019115341
2020 7 16 499.2690009846622 48.3539659028966 4671.385688145228
2020 7 17 519.7194858920617 48.19714280015165 5069.223972107364
2020 7 18 541.0076401362775 48.04082831102496 5500.944129832909
2020 7 19 563.1677753691368 47.885020785964834 5969.431709083349
2020 7 20 586.2356086770454 47.72971858076948 6477.818005123448
