2020 5 25 428.9171758439619 392.668147091689 465.1662045962348
2020 5 26 424.8119199633337 356.0335857338372 499.6601747151538
2020 5 27 420.95997441606625 322.99626840218923 536.9637395577249
2020 5 28 418.15032409029504 293.79751128190264 578.3372771578487
2020 5 29 416.4390691806006 267.9968823898153 624.3919201542973
2020 5 30 416.3345415055492 245.4914988854644 676.5125870107692
2020 5 31 417.8031441568772 225.80361416696252 735.5401659309777
2020 6 1 421.7501505082411 209.03131980820297 804.0721591528253
2020 6 2 426.5312277981928 193.89975031462137 880.5085159631639
2020 6 3 431.9574364016663 180.13217577902543 965.4309205136007
2020 6 4 437.044642033446 167.17199256007427 1057.6318752659183
2020 6 5 441.69635326830996 154.95477512126155 1157.4393745913735
2020 6 6 446.0359731848915 143.50355668443137 1265.7180353708623
2020 6 7 450.9238283506376 133.0612545698802 1385.5609243665813
2020 6 8 454.92815763749616 123.10228414650229 1513.871574785401
2020 6 9 458.7961536258729 113.84217920051748 1653.492494747322
2020 6 10 462.8703913555178 105.32166059233447 1806.6150992698597
2020 6 11 467.8261294912631 97.63120461457824 1977.2170513811438
2020 6 12 473.4830695407211 90.63755789609867 2166.668563894294
2020 6 13 479.8643936028603 84.27046179707541 2377.2745809718263
2020 6 14 486.96632358622384 78.46208513450969 2611.4959241345755
2020 6 15 494.72535627069425 73.14299304491993 2871.7541922437053
2020 6 16 503.29342706596054 68.28582712704143 3161.928090390398
2020 6 17 511.69294111754147 63.70820575255248 3479.431153046318
2020 6 18 520.0070707443073 59.40936676908703 3827.2822856165235
2020 6 19 529.0129915844318 55.46420210654257 4214.006686724627
2020 6 20 538.6079698667826 51.8264284864752 4643.257184603227
2020 6 21 548.1395477139686 48.4044021915468 5114.185494748451
2020 6 22 557.2184656575918 45.153459234546446 5627.079157695991
2020 6 23 565.5704971745606 42.049768789320126 6182.551080979184
2020 6 24 574.8668936805482 39.2203204592269 6801.81077288286
2020 6 25 583.7368669339999 36.54174228948283 7476.243620653902
2020 6 26 592.7437004352443 34.04609941775318 8217.549788095344
2020 6 27 601.3669187084321 31.690881716074813 9025.115163147218
2020 6 28 609.964104524115 29.490608796280096 9909.769213717624
2020 6 29 619.4140262306352 27.478384982079817 10892.995422484237
2020 6 30 628.5812724436225 25.584425857478845 11966.229469296339
2020 7 1 636.8945801053361 23.7807295826189 13126.364924183097
2020 7 2 646.3205362191695 22.14163289582154 14419.642044123413
2020 7 3 655.1126644190479 20.589018882289054 15823.086203928724
2020 7 4 664.4369480776357 19.15824296160317 17373.090163476023
2020 7 5 674.3960550947263 17.84137252387248 19088.05871750462
2020 7 6 685.3962999582124 16.638613671593067 20997.562032923524
2020 7 7 699.0434227725627 15.576837222148628 23173.677392713296
2020 7 8 715.0063568667713 14.628365349531556 25643.080259285045
2020 7 9 732.4212145921858 13.759893091589529 28414.6231657637
2020 7 10 750.2602325599308 12.942981212732446 31485.71862227857
2020 7 11 768.5337417135036 12.174568621869522 34888.74272159136
2020 7 12 787.2523246192147 11.45177596200177 38659.57081354701
2020 7 13 806.4268215947711 10.771894820840336 42837.95571007281
2020 7 14 826.0683369871273 10.132377581980233 47467.94676714597
2020 7 15 846.1882456032422 9.53082787860033 52598.35426177423
2020 7 16 866.7981992974643 8.964991613918173 58283.26395954297
2020 7 17 887.9101337193615 8.432748514751923 64582.60729740133
2020 7 18 909.5362752259016 7.932104186539379 71562.79319266632
2020 7 19 931.6891479619883 7.461182640043013 79297.40813889989
2020 7 20 954.381581113452 7.018219261737486 87867.99196920758
