2020 5 24 973.7701405998396 965.2148730763967 982.3254081232826
2020 5 25 950.6937944161241 934.0611410623632 967.4732310666012
2020 5 26 929.4350581248652 905.1614575836973 954.1387864301001
2020 5 27 910.3261426360739 878.7866424752467 942.7070809110502
2020 5 28 893.7791621911327 855.2742543256807 933.6585569839087
2020 5 29 880.857263075818 835.5720448855017 928.1695187749784
2020 5 30 871.7055773032212 819.7228681653118 926.4886145237793
2020 5 31 867.0563484055855 808.3188682647708 929.4951146434738
2020 6 1 864.5986557374124 799.0934780124686 934.8341426515732
2020 6 2 862.3991617806369 790.2055757106738 940.4754792074873
2020 6 3 859.2028904267828 780.4980672695006 945.0577374264473
2020 6 4 854.7202102006116 769.7304813899037 948.2343399888281
2020 6 5 850.7079686307832 759.5140413348887 951.9175828383052
2020 6 6 847.8516630330045 750.4484085072936 956.8875163812818
2020 6 7 844.4136691820403 740.967632973184 961.2160794236179
2020 6 8 840.5479555580641 731.2190782122502 965.0614703068657
2020 6 9 837.3349728523085 722.1512162992359 969.6513485214027
2020 6 10 835.7401185637647 714.5807517434591 976.1226605167413
2020 6 11 835.4596741352642 708.2109091963848 984.1688096031262
2020 6 12 834.9365586054973 701.6920583793562 991.9953062142952
2020 6 13 835.6268366354044 696.2526886668684 1001.3252963642377
2020 6 14 836.6090618861956 691.0982616715597 1011.0921919458
2020 6 15 838.7106979706293 686.9057522005054 1022.3058332698766
2020 6 16 841.4512592404193 683.2576334535906 1034.4161926121387
2020 6 17 844.4452817602306 679.8274284897601 1046.9705901044751
2020 6 18 848.3333118898211 677.1255959300844 1060.7725678879347
2020 6 19 852.9787614165673 675.0247722315738 1075.681201771851
2020 6 20 859.5829249165403 674.4604095269892 1093.2373996414372
2020 6 21 865.9384911234587 673.6613395982821 1110.6989289721123
2020 6 22 870.9319677659025 671.7670143317359 1126.6319965256855
2020 6 23 877.3292675154876 670.9386020952693 1144.5723526030788
2020 6 24 884.7134052836416 670.8299610266738 1164.0245232130262
2020 6 25 892.4116281117283 670.9123666282793 1184.1387600047467
2020 6 26 900.1768360610497 670.9947823526932 1204.6005689598067
2020 6 27 908.009611994244 671.0772082011589 1225.415956093248
2020 6 28 915.9105438456555 671.1596441749202 1246.591031203501
2020 6 29 923.8802246654657 671.2420902752209 1268.1320096657505
2020 6 30 931.9192526642076 671.324546503305 1290.0452142562942
