2020 5 24 1124.7624477569802 1106.2421150920538 1143.2827804219066
2020 5 25 1135.4526236066295 1098.3571697547034 1173.1641404142922
2020 5 26 1147.2821238679671 1091.5322441453527 1204.8986796897927
2020 5 27 1160.9983080107006 1086.4274765617788 1239.3436509093276
2020 5 28 1176.1324633931042 1082.5200279731655 1276.1119253695836
2020 5 29 1196.5941006019573 1083.34850358877 1319.537327905365
2020 5 30 1221.9849520764426 1088.3180376898663 1369.4835825423675
2020 5 31 1255.1230480945985 1099.730338335228 1429.3989310507798
2020 6 1 1293.2267499906295 1114.8257521285227 1496.5672578610959
2020 6 2 1333.0781820537757 1130.6378073450733 1567.5757419239558
2020 6 3 1372.994698734719 1145.6877804143319 1640.5858767951022
2020 6 4 1413.5360690085638 1160.4621411805495 1716.3149379682968
2020 6 5 1455.0396473013568 1175.2341942575936 1795.2544373601918
2020 6 6 1500.6632160541037 1192.5377311432035 1881.404426352766
2020 6 7 1547.0939293191677 1209.600630629843 1970.9069727101453
2020 6 8 1593.4187446735932 1225.7016815563854 2062.702335478033
2020 6 9 1641.3292514845716 1242.1698091361716 2159.0301517210432
2020 6 10 1693.3395078941574 1260.8716903140507 2263.3543975470293
2020 6 11 1748.8268279967438 1281.2170055517904 2375.1642256492314
2020 6 12 1805.9144056395428 1301.730937533148 2492.2014570276647
2020 6 13 1864.1152979712863 1322.032557080528 2613.9704341779084
2020 6 14 1925.9729896055978 1343.9139593053742 2744.1866124270878
2020 6 15 1993.4837366704003 1368.6698356076597 2886.019543517629
2020 6 16 2065.5140774943156 1395.3600274890432 3038.3002683594564
2020 6 17 2140.232889014106 1422.6286663890692 3198.7422980526335
2020 6 18 2219.8773578398204 1451.9076749828384 3370.9787760681356
2020 6 19 2303.5000386020515 1482.452741392369 3554.0297522902974
2020 6 20 2394.674628604297 1516.4732872075226 3753.8122991351383
2020 6 21 2484.7824348318113 1548.313679986094 3957.4959697860118
2020 6 22 2573.0164728570167 1577.542271244877 4163.847069803351
2020 6 23 2666.3433052046075 1608.5240963478875 4384.128905103203
2020 6 24 2765.743141567618 1641.7359186008773 4620.484000455289
2020 6 25 2869.4115350040715 1675.9676642387528 4870.521889982367
2020 6 26 2976.965732453259 1710.9131741283204 5134.09060143048
2020 6 27 3088.551385567771 1746.5873309288631 5411.9223563929445
2020 6 28 3204.3196054633695 1783.005327617177 5704.789000697646
2020 6 29 3324.427167356133 1820.1826739579842 6013.504148675904
2020 6 30 3449.0367228700156 1858.1352031092608 6338.925443468633
