2020 5 25 62.59314220482152 59.58913541840009 65.59714899124296
2020 5 26 63.94655330908579 57.95591968881012 70.23176163201627
2020 5 27 65.30547412390614 56.34593816212485 75.16773296385826
2020 5 28 66.6447551633891 54.7388193324143 80.39476509252371
2020 5 29 67.96198905420835 53.13687166114187 85.92554737351092
2020 5 30 69.22952056556572 51.522589204559296 91.74106522070474
2020 5 31 70.41782554270857 49.88079179401664 97.8138663121456
2020 6 1 71.54805311405977 48.235723569157486 104.17965181565235
2020 6 2 72.6432652768012 46.60907343962582 110.8823272614544
2020 6 3 73.72825746054873 45.01996485435715 117.97504773437254
2020 6 4 74.82945497364521 43.48503597937699 125.52146254208157
2020 6 5 75.9748967523027 42.01859297459595 133.59722023793873
2020 6 6 77.1378722263313 40.60160273069778 142.1925533198804
2020 6 7 78.31864979040553 39.232397555483765 151.34089005457727
2020 6 8 79.48840892142009 37.8947923388332 161.0215908099708
2020 6 9 80.67563945200874 36.60279197498523 171.32152914934892
2020 6 10 81.88060233316129 35.35484159365881 182.28031534423104
2020 6 11 83.07314622881822 34.13630607513472 193.87238172186417
2020 6 12 84.25219966183458 32.9470878358895 206.12962459635438
2020 6 13 85.44798734726602 31.799298801592247 219.1618102530495
2020 6 14 86.59726407165188 30.667870719870834 232.8551090359497
2020 6 15 87.76199858539265 29.57669917059987 247.4039694303427
2020 6 16 88.90979784933603 28.513364959479773 262.76994405042433
2020 6 17 90.07260865781514 27.48825947828037 279.0902815959217
2020 6 18 91.25062733999347 26.500008337109875 296.42425644518863
2020 6 19 92.41015592527528 25.537442600600883 314.7247117311762
2020 6 20 93.55009113000393 24.60035396192832 334.03807829784637
2020 6 21 94.63458602703936 23.679374918676626 354.28845684318765
2020 6 22 95.73165311045632 22.792875151593943 375.7664733671667
2020 6 23 96.87699955935469 21.94803070672849 398.68613688250196
2020 6 24 97.92808840084354 21.110042301801656 422.55947253350183
2020 6 25 98.99058126761938 20.30404877496548 447.8623441085794
2020 6 26 100.02782986234146 19.521286199104253 474.51398484406144
2020 6 27 101.03878967818945 18.761449148756423 502.57535850217084
2020 6 28 102.13503279958398 18.045126255993996 532.6695832907792
2020 6 29 103.20522976061461 17.349449759821525 564.3679802454091
2020 6 30 104.24830287553601 16.674148214820583 597.7430572297964
2020 7 1 105.34064322019447 16.0313257240168 633.3138825581141
2020 7 2 106.36616761562475 15.401375041924648 670.5309621127168
2020 7 3 107.44118765128016 14.801899409848025 710.184208335502
2020 7 4 108.5270726837947 14.225757475735083 752.1824319342022
2020 7 5 109.58361797533257 13.666756568424503 796.3848948516339
2020 7 6 110.56903502286704 13.119568013420135 842.5932765299964
2020 7 7 111.46747613391668 12.582916192491828 890.7524632155502
2020 7 8 112.29592489919261 12.05949081872199 941.0465749066336
2020 7 9 113.0867305711827 11.553135219069366 993.8133688542752
2020 7 10 113.883105221846 11.068040549679363 1049.5389266057052
2020 7 11 114.68508806881151 10.603314103616496 1108.3891533181575
2020 7 12 115.492718605885 10.158100657049866 1170.539256858721
2020 7 13 116.30603660499385 9.731580895407285 1236.174269430142
2020 7 14 117.12508211814566 9.322969905612263 1305.4895984454656
2020 7 15 117.94989547940058 8.931515731629158 1378.6916082915732
2020 7 16 118.78051730685765 8.5564979906583 1455.9982347136308
2020 7 17 119.61698850465491 8.197226547434514 1537.6396336495832
2020 7 18 120.45935026498388 7.853040244189376 1623.8588664463919
2020 7 19 121.30764407011799 7.523305683939999 1714.9126234980329
2020 7 20 122.16191169445538 7.207416064865258 1811.0719884596535
