2020 5 24 433.1571555147842 422.153777134289 444.16053389527946
2020 5 25 425.88302959792816 404.5203548503318 447.7953642003741
2020 5 26 418.7735106139891 387.663804280167 451.50457519204537
2020 5 27 411.87212200410414 371.59247611689005 455.3409486440505
2020 5 28 405.2369545792271 356.3249885846472 459.37849886930263
2020 5 29 398.89333022671184 341.8471554450138 463.66117280885493
2020 5 30 392.8534913082029 328.13280932934407 468.22145615125766
2020 5 31 387.2239648813244 315.2349899072071 473.2066245088403
2020 6 1 381.77435847732164 302.9249395130365 478.3661582523802
2020 6 2 376.4286286468485 291.11716894324945 483.6160066549954
2020 6 3 371.1255905252684 279.744783581885 488.8821509991263
2020 6 4 365.8496985421065 268.7808054243715 494.14298595140394
2020 6 5 360.6175510997478 258.22357230374286 499.4182143477557
2020 6 6 355.4910405722958 248.10307042970302 504.7924273200952
2020 6 7 350.3564158235215 238.32269338947836 510.10946396888687
2020 6 8 345.26103200131786 228.90410969533733 515.431659615892
2020 6 9 340.2250034911252 219.84797278213333 520.7873655810799
2020 6 10 335.31087760973867 211.18142922983355 526.2728787527471
2020 6 11 330.5202514349534 202.88960452351938 531.8986040091933
2020 6 12 325.8545468581084 194.95801848876835 537.6753545621366
2020 6 13 321.29646458655407 187.36148779424997 543.5837503284987
2020 6 14 316.82501669392644 180.07429526561396 549.5957739813582
2020 6 15 312.52407184238524 173.13206911730853 555.8621138578519
2020 6 16 308.3571661527269 166.49939011297099 562.3344592837016
2020 6 17 304.2809449514906 160.13977559375863 568.9462263185487
2020 6 18 300.27160638468314 154.0299139919796 575.6600371564392
2020 6 19 296.32364805391296 148.15755042046325 582.4694680907754
2020 6 20 292.4993288693894 142.54493442893082 589.500446524491
2020 6 21 288.6868804891099 137.12667185711197 596.5407479971501
2020 6 22 284.82957624891714 131.86945219187635 603.4697582721258
2020 6 23 281.04747060136555 126.82473959021407 610.5293776969194
2020 6 24 277.331460105348 121.9801777468883 617.7060680101199
2020 6 25 273.6811687798295 117.32796783472627 625.0040618398616
2020 6 26 270.0789233080201 112.8531888582014 632.3882790640254
2020 6 27 266.52409130092593 108.54907376734919 639.8597383836295
2020 6 28 263.0160486931817 104.40911360116266 647.4194705353094
2020 6 29 259.5541796334934 100.42704764432098 655.0685184335144
2020 6 30 256.13787637652314 96.59685395933107 662.807937314385
