2020 5 25 717.9537699951337 659.8989785125804 776.0085614776872
2020 5 26 740.3620572031456 625.46387601274 864.9430470724521
2020 5 27 763.7793157015241 593.087214133591 964.4315441491477
2020 5 28 788.6558339744752 562.9444980982074 1076.2708876187467
2020 5 29 815.2494630494843 534.9810675549701 1202.317172920437
2020 5 30 844.0181825739573 509.24555336503187 1345.0105185333293
2020 5 31 875.5667112422794 485.8127515565964 1507.4510383978086
2020 6 1 910.5827051028392 464.72783135400465 1693.4495203808494
2020 6 2 947.8557727325887 444.995253328888 1903.9908701909233
2020 6 3 986.9518025974857 426.2400850567463 2141.3052846894193
2020 6 4 1027.350902074523 408.1417161441091 2407.5271587802185
2020 6 5 1068.6518975235049 390.51315357765657 2705.085857687638
2020 6 6 1111.501539886059 373.60518562459566 3039.138591110487
2020 6 7 1156.1855129547278 357.46833381695336 3414.7614046152544
2020 6 8 1201.6989391861082 341.729521601756 3833.953645398034
2020 6 9 1248.1246601022344 326.4336043557404 4301.799937980767
2020 6 10 1296.3439646625652 311.82233701442226 4826.7361627138625
2020 6 11 1347.3747505918775 298.0932518270136 5419.26082489982
2020 6 12 1401.5411686384268 285.2179309945448 6089.055221285423
2020 6 13 1458.1781792086226 272.958355633623 6842.906016972645
2020 6 14 1517.5612188364044 261.3113380921818 7692.232727571007
2020 6 15 1579.5212214806488 250.1886103951908 8647.78015245023
2020 6 16 1645.1667901850271 239.72239868588423 9728.356000397673
2020 6 17 1714.0565556386402 229.76920212018288 10947.00516418606
2020 6 18 1785.651832058815 220.20523982692941 12317.167393801417
2020 6 19 1860.61093806332 211.08540884567793 13861.398700198071
2020 6 20 1939.4947258803181 202.431541341682 15605.029879905574
2020 6 21 2023.344908630805 194.30174804149908 17581.043503142148
2020 6 22 2109.3395949775754 186.3562717957082 19794.40822715296
2020 6 23 2197.4456442614455 178.59933857698556 22271.939762367965
2020 6 24 2289.6912646170185 171.20262184823937 25064.223534734105
2020 6 25 2384.6124441156435 164.0227566955468 28193.481665588308
2020 6 26 2483.9672225596123 157.17829213386932 31719.32089087372
2020 6 27 2586.682619105346 150.57014598501067 35676.14940221232
2020 6 28 2690.130205162265 144.03520118824633 40078.08980544055
2020 6 29 2798.558555257429 137.8290524394003 45035.73725340914
2020 6 30 2912.2348702082 131.93353694335144 50620.76778905657
2020 7 1 3030.224236617949 126.27640504405143 56893.12469910751
2020 7 2 3154.5777920581927 120.92784569474395 63972.41861721053
2020 7 3 3281.7261600380552 115.7173402622683 71885.78722927794
2020 7 4 3413.9993683438224 110.73134364085995 80778.03711774602
2020 7 5 3551.9608657569706 105.97175770792919 90778.69983835932
2020 7 6 3697.3540044863416 101.47214344695848 102064.935281429
2020 7 7 3851.339687537796 97.23606984875381 114827.26174998583
2020 7 8 4012.771847664113 93.20292551643911 129216.21469469096
2020 7 9 4182.585573348678 89.37457830129482 145460.24591193674
2020 7 10 4359.585529032254 85.70348196983785 163746.3470877424
2020 7 11 4544.075823828464 82.18317737951116 184331.23095922868
2020 7 12 4736.373436234875 78.80747069960586 207503.8821399638
2020 7 13 4936.80875874359 75.57042251347154 233589.6140827039
2020 7 14 5145.726165498836 72.46633736835776 262954.63605110964
2020 7 15 5363.484603976859 69.48975375449977 296011.19421469764
2020 7 16 5590.458211704719 66.6354344958175 333223.35904121696
2020 7 17 5827.036959077579 63.898357535320194 375113.5402338055
2020 7 18 6073.627319378933 61.273707099004326 422269.8206740487
2020 7 19 6330.652967154965 58.75686522269793 475354.2123298263
2020 7 20 6598.555506142928 56.3434036269431 535111.9500300024
