2020 5 25 175.8351387458585 165.6851819271513 185.98509556456574
2020 5 26 171.41692966488597 152.19529010364562 191.78128834049147
2020 5 27 167.198720944539 139.8827352502398 197.85767379398405
2020 5 28 163.58772050931174 128.98742577642534 204.72229903290102
2020 5 29 160.58120995046164 119.35588247489194 212.4839843018807
2020 5 30 158.43020230224386 111.03833379584573 221.59884228011364
2020 5 31 157.45940281596498 104.10738343185547 232.71517207529044
2020 6 1 157.96584605499686 98.58183410560493 246.56362450128287
2020 6 2 159.04792838632034 93.70777882693554 262.1321262809557
2020 6 3 160.4841884292716 89.27901224382587 279.2551685908249
2020 6 4 161.6834921660366 84.92051908614127 297.0618339515933
2020 6 5 162.6399643813161 80.64255332135221 315.54131653476975
2020 6 6 163.58520923973077 76.57172239692943 335.1376020092123
2020 6 7 164.48499664253666 72.68253732492447 355.8465057334095
2020 6 8 164.99695947074758 68.81733075482283 376.98533304216346
2020 6 9 165.32208278055873 65.07908107390232 398.9493663972409
2020 6 10 165.64784673954864 61.5438981281141 422.1930748986429
2020 6 11 166.335407463433 58.33493256588403 447.7115047118914
2020 6 12 167.37120674976595 55.41441464812227 475.7019776061131
2020 6 13 168.53509354393483 52.6803839869946 505.7881042075192
2020 6 14 169.93454283886177 50.15234645692641 538.4597038520266
2020 6 15 171.59261324627292 47.81852159711989 574.0243931364379
2020 6 16 173.56971741900009 45.67769884673262 612.9512279640832
2020 6 17 175.65970351164603 43.656431867271834 654.8360317750228
2020 6 18 177.75661822700116 41.720074738940426 699.5149641746733
2020 6 19 179.95238460352763 39.886929476158535 747.532803452066
2020 6 20 182.2313234441564 38.146754479264665 799.0796327240257
2020 6 21 184.44452516380375 36.46269700026228 853.7661129600423
2020 6 22 186.1484243258129 34.74698789147452 909.7132568765035
2020 6 23 187.3849077116346 33.02182211526279 966.9654066677176
2020 6 24 188.7657867982155 31.406308403658947 1028.5234236638464
2020 6 25 189.90206793688267 29.827441283940075 1092.6121072429546
2020 6 26 191.16348474869602 28.3465278575523 1161.3748646884687
2020 6 27 192.3141988998469 26.92148292017054 1233.7417009775322
2020 6 28 193.25220943423903 25.53733286694396 1309.2088310546976
2020 6 29 194.41549672432737 24.25351260157853 1390.7874014420856
2020 6 30 195.82800115286236 23.06444943091591 1479.181970590528
2020 7 1 197.1287807365798 21.919314234459215 1572.273224464834
2020 7 2 198.72472827976074 20.862894093185236 1673.5084157913739
2020 7 3 199.98285340620532 19.820566647563084 1778.308225042969
2020 7 4 201.35275656972314 18.840603773355607 1890.5940288487295
2020 7 5 202.94109167673219 17.92865259307982 2011.932622308995
2020 7 6 204.98441978659966 17.09993211022287 2145.445273833113
2020 7 7 207.4384884110404 16.342065767395145 2291.901516228984
2020 7 8 210.35410542057127 15.651834293268035 2453.130265980509
2020 7 9 213.85340980774544 15.031137045406172 2632.030003471187
2020 7 10 217.41092618545628 14.435054489105989 2823.9763844761014
2020 7 11 221.02762292783402 13.862610491409324 3029.9208631973393
2020 7 12 224.7044845182064 13.312867629392212 3250.8842806564912
2020 7 13 228.4425118170802 12.784925655059714 3487.9619248759104
2020 7 14 232.24272233458038 12.277920021117676 3742.3289600844423
2020 7 15 236.1061505074217 11.79102046520725 4015.246251859516
2020 7 16 240.03384798048762 11.323429650283733 4308.066617080106
2020 7 17 244.02688389309347 10.874381858913269 4622.241529670788
2020 7 18 248.0863451700115 10.443141739349167 4959.328315376436
2020 7 19 252.21333681733748 10.029003101334496 5320.99787123115
2020 7 20 256.40898222327894 9.631287759658932 5709.042947985859
