2020 5 24 300.87551619401995 296.43185348588855 305.3191789021513
2020 5 25 303.11742257171977 294.23035450905854 312.1367157007718
2020 5 26 305.62619375800585 292.28803065842186 319.36408600458583
2020 5 27 308.836750519993 291.0098291773376 327.4704359454804
2020 5 28 312.8711612282387 290.48173654759324 336.6203475554262
2020 5 29 318.1718586588269 291.08134096150656 347.3316225745634
2020 5 30 324.9803147952179 292.9794061075877 359.9316369663437
2020 5 31 334.21418811944653 296.9450880617748 375.51364470733364
2020 6 1 344.3724060090536 301.5526061800339 392.5140003984567
2020 6 2 355.4930524280766 306.80401351666785 411.0290578382173
2020 6 3 366.82611992538284 312.02027069920354 430.247869588287
2020 6 4 378.278293675642 317.1192085255542 450.08124719080246
2020 6 5 390.11921891640736 322.3276431294605 470.8660398865073
2020 6 6 402.7815366473802 327.9940414383128 493.1547175681304
2020 6 7 414.8908488633586 332.9750514017322 515.3181536119679
2020 6 8 427.1245344322994 337.8393437243532 538.1799614406732
2020 6 9 439.4721976699479 342.57952566735133 561.7451127210226
2020 6 10 452.53950915818444 347.66894393685476 586.8057079489239
2020 6 11 466.2941464569508 353.06351358204046 613.3717353019058
2020 6 12 480.50532959002607 358.57092549100076 641.1910880086343
2020 6 13 495.5065255885821 364.43057958116145 670.7484335825058
2020 6 14 511.4667771297338 370.74690335913215 702.3325749966276
2020 6 15 528.7431138245242 377.7540518655612 736.5052407563736
2020 6 16 546.3848278471119 384.73775778293844 772.0366952114216
2020 6 17 564.4798865686704 391.75531849925585 809.0911585968697
2020 6 18 583.4537293977216 399.09486552570485 848.3247187909327
2020 6 19 603.3542504279224 406.769540550538 889.8808180047776
2020 6 20 623.2364221660173 414.12181722011906 932.4444139483362
2020 6 21 642.9508046519888 421.0601519114411 975.8125960862428
2020 6 22 662.1744941115239 427.3849907227446 1019.5066519448407
2020 6 23 682.7380360402406 434.29863947474524 1066.3351447628177
2020 6 24 704.4923575186002 441.67538159655504 1116.1770223983767
2020 6 25 726.980543301213 449.20293645220596 1168.413055442354
2020 6 26 750.1865771830933 456.85878481133454 1223.0936856187006
2020 6 27 774.1333736802721 464.64511320374356 1280.3333177700383
2020 6 28 798.8445787658193 472.564145424666 1340.2517107778374
2020 6 29 824.3445932187716 480.6181431698863 1402.9742281263902
2020 6 30 850.658596718386 488.8094066816868 1468.6321001929434
