2020 5 24 1.8946554723868456 1.7058665745474422 2.083444370226249
2020 5 25 1.870264988561049 1.5161171689087407 2.2615514096010725
2020 5 26 1.8461884909506494 1.347474242215963 2.454884253863319
2020 5 27 1.8463201467260626 1.215032590801044 2.696522053499947
2020 5 28 1.8703517253359128 1.1113366085102179 2.9968500648477425
2020 5 29 1.9189070904621213 1.0308763072276772 3.369420514346409
2020 5 30 1.9935625035977607 0.96958560027176 3.8319250464577155
2020 5 31 2.096928308391391 0.9244898472342403 4.407518219042411
2020 6 1 2.232797549821344 0.8934586830095005 5.1266248489982456
2020 6 2 2.377470359161977 0.8634691020493293 5.963056994027909
2020 6 3 2.5007417071153415 0.8233088631074231 6.858767335927405
2020 6 4 2.5980334969149506 0.7743590697043415 7.800238121202408
2020 6 5 2.6991104406692754 0.7283195841839674 8.870940180278373
2020 6 6 2.804119800449355 0.6850173743150426 10.088612483274634
2020 6 7 2.913214567582639 0.644289695490252 11.473428945441372
2020 6 8 2.9888432288145577 0.5976433935368997 12.89981347819953
2020 6 9 3.105124692963545 0.562110531019263 14.670510300295394
2020 6 10 3.266124768102154 0.5359665807795639 16.874166547431404
2020 6 11 3.4777514092618818 0.5179764784145686 19.62726351406702
2020 6 12 3.7030902746715646 0.5005902267274127 22.829540763852798
2020 6 13 3.9909649378009773 0.49026750750088743 26.84980384075688
2020 6 14 4.3012186993387385 0.4801576540606686 31.578031890531083
2020 6 15 4.6912689321337036 0.4764717354473461 37.54766259005498
2020 6 16 5.1166903456888555 0.4728141116990729 44.64581487737879
2020 6 17 5.580690527958712 0.4691845656110021 53.08582874591818
2020 6 18 6.086767942697377 0.4655828816456545 63.121374789125746
2020 6 19 6.638738307139214 0.46200884592011915 75.0540784498092
2020 6 20 7.240763361704005 0.4584622461933522 89.2425855864052
2020 6 21 7.897382248644141 0.4549428718535729 106.11334182822284
2020 6 22 8.51131712081905 0.4455614511235778 124.79981277092222
2020 6 23 9.17297869728729 0.4363734855730311 146.7769556524774
2020 6 24 9.886077205967064 0.42737498594406526 172.62425505520352
2020 6 25 10.654611304313224 0.4185620452416831 203.02324231277234
2020 6 26 11.48289050155101 0.4099308370374071 238.77546585796662
2020 6 27 12.375559323992592 0.4014776138079096 280.82362613367746
2020 6 28 13.337623358942 0.3931987053079019 330.2764323440907
2020 6 29 14.374477323228076 0.38509051697657665 388.43783645901414
2020 6 30 15.491935313758077 0.3771495283769106 456.8414153019702
