2020 5 24 788.9843607462149 777.465845510138 800.5028759822917
2020 5 25 807.7240794728624 784.3062742837197 831.4863650490075
2020 5 26 827.1480453259826 791.4391011977139 863.915253433814
2020 5 27 848.0886768623745 799.6410488946368 898.705120562198
2020 5 28 870.9943006906639 809.2808749241758 936.416456749899
2020 5 29 897.3552484517072 821.6725978472844 978.7599760567439
2020 5 30 928.0058733798991 837.4514150726462 1026.8268353845028
2020 5 31 965.5911219640661 858.8464196251339 1083.7689241172202
2020 6 1 1006.7406674345744 882.6043258719468 1146.160681876697
2020 6 2 1051.006447782693 908.2140297485151 1213.6955985252619
2020 6 3 1096.5962141649456 934.029027347122 1284.491166792505
2020 6 4 1143.1431325390174 959.7086539458724 1358.2210347222715
2020 6 5 1191.859218718468 986.2566696372611 1436.4127930357367
2020 6 6 1243.609201952217 1014.3316596777931 1520.2603395946794
2020 6 7 1294.870933203978 1040.9749021118762 1605.658625361712
2020 6 8 1347.5884584305898 1067.7896227514602 1695.0390647138065
2020 6 9 1401.540278537039 1094.5724509636752 1788.2478411379368
2020 6 10 1458.1856259364624 1122.4437280084258 1887.262818666755
2020 6 11 1517.1203798061376 1151.0246959314925 1991.7602385894606
2020 6 12 1577.0895252968455 1179.3110565027775 2100.2745310578625
2020 6 13 1639.8293790632272 1208.591836593474 2215.2338610542065
2020 6 14 1706.7297675138739 1239.826480069045 2338.7342501457138
2020 6 15 1778.741725715573 1273.5988745589875 2472.384211772026
2020 6 16 1855.8234106233192 1309.7456709137211 2616.495243901144
2020 6 17 1938.129299940892 1348.2479137473804 2771.6623032074403
2020 6 18 2026.2168360669614 1389.3646749933844 2939.079314127191
2020 6 19 2121.0503870178054 1433.6158368515198 3120.5868354545278
2020 6 20 2220.771021606204 1479.5795791694848 3313.9635912571603
2020 6 21 2321.328836894961 1524.4511648350015 3513.5766087130537
2020 6 22 2421.3344038048403 1567.3306818401281 3717.4852878588267
2020 6 23 2525.95556922595 1611.6151845260868 3933.6994154456397
2020 6 24 2635.2467868811214 1657.2463656271875 4162.721792235586
2020 6 25 2750.671153503533 1705.0527502528819 4407.296452123607
2020 6 26 2871.1511317963614 1754.2381998494714 4666.240740164755
2020 6 27 2996.9081586200373 1804.842496136675 4940.398922945575
2020 6 28 3128.1733698163125 1856.9065684126483 5230.664870707038
2020 6 29 3265.1880250256922 1910.4725266580401 5537.984971735062
2020 6 30 3408.2039511119633 1965.5836955949962 5863.361217981792
