2020 5 25 89.59051185340212 82.2704795849313 96.91054412187293
2020 5 26 91.90101973107222 77.5066287606064 107.52070197845357
2020 5 27 94.4040700968726 73.13075809190399 119.44805542940465
2020 5 28 97.24844751447584 69.2135402795592 133.04413574262915
2020 5 29 100.4599085970763 65.70641217894536 148.57273509868088
2020 5 30 104.21343552440602 62.66217110559403 166.55862682491585
2020 5 31 108.71027891038618 60.121591805792406 187.6857080812161
2020 6 1 114.18753073426733 58.11891431222845 212.8502938641342
2020 6 2 120.27114347576486 56.35111083096562 242.004775959204
2020 6 3 126.85287418487363 54.718603079025854 275.5027129788531
2020 6 4 133.79478421776136 53.13338954224607 313.6373840469307
2020 6 5 140.92302010112843 51.517230807768236 356.59685256134816
2020 6 6 148.4310297335695 49.95023078643729 405.4405556374372
2020 6 7 156.33904646634358 48.430894217282436 460.9744673147778
2020 6 8 164.44220236804748 46.887705241932665 523.4480550550875
2020 6 9 172.72744790205903 45.325854512560724 593.6310946642378
2020 6 10 181.6800254601877 43.88160368646032 674.0829784614327
2020 6 11 191.35946165307058 42.54685659632071 766.4133190466786
2020 6 12 201.83143696520628 41.31426202649025 872.4990976875669
2020 6 13 212.8764817560636 40.11737607288003 993.2691102139548
2020 6 14 224.83392999928583 39.01320296923276 1132.1929112552675
2020 6 15 237.4630380111676 37.9394206429036 1290.547320071757
2020 6 16 251.1450766676958 36.95008045620289 1472.917067092902
2020 6 17 265.61544088161 35.98653913486267 1681.0578370833614
2020 6 18 281.30382395444127 35.100186472576816 1921.0434080226096
2020 6 19 298.325798632566 34.28644501985786 2198.068215743203
2020 6 20 316.80938469307995 33.54117183751108 2518.221488413435
2020 6 21 336.8965069477433 32.86062319124098 2888.6489290801205
2020 6 22 357.76984612322883 32.14634262918649 3309.3867394977415
2020 6 23 379.4188559933985 31.401081302124513 3786.61813435004
2020 6 24 402.37786902184797 30.67309766204612 4332.668867091881
2020 6 25 426.1440255686655 29.91761568387028 4951.194886139369
2020 6 26 451.3139128882039 29.1807413150607 5658.020853319178
2020 6 27 477.3175151923023 28.419799804318174 6457.566763501541
2020 6 28 503.4382891115236 27.596470098745975 7351.4134402316695
2020 6 29 530.9884990108266 26.79699248955535 8368.985029264257
2020 6 30 560.046369495174 26.020675974711576 9527.407346830169
2020 7 1 590.6944059410404 25.266849570705954 10846.176738879107
2020 7 2 623.8741998212053 24.571415859907123 12363.179617390433
2020 7 3 658.0151571690608 23.859574934751997 14074.472341033905
2020 7 4 694.9764133876832 23.202874435209118 16043.001489036982
2020 7 5 734.0138139722442 22.56424867284321 18286.8593962746
2020 7 6 776.3058921891567 21.975844379460113 20871.01099617442
2020 7 7 822.9065687580227 21.455772068885118 23870.65835405729
2020 7 8 873.4157757921633 20.976978784037478 27333.656410641634
2020 7 9 926.582932283932 20.498248188164187 31285.202962064322
2020 7 10 982.986515925023 20.03044304470159 35808.01301052802
2020 7 11 1042.8235367002471 19.57331401610702 40984.672444571486
2020 7 12 1106.3029971196054 19.12661745514771 46909.70635245667
2020 7 13 1173.6466222354027 18.690115275038195 53691.30503726101
2020 7 14 1245.0896340974575 18.263574822541376 61453.299556910126
2020 7 15 1320.881573351473 17.84676875396562 70337.42286223973
2020 7 16 1401.2871708503012 17.439474913991855 80505.89782115645
2020 7 17 1486.5872723225173 17.04147621726601 92144.39938586205
2020 7 18 1577.0798193280461 16.652560532693723 105465.44499190693
2020 7 19 1673.0808899271842 16.272520570375654 120712.27509729224
2020 7 20 1774.92580269793 15.90115377112312 138163.29471973047
