2020 5 25 270.26934643998067 231.40819806389422 309.13049481606714
2020 5 26 272.5447052560239 199.7754722162094 356.5926488782514
2020 5 27 275.06335595453686 172.63112590385148 411.6351301123556
2020 5 28 278.7363183920622 149.88484179329387 476.8663970785467
2020 5 29 283.83369347180377 130.8752376168058 554.7877745651346
2020 5 30 291.1250649728207 115.24525012327274 649.5479644513638
2020 5 31 301.7161532971275 102.71398285334055 767.4379096011842
2020 6 1 316.9106867230983 92.98130396935163 917.4534994697383
2020 6 2 334.95539640678834 84.78257602429511 1102.8294973984462
2020 6 3 354.8539455846268 77.51595095275017 1328.3824713059084
2020 6 4 375.35094793216035 70.74464513901096 1597.8811301137844
2020 6 5 395.7971659898565 64.33212140357176 1916.7986739878843
2020 6 6 417.3571359513801 58.50084958588226 2299.3682617305076
2020 6 7 440.43475356553114 53.246253197697236 2760.185023270286
2020 6 8 463.33961689249026 48.28847403347281 3304.2744356685635
2020 6 9 485.91148109593735 43.633469237895014 3944.745587851729
2020 6 10 509.982552089731 39.463089905527525 4712.604057946424
2020 6 11 536.9236578657528 35.82112013930424 5645.431104223647
2020 6 12 567.4957778175103 32.66255378056458 6786.118261979423
2020 6 13 600.2753549784097 29.809358566063246 8162.867661809413
2020 6 14 634.9483394928928 27.205400535731428 9818.928272667335
2020 6 15 672.1462683028744 24.851281139178642 11819.04091453912
2020 6 16 713.734452319543 22.782615839679657 14265.454964815484
2020 6 17 757.895851618908 20.886149957079333 17218.250349132857
2020 6 18 804.1664003857521 19.130372900765234 20768.08255872784
2020 6 19 853.2618276350576 17.522193801844626 25049.772446121813
2020 6 20 906.7580109366646 16.078024846033586 30255.405776691565
2020 6 21 964.35389775801 14.766105734494307 36567.71161939382
2020 6 22 1021.6428492579091 13.50051840309956 44046.615769311386
2020 6 23 1078.134235129774 12.287890283307743 52874.00508898702
2020 6 24 1138.6359311255744 11.194286803735139 63513.975565923196
2020 6 25 1200.6600146249693 10.179600396174358 76190.58880543333
2020 6 26 1268.0374940075894 9.273631498564846 91522.61470636222
2020 6 27 1337.1103743363735 8.433039507730598 109789.40998981998
2020 6 28 1406.6469631938578 7.6478359478242215 131431.16772174914
2020 6 29 1482.1134142300389 6.9483218851706345 157555.1357384081
2020 6 30 1562.8474958156298 6.318503487996169 189001.21515413126
2020 7 1 1647.9793460651356 5.745773869950661 226723.54767950732
2020 7 2 1740.459059772575 5.234408765596561 272347.70362676785
2020 7 3 1832.4031693034406 4.751335632854196 326257.0286646216
2020 7 4 1929.2044567322614 4.312844354916769 390837.32792893593
2020 7 5 2031.119514648305 3.914820561426804 468200.84620967676
2020 7 6 2141.7592045878837 3.5599685479520535 561648.0126471028
2020 7 7 2264.590397166068 3.2475282640586736 675362.7043738033
2020 7 8 2398.376987725126 2.9681177615093444 813267.1214911444
2020 7 9 2546.2803768100116 2.7204360734297874 981437.4438100958
2020 7 10 2703.3046891754125 2.4934227764112182 1184382.6347564738
2020 7 11 2870.012394971633 2.285353147110696 1429293.5676745137
2020 7 12 3047.00065082317 2.0946463858511755 1724848.0707552633
2020 7 13 3234.9034388782097 1.9198536065668592 2081518.4049479049
2020 7 14 3434.3938377692753 1.759646828956291 2511942.3232677486
2020 7 15 3646.1864336197395 1.612808889211574 3031370.859092497
2020 7 16 3871.0398797325647 1.4782241926709276 3658208.7097450052
2020 7 17 4109.759614130221 1.3548702381382773 4414666.362551411
2020 7 18 4363.200744680175 1.2418098494762746 5327547.069888584
2020 7 19 4632.271112140628 1.1381840554526248 6429196.557783569
2020 7 20 4917.934542098509 1.0432055637446722 7758649.1186985485
