2020 5 24 87.86787909265324 85.21483422843485 90.52092395687166
2020 5 25 88.35943843459559 83.10361638731653 93.77640398210931
2020 5 26 88.89505960638685 81.08355904427216 97.19280813726157
2020 5 27 89.52744286246653 79.19790238036393 100.8359208652823
2020 5 28 90.25850526018068 77.43941210385616 104.72166638804823
2020 5 29 91.18543644178163 75.88289529529823 108.97747919889252
2020 5 30 92.35636943500671 74.55279629985733 113.68647970353412
2020 5 31 93.9309643967162 73.55972190755008 119.0773403130929
2020 6 1 95.6751345197408 72.69165093156505 124.90476836000147
2020 6 2 97.49642381397649 71.86781049865873 131.0757785544671
2020 6 3 99.28400774453497 71.00290493012592 137.45974647737293
2020 6 4 101.0463422723009 70.10691201554347 144.07430621664787
2020 6 5 102.85176990339524 69.23042023844528 151.02399867231117
2020 6 6 104.76158723911476 68.4134389216892 158.4148379647012
2020 6 7 106.6333963518989 67.55811931148337 166.05627267418302
2020 6 8 108.56357756912128 66.72928627867736 174.10512549909149
2020 6 9 110.57945539663929 65.94182059549388 182.6255130789305
2020 6 10 112.76201715099155 65.24072442414939 191.77633642238217
2020 6 11 115.09309955524976 64.60808811616097 201.56500804682054
2020 6 12 117.53963527652952 64.01934533435532 211.97111482907573
2020 6 13 120.20304179288931 63.52576301090758 223.21177032552174
2020 6 14 123.1094507275271 63.1325146335924 235.38768271105818
2020 6 15 126.27320110497261 62.83763154317114 248.58545090900535
2020 6 16 129.6363321710272 62.6028844880596 262.7556435921341
2020 6 17 133.1041887503047 62.37633179049895 277.764296550511
2020 6 18 136.72704478400203 62.179762622460714 293.7601136037565
2020 6 19 140.4325269597929 61.97654497202202 310.6427571279504
2020 6 20 144.40257842002848 61.84643334158937 328.8587581939891
2020 6 21 148.26544173351593 61.6226181544359 347.6432337872818
2020 6 22 151.93702672619142 61.277165043783384 366.8098940227983
2020 6 23 155.79128973723434 60.97065445536669 387.25479265293217
2020 6 24 159.9515245952509 60.74715796754158 409.3567551253156
2020 6 25 164.41261917714996 60.596550688596885 433.2058102262419
2020 6 26 168.9981349855363 60.44631680246973 458.44430723104716
2020 6 27 173.7115421646349 60.29645538342667 485.1531947893145
2020 6 28 178.55640764200336 60.14696550802937 513.4181376052179
2020 6 29 183.53639782784717 59.99784625512893 543.3297911940623
2020 6 30 188.65528138961966 59.84909670586021 574.9840926460934
