2020 5 24 1048.9329988650923 1028.5906762636735 1069.2753214665108
2020 5 25 1006.8536628016235 968.1789316017877 1046.2857882076619
2020 5 26 967.577912381408 912.3879909442304 1024.9497375236676
2020 5 27 931.2064097476723 861.1058783217438 1005.5023005196982
2020 5 28 897.4814366372034 813.8891619348717 987.8052449510935
2020 5 29 868.7961320879772 772.7240962337181 974.6222078925321
2020 5 30 844.3003717010738 736.5518929227578 965.2864538436613
2020 5 31 825.5465423834265 706.4795918208428 961.8152314148975
2020 6 1 809.6605210528596 679.7328022548552 961.2123484736068
2020 6 2 794.45695277726 654.3149249274684 961.0571225368878
2020 6 3 778.7819024239093 629.2240809409109 959.9862123504456
2020 6 4 763.105509770933 604.8444213213412 958.5336024400482
2020 6 5 747.9644934594988 581.5835976836189 957.3593059824518
2020 6 6 735.4939420130149 561.0601701734166 959.219996886828
2020 6 7 723.3942820084496 541.3853136206842 961.2968527426176
2020 6 8 711.653967500385 522.5203636173852 963.59121408005
2020 6 9 700.8453432323589 504.8569540874411 966.8945821563938
2020 6 10 691.4587838092442 488.6967787879456 971.9446928813619
2020 6 11 683.2244927120324 473.7794093604494 978.4641472152774
2020 6 12 675.179095615058 459.3803789808689 985.1574193691127
2020 6 13 667.0189849174657 445.2764533045088 991.59086317354
2020 6 14 658.2332698310939 431.12208142235244 996.9896845614423
2020 6 15 650.5259164117408 418.04814497284065 1003.8759576520227
2020 6 16 643.6727868545952 405.8616359964626 1011.9887460715349
2020 6 17 637.0487442414252 394.12930162757493 1020.4137631686572
2020 6 18 631.0292789350121 383.0679821543825 1029.768131390143
2020 6 19 625.1925353278426 372.39349471464027 1039.413616135329
2020 6 20 619.9084984326739 362.3135204384175 1049.978592575105
2020 6 21 614.9987909822474 352.69907125101577 1061.209337585937
2020 6 22 608.5880680939399 342.45662754653773 1069.9030376410071
2020 6 23 602.4824121597624 332.6456865209377 1079.08678991038
2020 6 24 597.067245647551 323.46323248035793 1089.476374505804
2020 6 25 592.1267604567525 314.7650457409716 1100.743336080978
2020 6 26 587.2271557431507 306.30076024585674 1112.1268164041553
2020 6 27 582.3680932376581 298.06408620224266 1123.6280204691175
2020 6 28 577.5492374702249 290.0489029549501 1135.248165731246
2020 6 29 572.7702557466772 282.24925443814533 1146.9884822363954
2020 6 30 568.0308181257485 274.65934474939996 1158.8502127510994
