2020 5 25 140.69848653194202 132.78713366028333 148.60983940360066
2020 5 26 141.66717876229828 126.17100400210681 158.060658548139
2020 5 27 142.64254032265433 119.88452353845084 168.11250103582356
2020 5 28 143.8623277858793 114.11105239261002 179.08374463527068
2020 5 29 145.3322894929877 108.80578710859697 191.06942518640983
2020 5 30 147.30165715440344 104.10981978104556 204.4941069224824
2020 5 31 150.03413622094592 100.13701667264975 219.88437170046237
2020 6 1 153.81741774150828 96.98331921824591 237.89864055946794
2020 6 2 158.2087656973235 94.25218488821127 258.1816538984034
2020 6 3 162.9891340872601 91.75503086071745 280.6242318384631
2020 6 4 167.64232623742996 89.17112966247979 304.54998872476716
2020 6 5 172.42836280884086 86.65999336159568 330.51563303929606
2020 6 6 177.35103638939492 84.21957283548629 358.69508365699295
2020 6 7 182.70979944238738 81.98822673195157 389.8748450774387
2020 6 8 187.92599872637928 79.6793672034135 423.1152060337862
2020 6 9 193.291115775337 77.43552716041633 459.18960876138163
2020 6 10 198.80940205656754 75.25487559789119 498.3396809841756
2020 6 11 204.81654190766548 73.26104366804564 541.6581234925378
2020 6 12 211.00519092692835 71.32003709646278 588.7420447154275
2020 6 13 217.73246902633372 69.54930958035453 640.8998865633115
2020 6 14 224.67422654412653 67.82254552898848 697.6784965228799
2020 6 15 231.83730152390063 66.13865342138553 759.4872377346596
2020 6 16 239.2287500200994 64.49656883675198 826.771739643128
2020 6 17 246.8558530486484 62.89525378163866 900.0171109015198
2020 6 18 254.72612375918888 61.33369603380509 979.7514369143345
2020 6 19 263.2718103172802 59.91311975748144 1068.182321449383
2020 6 20 272.10419208225255 58.525446063055696 1164.5948440254838
2020 6 21 281.68634290620116 57.26744424790179 1271.650186920588
2020 6 22 291.1365051378815 55.94104818888362 1386.4274116447602
2020 6 23 300.41853382327884 54.55214883688221 1509.253804492398
2020 6 24 309.9964926136135 53.19773295404063 1642.9616345168045
2020 6 25 319.87981636736055 51.87694438786404 1788.5149101227432
2020 6 26 330.078240745627 50.58894824233534 1946.963043158417
2020 6 27 340.05174367583135 49.24862498086551 2116.203843899793
2020 6 28 349.19322420488754 47.77966926480844 2293.1027771936797
2020 6 29 358.5804516469276 46.35452859732532 2484.7891482340397
2020 6 30 368.2200323219069 44.971896091856834 2692.4990770529957
2020 7 1 378.11875014494507 43.63050384279964 2917.5720141419447
2020 7 2 388.28357140054845 42.32912176280793 3161.4593781109547
2020 7 3 398.07458361562436 40.99601590459258 3420.46541289044
2020 7 4 408.11248734828365 39.70489464599086 3700.690801781088
2020 7 5 418.40350824916544 38.45443573146406 4003.8739636937867
2020 7 6 429.6512891974517 37.30744201950905 4338.568107295454
2020 7 7 442.15611248615943 36.27755612625566 4710.8803680211395
2020 7 8 455.36874376034285 35.304313301306614 5118.806040381649
2020 7 9 469.5074019328848 34.39836403066518 5568.026173863321
2020 7 10 484.0850486343039 33.5156624599286 6056.669314728614
2020 7 11 499.11531393657265 32.65561202638814 6588.195177703856
2020 7 12 514.6122511091954 31.817631475820086 7166.367097832084
2020 7 13 530.5903497589889 31.00115446965239 7795.278675819276
2020 7 14 547.0645493778367 30.205629202211924 8479.382761743438
2020 7 15 564.0502533110862 29.430518027793564 9223.52298233843
2020 7 16 581.563343159647 28.675297097299147 10032.968035073505
2020 7 17 599.6201936292578 27.939456004200668 10913.448991839165
2020 7 18 618.2376878408045 27.222497439588473 11871.199876358689
2020 7 19 637.4332331160072 26.52393685607131 12913.001802623481
2020 7 20 657.2247772532321 25.8433021403011 14046.230986863307
