2020 5 25 153.79753780961926 147.08266740909258 160.51240821014596
2020 5 26 154.1024938757051 140.93838246315596 167.8542532152266
2020 5 27 154.47991087255028 135.11648909053713 175.61018309309853
2020 5 28 154.96630056754307 129.62959186794757 183.84731363186665
2020 5 29 155.59873976034166 124.48639972142458 192.64226495551281
2020 5 30 156.45142182785992 119.72140900621265 202.1274329331733
2020 5 31 157.60058271813196 115.3621077497508 212.45662308518877
2020 6 1 159.16236491883993 111.45739382322505 223.8585229706306
2020 6 2 160.92516301911 107.81477283943033 236.13328484487369
2020 6 3 162.7450037304313 104.31633543359247 249.1361579018078
2020 6 4 164.5474812416868 100.90709662611022 262.79696014389947
2020 6 5 166.33155872423833 97.58575173772658 277.1455511038003
2020 6 6 168.13497975699028 94.37372851487918 292.27756841087734
2020 6 7 169.99715378949915 91.28943134969988 308.3039296403624
2020 6 8 171.76105064835812 88.24208352119611 324.9934211863131
2020 6 9 173.4631595305142 85.2553134356642 342.4348282744215
2020 6 10 175.18213588428725 82.36963792074822 360.8122625599503
2020 6 11 177.04067503739836 79.63924722930439 380.42832179241657
2020 6 12 178.96020780354277 77.01793103308229 401.1995300132877
2020 6 13 180.9005527702706 74.48289514260934 423.1048364761667
2020 6 14 182.90411153194043 72.0486649181833 446.3048069158309
2020 6 15 185.01514677004457 69.72758503855732 470.9850007070314
2020 6 16 187.23681754089154 67.51379296753863 497.24959864820755
2020 6 17 189.52881944710435 65.38602738872586 525.0947794848342
2020 6 18 191.8046906163017 63.310076114799934 554.3768229543214
2020 6 19 194.1526087356487 61.31479493108897 585.4210368234989
2020 6 20 196.5745337560689 59.39669225313593 618.3401645374414
2020 6 21 198.98084044296507 57.52474532619726 652.9662230539325
2020 6 22 201.27742941717915 55.67155999502053 689.0745792140276
2020 6 23 203.50667167796593 53.85211683667717 726.8583824000967
2020 6 24 205.76060384597014 52.092136237075444 766.7139726267385
2020 6 25 207.94355552928624 50.36538488221356 808.397441460913
2020 6 26 210.14966654418782 48.69587192179854 852.3470899084534
2020 6 27 212.37918259223736 47.081700016187575 898.6861219680594
2020 6 28 214.63235198168996 45.52103471879687 947.5444397947487
2020 6 29 217.10958693543452 44.05455427942249 999.9426663823446
2020 6 30 219.7672671590605 42.666130372758495 1055.9378536029453
2020 7 1 222.55995555067796 41.34135878644469 1115.5610534809002
2020 7 2 225.59568636141518 40.09627500948345 1179.5912056729976
2020 7 3 228.67282471796383 38.888689603576246 1247.2965134085323
2020 7 4 231.84524919862415 37.72653990301052 1319.1787206943113
2020 7 5 235.22384559697585 36.625507075905354 1396.1262061263083
2020 7 6 238.98072371317178 35.60784159802365 1479.5150197888102
2020 7 7 242.95546966416387 34.64197434465853 1568.8618711090548
2020 7 8 247.14170938202997 33.72303625409535 1664.5431276768918
2020 7 9 251.62191584403556 32.85874457168086 1767.553866236244
2020 7 10 256.18333987952315 32.016603922959256 1876.9394544958575
2020 7 11 260.8274538077481 31.19604659646964 1993.0944018949353
2020 7 12 265.5557566382978 30.396519430695257 2116.4376322047724
2020 7 13 270.369774554936 29.617483441161248 2247.4139944168423
2020 7 14 275.27106140821894 28.858413457089576 2386.4958671326335
2020 7 15 280.2611992170412 28.118797767366146 2534.184862241623
2020 7 16 285.34179867927395 27.3981377755815 2691.0136340318554
2020 7 17 290.51449969165975 26.695947663912488 2857.547800257866
2020 7 18 295.7809718791323 26.01175406561838 3034.3879820944485
2020 7 19 301.1429151337319 25.3450957459306 3222.1719703335602
2020 7 20 306.60206016328976 24.695523291120974 3421.577025636959
