2020 5 25 1565.8918269550904 1515.9687820970553 1615.8148718131254
2020 5 26 1503.3121735152515 1408.9884435625456 1600.6916664562182
2020 5 27 1444.2046316228668 1310.4678256539105 1586.7440795419438
2020 5 28 1388.5974581806672 1219.9034907363123 1574.2104947675568
2020 5 29 1336.8084706404695 1137.07127450976 1563.6771955682896
2020 5 30 1289.8046348922983 1062.2906815263561 1556.5522996317823
2020 5 31 1246.6271681210812 994.218342567911 1552.0830635430716
2020 6 1 1207.3811632809707 932.4908216406351 1550.7218614332335
2020 6 2 1170.727192102016 875.643405061407 1551.1040994210243
2020 6 3 1135.481918048064 822.4829292502752 1551.878533670125
2020 6 4 1100.9468955795655 772.295718041112 1552.1738794749626
2020 6 5 1067.1220824296242 724.9322760963717 1551.9897151339349
2020 6 6 1034.2765360324063 680.4328215367431 1551.7183891067134
2020 6 7 1003.4877759429992 639.352958203356 1553.0161398299726
2020 6 8 973.5591767937461 600.7172991849224 1554.2277347059253
2020 6 9 944.2770804314828 564.2645117160836 1555.0473831509535
2020 6 10 916.2205054280246 530.2297913067696 1556.435273318949
2020 6 11 889.7695886141748 498.69472930941066 1559.1359012062233
2020 6 12 864.7570709856487 469.4133876357466 1563.023612235174
2020 6 13 840.4476859951933 441.85132815982536 1566.9210172856867
2020 6 14 817.0813360712539 416.0441178676185 1571.3122632239258
2020 6 15 794.1351245420392 391.62737221164303 1575.2744705496214
2020 6 16 772.2571173781146 368.8525915772263 1580.0873388200512
2020 6 17 751.0252196640608 347.4229807462317 1585.0036735701979
2020 6 18 730.3770569139147 327.23838819856866 1589.935305162982
2020 6 19 710.542755367325 308.3367771684135 1595.4181720531305
2020 6 20 691.4266964487182 290.60488591807984 1601.3232506766317
2020 6 21 673.135654657814 274.02332231978613 1607.9698245288803
2020 6 22 655.4986464279247 258.4571527815168 1615.0504632278667
2020 6 23 637.918698798209 243.61552702988067 1621.1642953191986
2020 6 24 621.5090194989837 229.8930268434666 1629.077125665644
2020 6 25 605.1548676636397 216.80789434712602 1636.0676817284834
2020 6 26 589.4010266337611 204.52844232065235 1643.5477682901965
2020 6 27 574.1731855894517 192.98468055593406 1651.3851976837598
2020 6 28 558.7743215520421 181.90274154288826 1657.6365762298956
2020 6 29 543.8983053549844 171.49293559695528 1664.2375335924255
2020 6 30 529.6474796538184 161.75110746525192 1671.5659451738509
2020 7 1 515.6807842988568 152.5354143805668 1678.6449248438466
2020 7 2 502.77763277403005 144.0504305245814 1688.0170460144902
2020 7 3 490.08436377423453 136.00506677754444 1697.062193443758
2020 7 4 477.6840220496262 128.40140468742527 1706.0604757712565
2020 7 5 466.1072866288974 121.35988887198135 1716.9274011750892
2020 7 6 455.2300546249772 114.81360775199514 1729.4067280259092
2020 7 7 445.1905672312749 108.76770795753754 1744.195017959825
2020 7 8 435.50670075304816 103.07296618202719 1759.6355936364434
2020 7 9 425.9949475509192 97.66726402572021 1775.0571720211792
2020 7 10 416.6909373038855 92.54506604014891 1790.6139062761056
2020 7 11 407.5901327689725 87.69150373783461 1806.306980917411
2020 7 12 398.6880957995809 83.0924884149587 1822.1375908424727
2020 7 13 389.9804851811562 78.73467025530262 1838.1069414208382
2020 7 14 381.46305451412945 74.60539957899775 1854.216248586004
2020 7 15 373.1316501430952 70.69269012359979 1870.466738927999
2020 7 16 364.982209131218 66.98518425090163 1886.859649786779
2020 7 17 357.01075727887894 63.472119978488564 1903.3962293464408
2020 7 18 349.2134071855966 60.143299740336545 1920.0777367302594
2020 7 19 341.58635635427663 56.98906078577306 1936.905442096561
2020 7 20 334.12588533686574 54.000247130876225 1953.880626735435
