2020 5 24 567.5636351549274 555.8968834810488 579.2303868288059
2020 5 25 563.2529995910437 540.3338748064494 586.6481566156197
2020 5 26 559.5943424450147 525.8006134476602 594.8058800323215
2020 5 27 557.4769854292622 513.0841421064121 604.6900652554696
2020 5 28 557.6148998931735 502.74352504208326 617.176082735252
2020 5 29 561.3084845535136 495.81705944350676 633.855347747515
2020 5 30 569.1405446289779 492.6200239511777 655.6311007531438
2020 5 31 583.7561482055454 495.2205146346963 685.8434760059165
2020 6 1 601.0147062569292 499.7584367338429 720.1122648434612
2020 6 2 619.1359102138015 504.6309729564548 756.5155593282599
2020 6 3 637.2135670044053 509.07019710637235 794.0383054210967
2020 6 4 654.9316939081667 512.8395566948461 832.3164040547305
2020 6 5 673.046480476037 516.5616508270259 872.3177636165966
2020 6 6 692.6982291106269 521.1058288069029 915.584233886581
2020 6 7 711.1468210796365 524.3532088149054 958.6479833054838
2020 6 8 730.2952422379635 527.7745516486578 1004.0182501787308
2020 6 9 750.2804100385055 531.4503120544185 1051.9772977291802
2020 6 10 772.1872507266928 536.1254651587382 1104.154779806575
2020 6 11 796.1486336836616 541.8241042197171 1160.943411556507
2020 6 12 821.6704830869501 548.1392841435045 1221.8440326045074
2020 6 13 850.4796144155712 556.1752402156256 1289.611037849982
2020 6 14 881.7325322801089 565.2665756843516 1363.310550822753
2020 6 15 917.1066636726906 576.4123086916491 1445.8182745555257
2020 6 16 956.2525848524531 589.2564580357348 1537.0282786309642
2020 6 17 999.312194495209 603.768844251502 1637.5972200867157
2020 6 18 1047.240469884301 620.4087319214905 1749.5474542697812
2020 6 19 1100.3841588993482 639.2351415614136 1874.0236233173118
2020 6 20 1158.8055207085683 660.1320926827494 2011.7512797917477
2020 6 21 1216.9312744609904 679.776848988511 2153.703050209731
2020 6 22 1271.7291243914426 696.5185987623594 2294.621495875895
2020 6 23 1331.61988560223 715.110579906547 2449.4974180028958
2020 6 24 1395.993570845018 735.0915954511923 2617.8847404203457
2020 6 25 1463.2285575128406 755.4989044709597 2797.3775279149772
2020 6 26 1533.7017707216964 776.4727527682883 2989.177068363683
2020 6 27 1607.569172592659 798.0288683724204 3194.127162625464
2020 6 28 1684.9942368223205 820.183415947645 3413.1294659659484
2020 6 29 1766.148310461449 842.9530089149793 3647.1474547899797
2020 6 30 1851.2109931179266 866.3547219103673 3897.210665349468
