2020 5 24 116.33103174647587 114.5693416487563 118.09272184419544
2020 5 25 116.63235051236629 113.12753705363974 120.19063035834229
2020 5 26 117.15330899563968 111.91615943771718 122.55134437990053
2020 5 27 117.88933973831384 110.92098821144107 125.18097407053745
2020 5 28 118.9439814878287 110.23009343287686 128.2004360599832
2020 5 29 120.44005227945193 109.9438481393285 131.75834263056993
2020 5 30 122.51630622074192 110.17078948702512 136.0291103639247
2020 5 31 124.85083677286273 110.5982646344333 140.68533217524643
2020 6 1 127.350770766178 111.13451397168281 145.63718975601327
2020 6 2 129.77742134323762 111.56572847929762 150.62229226581687
2020 6 3 132.12462065212873 111.8905636117184 155.6321536188805
2020 6 4 134.53026772310835 112.22989042795861 160.82748982679345
2020 6 5 136.90642506264908 112.5091049309753 166.10864082181996
2020 6 6 139.17538190795412 112.66642710444839 171.38222326411426
2020 6 7 141.46509318986307 112.81032944072213 176.80248212350395
2020 6 8 143.80960106389435 112.96807281828005 182.4155704063748
2020 6 9 146.36706589732398 113.26280017065093 188.42770099992322
2020 6 10 149.1117698666942 113.66799261756212 194.820476105791
2020 6 11 151.89891704794542 114.06775408424865 201.41834565222504
2020 6 12 154.91286046872463 114.6001114618136 208.47131373386392
2020 6 13 158.0803775325969 115.20432297039694 215.89744377253803
2020 6 14 161.40835012790117 115.88145543642045 223.71879295125567
2020 6 15 164.76730315502485 116.5345097701401 231.76931884505743
2020 6 16 168.14628856170106 117.15597415028176 240.03939593232778
2020 6 17 171.6352817657228 117.80911941090082 248.66268906219236
2020 6 18 175.26939654782277 118.51582441435473 257.70113375291135
2020 6 19 178.9274112242054 119.19089882019469 266.9901140942549
2020 6 20 182.44515537908896 119.72552150828241 276.2906926035066
2020 6 21 185.80014027713887 120.11035077598096 285.5640436865679
2020 6 22 189.3405351637085 120.57639254750933 295.33878620444045
2020 6 23 193.0496318251519 121.10871460504869 305.6060313771369
2020 6 24 196.8613812241107 121.6622028394977 316.2776906378798
2020 6 25 200.6900029967068 122.18213484664531 327.2281906998872
2020 6 26 204.59308500414656 122.70428881990686 338.55783053418196
2020 6 27 208.57207537238818 123.22867425501131 350.279737118173
2020 6 28 212.62845039099685 123.75530068826826 362.40749192533764
2020 6 29 216.76371506087938 124.28417769674142 374.95514666126434
2020 6 30 220.97940365267138 124.81531489842276 387.9372395445251
