2020 5 25 36.323540828502495 33.04661382694108 39.60046783006392
2020 5 26 35.92928083053838 29.73903226911283 42.70435762114867
2020 5 27 35.541110029125306 26.763999175598276 46.05368182594977
2020 5 28 35.16011675760086 24.088829375627768 49.66956161711422
2020 5 29 34.78615949966197 21.683075962852364 53.57351022088212
2020 5 30 34.42085231002172 19.520497967713798 57.791499348609854
2020 5 31 34.065738915256176 17.577211754286537 62.35225637516332
2020 6 1 33.721153080029595 15.830923379055388 67.28550004451482
2020 6 2 33.38288387869949 14.259457072748368 72.61470557504086
2020 6 3 33.048568507038055 12.844222760662083 78.36721880748826
2020 6 4 32.715936418525985 11.568801789279702 84.57149669513824
2020 6 5 32.38500426689874 10.419446341875155 91.26270283479383
2020 6 6 32.05687582723255 9.38410390878897 98.48177764931752
2020 6 7 31.731533758211143 8.451482115034178 106.27024311313377
2020 6 8 31.407895153243853 7.611121488348356 114.66930895267328
2020 6 9 31.08650269508156 6.854065283160028 123.72834394188156
2020 6 10 30.767877030028348 6.172196179783738 133.5009777954774
2020 6 11 30.45406702400471 5.558472979631178 144.0522240267805
2020 6 12 30.144480352960162 5.005961101589504 155.44222524880374
2020 6 13 29.837534692564482 4.508284816354539 167.7302074000527
2020 6 14 29.53421549942137 4.060161578235266 180.99239255660848
2020 6 15 29.234475661101154 3.6566499365449374 195.30623855216143
2020 6 16 28.9387595975761 3.293363349016577 210.7586587360458
2020 6 17 28.647006610629024 2.96627972351642 227.44073548045793
2020 6 18 28.358195000803022 2.671680730512788 245.44324046338429
2020 6 19 28.07324743162783 2.4064298464323786 264.87893130630096
2020 6 20 27.792577183127296 2.167634925807681 285.86700118414126
2020 6 21 27.515179676635725 1.9525725065834136 308.52289145976795
2020 6 22 27.238702857005492 1.758716415289547 332.95361330427255
2020 6 23 26.96408939638706 1.5840477618865394 359.3077273548249
2020 6 24 26.692697267289656 1.426753095418354 387.7538687595049
2020 6 25 26.42358849187213 1.2850537061656144 418.44556055229606
2020 6 26 26.157636475700443 1.1574489085272563 451.573602838669
2020 6 27 25.893482833336876 1.0424762953254838 487.30920442626336
2020 6 28 25.630692431534474 0.9388717186985428 525.8482214857308
2020 6 29 25.37142978700688 0.8455952200640696 567.4527689471047
2020 6 30 25.114363658514193 0.7615715028893216 612.3394955669961
2020 7 1 24.85948046032443 0.6858841290067756 660.7665764665381
2020 7 2 24.607601458946753 0.6177303212476127 713.0346246645368
2020 7 3 24.35703497406693 0.5563175924395727 769.4012697448945
2020 7 4 24.109428854063538 0.5010196573928855 830.2367164853168
2020 7 5 23.86474464002537 0.4512267463034701 895.8962745018644
2020 7 6 23.623745831643152 0.40640514097226466 966.7936700275427
2020 7 7 23.386436857169894 0.366057399132908 1043.3529873810774
2020 7 8 23.152153111414187 0.3297254043216687 1126.0035661292834
2020 7 9 22.92116882934281 0.29701300331835756 1215.2477402752293
2020 7 10 22.69248903006866 0.26754603371152286 1311.5651803135474
2020 7 11 22.46609072223962 0.24100251286992427 1415.516495279651
2020 7 12 22.24195114388358 0.21709240239473784 1527.706726652943
2020 7 13 22.020047760119944 0.1955544388989656 1648.788869959134
2020 7 14 21.80035826089401 0.17615327920852294 1779.4676754857903
2020 7 15 21.582860558733913 0.1586769287909014 1920.5037502329121
2020 7 16 21.367532786529953 0.14293442531210382 2072.7179849736654
2020 7 17 21.15435329533611 0.1287537520103103 2236.99633219267
2020 7 18 20.943300652193454 0.11597995808591734 2414.294962711503
2020 7 19 20.734353637975286 0.10447346556964017 2605.6458310152066
2020 7 20 20.52749124525378 0.09410854416799526 2812.1626816723915
