2020 5 24 780.8106132439768 776.2379370229768 785.3832894649769
2020 5 25 766.9791851386773 758.0227104584254 775.9882624618239
2020 5 26 754.1628867869082 740.9960471164256 767.4847851619605
2020 5 27 743.1699030383637 725.932894700905 760.7120689776249
2020 5 28 734.1094074191906 712.9070943609198 755.8132020867038
2020 5 29 729.0292174579365 703.8730982465586 754.9301371705853
2020 5 30 727.827246272058 698.6640342334866 758.0277029741151
2020 5 31 732.8390999354467 699.456461895703 767.6075757326039
2020 6 1 740.5528761593346 702.795691855352 780.1024799748146
2020 6 2 748.9055337407292 706.6801167461842 793.3882434587647
2020 6 3 756.5064347142473 709.7877434067665 806.0040604292699
2020 6 4 763.7097288576067 712.4636035068175 818.3146703113683
2020 6 5 771.0774655387792 715.2389737713182 830.9160157653706
2020 6 6 780.3550825695961 719.7307979487131 845.69291074957
2020 6 7 788.4710628339843 723.076483870399 859.3527224004216
2020 6 8 796.1766416523706 725.9839504973473 872.6938773124638
2020 6 9 804.7569597507572 729.6320621875756 887.1184134685271
2020 6 10 815.5508771352387 735.221626195218 904.1195825350443
2020 6 11 827.9226228030224 742.1459127117813 923.0352529899294
2020 6 12 840.8977003979525 749.5080030307142 942.8100762951027
2020 6 13 854.4982905098927 757.3194125814351 963.4818830728136
2020 6 14 868.8551016088256 765.6874942195429 985.2115743875601
2020 6 15 884.6526916177124 775.2051676745461 1008.7915502302075
2020 6 16 900.737514618184 784.8411480219564 1032.9358873483357
2020 6 17 916.888687406055 794.3998927835386 1057.3988026115478
2020 6 18 934.2501077806276 804.8727055950006 1083.5027956384283
2020 6 19 952.6438235389362 816.0897089659903 1111.067169537868
2020 6 20 973.9106000460185 829.6140368531356 1142.2612667840176
2020 6 21 993.6963445828432 841.696474752966 1172.0372937854477
2020 6 22 1011.0154861737906 851.5251023567787 1199.2061171898486
2020 6 23 1030.6879361175581 863.1963311954343 1229.4380478361952
2020 6 24 1052.0411179552314 876.1145503661783 1261.9803528731481
2020 6 25 1073.9753276974495 889.3415584653455 1295.550340969223
2020 6 26 1096.3668480417007 902.7682593366308 1330.0133256148915
2020 6 27 1119.2252135456092 916.397667811728 1365.393061445851
2020 6 28 1142.5601575546445 930.232844238301 1401.71393499578
2020 6 29 1166.3816163466875 944.2768951671537 1439.0009815054814
2020 6 30 1190.6997333630077 958.532974049775 1477.2799021791654
