2020 5 25 205.1634084172702 195.38335028706013 214.94346654748026
2020 5 26 202.391647842243 183.56103286999226 222.14155505207697
2020 5 27 200.03059923084123 172.79260061114792 229.99038486871382
2020 5 28 198.33314748569552 163.2053307369075 238.84785297435175
2020 5 29 197.25552996968634 154.64820236313537 248.77554740420814
2020 5 30 197.28769124311756 147.40521396873947 260.50813682683565
2020 5 31 198.43650807478795 141.33576779357168 274.26852961886533
2020 6 1 201.48496839832538 136.86448290257331 291.3721065209316
2020 6 2 205.50283678344442 133.16133781837738 310.876433645814
2020 6 3 209.73151741140597 129.64307358207355 331.88407607360915
2020 6 4 213.68708645352743 125.99515788139716 353.74144917883007
2020 6 5 217.44546689448833 122.28963296453321 376.5883870226663
2020 6 6 221.57417938168155 118.86418361744931 401.43781580458176
2020 6 7 226.66902742452865 116.01091657656092 429.53532047917196
2020 6 8 231.9242712157617 113.2482739441833 459.68138022848586
2020 6 9 237.1391129927294 110.47219686483159 491.6216087120145
2020 6 10 242.6823451586766 107.86252797327067 526.2188628183255
2020 6 11 249.00336126155753 105.6026094518916 564.656394279499
2020 6 12 256.13827389383107 103.66539077755016 607.3738826464636
2020 6 13 263.26586892682633 101.67800461681281 652.8209000919618
2020 6 14 271.3452195381302 100.01970136282426 703.5367552731008
2020 6 15 279.37915862026773 98.2803101236767 757.4319738271772
2020 6 16 288.53932960455995 96.88367759937069 817.8643635087753
2020 6 17 298.8255832451904 95.78415419127644 885.4589721798026
2020 6 18 309.6305676267016 94.74584078733402 959.0906102873608
2020 6 19 321.4366659742803 93.90557087419238 1040.736007916057
2020 6 20 334.081323767534 93.18622071478802 1130.589247931003
2020 6 21 347.5420880361429 92.56127456425851 1229.2785872184552
2020 6 22 361.4568031735386 91.91697360052031 1336.2698297968832
2020 6 23 374.7103140148247 90.967345100304 1448.069152497996
2020 6 24 389.5221374316345 90.2878581718179 1573.3662796533429
2020 6 25 404.4240154152407 89.4986084746574 1707.503811414763
2020 6 26 420.28178578147924 88.80163378002375 1854.7061010247417
2020 6 27 437.96411487721076 88.36421957625986 2019.9063640566364
2020 6 28 455.44339640129544 87.73789433860831 2195.4536115797055
2020 6 29 474.54713593058483 87.29456035276813 2390.725305144394
2020 6 30 494.87469644922925 86.93118822709758 2605.4937342358294
2020 7 1 515.7582837036949 86.51404424653263 2837.8986916115327
2020 7 2 540.0487505309227 86.52254934357377 3104.930517763215
2020 7 3 564.2811503041314 86.33846935034155 3390.177580772608
2020 7 4 588.1295581977364 85.92966031153324 3692.7904066608703
2020 7 5 614.0705509653479 85.68126471337717 4029.2254644316617
2020 7 6 644.3189669990592 85.8749523436143 4417.067274712234
2020 7 7 678.5774011475471 86.40494596489599 4859.517363855772
2020 7 8 716.0167242666255 87.1113022861186 5356.021809573529
2020 7 9 756.2388812004932 87.91068641672489 5908.619644020449
2020 7 10 798.7205131627826 88.71740616247519 6518.230757630948
2020 7 11 843.5885459027132 89.53152883925367 7190.737392061358
2020 7 12 890.9770352088334 90.35312238067432 7932.628678580596
2020 7 13 941.0275674381576 91.18225534374963 8751.063252805045
2020 7 14 993.8896825449815 92.0189969146112 9653.938329595134
2020 7 15 1049.7213208732926 92.86341691428292 10649.965904629069
2020 7 16 1108.689295047692 93.71558580450719 11748.756817935706
2020 7 17 1170.969788372736 94.57557469362442 12960.913490529934
2020 7 18 1236.7488812298013 95.44345534250664 14298.132228982196
2020 7 19 1306.2231070442347 96.31930017054553 15773.31608507639
2020 7 20 1379.6000394838927 97.20318226169533 17400.699359558243
