2020 5 24 192.12805245975164 189.3750958636616 194.8810090558417
2020 5 25 192.69255675558216 187.20933876101768 198.2549195120293
2020 5 26 193.35669708881895 185.16353938773076 201.7880470606456
2020 5 27 194.42457988291034 183.52453875979793 205.80309780423855
2020 5 28 196.03384183864299 182.40550662511652 210.4648574251142
2020 5 29 198.51197912670105 182.08937464268362 216.15075016998836
2020 5 30 202.05604160180417 182.72279789842634 223.11677957935217
2020 5 31 207.29863013843058 184.83721274929752 232.1130071142254
2020 6 1 213.18669716471376 187.43034742279434 242.0424054814803
2020 6 2 219.585267899219 190.36165090210835 252.78628855890977
2020 6 3 226.00840774204303 193.19360992392677 263.814276282161
2020 6 4 232.33213890722556 195.82211874365848 274.9880172345715
2020 6 5 238.86234170862048 198.51128209478819 286.6699726594713
2020 6 6 245.96069178509043 201.55700569605554 299.30977587326583
2020 6 7 252.97817354498906 204.4103283496222 312.1517844832857
2020 6 8 260.31378177344834 207.39931800954415 325.6902764847295
2020 6 9 267.7738603316463 210.3617106297058 339.7055518161603
2020 6 10 275.76542184402916 213.6159936607758 354.7269727796902
2020 6 11 284.1590736430596 217.04733923170718 370.6230524345913
2020 6 12 292.8202489031672 220.54299976715131 387.2471737277739
2020 6 13 302.05560211641784 224.3285814174296 405.0271738737282
2020 6 14 312.2989608144385 228.71143703876714 424.5845853032041
2020 6 15 323.88215086556954 233.90674697390745 446.4356490317478
2020 6 16 336.5536932462547 239.69580493760677 470.31925608033083
2020 6 17 350.063247733044 245.8718926453647 495.95888045115254
2020 6 18 364.56007465977024 252.5196587919176 523.6267026051341
2020 6 19 380.15155398188585 259.6895571658674 553.5480053927309
2020 6 20 395.9749375835554 266.76593663205995 584.5457995881982
2020 6 21 410.7959016752885 272.91610353225354 614.8273460633399
2020 6 22 424.27431582218185 277.94758100840886 643.837968644065
2020 6 23 438.0960876840344 283.0070440280151 674.0674130086628
2020 6 24 452.45909643862404 288.2173629828621 705.8561406089518
2020 6 25 467.6016607136372 293.7202260183564 739.625539276758
2020 6 26 483.2510050592197 299.32815386075214 775.0105253437209
2020 6 27 499.42409001357777 305.04315248649783 812.0883913512326
2020 6 28 516.1384437375866 310.86726617165573 850.9401276517461
2020 6 29 533.4121810115633 316.8025782231469 891.6505993185577
2020 6 30 551.26402286781 322.8512117239576 934.3087315192637
