2020 5 25 75.81454741471109 64.86209263494605 86.7670021944761
2020 5 26 75.7574367917172 55.450069004340214 99.22688646147056
2020 5 27 75.70036918979736 47.40380748877528 113.47603060860847
2020 5 28 75.86475765700338 40.66377432360202 130.1032769491615
2020 5 29 76.473290892726 35.1199335969892 149.92792368955585
2020 5 30 77.75772665783263 30.64006770909426 174.08893049097907
2020 5 31 79.9734579071424 27.090121118041548 204.18024708678354
2020 6 1 83.65579475964405 24.426879070528273 243.0560489487338
2020 6 2 87.9970461176336 22.16835201875369 290.7555916375695
2020 6 3 92.82096243902464 20.183489380150128 348.66654875032054
2020 6 4 97.90932137187193 18.376343140618154 418.111863413434
2020 6 5 102.9902482292009 16.67725305318028 500.1659606632595
2020 6 6 108.33484577046276 15.135262074261366 598.3231046444481
2020 6 7 114.27366137557878 13.780113248076145 717.4935166646706
2020 6 8 120.20380272507542 12.505993928230337 858.3010084968445
2020 6 9 126.44168407346321 11.349680609828747 1026.7418507294988
2020 6 10 133.00327534478546 10.300280864069688 1228.2390648540313
2020 6 11 140.29439134288947 9.378036276970036 1472.8723646243407
2020 6 12 148.39554118302237 8.565795114825011 1770.5382070698001
2020 6 13 156.9644832713278 7.823902977358302 2128.361980295205
2020 6 14 166.48732911478092 7.169150695783405 2564.726697805102
2020 6 15 177.0748668738716 6.5901608802413465 3098.0580083418745
2020 6 16 189.37154370752017 6.096481638715547 3760.417594951163
2020 6 17 203.0760288131112 5.657616043240418 4575.3872460027915
2020 6 18 217.77228337008 5.250342933776995 5566.979709644956
2020 6 19 234.16903371143943 4.887744596382922 6789.755886621964
2020 6 20 252.48525816340404 4.564483941947505 8300.971547388826
2020 6 21 272.2341403534885 4.262602770143677 10148.542860918817
2020 6 22 291.93524564452395 3.9557520628253546 12347.967319827329
2020 6 23 310.5004749199595 3.636280446957041 14915.709761462407
2020 6 24 330.2463349797615 3.342609768994986 18017.410633323252
2020 6 25 350.2819817250284 3.062879642100831 21711.40741303431
2020 6 26 371.5331669880073 2.806559051257828 26162.76120070955
2020 6 27 392.9869530413121 2.563480146666641 31450.22570921425
2020 6 28 413.3807004017255 2.326458902928668 37622.305730586624
2020 6 29 436.04184637871924 2.1181573858486735 45115.69122792433
2020 6 30 461.2206172495283 1.9347016424631667 54233.52150257582
2020 7 1 487.85330936168094 1.7671351856840203 65194.05498435217
2020 7 2 517.4507811110009 1.6192504537252712 78560.38348014015
2020 7 3 547.3304240001354 1.4790055419448052 94437.34830962055
2020 7 4 580.5363005434006 1.3552332692245668 113799.24595627726
2020 7 5 617.4547257184992 1.2457828902520194 137463.63913933988
2020 7 6 658.52689791855 1.1488156065895676 166451.0716889046
2020 7 7 704.257229912742 1.062756035720128 202038.03059595992
2020 7 8 756.0470272234544 0.9874951012840031 246060.72791114156
2020 7 9 816.289150800855 0.9236293030854852 301187.02455013763
2020 7 10 881.3313904060147 0.8638939964450827 368663.55930688814
2020 7 11 951.5562211661646 0.8080220436929799 451257.22186680214
2020 7 12 1027.3765939766433 0.755763584167105 552354.7829619719
2020 7 13 1109.2383638220495 0.7068849168304827 676101.7696266863
2020 7 14 1197.6229115869753 0.6611674551548042 827572.4534167886
2020 7 15 1293.0499747736485 0.6184067495964278 1012977.921996035
2020 7 16 1396.0807037722645 0.578411573293302 1239920.7661091883
2020 7 17 1507.3209616561385 0.541003066894025 1517706.8254354454
2020 7 18 1627.4248869058279 0.5060139386946984 1857726.7765273442
2020 7 19 1757.0987400125105 0.47328771650656576 2273923.209929894
2020 7 20 1897.105056580228 0.44267804790877446 2783362.349076721
