2020 5 25 364.5121257414947 345.0357349649476 383.9885165180417
2020 5 26 362.62559245422483 324.9103462314723 402.411292615342
2020 5 27 360.8740802171899 306.0710693738349 421.8569458494733
2020 5 28 359.50498480177134 288.6413174028029 442.67941866602104
2020 5 29 358.59205072596205 272.56620813621447 465.0849718836041
2020 5 30 358.4050617126622 257.9363887306237 489.56307437634547
2020 5 31 359.0391560131713 244.68266142893503 516.4509200467759
2020 6 1 361.0255208047199 233.03075804568377 546.7590294812851
2020 6 2 363.52169345296517 222.25569556128448 579.6012222592433
2020 6 3 366.35234637647113 212.17280694114814 614.9219279441173
2020 6 4 369.0585155865404 202.46248024522464 652.1491231573161
2020 6 5 371.6169387384934 193.10453897047444 691.3336421830396
2020 6 6 374.26065714592045 184.21423370929907 732.998254998229
2020 6 7 377.1613236797532 175.8504423505093 777.640273193911
2020 6 8 379.6662099509961 167.67137492096901 824.1387562218268
2020 6 9 382.04968651148124 159.81176326307425 873.1179302776229
2020 6 10 384.3439418598325 152.27699127375956 924.7698751031851
2020 6 11 386.89653090583323 145.1943603576936 980.0658748404452
2020 6 12 389.65598352361 138.5124228389287 1039.1493340248805
2020 6 13 392.3996978258063 132.1254016723298 1101.7001928332443
2020 6 14 395.28400589043275 126.07373029272705 1168.3567455044952
2020 6 15 398.6638050671804 120.45051281902164 1240.448121432473
2020 6 16 402.63057233703455 115.24671824898084 1318.724209627711
2020 6 17 406.7319666343077 110.29497919262053 1402.2514247122815
2020 6 18 410.88253410155926 105.55800379229956 1491.0946971867008
2020 6 19 415.20244326565165 101.05709669349145 1586.027700036546
2020 6 20 419.7036407377653 96.78117430142801 1687.5237772943758
2020 6 21 424.12392282086273 92.65626351622677 1794.9934404358305
2020 6 22 427.8119962803254 88.53702813035548 1906.011381714688
2020 6 23 430.7543832861531 84.43996305892772 2020.4305285560188
2020 6 24 433.83447324870696 80.55551694960747 2142.2693015521604
2020 6 25 436.6289919989176 76.79264983095497 2269.9364617475044
2020 6 26 439.5050143693723 73.21672043861729 2405.5420015318878
2020 6 27 442.1842467650365 69.77136898888229 2548.0678120794305
2020 6 28 444.68687928301813 66.45770263715778 2697.9263601356975
2020 6 29 447.4947126828637 63.34490788667279 2858.364209290377
2020 6 30 450.58874343045045 60.41591539541716 3030.0576671564327
2020 7 1 453.59767523792425 57.60807739871722 3211.348122624426
2020 7 2 456.94830769498094 54.97157906544705 3405.7622067963334
2020 7 3 460.04124358670504 52.421764233284755 3609.84090761629
2020 7 4 463.31402094710853 50.00832802485609 3827.39523242151
2020 7 5 466.9301548727081 47.74055109541961 4060.705006312834
2020 7 6 471.10081394195566 45.62942416022798 4312.813875357549
2020 7 7 475.7369534572859 43.65312988533313 4584.495245012149
2020 7 8 480.86672748582356 41.80354147471488 4877.608209410192
2020 7 9 486.66988118349 40.08605116836339 5195.730834333026
2020 7 10 492.5430679920244 38.43912361455274 5534.601744100171
2020 7 11 498.4871330788777 36.85985975642787 5895.574163192549
2020 7 12 504.50293181107656 35.34547964431628 6280.089574783765
2020 7 13 510.59132987831305 33.893317542232765 6689.683477062832
2020 7 14 516.7532034175197 32.50081723543251 7125.991514990191
2020 7 15 522.9894391389479 31.165527530752346 7590.756011973158
2020 7 16 529.300934453768 29.885097941819705 8085.832927543973
2020 7 17 535.6885976032095 28.657274551533835 8613.199268824757
2020 7 18 542.1533477892586 27.47989604453622 9174.960985375848
2020 7 19 548.6961153069348 26.350889902686134 9773.361378954261
2020 7 20 555.317841678162 25.268268756844385 10410.790061765245
