2020 5 24 1157.0534425641083 1150.7118342509355 1163.3950508772814
2020 5 25 1165.65588481705 1152.9133868793567 1178.4684140804284
2020 5 26 1175.491973196642 1156.2760537822048 1194.9196188650624
2020 5 27 1188.444212465205 1162.6320967290233 1214.6837606997894
2020 5 28 1205.2020174417344 1172.6063750121655 1238.5185265758616
2020 5 29 1227.811058343702 1188.1293030331153 1268.5911423461478
2020 5 30 1258.3245930500816 1211.096323108174 1307.122763366828
2020 5 31 1300.2390224761236 1244.7504338859512 1357.8800215152676
2020 6 1 1347.7434088817934 1283.3545558748535 1414.987964355804
2020 6 2 1399.1085836229188 1325.1796058953491 1476.7289239767588
2020 6 3 1450.8268736600046 1366.8480205844944 1539.4703320701483
2020 6 4 1502.4811475911506 1407.9652141551712 1602.780908819741
2020 6 5 1556.0821772843403 1450.42020215133 1668.8100076979206
2020 6 6 1611.5954242381436 1494.1553538813885 1737.5592799164945
2020 6 7 1663.5445197425481 1534.0687283665188 1803.162829962327
2020 6 8 1715.7373437008862 1573.7288434843472 1869.6924020253348
2020 6 9 1769.4447130577319 1614.3014892086421 1938.5426404814482
2020 6 10 1828.1307539496263 1658.9285080781972 2013.5408517997678
2020 6 11 1891.3838482635103 1707.1673285800728 2094.32702804659
2020 6 12 1957.0966242147163 1757.0535767944355 2178.6546874429214
2020 6 13 2027.8979993996215 1810.916344469559 2269.500915212407
2020 6 14 2105.0398637531584 1869.8050503184359 2368.3646472947908
2020 6 15 2186.625030447659 1931.9489381604524 2473.232611601865
2020 6 16 2271.528926626247 1996.296682384983 2582.921257370233
2020 6 17 2359.7295341686618 2062.787667616042 2697.474629147008
2020 6 18 2452.877077629852 2132.823944895904 2818.8485695144464
2020 6 19 2552.3386858746 2207.5311859426333 2948.71442263202
2020 6 20 2655.6504179767066 2284.6969997854317 3084.3519135148285
2020 6 21 2758.00459686493 2360.138753267265 3220.259600583455
2020 6 22 2859.3616666075404 2433.8425134471886 3356.385512230418
2020 6 23 2968.16682268833 2513.0170638855543 3502.636078575559
2020 6 24 3083.8424932871044 2597.078785218848 3658.4812003111033
2020 6 25 3204.7999147644514 2684.6039306780963 3822.178227635767
2020 6 26 3330.5016439819947 2775.078794540676 3993.1998017566953
2020 6 27 3461.1337667181742 2868.6027863946924 4171.873656088766
2020 6 28 3596.889667585914 2965.2786660688016 4358.542188324967
2020 6 29 3737.970316314493 3065.2126565399476 4553.563116582644
2020 6 30 3884.584565260239 3168.514560646249 4757.310164908716
