2020 5 25 22501.1 180.59500 180.59500
2020 5 26 22435.2 351.5000 371.1400
2020 5 27 22389.9 513.8500 573.3300
2020 5 28 22382.5 669.2000 789.7300
2020 5 29 22422.6 819.3300 1023.800
2020 5 30 22539.5 966.6900 1280.00
2020 6 1 23079.3 1264.200 1893.00
2020 6 2 23474.2 1416.700 2263.400
2020 6 3 23903.2 1570.800 2684.300
2020 6 4 24333.7 1725.000 3161.100
2020 6 5 24760.7 1878.800 3701.00
2020 6 6 25203 2033.300 4319.00
2020 6 7 25683 2190.600 5032.00
2020 6 8 26145.5 2346.500 5845.00
2020 6 9 26610 2502.300 6778.00
2020 6 10 27091 2659.800 7859.00
2020 6 11 27620 2822.000 9131.00
2020 6 12 28194.4 2989.00 10630.0
2020 6 13 28792.4 3160.600 12410.0
2020 6 14 29428.5 3330.0 14500.0
2020 6 15 30106.8 3518.00 17000.0
