2020 5 24 177.67312169396445 175.60717010353125 179.73907328439768
2020 5 25 178.15096389900796 174.03203531552916 182.3180667353704
2020 5 26 178.6975806334196 172.53695794885823 185.00313301271603
2020 5 27 179.34741925256344 171.15276846334348 187.83287110017804
2020 5 28 180.10153501013258 169.8769411130488 190.8126276249402
2020 5 29 181.04644958715033 168.78760024137858 194.0384412620876
2020 5 30 182.27066693356525 167.96101380409806 197.6128217861401
2020 5 31 183.8829377326274 167.48843544700435 201.66478796506814
2020 6 1 185.59654590608503 167.0964993517645 205.89533447636748
2020 6 2 187.36127823686434 166.73713122118195 210.25362980210474
2020 6 3 189.08955648209107 166.33116187023575 214.6444412654915
2020 6 4 190.78005192823616 165.87892221406779 219.06596207879116
2020 6 5 192.48566071488827 165.4279121573586 223.5785630346148
2020 6 6 194.2065179580939 164.97812835693645 228.18412031826438
2020 6 7 195.79561644877225 164.404569281212 232.7116615808868
2020 6 8 197.36063088332295 163.80186331953317 237.28495718439007
2020 6 9 198.9194629768265 163.18585350075674 241.92565527641062
2020 6 10 200.5471252288794 162.61852540558826 246.72585077302622
2020 6 11 202.2450862045825 162.0993735730307 251.69139074912337
2020 6 12 203.9574232102173 161.58187910776618 256.75686588473854
2020 6 13 205.70357439441537 161.08133984090625 261.94860441865444
2020 6 14 207.5036386059673 160.61286255051513 267.29493956488915
2020 6 15 209.35875933631365 160.17617044231798 272.80102270222983
2020 6 16 211.30977711755722 159.80134562157087 278.52387311413077
2020 6 17 213.29898922595987 159.44253241147686 284.3931566060661
2020 6 18 215.3675306931787 159.12982639571595 290.4669255098138
2020 6 19 217.51732375048908 158.86294635169418 296.752940322484
2020 6 20 219.62677399049795 158.55137704672683 303.0906764429176
2020 6 21 221.6526791248409 158.1653382612454 309.4202414441202
2020 6 22 223.63429488224995 157.73530075421016 315.7940754438984
2020 6 23 225.61244665715358 157.29149366113646 322.269297555697
2020 6 24 227.60809612598925 156.84893527228382 328.87729132047286
2020 6 25 229.54595086163252 156.3556300160323 335.5117633951102
2020 6 26 231.50030448743118 155.8638762531041 342.28007328972114
2020 6 27 233.47129747489288 155.37366910390085 349.18492092705065
2020 6 28 235.45907149149932 154.88500370417097 356.2290606956354
2020 6 29 237.4637694108888 154.39787520496142 363.41530254854734
2020 6 30 239.4855353231254 153.91227877256964 370.7465131243021
