2020 5 25 840.1857056762185 815.8776078437442 864.4938035086928
2020 5 26 846.161599226382 797.8936541968857 895.8469519485694
2020 5 27 852.9457953157008 781.0282259401836 929.1479700593039
2020 5 28 861.2424902438181 765.8544527631826 965.2752486881644
2020 5 29 871.525203098902 752.6697642382572 1004.9426992403764
2020 5 30 886.4002868135191 743.572112306536 1051.394092417503
2020 5 31 906.253414836265 738.5473666055982 1105.596114036739
2020 6 1 933.9328511513665 739.5722189500339 1171.5977285832985
2020 6 2 965.4629681157738 742.9783415808234 1245.3095424413889
2020 6 3 999.0284150275928 747.1472789030552 1324.9112460829017
2020 6 4 1032.8566569129632 750.6634206966013 1408.402108145715
2020 6 5 1066.4801492898252 753.2147973740655 1495.3130984564846
2020 6 6 1101.090973208563 755.699103613563 1587.4369067778887
2020 6 7 1138.4858937820693 759.3314830069377 1687.6307666324847
2020 6 8 1174.6321524921768 761.3014632201086 1790.4150147116593
2020 6 9 1210.9810799523418 762.6641117613588 1898.0189511510796
2020 6 10 1247.845950924484 763.6457375988643 2011.1355743583972
2020 6 11 1287.464327242382 765.6269105471857 2133.6227095083354
2020 6 12 1329.246821892203 768.1521552949399 2265.0717349491174
2020 6 13 1371.1822940057673 769.9905311005522 2402.5691716533674
2020 6 14 1414.5786428041572 771.9107356621319 2548.6547617338188
2020 6 15 1460.6286671656746 774.5343283319665 2705.9295258238676
2020 6 16 1509.646584436874 777.9456980526799 2875.630589141795
2020 6 17 1561.6757866313594 782.0761541536475 3058.576893920989
2020 6 18 1615.8122283041905 786.3858294345129 3253.777290713897
2020 6 19 1673.2876951982034 791.4309532638413 3464.3802596477667
2020 6 20 1734.9950233047464 797.5430506705111 3693.143496667421
2020 6 21 1800.0247985050137 804.1835491258357 3939.240905587765
2020 6 22 1863.1477847416327 808.9385183531755 4192.230357293084
2020 6 23 1924.549896628687 812.0133446228905 4452.61467366594
2020 6 24 1990.685000784315 816.2430260298819 4735.440237552413
2020 6 25 2056.6906042725955 819.5097775010559 5030.516330362958
2020 6 26 2127.5734005537615 823.8609155930267 5350.555481861187
2020 6 27 2200.043354234573 827.9037710035076 5688.803203220234
2020 6 28 2270.557138075021 830.3014107284971 6036.992887957413
2020 6 29 2346.299174345945 833.7914140720674 6414.38583961892
2020 6 30 2427.871003589125 838.469914037067 6824.401199853497
2020 7 1 2510.569771644457 842.5844588155994 7255.821481974828
2020 7 2 2600.8821687355535 848.3290456679915 7728.378046050869
2020 7 3 2689.4740877022296 852.4919712385998 8216.945312148757
2020 7 4 2781.624546277514 856.8467757283684 8738.05105324735
2020 7 5 2880.848413457058 862.4301108360951 9304.506091627462
2020 7 6 2990.564363739117 870.1312195058806 9930.137809709402
2020 7 7 3110.8743023664383 879.7677423652918 10619.139387487789
2020 7 8 3240.5498228379934 890.790826265505 11371.395417855743
2020 7 9 3381.5615526510715 903.5823178386952 12197.752517230903
2020 7 10 3528.7093732610697 916.5574914299782 13084.160826734196
2020 7 11 3682.260295152278 929.7189846585541 14034.984256157864
2020 7 12 3842.492947704646 943.0694730190507 15054.90383977231
2020 7 13 4009.6980847871737 956.6116704254042 16148.94078170042
2020 7 14 4184.179112352073 970.3483297625479 17322.48117599475
2020 7 15 4366.252638987066 984.2822434460251 18581.30252311796
2020 7 16 4556.249050424825 998.4162439896363 19931.60217337069
2020 7 17 4754.513109052052 1012.753204581239 21380.027837297876
2020 7 18 4961.404579506047 1027.2960396668138 22933.71031328033
2020 7 19 5177.2988814939645 1042.0477055429205 24600.29859343409
2020 7 20 5402.587771019326 1057.0112009576585 26387.99752064863
