2020 5 25 2.297132139762588 2.060899326480556 2.5333649530446203
2020 5 26 2.1839161113826284 1.757832745859207 2.656192292588973
2020 5 27 2.0766682399917844 1.4996462450070684 2.7854469416316094
2020 5 28 1.975056251359228 1.279648170919863 2.9214864736174326
2020 5 29 1.8791183390672526 1.0923787502868252 3.065208740072618
2020 5 30 1.7881746212289797 0.9327093530951909 3.2165462819634425
2020 5 31 1.702268039507245 0.7967099015379652 3.376499308706427
2020 6 1 1.6213963236369995 0.6809655598600719 3.5462071291226653
2020 6 2 1.5449431172902535 0.5822784099280914 3.7257054613668883
2020 6 3 1.4720948856652873 0.497893236683006 3.914289458972804
2020 6 4 1.4024199649724014 0.4256488581405487 4.111723207070833
2020 6 5 1.3355442017645793 0.36373582242594477 4.317653562049997
2020 6 6 1.2718574745205435 0.31082838820207026 4.533897673322122
2020 6 7 1.211207710951463 0.26561663975773847 4.760972092072106
2020 6 8 1.1534500904838505 0.22698119603646388 4.999419240284875
2020 6 9 1.0984466984544474 0.19396549629245377 5.249808706451047
2020 6 10 1.0462614566274717 0.16578659625210315 5.513671811909619
2020 6 11 0.9969274092572648 0.1417604080783489 5.792757285133122
2020 6 12 0.9502740227132435 0.1212665509342635 6.088028665591209
2020 6 13 0.9058038828688465 0.10373542637775682 6.398350769534877
2020 6 14 0.8638978669099814 0.088794041473255 6.727902881697819
2020 6 15 0.8242377193705858 0.07603628578594632 7.07682073918519
2020 6 16 0.7865448212282926 0.06512505590214546 7.445091909184037
2020 6 17 0.7507154586838466 0.05579116741583305 7.833851007566405
2020 6 18 0.7165182259121663 0.047795035543592816 8.24290987369088
2020 6 19 0.6840061429870338 0.04095342565164846 8.674793756341098
2020 6 20 0.6530908878284861 0.035098436387800656 9.130848048840631
2020 6 21 0.6240372934500549 0.030105473882264346 9.617370583610793
2020 6 22 0.5962761858633366 0.025822790156849317 10.129816688193205
2020 6 23 0.5697500671186803 0.022149343806792128 10.669567658260286
2020 6 24 0.5446065546263094 0.019006341704082365 11.241871633268053
2020 6 25 0.5205726448473723 0.016309333049476862 11.844873369450436
2020 6 26 0.49778444408990447 0.014000829459489965 12.484430549485218
2020 6 27 0.4760822887915915 0.01202157166153149 13.160739486360296
2020 6 28 0.4549877796625009 0.010313568143733012 13.86432774941539
2020 6 29 0.4348279373460044 0.008848234727560857 14.605530649886711
2020 6 30 0.41563864311742865 0.007592666138415325 15.388955387960014
2020 7 1 0.3972961873308315 0.006515263311208556 16.21440217473101
2020 7 2 0.3799750684022454 0.005594218900820312 17.09277184112396
2020 7 3 0.3632740181866698 0.004801391086507674 18.01264789488845
2020 7 4 0.347307029496436 0.004120924971708721 18.982028614259807
2020 7 5 0.3321035753945305 0.0035376288882700804 20.006952419961817
2020 7 6 0.3176837258181236 0.003038153112235141 21.09432927163022
2020 7 7 0.3039841013768853 0.002610098135298158 22.247054545094016
2020 7 8 0.29092568605751357 0.0022427862140407097 23.466462885814405
2020 7 9 0.27841012817209143 0.0019270255505788338 24.751249600207398
2020 7 10 0.26643298678507493 0.0016557206609065832 26.106378270672458
2020 7 11 0.2549710993392366 0.0014226126405690244 27.535700112923926
2020 7 12 0.2440022997253755 0.0012223237728993695 29.043277196387162
2020 7 13 0.23350537541534622 0.0010502334670647526 30.633393988420103
2020 7 14 0.22346002643921542 0.0009023716627277418 32.31056953057989
2020 7 15 0.2138468261272118 0.0007753272422081605 34.07957028153901
2020 7 16 0.20464718354054853 0.0006661693372473305 35.94542366314992
2020 7 17 0.19584330751846363 0.0005723797149506076 37.91343234815544
2020 7 18 0.18741817227194812 0.000491794683076659 39.98918933015009
2020 7 19 0.17935548445762473 0.00042255517444978363 42.17859381862036
2020 7 20 0.17163965166810072 0.00036306385896094567 44.48786800423699
