2020 5 24 223.0785568495384 221.78219206239646 224.3749216366803
2020 5 25 222.26208739444286 219.68635315735025 224.85283348040804
2020 5 26 221.4134383909392 217.57555962005762 225.29618550266903
2020 5 27 220.49796261996931 215.41619444100243 225.66911588213821
2020 5 28 219.5106798696961 213.20441021368404 225.96529858214794
2020 5 29 218.40625398702943 210.89726413463637 226.13673177720898
2020 5 30 217.14035574791396 208.45379788068502 226.13535398527324
2020 5 31 215.68710259583023 205.8517381315398 225.93121896666997
2020 6 1 214.152568965126 203.19530229800108 225.63193918607038
2020 6 2 212.60636317795164 200.55171275490343 225.30925515655812
2020 6 3 211.11056788340326 197.97953800186988 225.02862424905143
2020 6 4 209.65869964305983 195.4716783422361 224.78394845175282
2020 6 5 208.22787419890744 193.00589603413758 224.55139431277158
2020 6 6 206.82877831825886 190.5915775432601 224.3427674757577
2020 6 7 205.50998909951602 188.27279939351604 224.2112447522678
2020 6 8 204.25380412893838 186.03188168969632 224.1389262062907
2020 6 9 203.0160704337026 183.8274482645423 224.0784525864148
2020 6 10 201.75371453912072 181.6200504084924 223.98254005109789
2020 6 11 200.48324655667096 179.42479037440359 223.86894854155582
2020 6 12 199.23663978551699 177.27025958298066 223.77312568047518
2020 6 13 197.98727623093066 175.13225073293577 223.66554152770203
2020 6 14 196.73008367214027 173.00617251806483 223.54031414959445
2020 6 15 195.46012212707066 170.88765507811536 223.39157682896084
2020 6 16 194.19835862825738 168.79507958045645 223.24293847387906
2020 6 17 192.94474025444254 166.72812835747905 223.0943990185003
2020 6 18 191.6737735578922 164.66450357371653 222.916542123883
2020 6 19 190.38085103979128 162.60036630588752 222.7035556355725
2020 6 20 189.0866087215208 160.55352793205083 222.47902675076134
2020 6 21 187.85102919162313 158.57479527670435 222.3133945006882
2020 6 22 186.64829274412875 156.64135839153454 222.17719885452652
2020 6 23 185.4253648814219 154.70808716849282 222.00788526605652
2020 6 24 184.19903997824974 152.7891568213017 221.82503996760113
2020 6 25 182.9893261632008 150.90107917681806 221.6525823755162
2020 6 26 181.78755705575995 149.0363332743622 221.4802588603645
2020 6 27 180.59368047963707 147.19463079412503 221.30806931790806
2020 6 28 179.40764460120607 145.37568697918238 221.13601364399
2020 6 29 178.22939792725435 143.57922059146696 220.96409173453438
2020 6 30 177.05888930274733 141.80495386828454 220.7923034855462
