2020 5 25 469.8116906779597 451.61532887078135 488.008052485138
2020 5 26 479.3494914886113 442.93675927177475 517.20039341616
2020 5 27 489.12405207717757 434.4648169028569 548.1855376117272
2020 5 28 499.1859471613503 426.23309776577776 581.1256286019542
2020 5 29 509.5746002071586 418.2596116098885 616.1844993054551
2020 5 30 520.3322844287746 410.5607282859297 653.5432504837206
2020 5 31 531.527752750109 403.16978995166227 693.4316448132628
2020 6 1 543.2669914641536 396.14164823056063 736.149738505155
2020 6 2 555.330675539434 389.28354669035 781.587747399139
2020 6 3 567.7038820163528 382.57336264334947 829.8889691284629
2020 6 4 580.318720312666 375.95589564214515 881.1253708310173
2020 6 5 593.1616559619674 369.41906575863203 935.4457699450595
2020 6 6 606.2710264247698 362.98481364062985 993.086905480214
2020 6 7 619.7155829835151 356.68984477340916 1054.354285481453
2020 6 8 633.3839378769688 350.4612535689902 1119.274999373234
2020 6 9 647.3252654230348 344.3256608184212 1188.1427816103085
2020 6 10 661.5540391343403 338.28715810267937 1261.2122895077277
2020 6 11 676.155097426768 332.3849913184939 1338.8889721895682
2020 6 12 691.1696696525961 326.63066068679643 1421.5303776595242
2020 6 13 706.569476308132 321.000441102034 1509.3793161757499
2020 6 14 722.365381181314 315.4913396191833 1602.7703905878027
2020 6 15 738.5469133081989 310.09098017657027 1702.0120332876672
2020 6 16 755.3235032575366 304.8807124885299 1807.9345893741036
2020 6 17 772.6397596865098 299.82199731850164 1920.8286645211565
2020 6 18 790.4341071481757 294.87869135933664 2040.9738926648076
2020 6 19 808.7093886754911 290.0434198958084 2168.817679775512
2020 6 20 827.4435870607034 285.3004831823924 2304.7669955737665
2020 6 21 846.72344808389 280.67361049751395 2449.5491641304966
2020 6 22 866.3763553216882 276.096520536782 2603.205941900182
2020 6 23 886.2775431402303 271.5278263440881 2765.876793345304
2020 6 24 906.6092921337342 267.0265887763107 2938.629774526343
2020 6 25 927.3122957064279 262.5719400319357 3121.8642043420264
2020 6 26 948.5158774496024 258.19948061649194 3316.6176087755416
2020 6 27 970.1900686081867 253.89596130877254 3523.4707131655646
2020 6 28 992.1558441168016 249.61086686309034 3742.4852469096445
2020 6 29 1014.6933315297922 245.4168092563197 3975.3940605463617
2020 6 30 1037.803638232353 241.30794283387223 4223.036117243147
2020 7 1 1061.4402973404049 237.2678686972045 4486.104717148226
2020 7 2 1085.6948833256595 233.31322536638973 4765.897203597525
2020 7 3 1110.3408919268738 229.3895082384241 5062.425290787794
2020 7 4 1135.5963334032078 225.54209748238262 5377.630727366389
2020 7 5 1161.5284026546185 221.7795102959985 5712.945882963729
2020 7 6 1188.2790839705997 218.1229274412646 6070.282900657662
2020 7 7 1215.7973137171261 214.5544355210104 6450.744615568438
2020 7 8 1244.09319861815 211.06909846425708 6855.797049636065
2020 7 9 1273.3284063382412 207.68801502474545 7287.830642025557
2020 7 10 1303.2506183530156 204.36109264105923 7747.089810610142
2020 7 11 1333.8759787208783 201.0874637155716 8235.29023679102
2020 7 12 1365.2210108728577 197.86627454856878 8754.255719522134
2020 7 13 1397.3026265275635 194.69668511562145 9305.92498858286
2020 7 14 1430.1381348156372 191.57786884852248 9892.358947204493
2020 7 15 1463.7452516186218 188.50901241973378 10515.748371107285
2020 7 16 1498.1421091272866 185.48931553028604 11178.422092709734
2020 7 17 1533.3472656245651 182.51799070107612 11882.855701084389
2020 7 18 1569.3797154983845 179.59426306750757 12631.68079016108
2020 7 19 1606.2588994897883 176.7173701774208 13427.694789726647
2020 7 20 1644.0047151818828 173.88656179226012 14273.871415947404
