2020 5 25 45.663992239924426 41.8546515365686 49.473332943280255
2020 5 26 45.60012154646604 38.31025982340031 53.524502334590196
2020 5 27 45.590436766384556 35.11146747057951 57.9709029292312
2020 5 28 45.678107200677076 32.254741250382054 62.91046623072801
2020 5 29 45.88516223016261 29.714625084127885 68.43510902666254
2020 5 30 46.28912084264026 27.50145177927421 74.73718307703489
2020 5 31 46.927274387428334 25.59014551273813 81.99198748293357
2020 6 1 47.91938595144272 23.99989299580018 90.55409100009403
2020 6 2 49.05753776562541 22.571101491385384 100.24664013421902
2020 6 3 50.28092045947039 21.25414724955138 111.09556623568503
2020 6 4 51.49902180113592 19.998904631593568 123.0395112333266
2020 6 5 52.69775709024419 18.798814864403802 136.15078437479755
2020 6 6 53.94940183995773 17.67966041750577 150.72382191101457
2020 6 7 55.294776425808614 16.648106694267877 167.03550680592758
2020 6 8 56.5687454286653 15.645140841450647 184.79542692053207
2020 6 9 57.858644369085475 14.698886661294924 204.39981120641997
2020 6 10 59.205411673773554 13.816839179382582 226.18095880631853
2020 6 11 60.68185911330269 13.010669175983724 250.6587917228441
2020 6 12 62.25271651083895 12.263884617441711 278.02356331546355
2020 6 13 63.87900872849594 11.562873685166664 308.44175065089127
2020 6 14 65.63872380206658 10.918393749521243 342.6270459959544
2020 6 15 67.50920995093851 10.320197407743759 380.92634847666244
2020 6 16 69.5130866397432 9.76701812448577 423.9586999887887
2020 6 17 71.55995139799971 9.241172773980864 471.7517242134282
2020 6 18 73.71802364540976 8.750216172122608 525.268264689631
2020 6 19 76.08110373509761 8.301951629183597 585.8528602128499
2020 6 20 78.62824224638848 7.888469794172359 654.2593151989583
2020 6 21 81.29796852049475 7.49932489449252 730.9636392554075
2020 6 22 83.92331793222166 7.11692154833096 815.4466316663957
2020 6 23 86.45423892646313 6.738820228886069 907.95266912184
2020 6 24 89.24609940511297 6.395196310605139 1012.8916213973507
2020 6 25 91.97989236715304 6.058472864796962 1128.2768950104216
2020 6 26 94.81925068687366 5.740916233708144 1257.0741792032948
2020 6 27 97.61127434770025 5.431831713677881 1398.7846257642939
2020 6 28 100.346552764306 5.131655255990221 1554.4788481697294
2020 6 29 103.22990577222055 4.851719979329796 1728.6093647555667
2020 6 30 106.31857315288227 4.5928110800250606 1924.2964279038688
2020 7 1 109.39875158877146 4.343359832408729 2140.3099537314383
2020 7 2 112.8017750495339 4.116731881162876 2385.1426477472337
2020 7 3 116.12330757209725 3.895091633198374 2654.0206784280967
2020 7 4 119.62530110972573 3.6881567561072472 2955.0985500534644
2020 7 5 123.2896719722685 3.493965867934241 3291.733632769531
2020 7 6 127.2418040926737 3.314973602826108 3671.403154265096
2020 7 7 131.63761978025798 3.1534094643588966 4104.010374149095
2020 7 8 136.3383392083105 3.0033857379084465 4592.363701966533
2020 7 9 141.33146023127065 2.8632429073048344 5143.023219630724
2020 7 10 146.50744439965783 2.7296393675827426 5759.711023396104
2020 7 11 151.87298871316455 2.6022699848651905 6450.344409569388
2020 7 12 157.43503543580258 2.4808438633148513 7223.790018814228
2020 7 13 163.20078107822175 2.3650836807641205 8089.9776697975885
2020 7 14 169.17768570898843 2.254725055345757 9060.027842360616
2020 7 15 175.3734826068709 2.1495159416775635 10146.39444689633
2020 7 16 181.79618826662073 2.0492160552220646 11363.02471286721
2020 7 17 188.45411277119587 1.9535963235064904 12725.538249178438
2020 7 18 195.35587054384598 1.8624383629497252 14251.427575258842
2020 7 19 202.51039149397138 1.7755339801013545 15960.28269735156
2020 7 20 209.9269325711771 1.6926846961537039 17874.042613218913
