2020 5 25 10.272552445420168 9.551011846540293 10.994093044300042
2020 5 26 10.141390753144758 8.766768727183504 11.616080111623788
2020 5 27 10.011903755606802 8.046920593419918 12.273255885315502
2020 5 28 9.919032658017356 7.414280575273344 13.010470614482978
2020 5 29 9.861661311684013 6.8572694404912635 13.837401333649643
2020 5 30 9.83905972533527 6.366051050442146 14.765212444403186
2020 5 31 9.850868937781472 5.932251837764656 15.806795811591739
2020 6 1 9.931492800104818 5.569444883063551 17.032253546750425
2020 6 2 10.047458308475523 5.248275685552844 18.412196040021282
2020 6 3 10.164777893157046 4.9456271226108255 19.903940608073835
2020 6 4 10.247970925018643 4.643160544233441 21.447038796285767
2020 6 5 10.331844845397736 4.359192333963321 23.109769175195506
2020 6 6 10.416405226986685 4.092591161441694 24.901406502015842
2020 6 7 10.501657688087226 3.8422948866498916 26.831944580571133
2020 6 8 10.550935034354413 3.5938886431156023 28.81845212271641
2020 6 9 10.600443606674407 3.3615419847113386 30.95203108576263
2020 6 10 10.687202319160473 3.155955498512434 33.35165757332086
2020 6 11 10.811991902654803 2.973963268385686 36.053787939107075
2020 6 12 10.938238597157575 2.8024658541212397 38.97484321132867
2020 6 13 11.06595941668896 2.6408580586735573 42.13256054851232
2020 6 14 11.233815031694725 2.4977917298726133 45.69324535683331
2020 6 15 11.404216789012061 2.362475902606334 49.55484888785119
2020 6 16 11.577203310170969 2.2344906997831466 53.74280222646793
2020 6 17 11.752813802537746 2.1134389908100433 58.284685676063795
2020 6 18 11.931088068201328 1.9989451593195944 63.210410392119584
2020 6 19 12.112066512994424 1.8906539376543474 68.55241536596404
2020 6 20 12.295790155651495 1.7882293044920803 74.34588105590814
2020 6 21 12.482300637105643 1.691353442191307 80.62896107266155
2020 6 22 12.671640229926519 1.5997257506217388 87.44303344482522
2020 6 23 12.863851847901396 1.5130619144196746 94.83297311920106
2020 6 24 13.05897905576157 1.43109302077407 102.84744749050472
2020 6 25 13.257066079056306 1.3535647250058243 111.53923690673001
2020 6 26 13.45815781417654 1.2802364613511286 120.96558226089417
2020 6 27 13.662299838530643 1.2108806964999825 131.18856195827402
2020 6 28 13.82182827782745 1.141053704808454 141.81737691692982
2020 6 29 13.983219457895961 1.0752533763404635 153.30733179311346
2020 6 30 14.146495129109953 1.0132475083858126 165.72819560250963
2020 7 1 14.311677295812386 0.9548172885020328 179.15539000266816
2020 7 2 14.478788219280894 0.8997565223473877 193.67044726650056
2020 7 3 14.647850420727886 0.8478709060418752 209.36150536050164
2020 7 4 14.818886684335691 0.7989773404884699 226.32384313389812
2020 7 5 15.043669122480956 0.7556933955133126 245.45080478817025
2020 7 6 15.324395231065088 0.7173932812439423 267.0513533894453
2020 7 7 15.628198015134931 0.6818693666316065 290.863684360438
2020 7 8 15.963492077522133 0.649215733653081 317.27330926619624
2020 7 9 16.34500198108011 0.6197128201541561 346.85642119579353
2020 7 10 16.735629551737865 0.5915506349521675 379.19791363165905
2020 7 11 17.13559269171122 0.5646682500860085 414.5549827415072
2020 7 12 17.545114510839298 0.5390075064004911 453.2088061084289
2020 7 13 17.964423451040993 0.5145128877209282 495.4667787995256
2020 7 14 18.393753413745817 0.49113140074571554 541.6649579294492
2020 7 15 18.83334389037019 0.4688124603970678 592.170735159273
2020 7 16 19.283440095911995 0.4475077803818668 647.3857583837784
2020 7 17 19.74429310573786 0.427171268725855 707.7491258419153
2020 7 18 20.21615999563954 0.40775892805516595 773.7408780516458
2020 7 19 20.699303985237474 0.3892287604094533 845.8858153388287
2020 7 20 21.193994584811534 0.37154067638068544 924.7576713190991
