2020 6 25 14.820553792993403 12.917140689848699 16.72396689613811
2020 6 26 15.328739177568847 11.644218606580381 19.518937301388096
2020 6 27 15.85434984791318 10.49673687183637 22.781013364927038
2020 6 28 16.39798330366599 9.462333942640294 26.588259489725257
2020 6 29 16.960257532269704 8.529866446616815 31.031786486782973
2020 6 30 17.54181171148059 7.689289137138336 36.21793193847142
2020 7 1 18.143306935968305 6.931546678314561 42.27080495215584
2020 7 2 18.76542696882999 6.2484760940508295 49.33525620233455
2020 7 3 19.4088790188732 5.632718830282524 57.58034433706367
2020 7 4 20.074394544551286 5.077641483053298 67.20338170287906
2020 7 5 20.762730085465073 4.577264338459888 78.43465620603772
2020 7 6 21.474668122376116 4.126196954641651 91.54294230844894
2020 7 7 22.21101796670913 3.719580091855173 106.84193304136559
2020 7 8 22.97261668055479 3.353033365060707 124.69774696068606
2020 7 9 23.760330028218707 3.0226080550944308 145.53768969203352
2020 7 10 24.575053460398298 2.7247445700726947 169.86047973723637
2020 7 11 25.4177131321063 2.456234098770272 198.24818325492097
2020 7 12 26.289266955498135 2.2141840428737334 231.38014342521
2020 7 13 27.19070568879988 1.9959868557199782 270.04923774070375
2020 7 14 28.12305406257476 1.7992919518272024 315.18085227528394
2020 7 15 29.087371944608435 1.621980384606467 367.85502700199356
2020 7 16 28.21475078627018 1.5733209730682731 356.81937619193377
2020 7 17 27.368308262682074 1.526121343876225 346.11479490617575
2020 7 18 26.54725901480161 1.480337703559938 335.73135105899047
2020 7 19 25.750841244357563 1.43592757245314 325.65941052722076
2020 7 20 24.978316007026834 1.3928497452795456 315.8896282114041
2020 7 21 24.228966526816027 1.3510642529211592 306.41293936506196
2020 7 22 23.502097531011547 1.3105323253335244 297.2205511841101
2020 7 23 22.7970346050812 1.2712163555735185 288.3039346485868
2020 7 24 22.113123566928763 1.233079864906313 279.65481660912917
2020 7 25 21.4497298599209 1.1960874689591237 271.2651721108553
2020 7 26 20.806237964123273 1.16020484489035 263.12721694752963
2020 7 27 20.182050825199575 1.1253986995436394 255.23340043910375
2020 7 28 19.576589300443587 1.0916367385573302 247.57639842593062
2020 7 29 18.98929162143028 1.0588876364006103 240.1491064731527
2020 7 30 18.419612872787372 1.027121007308592 232.94463327895812
2020 7 31 17.86702448660375 0.9963073770893341 225.95629428058936
2020 8 1 17.33101375200564 0.9664181557766541 219.17760545217166
2020 8 2 16.811083339445467 0.9374256111033544 212.6022772886065
2020 8 3 16.306750839262104 0.9093028427702537 206.2242089699483
2020 8 4 15.81754831408424 0.8820237574871461 200.03748270084986
2020 8 5 15.343021864661713 0.8555630447625318 194.03635821982436
2020 8 6 14.88273120872186 0.8298961534196557 188.21526747322963
2020 8 7 14.436249272460204 0.8049992688170661 182.56880944903273
2020 8 8 14.003161794286397 0.780849290752554 177.09174516556175
2020 8 9 13.583066940457805 0.7574238120299774 171.7789928105949
2020 8 10 13.17557493224407 0.7347010976690781 166.62562302627705
2020 8 11 12.780307684276748 0.7126600647390058 161.62685433548873
2020 8 12 12.396898453748445 0.6912802627968356 156.77804870542406
2020 8 13 12.024991500135991 0.6705418549129305 152.07470724426133
2020 8 14 11.664241755131911 0.6504255992655426 147.51246602693348
2020 8 15 11.314314502477954 0.6309128312875762 143.08709204612546
2020 8 16 10.974885067403616 0.6119854463489489 138.7944792847417
2020 8 17 10.645638515381506 0.5936258829584804 134.63064490619945
2020 8 18 10.326269359920062 0.575817106469726 130.59172555901347
2020 8 19 10.01648127912246 0.5585425932756342 126.67397379224306
2020 8 20 9.715986840748785 0.5417863154773651 122.87375457847577
2020 8 21 9.424507235526322 0.5255327260130441 119.1875419411215
2020 8 22 9.141772018460532 0.5097667442326528 115.61191568288784
2020 8 23 8.867518857906717 0.49447374190567317 112.1435582124012
2020 8 24 8.601493292169515 0.479639529648503 108.77925146602917
2020 8 25 8.343448493404429 0.4652503437590479 105.51587392204829
2020 8 26 8.093145038602296 0.45129283344627646 102.35039770438684
2020 8 27 7.8503506874442275 0.4377540484428882 99.27988577325523
2020 8 28 7.6148401668209 0.42462142698960154 96.30148920005757
2020 8 29 7.386394961816273 0.4118827841799135 93.41244452405584
2020 8 30 7.164803112961785 0.39952630065451605 90.61007118833416
2020 8 31 6.949859019572931 0.38754051163488057 87.89176905268414
2020 9 1 6.741363248985743 0.3759142962858341 85.25501598110361
2020 9 2 6.539122351516171 0.3646368673972591 82.6973655016705
2020 9 3 6.342948680970685 0.3536977613753413 80.21644453662039
2020 9 4 6.152660220541565 0.34308682853408107 77.80995120052177
2020 9 5 5.968080413925318 0.3327942236780586 75.47565266450611
2020 9 6 5.789038001507558 0.32281039696771685 73.21138308457093
2020 9 7 5.6153668614623315 0.31312608505868533 71.0150415920338
2020 9 8 5.4469058556184615 0.3037323025069248 68.88459034427278
2020 9 9 5.283498679949908 0.29462033343171706 66.81805263394459
2020 9 10 5.12499371955141 0.28578172342876557 64.81351105492625
2020 9 11 4.971243907964868 0.27720827172590257 62.869105723278466
2020 9 12 4.822106590725922 0.2688920235741255 60.98303255158011
2020 9 13 4.677443393004144 0.2608252628669017 59.153541575032705
2020 9 14 4.537120091214019 0.25300050498089466 57.37893532778172
2020 9 15 4.401006488477599 0.24541048983146782 55.65756726794827
2020 9 16 4.268976293823271 0.2380481751365238 53.987840249909816
2020 9 17 4.140907005008573 0.23090672988242808 52.36820504241252
2020 9 18 4.016679794858315 0.22397952798595522 50.79715889114014
2020 9 19 3.8961794010125654 0.21726014214637657 49.273244124405934
2020 9 20 3.7792940189821884 0.21074233788198526 47.79504680067375
2020 9 21 3.6659151984127227 0.2044200677455257 46.361195396653535
2020 9 22 3.555937742460341 0.19828746571315994 44.970359534753925
2020 9 23 3.4492596101865307 0.19233884174176513 43.62124874871131
2020 9 24 3.3457818218809345 0.18656867648951217 42.31261128624997
2020 9 25 3.245408367224506 0.1809716161948268 41.04323294766247
2020 9 26 3.148046116207771 0.175542467708982 39.81193595923259
2020 9 27 3.0536047327215377 0.17027619367771252 38.61757788045561
2020 9 28 2.9619965907398913 0.16516790786738114 37.45905054404194
2020 9 29 2.8731366930176945 0.1602128706313597 36.33527902772068
2020 9 30 2.7869425922271636 0.1554064845124189 35.24522065688906
2020 10 1 2.7033343144603488 0.15074428997704634 34.187864037182386
2020 10 2 2.622234285026538 0.14622196127773493 33.16222811606691
2020 10 3 2.543567256475742 0.14183530243940287 32.167361272584905
2020 10 4 2.4672602387814697 0.1375802433662208 31.202340434407358
2020 10 5 2.3932424316180256 0.13345283606523417 30.266270221375137
2020 10 6 2.321445158669485 0.12944925098327714 29.358282114733882
2020 10 7 2.2518018039094003 0.1255657734537788 28.477533651291864
2020 10 8 2.184247749792118 0.12179880025016544 27.62320764175311
2020 10 9 2.1187203172983544 0.11814483624266048 26.794511412500515
2020 10 10 2.0551587077794036 0.11460049115538067 25.9906760701255
2020 10 11 1.9935039465460214 0.11116247642071925 25.21095578802173
2020 10 12 1.9336988281496408 0.10782760212809767 24.45462711438108
2020 10 13 1.8756878633051515 0.10459277406425474 23.720988300949646
2020 10 14 1.819417227405997 0.10145499084232709 23.009358651921154
2020 10 15 1.7648347105838171 0.09841134111705728 22.31907789236352
2020 10 16 1.7118896692663026 0.09545900088354556 21.649505555592615
2020 10 17 1.6605329791883134 0.09259523085703919 21.000020388924835
2020 10 18 1.610716989812664 0.089817373931328 20.370019777257088
2020 10 19 1.5623954801182842 0.08712285271338817 19.758919183939376
2020 10 20 1.5155236157147356 0.08450916713198652 19.166151608421195
2020 10 21 1.4700579072432935 0.08197389211802691 18.59116706016856
2020 10 22 1.4259561700259946 0.0795146753544861 18.0334320483635
2020 10 23 1.3831774849252148 0.07712923509385151 17.492429086912594
2020 10 24 1.3416821603774582 0.07481535804103596 16.967656214305215
2020 10 25 1.3014316955661345 0.07257089729980488 16.45862652787606
2020 10 26 1.2623887446991504 0.07039377038081074 15.964867732039778
2020 10 27 1.224517082358176 0.06828195726938642 15.485921700078585
2020 10 28 1.1877815698874306 0.06623349855130482 15.021344049076227
2020 10 29 1.1521481227908077 0.06424649359476568 14.57070372760394
2020 10 30 1.1175836791070834 0.06231909878692271 14.133582615775822
