2020 6 25 621.8365467785494 581.9802432006646 661.6928503564343
2020 6 26 635.0569904437372 556.2622568988365 719.0689778582979
2020 6 27 648.4156274282751 531.5556107583506 781.2584747074427
2020 6 28 661.9908078899251 507.89347905246973 848.7488347539478
2020 6 29 675.9229340782855 485.3404693956819 922.1627228572975
2020 6 30 690.1659557661567 463.8016230673014 1001.9507872570606
2020 7 1 704.6043847189368 443.1482715889808 1088.4903059806334
2020 7 2 719.4480941973601 423.47954736254854 1182.663796838538
2020 7 3 734.4313550601986 404.5818779785048 1284.700301423583
2020 7 4 749.7804555334037 386.55714822779134 1395.6342989924347
2020 7 5 765.5523391191173 369.388033199956 1516.3373156880766
2020 7 6 781.8001878862168 353.0510697673214 1647.7650848789515
2020 7 7 798.6396707617752 337.5480923146892 1791.1044475877832
2020 7 8 816.0251679437478 322.8033462611029 1947.3240169960936
2020 7 9 834.0252364833088 308.7960787091173 2117.7324463816194
2020 7 10 852.4223546239813 295.39662252756966 2303.053151563156
2020 7 11 871.2252805760684 282.57860321760336 2504.5910912814074
2020 7 12 890.442965740466 270.3167907377112 2723.765419946353
2020 7 13 910.0845589701044 258.58704984278705 2962.1194807891184
2020 7 14 930.1594109253904 247.36629257809383 3221.331673504839
2020 7 15 950.6770785257223 236.6324328346404 3503.2272729123756
2020 7 16 922.1567661699506 229.5334598496012 3398.1304547250043
2020 7 17 894.4920631848521 222.64745605411315 3296.186541083254
2020 7 18 867.6573012893065 215.96803237248974 3197.300944850756
2020 7 19 841.6275822506273 209.48899140131505 3101.381916505233
2020 7 20 816.3787547831084 203.2043216592756 3008.3404590100763
2020 7 21 791.8873921396151 197.10819200949732 2918.090245239774
2020 7 22 768.1307703754267 191.1949462492124 2830.547537882581
2020 7 23 745.0868472641638 185.459097861736 2745.631111746103
2020 7 24 722.7342418462389 179.89532492588393 2663.26217839372
2020 7 25 701.0522145908517 174.4984651781074 2583.3643130419086
2020 7 26 680.0206481531261 169.26351122276418 2505.8633836506515
2020 7 27 659.6200287085323 164.18560588608125 2430.687482141132
2020 7 28 639.8314278472764 159.26003770949882 2357.766857676898
2020 7 29 620.6364850118581 154.48223657821384 2287.033851946591
2020 7 30 602.0173904615024 149.8477694808674 2218.422836388193
2020 7 31 583.9568687476573 145.3523363964414 2151.870151296547
2020 8 1 566.4381626852276 140.99176630454815 2087.314046757651
2020 8 2 549.4450178046707 136.7620133154117 2024.6946253549213
2020 8 3 532.9616672705305 132.65915291594936 1963.9537865942737
2020 8 4 516.9728172524145 128.67937832847088 1905.0351729964455
2020 8 5 501.46363273484207 124.81899697861675 1847.884117806552
2020 8 6 486.4197237527968 121.07442706925825 1792.4475942723554
2020 8 7 471.8271320402129 117.4421942571805 1738.6741664441847
2020 8 8 457.6723180790065 113.91892842946508 1686.5139414508592
2020 8 9 443.9421485366363 110.50136057658112 1635.9185232073335
2020 8 10 430.6238840805372 107.18631975928369 1586.8409675111134
2020 8 11 417.7051675581211 103.97073016650518 1539.2357384857798
2020 8 12 405.17401253137746 100.85160826151002 1493.0586663312065
2020 8 13 393.01879215543613 97.82606001366472 1448.2669063412702
2020 8 14 381.22822839077304 94.89127821325476 1404.8188991510322
2020 8 15 369.79138153904984 92.04453986685712 1362.6743321765011
2020 8 16 358.6976400928783 89.2832036708514 1321.794102211206
2020 8 17 347.93671089009194 86.60470756072586 1282.14027914487
2020 8 18 337.49860956338915 84.00656633390408 1243.676070770524
2020 8 19 327.37365127648746 81.48636934388695 1206.3657886474082
2020 8 20 317.55244173819284 79.04177826357034 1170.1748149879859
2020 8 21 308.02586848604705 76.67052491566322 1135.0695705383462
2020 8 22 298.7850924314656 74.37040916819332 1101.0174834221957
2020 8 23 289.82153965852166 72.13929689314752 1067.9869589195298
2020 8 24 281.126893468766 69.97511798635308 1035.947350151944
2020 8 25 272.693086664703 67.87586444676249 1004.8689296473856
2020 8 26 264.51229406476193 65.83958851335962 974.722861757964
2020 8 27 256.5769252428191 63.86440085795883 945.4811759052251
2020 8 28 248.87961748553448 61.94846883222006 917.1167406280683
2020 8 29 241.41322896096844 60.09001476725346 889.6032384092263
2020 8 30 234.1708320921394 58.28731432423585 862.9151412569495
2020 8 31 227.1457071293752 56.53869489450877 837.027687019241
2020 9 1 220.33133591549395 54.84253404767351 811.9168564086636
2020 9 2 213.72139583802914 53.197258026243304 787.5593507164037
2020 9 3 207.30975396288827 51.601340285456004 763.9325701949116
2020 9 4 201.09046134400162 50.05330007689232 741.0145930890642
2020 9 5 195.05774750368158 48.55170107458555 718.7841552963922
2020 9 6 189.20601507857114 47.09515004234798 697.2206306375004
2020 9 7 183.529834626214 45.68229554107754 676.3040117183754
2020 9 8 178.02393958742758 44.311826674845214 656.014891366824
2020 9 9 172.68322139980475 42.98247187459986 636.3344446258193
2020 9 10 167.5027247578106 41.692997718361866 617.2444112870447
2020 9 11 162.47764301507627 40.44220778681101 598.7270789484334
2020 9 12 157.60331372462397 39.22894155320668 580.7652665799803
2020 9 13 152.87521431288525 38.05207330661048 563.3423085825809
2020 9 14 148.28895788349868 36.91051110741216 546.4420393251035
2020 9 15 143.8402891469937 35.803195774189795 530.0487781453503
2020 9 16 139.5250804725839 34.7290999009641 514.1473148009898
2020 9 17 135.33932805840638 33.687226903935176 498.72289535696007
2020 9 18 131.2791482166542 32.67661009681712 483.76120849625124
2020 9 19 127.34077377015457 31.696311793912606 469.2483722413637
2020 9 20 123.52055055704993 30.74542244009523 455.17092107412276
2020 9 21 119.81493404033843 29.82305976689237 441.51579344189906
2020 9 22 116.22048601912827 28.9283679738856 428.2703196386421
2020 9 23 112.73387143855442 28.06051693466903 415.4222100494828
2020 9 24 109.35185529539778 27.21870142662896 402.95954374799834
2020 9 25 106.07129963653584 26.40214038383009 390.8707574355584
2020 9 26 102.88916064743977 25.610076172315186 379.14463471249167
2020 9 27 99.80248582801657 24.84177388714573 367.7702956711169
2020 9 28 96.80841125317608 24.09652067053136 356.7371868009834
2020 9 29 93.9041589155808 23.373625050415416 346.0350711969539
2020 9 30 91.08703414811336 22.672416298902952 335.65401906104523
2020 10 1 88.35442312366996 21.992243809935864 325.58439848921387
2020 10 2 85.70379042995985 21.33247649563779 315.81686653453744
2020 10 3 83.13267671706106 20.692502200768654 306.3423605385013
2020 10 4 80.63869641554922 20.071727134745593 297.15208972234626
2020 10 5 78.21953552308274 19.469575320703225 288.2375270306759
2020 10 6 75.87294945739026 18.88548806108213 279.5904012197556
2020 10 7 73.59676097366855 18.318923419249664 271.20268918316293
2020 10 8 71.3888581444585 17.769355716672173 263.06660850766804
2020 10 9 69.24719240012475 17.236275045172007 255.174610252438
2020 10 10 67.169776628121 16.719186793816846 247.51937194486484
2020 10 11 65.15468332927736 16.21761119000234 240.0937907865189
2020 10 12 63.20004282939904 15.73108285430227 232.89097706292333
2020 10 13 61.30404154451706 15.259150368673202 225.90424775103563
2020 10 14 59.464920298181546 14.801375857613007 219.12712031850455
2020 10 15 57.6809726892361 14.357334581884617 212.5533067089494
2020 10 16 55.950543508559015 13.926614544428078 206.17670750768093
2020 10 17 54.272027203302244 13.508816108095235 199.9914062824505
2020 10 18 52.643866387203175 13.103551624852377 193.99166409397696
2020 10 19 51.06455039558708 12.710445076106806 188.17191417115765
2020 10 20 49.53261388371946 12.329131723823602 182.52675674602293
2020 10 21 48.04663546720788 11.959257772108893 177.05095404364224
2020 10 22 46.60523640319164 11.600480038945626 171.73942542233297
2020 10 23 45.20707931109589 11.252465637777258 166.587242659663
2020 10 24 43.85086693176301 10.91489166864394 161.5896253798731
2020 10 25 42.53534092381012 10.587444918584621 156.7419366184769
2020 10 26 41.259280696095814 10.269821571027082 152.03967851992257
2020 10 27 40.02150227521294 9.961726923896268 147.4784881643249
2020 10 28 38.820857206956546 9.66287511617938 143.05413351939512
2020 10 29 37.65623149074785 9.372988862694 138.76250951381326
2020 10 30 36.52654454602541 9.091799196813179 134.59963422839886
