2020 6 25 560.7026908185791 526.04408386534 595.3612977718182
2020 6 26 581.1542588775527 511.5300876584752 655.2192876382866
2020 6 27 602.2081946532726 497.29014766029235 720.9335343777623
2020 6 28 623.8925984494773 483.3373928590556 793.0801474970832
2020 6 29 646.5462370544191 469.9220894527693 872.6862670579999
2020 6 30 670.1821918958433 456.99525131052195 960.4985584732
2020 7 1 694.4062133366198 444.2358078197816 1056.7512251278417
2020 7 2 719.7346024547365 431.9789703656409 1162.9976411475207
2020 7 3 745.729956529407 419.90612885271975 1279.511043833737
2020 7 4 772.7256323883865 408.2052818518808 1407.8025772825622
2020 7 5 800.7834219188376 396.8753127888654 1549.1120031192927
2020 7 6 830.0578646632035 385.95787977981104 1704.9882667750549
2020 7 7 860.8051122989415 375.5279738522963 1877.3762526610824
2020 7 8 893.1765832387556 365.59162183799737 2068.2524080460935
2020 7 9 927.0486492226693 356.0341141053873 2279.191135454438
2020 7 10 962.2052505107423 346.7264642705038 2511.6432654569503
2020 7 11 998.6951007228766 337.662140403601 2767.802925689011
2020 7 12 1036.5687608526946 328.8347813364199 3050.088020385693
2020 7 13 1075.8787093257622 320.2381921980434 3361.1630531044543
2020 7 14 1116.6794147146413 311.8663400674546 3703.964277111538
2020 7 15 1159.027411211524 303.7133497397487 4081.727410827887
2020 7 16 1124.2565888751783 294.60194924755626 3959.27558850305
2020 7 17 1090.528891208923 285.7638907701296 3840.4973208479587
2020 7 18 1057.8130244726551 277.1909740470257 3725.2824012225196
2020 7 19 1026.0786337384754 268.8752448256149 3613.523929185844
2020 7 20 995.2962747263211 260.80898748084644 3505.1182113102686
2020 7 21 965.4373864845314 252.98471785642104 3399.9646649709603
2020 7 22 936.4742648899954 245.3951763207284 3297.9657250218315
2020 7 23 908.3800369432955 238.03332103110654 3199.0267532711764
2020 7 24 881.1286358349967 230.89232140017333 3103.055950673041
2020 7 25 854.6947767599468 223.96555175816812 3009.96427215285
2020 7 26 829.0539334571483 217.24658520542306 2919.6653439882643
2020 7 27 804.1823154534338 210.72918764926035 2832.0753836686163
2020 7 28 780.0568459898308 204.40731201978252 2747.113122158558
2020 7 29 756.6551406101358 198.27509265918906 2664.699728493801
2020 7 30 733.9554863918318 192.32683987941337 2584.758736638987
2020 7 31 711.9368218000768 186.55703468303096 2507.2159745398176
2020 8 1 690.5787171460745 180.96032364254003 2431.999495303623
2020 8 2 669.8613556316923 175.53151393326382 2359.0395104445142
2020 8 3 649.7655149627415 170.2655685152659 2288.2683251311787
2020 8 4 630.2725495138592 165.15760145980792 2219.620275377243
2020 8 5 611.3643730284434 160.2028734160137 2153.0316671159258
2020 8 6 593.0234418375901 155.3967872135333 2088.4407171024477
2020 8 7 575.2327385824624 150.7348835971273 2025.7874955893742
2020 8 8 557.9757564249885 146.21283708921348 1965.013870721693
2020 8 9 541.2364837322389 141.82645197653707 1906.0634546000422
2020 8 10 524.9993892202717 137.57165841724097 1848.8815509620408
2020 8 11 509.24940754366355 133.44450866472374 1793.4151044331795
2020 8 12 493.9719253173536 129.44117340478203 1739.612651300184
2020 8 13 479.152767557833 125.55793820263857 1687.4242717611785
2020 8 14 464.77818453109796 121.7912000565594 1636.801543608343
2020 8 15 450.834838995165 118.13746405486262 1587.6974973000927
2020 8 16 437.30979382531007 114.59334013321674 1540.0665723810898
2020 8 17 424.19050001055075 111.15553992922024 1493.864575209657
2020 8 18 411.4647850102342 107.82087373134362 1449.0486379533672
2020 8 19 399.1208414599272 104.58624751940332 1405.5771788147663
2020 8 20 387.1472162161294 101.44866009382122 1363.4098634503232
2020 8 21 375.5327997296455 98.40520029100658 1322.5075675468136
2020 8 22 364.26681573775613 95.45304428227638 1282.8323405204092
2020 8 23 353.33881126562346 92.58945295380809 1244.3473703047969
2020 8 24 342.73864692765477 89.81176936519384 1207.0169491956528
2020 8 25 332.45648751982515 87.11741628423802 1170.8064407197833
2020 8 26 322.4827928942304 84.50389379571088 1135.6822474981898
2020 8 27 312.8083091074035 81.96877698183955 1101.611780073244
2020 8 28 303.4240598341814 79.50971367238436 1068.5634266710467
2020 8 29 294.32133803915593 77.12442226221283 1036.5065238709153
2020 8 30 285.4916978979812 74.81068959434644 1005.4113281547878
2020 8 31 276.9269469610418 72.56636890651605 975.2489883101442
2020 9 1 268.61913855221053 70.38937783932056 945.9915186608399
2020 9 2 260.5605643956442 68.27769650414093 917.6117731010147
2020 9 3 252.74374746377484 66.22936560901671 890.0834199079842
2020 9 4 245.16143503986157 64.24248464074621 863.3809173107446
2020 9 5 237.80659198866573 62.315210101523824 837.4794897914222
2020 9 6 230.67239422900576 60.44575379847811 812.3551050976795
2020 9 7 223.75222240213557 58.632381184523766 787.984451944749
2020 9 8 217.0396557300715 56.87340974898805 764.3449183864066
2020 9 9 210.52846605816936 55.16720745651841 741.4145708348143
2020 9 10 204.21261207642428 53.51219123282286 719.1721337097698
2020 9 11 198.08623371413154 51.90682549583817 697.5969696984766
2020 9 12 192.1436467027076 50.349620730963025 676.6690606075223
2020 9 13 186.37933730162638 48.83913210903413 656.3689887892966
2020 9 14 180.78795718257757 47.373958145763105 636.6779191256177
2020 9 15 175.36431846710025 45.95273940139021 617.5775815518491
2020 9 16 170.10338891308723 44.57415721934851 599.0502541052936
2020 9 17 165.0002872456946 43.23693250276805 581.0787464821348
2020 9 18 160.05027862832375 41.939824527685005 563.6463840876708
2020 9 19 155.24877026947402 40.681629791854455 546.7369925650406
2020 9 20 150.5913071613898 39.46118089809882 530.3348827880894
2020 9 21 146.0735679465481 38.277345471155854 514.4248363044468
2020 9 22 141.69136090815167 37.12902510702118 498.9920912153134
2020 9 23 137.4406200809071 36.015154353810544 484.022328478854
2020 9 24 133.3174014784799 34.934699723196225 469.50165862448836
2020 9 25 129.3178794341255 33.88665873150034 455.4166088657537
2020 9 26 125.43834305110174 32.87005896955533 441.7541105997811
2020 9 27 121.67519275956869 31.883957200468668 428.50148728178766
2020 9 28 118.02493697678162 30.92743848445461 415.646442663334
2020 9 29 114.48418886747817 29.99961532992097 403.177049383434
2020 9 30 111.04966320145382 29.09962687002334 391.081737901931
2020 10 1 107.7181733054102 28.22663806392264 379.34928576487306
2020 10 2 104.48662810624789 27.37983892200496 367.9688071919269
2020 10 3 101.35202926306046 26.55844375434481 356.92974297616905
2020 10 4 98.31146838516864 25.761690441714467 346.22185068688395
2020 10 5 95.36212433361358 24.988839728463034 335.8351951662774
2020 10 6 92.50126060360517 24.23917453660914 325.7601393112891
2020 10 7 89.72622278549701 23.511999300510865 315.98733513195043
2020 10 8 87.0344361019321 22.80663932149554 306.5077150779919
2020 10 9 84.42340301887414 22.12244014185067 297.31248362565213
2020 10 10 81.89070092830791 21.45876693759515 288.39310911688256
2020 10 11 79.43397990045867 20.815003929467295 279.74131584337607
2020 10 12 77.0509605034449 20.190553811583275 271.3490763680748
2020 10 13 74.73943168834155 19.584837197235775 263.20860407703253
2020 10 14 72.49724873769131 18.9972920813187 255.31234595472154
2020 10 15 70.32233127556057 18.42737331887914 247.65297557607988
2020 10 16 68.21266133729375 17.874552119312767 240.22338630879747
2020 10 17 66.16628149717494 17.338315555733384 233.01668471953354
2020 10 18 64.18129305225969 16.818166089061382 226.02618417794753
2020 10 19 62.2558542606919 16.31362110638954 219.24539865260908
2020 10 20 60.38817863287114 15.824212473197854 212.6680366930308
2020 10 21 58.576533273885005 15.349486099001917 206.2879955922399
2020 10 22 56.819237275668456 14.88900151603186 200.0993557244727
2020 10 23 55.114660157398404 14.442331470550902 194.09637505273852
2020 10 24 53.46122035267645 14.009061526434374 188.27348380115637
2020 10 25 51.857383742096154 13.588789680641343 182.62527928712169
2020 10 26 50.30166222983327 13.181125990222101 177.14652090850802
2020 10 27 48.79261236293827 12.785692210515437 171.8321252812528
2020 10 28 47.32883399205012 12.402121444199974 166.6771615228152
2020 10 29 45.90896897228862 12.030057800873974 161.67684667713073
2020 10 30 44.53169990311996 11.669156066847755 156.8265412768168
