2020 6 25 3285.6583692245517 3124.0481329618106 3447.268605487293
2020 6 26 3411.217863725138 3083.8292446177024 3755.119291598255
2020 6 27 3537.7301707778342 3040.6518193974534 4086.2288615120015
2020 6 28 3664.946474062533 2994.651290783015 4441.927897419819
2020 6 29 3798.3900147709105 2950.6969958541827 4830.592812693368
2020 6 30 3937.548701708801 2908.0530919504686 5254.354655801531
2020 7 1 4081.805638187938 2866.0254839736845 5715.290838920834
2020 7 2 4235.028648060992 2827.1898966815315 6221.816614856933
2020 7 3 4389.229322422336 2785.6935331746927 6766.220279955952
2020 7 4 4549.044562811321 2744.8062367087036 7358.258802994296
2020 7 5 4713.653198079372 2703.9002391574295 8000.4412421555035
2020 7 6 4888.46910388145 2666.04229012118 8705.884252910784
2020 7 7 5074.911688668841 2631.5193963274533 9482.689700251183
2020 7 8 5271.134764022478 2598.827880965997 10333.796124147799
2020 7 9 5479.104267791638 2568.593203764968 11269.446790272203
2020 7 10 5695.27908529954 2538.7102757937155 12289.81387217467
2020 7 11 5919.982952345573 2509.1750048133895 13402.567829955453
2020 7 12 6153.55237753357 2479.9833461941107 14616.07362852369
2020 7 13 6396.337146215256 2451.1313023610905 15939.453619996022
2020 7 14 6648.7008443164805 2422.6149222471918 17382.656119642612
2020 7 15 6911.021402830701 2394.430300751861 18956.530190890204
2020 7 16 6703.69076074578 2322.597391729305 18387.8342851635
2020 7 17 6502.580037923406 2252.9194699774257 17836.199256608594
2020 7 18 6307.5026367857035 2185.331885878103 17301.113278910336
2020 7 19 6118.277557682132 2119.77192930176 16782.079880543024
2020 7 20 5934.729230951668 2056.178771422707 16278.617484126733
2020 7 21 5756.687354023118 1994.4934082800257 15790.25895960293
2020 7 22 5583.986733402425 1934.658606031625 15316.551190814842
2020 7 23 5416.467131400352 1876.618847850676 14857.054655090396
2020 7 24 5253.973117458341 1820.3202824151558 14411.343015437684
2020 7 25 5096.353923934591 1765.710673942701 13979.002724974553
2020 7 26 4943.463306216553 1712.73935372442 13559.632643225315
2020 7 27 4795.159407030056 1661.3571731126874 13152.843663928556
2020 7 28 4651.304624819154 1611.5164579193067 12758.258354010699
2020 7 29 4511.76548607458 1563.1709641817274 12375.510603390378
2020 7 30 4376.412521492342 1516.2758352562755 12004.245285288665
2020 7 31 4245.120145847572 1470.7875601985872 11644.117926730005
2020 8 1 4117.766541472144 1426.6639333926296 11294.794388928105
2020 8 2 3994.23354522798 1383.8640153908507 10955.950557260261
2020 8 3 3874.4065388711406 1342.3480949291252 10627.272040542453
2020 8 4 3758.1743427050064 1302.0776520812515 10308.45387932618
2020 8 5 3645.429112423856 1263.015322518814 9999.200262946395
2020 8 6 3536.06623905114 1225.1248628432495 9699.224255058003
2020 8 7 3429.984251879606 1188.371116957952 9408.247527406264
2020 8 8 3327.0847243232174 1152.7199834492133 9126.000101584075
2020 8 9 3227.272182593521 1118.138383945737 8852.220098536553
2020 8 10 3130.454017115715 1084.5942324273647 8586.653495580456
2020 8 11 3036.5403966022436 1052.0564054545437 8329.053890713043
2020 8 12 2945.444184704176 1020.4947132909073 8079.1822739916515
2020 8 13 2857.0808591630507 989.8798718921801 7836.806805771902
2020 8 14 2771.3684333881592 960.1834757354146 7601.702601598745
2020 8 15 2688.2273803865146 931.3779714633522 7373.651523550782
2020 8 16 2607.5805589749193 903.4366323194516 7152.441977844259
2020 8 17 2529.3531422056717 876.333533349868 6937.868718508931
2020 8 18 2453.4725479395015 850.043527349372 6729.732656953663
2020 8 19 2379.8683715013162 824.5422215288908 6527.840677245053
2020 8 20 2308.4723203562767 799.805954883024 6332.005456927701
2020 8 21 2239.2181507455884 775.8117762365333 6142.04529321987
2020 8 22 2172.0416062232207 752.5374229494373 5957.783934423273
2020 8 23 2106.880358036524 729.9613002609542 5779.050416390575
2020 8 24 2043.673947295428 708.0624612531255 5605.678903898858
2020 8 25 1982.3637288765651 686.8205874155318 5437.508536781892
2020 8 26 1922.8928170102681 666.2159697930658 5274.383280678435
2020 8 27 1865.20603249996 646.2294906992738 5116.151782258082
2020 8 28 1809.249851524961 626.8426059782955 4962.667228790339
2020 8 29 1754.9723559792121 608.0373277989466 4813.787211926629
2020 8 30 1702.3231852998358 589.7962079649782 4669.373595568831
2020 8 31 1651.2534897408407 572.1023217260288 4529.292387701766
2020 9 1 1601.7158850486155 554.9392520742479 4393.413616070712
2020 9 2 1553.664408497157 538.2910745120204 4261.61120758859
2020 9 3 1507.0544762422421 522.1423422766597 4133.762871360933
2020 9 4 1461.8428419549748 506.47807200835996 4009.749985220105
2020 9 5 1417.9875566963256 491.28372984810915 3889.4574856635018
2020 9 6 1375.4479299954357 476.54521795266584 3772.7737610935965
2020 9 7 1334.1844920955725 462.24886141408587 3659.5905482607886
2020 9 8 1294.1589573327053 448.3813955716633 3549.802831812965
2020 9 9 1255.3341886127241 434.92995370451337 3443.308746858576
2020 9 10 1217.6741629543424 421.88205509337797 3340.0094844528185
2020 9 11 1181.143938065712 409.22559344057663 3239.809199919234
2020 9 12 1145.7096199237408 396.94882563735933 3142.6149239216566
2020 9 13 1111.3383313260285 385.04036086823857 3048.336476204007
2020 9 14 1077.9981813862476 373.4891500421914 2956.8863819178864
2020 9 15 1045.6582359446602 362.28447554092565 2868.1797904603495
2020 9 16 1014.2884888663203 351.4159412746979 2782.134396746539
2020 9 17 983.8598342003307 340.87346303645694 2698.670364844143
2020 9 18 954.3440391743208 330.64725914536325 2617.710253898819
2020 9 19 925.7137179990912 320.72784137100234 2539.178946281854
2020 9 20 897.9423064591184 311.10600612987224 2463.0035778933984
2020 9 21 871.0040372653449 301.7728259459761 2389.1134705565964
2020 9 22 844.8739161473845 292.71964116759676 2317.4400664398986
2020 9 23 819.527698662963 283.93805193256884 2247.9168644467018
2020 9 24 794.9418677030741 275.4199103745918 2180.4793585133007
2020 9 25 771.0936116719819 267.157313063354 2115.0649777579015
2020 9 26 747.9608033218224 259.14259367145337 2051.6130284251644
2020 9 27 725.5219792221677 251.36831586130975 1990.0646375724095
2020 9 28 703.7563198455026 243.82726638547047 1930.3626984452371
2020 9 29 682.6436302501376 236.51244839390634 1872.4518174918799
2020 9 30 662.1643213426335 229.41707494208913 1816.2782629671235
2020 10 1 642.2993917023545 222.53456269382644 1761.7899150781097
2020 10 2 623.0304099512838 215.85852581301165 1708.9362176257664
2020 10 3 604.3394976527453 209.3827700386213 1657.6681310969934
2020 10 4 586.209312723163 203.10128693746265 1607.9380871640835
2020 10 5 568.623033341468 197.00824832933876 1559.699944549161
2020 10 6 551.564342341224 191.0980008794586 1512.9089462126863
2020 10 7 535.0174120709872 185.36506085307482 1467.5216778263057
2020 10 8 518.9668897088576 179.80410902748258 1423.4960274915165
2020 10 9 503.3978830175918 174.4099857566581 1380.791146666771
2020 10 10 488.2959465270641 169.17768618395834 1339.3674122667678
2020 10 11 473.6470681312521 164.1023555984396 1299.1863898987647
2020 10 12 459.43765608731456 159.1792849304864 1260.2107982018017
2020 10 13 445.6545264046951 154.40390638257182 1222.4044742557476
2020 10 14 432.28489061255425 149.77178919109465 1185.7323400280752
2020 10 15 419.31634389417763 145.2786355153618 1150.160369827233
2020 10 16 406.7368535773523 140.92027644990094 1115.6555587324158
2020 10 17 394.53474797003173 136.6926681564039 1082.1858919704432
2020 10 18 382.6987055309308 132.59188811171177 1049.72031521133
2020 10 19 371.2177443650029 128.6141314683604 1018.2287057549901
2020 10 20 360.0812120340528 124.75570752430959 987.6818445823403
2020 10 21 349.2787756730312 121.01303629858029 958.05138924487
2020 10 22 338.80041240284027 117.38264520962288 929.3098475675239
2020 10 23 328.63640003075506 113.86116585333419 901.4305521404981
2020 10 24 318.7773080298324 110.44533087773415 874.3876355762832
2020 10 25 309.2139887889374 107.13197095140212 848.1560065089947
2020 10 26 299.93756912526925 103.91801182286005 822.7113263137248
2020 10 27 290.93944205151115 100.80047146817425 798.029986524313
2020 10 28 282.2112587899658 97.77645732412903 774.0890869285836
2020 10 29 273.74492102626687 94.84316360440515 750.8664143207261
2020 10 30 265.53257339547883 91.99786869627299 728.3404218911043
