2020 6 25 5240.421370970859 5053.36127708337 5427.48146485835
2020 6 26 5367.858497844236 4991.447506522414 5757.951103536203
2020 6 27 5494.524606733563 4926.693635500961 6104.391155965186
2020 6 28 5617.742447759574 4857.00784267606 6464.523824016405
2020 6 29 5741.192140439424 4786.119134705467 6842.98981957237
2020 6 30 5868.389437975141 4717.127715555065 7244.846525165408
2020 7 1 5997.87595367731 4648.705689127631 7669.649479079408
2020 7 2 6132.381735096187 4582.951906667491 8122.125616231826
2020 7 3 6267.693263450926 4516.476102877055 8598.367996501858
2020 7 4 6407.120151927573 4451.778589181012 9104.084723736849
2020 7 5 6550.803467377151 4388.810249068982 9641.1863343569
2020 7 6 6704.793330456706 4331.478846461755 10220.4010788672
2020 7 7 6867.539090290478 4278.21439948219 10842.242484513452
2020 7 8 7038.1343086968745 4228.03395323578 11508.074486779944
2020 7 9 7217.851226366785 4181.376050155543 12222.78164391002
2020 7 10 7402.157168496895 4135.233034123028 12981.875576693988
2020 7 11 7591.169314625831 4089.599223171098 13788.112918856992
2020 7 12 7785.0078364410765 4044.468998035206 14644.421504428385
2020 7 13 7983.795974182702 3999.8368014614466 15553.911000109707
2020 7 14 8187.660114998056 3955.6971375222474 16519.88419796421
2020 7 15 8396.729873297221 3912.044570939609 17545.849009437094
2020 7 16 8144.8279770983045 3794.6832338114205 17019.47353915398
2020 7 17 7900.483137785355 3680.8427367970776 16508.88933297936
2020 7 18 7663.468643651794 3570.417454693165 16013.62265298998
2020 7 19 7433.56458434224 3463.3049310523697 15533.21397340028
2020 7 20 7210.5576468119725 3359.4057831207983 15067.21755419827
2020 7 21 6994.240917407613 3258.623609627174 14615.201027572322
2020 7 22 6784.413689885384 3160.864901338359 14176.744996745152
2020 7 23 6580.881279188822 3066.038954298208 13751.442646842797
2020 7 24 6383.454840813158 2974.0577856692616 13338.899367437512
2020 7 25 6191.951195588763 2884.8360520991837 12938.732386414387
2020 7 26 6006.1926597210995 2798.290970536208 12550.570414821956
2020 7 27 5826.006879929467 2714.342241420122 12174.053302377297
2020 7 28 5651.2266735315825 2632.911974177518 11808.831703305977
2020 7 29 5481.689873325635 2553.9246149521923 11454.566752206798
2020 7 30 5317.239177125865 2477.3068765036264 11110.929749640594
2020 7 31 5157.722001812089 2402.9876702085176 10777.601857151376
2020 8 1 5002.990341757726 2330.898040102262 10454.273801436835
2020 8 2 4852.900631504995 2260.9710988991937 10140.64558739373
2020 8 3 4707.313612559845 2193.1419659322178 9836.426219771918
2020 8 4 4566.094204183049 2127.3477069542514 9541.333433178761
2020 8 5 4429.111378057558 2063.5272757456237 9255.093430183399
2020 8 6 4296.238036715831 2001.6214574732548 8977.440627277896
2020 8 7 4167.350895614356 1941.572813749057 8708.117408459559
2020 8 8 4042.330368745925 1883.3256293365853 8446.87388620577
2020 8 9 3921.060457683547 1826.8258604564876 8193.467669619597
2020 8 10 3803.4286439530406 1772.0210846427929 7947.663639531009
2020 8 11 3689.325784634449 1718.860452103509 7709.233730345079
2020 8 12 3578.6460110954154 1667.2946385404036 7477.956718434726
2020 8 13 3471.2866307625527 1617.2757993841915 7253.6180168816845
2020 8 14 3367.148031839676 1568.7575254026658 7036.009476375234
2020 8 15 3266.133590884486 1521.6947996405859 6824.929192083977
2020 8 16 3168.149583157951 1476.0439556513682 6620.181316321457
2020 8 17 3073.1050956632125 1431.762636981827 6421.575876831814
2020 8 18 2980.911942793316 1388.809757872372 6228.92860052686
2020 8 19 2891.4845845095165 1347.145465136201 6042.060742511054
2020 8 20 2804.740046974231 1306.731101182115 5860.798920235722
2020 8 21 2720.5978455650043 1267.5291681466515 5684.9749526286505
2020 8 22 2638.979910198054 1229.503293102252 5514.4257040497905
2020 8 23 2559.810512892112 1192.6181943091844 5348.992932928297
2020 8 24 2483.0161975053484 1156.8396484799089 5188.523144940447
2020 8 25 2408.525711580188 1122.1344590255117 5032.867450592234
2020 8 26 2336.269940232782 1088.4704252547463 4881.881427074466
2020 8 27 2266.1818420257987 1055.8163124971038 4735.424984262232
2020 8 28 2198.1963867650247 1024.1418231221908 4593.362234734365
2020 8 29 2132.250495162074 993.417568428525 4455.561367692334
2020 8 30 2068.282980307212 963.6150413756692 4321.894526661564
2020 8 31 2006.2344908979953 934.7065901343991 4192.237690861717
2020 9 1 1946.0474561710555 906.6653924303671 4066.4705601358655
2020 9 2 1887.6660324859238 879.4654306574561 3944.4764433317896
2020 9 3 1831.036051511346 853.0814677377324 3826.1421500318356
2020 9 4 1776.1049699660055 827.4890237056004 3711.3578855308806
2020 9 5 1722.8218208670253 802.6643529944324 3600.0171489649542
2020 9 6 1671.1371662410145 778.5844224045994 3492.0166344960053
2020 9 7 1621.003051253784 755.2268897324615 3387.256135461125
2020 9 8 1572.3729597161705 732.5700830404876 3285.638451397291
2020 9 9 1525.2017709246854 710.592980549273 3187.0692978553725
2020 9 10 1479.4457177969448 689.2751911327947 3091.457218919711
2020 9 11 1435.0623462630365 668.5969353988108 2998.7135023521196
2020 9 12 1392.0104758751454 648.5390273368465 2908.752097281556
2020 9 13 1350.250161598891 629.0828565167411 2821.489534363109
2020 9 14 1309.7426567509242 610.2103708212388 2736.844848332216
2020 9 15 1270.4503770483964 591.9040596966016 2654.7395028822493
2020 9 16 1232.3368657369444 574.1469379057036 2575.0973177957817
2020 9 17 1195.3667597648362 556.9225297685324 2497.8443982619083
2020 9 18 1159.505756971891 540.2148538754764 2422.909066314051
2020 9 19 1124.7205842627343 524.008408259212 2350.221794324629
2020 9 20 1090.9789667348523 508.28815601143566 2279.7151404948904
2020 9 21 1058.2495977328067 493.03951133109257 2211.3236862800436
2020 9 22 1026.5021098008224 478.2483259911598 2144.983975691642
2020 9 23 995.7070465067977 463.900876211425 2080.634456420893
2020 9 24 965.8358351115937 449.9838499250822 2018.215422728266
2020 9 25 936.8607600582459 436.4843344273297 1957.668960046418
2020 9 26 908.7549372564985 423.38980439450984 1898.9388912450254
2020 9 27 881.4922891388035 410.6881102626745 1841.9707245076745
2020 9 28 855.0475204646393 398.3674669547943 1786.7116027724442
2020 9 29 829.3960948507001 386.4164429461504 1733.1102546892707
2020 9 30 804.5142120051792 374.8239496577659 1681.1169470485925
2020 10 1 780.3787856450238 363.57923116803295 1630.6834386371347
2020 10 2 756.967422075673 352.67185423299196 1581.7629354780206
2020 10 3 734.2583994134028 342.0916986060022 1534.31004741368
2020 10 4 712.2306474310006 331.82894764782213 1488.2807459912694
2020 10 5 690.8637280080707 321.87407921838746 1443.6323236115313
2020 10 6 670.1378161678285 312.21785684183584 1400.3233539031853
2020 10 7 650.0336816827937 302.85132113658074 1358.3136532860897
2020 10 8 630.5326712323099 293.7657815024833 1317.5642436875069
2020 10 9 611.6166910953406 284.9528080574088 1278.0373163768816
2020 10 10 593.2681903624804 276.4042238156865 1239.696196885575
2020 10 11 575.4701446516059 268.1120971012159 1202.5053109790078
2020 10 12 558.2060403120577 260.0687341881794 1166.4301516496375
2020 10 13 541.4598591026959 252.266672162534 1131.4372471001484
2020 10 14 525.2160633296149 244.69867199765798 1097.4941296871439
2020 10 15 509.4595814297265 237.35771183772823 1064.5693057965295
2020 10 16 494.17579398683466 230.23698048259638 1032.6322266226337
2020 10 17 479.3505201672296 223.32987106811848 1001.6532598239546
2020 10 18 464.9700045622127 216.62997493607492 971.6036620292359
2020 10 19 451.0209044253463 210.13107568799265 942.4555521683588
2020 10 20 437.4902772925859 203.82714341735286 914.181885603308
2020 10 21 424.3655689738083 197.71232911483227 886.7564290352087
2020 10 22 411.63460190459404 191.7809592413873 860.1537361641524
2020 10 23 399.2855638474562 186.02753046414568 834.3491240792279
2020 10 24 387.3069969320325 180.4467045502213 809.318650356851
2020 10 25 375.68778702407155 175.03330341371466 785.0390908461454
2020 10 26 364.4171534133494 169.78230431130322 761.487918120761
2020 10 27 353.4846388109489 164.68883518196412 738.6432805771382
2020 10 28 342.88009964662047 159.7481701265052 716.483982159824
2020 10 29 332.59369665722187 154.95572502271003 694.9894626950293
2020 10 30 322.6158857575052 150.30705327202872 674.1397788141784
