2020 6 25 201.54241303516406 189.13282899793654 213.95199707239158
2020 6 26 197.8942448504886 174.27395083804814 223.01515405981672
2020 6 27 194.35621114939084 160.62126816495908 232.51192871390515
2020 6 28 190.94639640369857 148.09182993522347 242.49082794215482
2020 6 29 187.58576649601937 136.53151420528056 252.8844905537583
2020 6 30 184.26338270665147 125.85840548402601 263.69547124584875
2020 7 1 181.01010774457203 116.02665955637254 274.9833188340926
2020 7 2 177.78401943037449 106.94355394215623 286.70840098843996
2020 7 3 174.65504551906812 98.59534695873064 298.9973209986311
2020 7 4 171.56168133263247 90.8878307590777 311.77965595806114
2020 7 5 168.50398946002 83.77270938104111 325.07370628686675
2020 7 6 165.45385780742495 77.19125819453022 338.84405698644514
2020 7 7 162.42206813353556 71.10966575342995 353.1222225220491
2020 7 8 159.4204976942824 65.49612571844189 367.94695746747345
2020 7 9 156.43709549474906 60.31040513504663 383.3079709649784
2020 7 10 153.50952481508244 55.53526911179242 399.31027454759396
2020 7 11 150.63674082176624 51.138209209723634 415.9806407309051
2020 7 12 147.81771823434454 47.0892908777166 433.3469597268518
2020 7 13 145.05145095950488 43.36094966236279 451.43828610520717
2020 7 14 142.3369517320093 39.927803553136265 470.28488740307387
2020 7 15 139.67325176234488 36.76648018531819 489.9182947637253
2020 7 16 135.48305420947452 35.66348577975864 475.22074592081356
2020 7 17 131.41856258319027 34.593581206365876 460.96412354318915
2020 7 18 127.47600570569455 33.5557737701749 447.13519983689343
2020 7 19 123.6517255345237 32.54910055706966 433.7211438417866
2020 7 20 119.94217376848799 31.572627540357566 420.709509526533
2020 7 21 116.34390855543334 30.625448714146838 408.088224240737
2020 7 22 112.85359129877034 29.706685252722433 395.8455775135149
2020 7 23 109.46798355980722 28.81548469514076 383.97021018810943
2020 7 24 106.18394405301301 27.951020154286535 372.45110388246616
2020 7 25 102.99842573142261 27.112489549657937 361.27757076599215
2020 7 26 99.90847295947994 26.2991148631682 350.4392436430124
2020 7 27 96.91121877069554 25.510141417273154 339.926066333722
2020 7 28 94.00388220757468 24.74483717475496 329.72828434371036
2020 7 29 91.18376574134743 24.00249205951231 319.836435813399
2020 7 30 88.448252769107 23.28241729772694 310.24134273899705
2020 7 31 85.79480518603378 22.583944778795132 300.93410245682713
2020 8 1 83.22096103045277 21.90642643543128 291.9060793831223
2020 8 2 80.72433219953919 21.24923364236834 283.1488970016286
2020 8 3 78.30260223355302 20.611756633097286 274.65443009157974
2020 8 4 75.95352416654643 19.993403934104368 266.4147971888323
2020 8 5 73.67491844155003 19.393601816081237 258.42235327316735
2020 8 6 71.46467088830353 18.8117937615988 250.6696826749723
2020 8 7 69.32073076165442 18.247439948750834 243.14959219472314
2020 8 8 67.24110883880478 17.70001675028831 235.85510442888145
2020 8 9 65.22387557364063 17.16901624777966 228.779451296015
2020 8 10 63.2671593064314 16.653945760346268 221.91606775713453
2020 8 11 61.36914452723846 16.15432738753588 215.2585857244205
2020 8 12 59.52807019142131 15.669697565909802 208.80082815268787
2020 8 13 57.74222808567867 15.199606638932508 202.53680330810724
2020 8 14 56.00996124310831 14.743618439764532 196.460699208864
2020 8 15 54.32966240581506 14.301309886571596 190.5668782325981
2020 8 16 52.699772533640605 13.872270589974448 184.84987188562016
2020 8 17 51.11877935763138 13.456102472275214 179.30437572905154
2020 8 18 49.58521597690244 13.052419398106958 173.92524445717999
2020 8 19 48.097659497595366 12.66084681616375 168.70748712346457
2020 8 20 46.6547297126675 12.281021411678836 163.64626250976065
2020 8 21 45.255087821287475 11.912590769328471 158.73687463446782
2020 8 22 43.89743518664885 11.555213046248616 153.97476839543378
2020 8 23 42.58051213104938 11.208556654861157 149.35552534357078
2020 8 24 41.3030967671179 10.872299955215322 144.87485958326366
2020 8 25 40.064003864104365 10.546130956558862 140.52861379576575
2020 8 26 38.862083748181234 10.229747027862096 136.31275538189277
2020 8 27 37.6962212357358 9.922854617026234 132.22337272043598
2020 8 28 36.565334598663725 9.625168978515447 128.2566715388229
2020 8 29 35.468374560703815 9.336413909159983 124.40897139265822
2020 8 30 34.4043233238827 9.056321491885184 120.67670225087846
2020 8 31 33.372193624166215 8.784631847128628 117.05640118335211
2020 9 1 32.37102781544123 8.521092891714769 113.54470914785153
2020 9 2 31.399896980977992 8.265460104963326 110.13836787341599
2020 9 3 30.45790007154865 8.017496301814425 106.8342168372135
2020 9 4 29.544163069402188 7.776971412759992 103.6291903320971
2020 9 5 28.657838177320123 7.543662270377192 100.52031462213418
2020 9 6 27.79810303200052 7.317352402265876 97.50470518347015
2020 9 7 26.964159941040503 7.0978318301979 94.57956402796604
2020 9 8 26.155235142809286 6.884896875291963 91.74217710712706
2020 9 9 25.370578088525008 6.678349969033204 88.98991179391325
2020 9 10 24.609460745869256 6.477999469962207 86.32021444009585
2020 9 11 23.871176923493177 6.283659485863341 83.73060800689298
2020 9 12 23.15504161578838 6.095149701287441 81.21868976668618
2020 9 13 22.46039036731473 5.912295210248818 78.7821290736856
2020 9 14 21.786578656295287 5.734926353941353 76.41866520147502
2020 9 15 21.132981296606427 5.562878563323112 74.12610524543076
2020 9 16 20.498991857708234 5.3959922064234185 71.90232208806783
2020 9 17 19.884022101976985 5.2341124402307155 69.7452524254258
2020 9 18 19.287501438917676 5.077089067023794 67.65289485266302
2020 9 19 18.708876395750146 4.92477639501308 65.62330800708312
2020 9 20 18.14761010387764 4.777033103162687 63.65460876687063
2020 9 21 17.60318180076131 4.633722110067806 61.74497050386451
2020 9 22 17.07508634673847 4.4947104467657715 59.89262138874857
2020 9 23 16.562833756336314 4.359869133362798 58.09584274708612
2020 9 24 16.065948743646224 4.229073059361914 56.35296746467353
2020 9 25 15.583970281336837 4.102200867581057 54.66237844073333
2020 9 26 15.116451172896731 3.9791348415536247 53.02250708751133
2020 9 27 14.662957637709829 3.859760796307016 51.43183187488599
2020 9 28 14.223068908578533 3.7439679724178054 49.888876918639404
2020 9 29 13.796376841321177 3.631648933245271 48.39221061108022
2020 9 30 13.382485536081541 3.522699465247913 46.94044429274781
2020 10 1 12.981010969999094 3.4170184812904756 45.532230963965375
2020 10 2 12.59158064089912 3.3145079268517614 44.16626403504641
2020 10 3 12.213833221672147 3.2150726890462087 42.841276113995015
2020 10 4 11.847418225021983 3.118620508374822 41.556037830575164
2020 10 5 11.491995678271323 3.0250618931235773 40.30935669565791
2020 10 6 11.147235807923183 2.9343100363298698 39.10007599478817
2020 10 7 10.812818733685488 2.8462807352399735 37.92707371494453
2020 10 8 10.488434171674923 2.760892313182774 36.78926150349619
2020 10 9 10.173781146524675 2.678065543787291 35.68558365839131
2020 10 10 9.868567712128934 2.597723577473672 34.61501614863957
2020 10 11 9.572510680765065 2.519791870149462 33.57656566418038
2020 10 12 9.285335360342113 2.444198114044978 32.569268694254966
2020 10 13 9.00677529953185 2.3708721706236284 31.592190633427315
2020 10 14 8.736572040545894 2.2997460055049195 30.644424914424494
2020 10 15 8.474474879329517 2.230753625339772 29.725092166991757
2020 10 16 8.220240632949631 2.1638310165795787 28.833339401982006
2020 10 17 7.973633413961141 2.098916086082191 27.968339219922544
2020 10 18 7.734424411542307 2.035948603499725 27.129289043324867
2020 10 19 7.502391679196037 1.9748701453947333 26.31541037202512
2020 10 20 7.277319928820156 1.9156240410328913 25.525948060864366
2020 10 21 7.059000330955551 1.8581553198019045 24.760169619038432
2020 10 22 6.847230321026885 1.8024106602078473 24.01736453046728
2020 10 23 6.641813411396078 1.748338340401612 23.29684359455326
2020 10 24 6.442559009054196 1.6958881901895635 22.597938286716662
2020 10 25 6.24928223878257 1.6450115444838767 21.92000013811516
2020 10 26 6.0618037716190925 1.5956611981493602 21.262400133971706
2020 10 27 5.87994965847052 1.5477913622048793 20.624528129952555
2020 10 28 5.703551168716404 1.501357621338733 20.00579228605398
2020 10 29 5.5324446336549125 1.456316892698571 19.40561851747236
2020 10 30 5.366471294645265 1.412627385917614 18.82344996194819
