2020 6 25 58.984941854998006 54.69000281724362 63.27988089275239
2020 6 26 55.60799530293473 47.80065590875644 64.00563000202787
2020 6 27 52.386506787496614 41.74660817861285 64.69610736211739
2020 6 28 49.43291997655558 36.52408458506844 65.4944050047355
2020 6 29 46.61031829747203 31.92864234725996 66.25546539532603
2020 6 30 43.89421067543967 27.873943007078555 66.94764960153286
2020 7 1 41.34468263133635 24.33943394977228 67.65973162158522
2020 7 2 38.86814525911015 21.208904485938643 68.25649658111651
2020 7 3 36.5826040434454 18.50429630037452 68.93342660016276
2020 7 4 34.44114814187287 16.149487350260763 69.63532902108334
2020 7 5 32.37943420909013 14.072957040794224 70.25215391497684
2020 7 6 30.39580492163813 12.243727598751187 70.77608450428606
2020 7 7 28.49708298005625 10.637516455342999 71.21866797681066
2020 7 8 26.690045553536926 9.23196882978782 71.59673639207419
2020 7 9 24.98098113327127 8.006391300044896 71.9322453723429
2020 7 10 23.3813545626623 6.943513656870511 72.26932657896596
2020 7 11 21.884158122869533 6.021736896980909 72.6079873795426
2020 7 12 20.482832825756745 5.222329363546537 72.94823517619734
2020 7 13 19.171239679970178 4.529046095493475 73.29007740574173
2020 7 14 17.943632796958312 3.9277987095732705 73.63352153983688
2020 7 15 16.794634219114766 3.4063691067919 73.97857508515685
2020 7 16 16.29079519254132 3.3041780335881428 71.75921783260215
2020 7 17 15.802071336765081 3.2050526925804985 69.60644129762409
2020 7 18 15.328009196662128 3.1089011118030836 67.51824805869536
2020 7 19 14.868168920762264 3.015634078448991 65.4927006169345
2020 7 20 14.422123853139395 2.925165056095521 63.527919598426465
2020 7 21 13.989460137545212 2.837410104412655 61.62208201047367
2020 7 22 13.569776333418854 2.7522878012802754 59.77341955015946
2020 7 23 13.162683043416289 2.669719167241867 57.98021696365468
2020 7 24 12.7678025521138 2.5896275922246113 56.24081045474504
2020 7 25 12.384768475550386 2.511938764457873 54.553586141102684
2020 7 26 12.013225421283874 2.4365806015241365 52.9169785568696
2020 7 27 11.652828658645356 2.3634831834784125 51.32946920016351
2020 7 28 11.303243798885996 2.29257868797406 49.7895851241586
2020 7 29 10.964146484919416 2.2238013273348383 48.29589757043384
2020 7 30 10.635222090371833 2.157087287514793 46.84702064332082
2020 7 31 10.316165427660678 2.092374668889349 45.441610024021195
2020 8 1 10.006680464830858 2.0296034288226688 44.07836172330056
2020 8 2 9.706480050885931 1.9687153259579886 42.75601087160154
2020 8 3 9.415285649359353 1.9096538661792488 41.47333054545349
2020 8 4 9.132827079878572 1.8523642501938713 40.22913062908989
2020 8 5 8.858842267482215 1.796793322688055 39.02225671021719
2020 8 6 8.593076999457748 1.7428895230074133 37.85158900891067
2020 8 7 8.335284689474015 1.6906028373171909 36.71604133864335
2020 8 8 8.085226148789795 1.6398847521976752 35.61456009848405
2020 8 9 7.842669364326101 1.590688209631745 34.546123295529526
2020 8 10 7.6073892833963175 1.5429675633427926 33.50973959666364
2020 8 11 7.379167604894428 1.4966785364425088 32.50444740876373
2020 8 12 7.157792576747594 1.4517781803492336 31.529313986500817
2020 8 13 6.943058799445167 1.4082248349387565 30.58343456690579
2020 8 14 6.734767035461812 1.3659780898905938 29.665931529898614
2020 8 15 6.532724024397957 1.324998747193876 28.775953584001655
2020 8 16 6.336742303666019 1.2852487847780596 27.912674976481604
2020 8 17 6.146640034556038 1.2466913212347177 27.075294727187156
2020 8 18 5.962240833519356 1.2092905815976762 26.26303588537154
2020 8 19 5.7833736085137755 1.173011864149746 25.47514480881039
2020 8 20 5.609872400258362 1.1378215082252536 24.71089046454608
2020 8 21 5.441576228250611 1.103686862978496 23.969563750609694
2020 8 22 5.2783289414030925 1.070576257089141 23.2504768380914
2020 8 23 5.119979073161 1.0384589693764668 22.55296253294866
2020 8 24 4.966379700966169 1.0073052002951728 21.876373656960197
2020 8 25 4.817388309937185 0.9770860442863176 21.22008244725139
2020 8 26 4.672866660639069 0.947773462957728 20.583479973833846
2020 8 27 4.532680660819897 0.9193402590689962 19.96597557461883
2020 8 28 4.396700240995299 0.8917600512969263 19.366996307380266
2020 8 29 4.26479923376544 0.8650072497580185 18.785986418158856
2020 8 30 4.136855256752477 0.8390570322652778 18.22240682561409
2020 8 31 4.0127495990499025 0.8138853212973195 17.675734620845667
2020 9 1 3.8923671110784053 0.7894687616583999 17.145462582220297
2020 9 2 3.775596097746053 0.7657846988086479 16.631098704753686
2020 9 3 3.6623282148136713 0.7428111578443884 16.132165743611075
2020 9 4 3.552458368369261 0.7205268231090568 15.648200771302744
2020 9 5 3.445884617318183 0.6989110184157851 15.17875474816366
2020 9 6 3.3425080787986374 0.6779436878633115 14.72339210571875
2020 9 7 3.2422328364346784 0.6576053772274121 14.281690342547186
2020 9 8 3.144965851341638 0.6378772159105897 13.853239632270771
2020 9 9 3.050616875801389 0.6187408994332719 13.437642443302648
2020 9 10 2.9590983695273474 0.6001786724502738 13.034513170003569
2020 9 11 2.870325418441527 0.5821733122767656 12.643477774903461
2020 9 12 2.784215655888281 0.5647081129084627 12.264173441656357
2020 9 13 2.7006891862116325 0.5477668695212088 11.896248238406667
2020 9 14 2.6196685106252833 0.5313338634355725 11.539360791254467
2020 9 15 2.5410784553065247 0.5153938475325054 11.193179967516832
2020 9 16 2.464846101647329 0.4999320321065302 10.857384568491327
2020 9 17 2.390900718597909 0.48493407114333426 10.531663031436587
2020 9 18 2.3191736970399717 0.4703860490090342 10.215713140493488
2020 9 19 2.2495984861287726 0.45627446753876316 9.909241746278683
2020 9 20 2.182110531544909 0.44258623351260024 9.611964493890323
2020 9 21 2.116647215598562 0.4293086465072222 9.323605559073613
2020 9 22 2.0531477991306053 0.41642938711200556 9.043897392301405
2020 9 23 1.991553365156687 0.4039365054986454 8.772580470532363
2020 9 24 1.9318067642019863 0.39181841033368603 8.509403056416392
2020 9 25 1.8738525612759267 0.3800638580236754 8.254120964723901
2020 9 26 1.8176369844376488 0.36866194228296517 8.006497335782184
2020 9 27 1.7631078749045193 0.3576020840144762 7.766302415708718
2020 9 28 1.7102146386573835 0.3468740214940419 7.533313343237456
2020 9 29 1.658908199497662 0.3364678008492206 7.307313942940332
2020 9 30 1.6091409535127321 0.32637376682374397 7.088094524652122
2020 10 1 1.56086672490735 0.31658255381903166 6.875451688912558
2020 10 2 1.5140407231601294 0.3070850772044607 6.669188138245181
2020 10 3 1.4686195014653254 0.2978725248883269 6.469112494097825
2020 10 4 1.4245609164213655 0.2889363491416771 6.27503911927489
2020 10 5 1.3818240889287245 0.2802682586674268 6.086787945696643
2020 10 6 1.3403693662608627 0.271860210907404 5.904184307325743
2020 10 7 1.3001582852730367 0.26370440458018185 5.727058778105971
2020 10 8 1.2611535367148456 0.2557932724427764 5.5552470147627915
2020 10 9 1.2233189306134002 0.2481194742694931 5.3885896043199075
2020 10 10 1.1866193626949981 0.2406758900414083 5.22693191619031
2020 10 11 1.1510207818141482 0.23345561334016604 5.070123958704601
2020 10 12 1.1164901583597238 0.22645194493996104 4.918020239943463
2020 10 13 1.0829954536089321 0.2196583865917622 4.770479632745158
2020 10 14 1.0505055900006641 0.21306863499400933 4.627365243762804
2020 10 15 1.018990422300644 0.20667657594418903 4.48854428644992
2020 10 16 0.9884207096316248 0.20047627866586334 4.353887957856422
2020 10 17 0.958768088342676 0.19446199030588743 4.223271319120729
2020 10 18 0.9300050456923957 0.1886281305967108 4.096573179547107
2020 10 19 0.9021048943216239 0.18296928667880946 3.973675984160694
2020 10 20 0.8750417474919752 0.17748020807844517 3.854465704635873
2020 10 21 0.8487904950672159 0.1721558018360918 3.738831733496797
2020 10 22 0.8233267802151994 0.16699112778100905 3.6266667814918927
2020 10 23 0.7986269768087434 0.16198139394757877 3.5178667780471358
2020 10 24 0.7746681675044811 0.1571219521291514 3.4123307747057217
2020 10 25 0.7514281224793466 0.15240829356527685 3.3099608514645498
2020 10 26 0.7288852788049662 0.14783604475831855 3.2106620259206133
2020 10 27 0.7070187204408173 0.143400963415569 3.114342165142995
2020 10 28 0.6858081588275927 0.1390989345131019 3.0209119001887053
2020 10 29 0.6652339140627649 0.13492596647770885 2.930284543183044
2020 10 30 0.645276896640882 0.1308781874833776 2.842376006887553
