2020 6 25 32.50692642211474 29.384988276274576 35.62886456795489
2020 6 26 31.11434280739837 25.419424840617936 37.3843993316955
2020 6 27 29.744158767478876 21.958583473396565 39.18166797017495
2020 6 28 28.455773224869034 18.98477638348911 41.09360949517257
2020 6 29 27.1410744895178 16.358917983019698 42.980255896535155
2020 6 30 25.88467543817093 14.094780806184145 44.94965394268626
2020 7 1 24.69657480852598 12.149529245404674 47.02689661699444
2020 7 2 23.550928556895062 10.466803741652095 49.17713319002365
2020 7 3 22.496779502026182 9.034182761481148 51.50576965004227
2020 7 4 21.5012394042739 7.80223660160997 53.970828562249395
2020 7 5 20.55072152283348 6.738635661761026 56.556292185263594
2020 7 6 19.68662713175241 5.834584796683306 59.38781167109477
2020 7 7 18.830200233253667 5.043325257866786 62.274620103757066
2020 7 8 18.01429097329237 4.360245966559405 65.3125377650854
2020 7 9 17.237704860581466 3.770645367146628 68.51304634533226
2020 7 10 16.494596945338873 3.260771661467374 71.87038936384695
2020 7 11 15.783524001002354 2.819844030114867 75.39225217450687
2020 7 12 15.103105017707923 2.4385394562084133 79.08669673638445
2020 7 13 14.452018520162431 2.108795598614365 82.9621800685218
2020 7 14 13.829000001141159 1.8236403210181427 87.02757360904398
2020 7 15 13.232839465625924 1.5770442723933804 91.29218352292652
2020 7 16 12.835854281657145 1.529732944221579 88.55341801723873
2020 7 17 12.450778653207431 1.4838409558949317 85.89681547672156
2020 7 18 12.077255293611207 1.4393257272180837 83.31991101241991
2020 7 19 11.71493763480287 1.3961459554015412 80.82031368204731
2020 7 20 11.363489505758784 1.354261576739495 78.39570427158588
2020 7 21 11.02258482058602 1.3136337294373102 76.0438331434383
2020 7 22 10.69190727596844 1.2742247175541908 73.76251814913516
2020 7 23 10.371150057689386 1.235997976027565 71.5496426046611
2020 7 24 10.060015555958705 1.198918036746738 69.40315332652126
2020 7 25 9.758215089279943 1.162950495644336 67.32105872672562
2020 7 26 9.465468636601544 1.1280619807750059 65.30142696492385
2020 7 27 9.181504577503498 1.0942201213517557 63.342384155976134
2020 7 28 8.906059440178392 1.061393517711203 61.44211263129685
2020 7 29 8.63887765697304 1.029551712179867 59.598849252357944
2020 7 30 8.379711327263848 0.9986651608144709 57.81088377478721
2020 7 31 8.128319987445932 0.9687052059900367 56.07655726154359
2020 8 1 7.884470387822554 0.9396440498103356 54.394260543697285
2020 8 2 7.6479362761878775 0.9114547283160255 52.76243272738637
2020 8 3 7.418498187902241 0.8841110864665447 51.179559745564774
2020 8 4 7.195943242265174 0.8575877538725483 49.64417295319783
2020 8 5 6.980064944997219 0.8318601212563718 48.1548477646019
2020 8 6 6.770662996647302 0.8069043176186806 46.71020233166384
2020 8 7 6.567543106747883 0.7826971880901202 45.30889626171392
2020 8 8 6.370516813545446 0.7592162724474166 43.9496293738625
2020 8 9 6.179401309139083 0.7364397842739941 42.63114049264662
2020 8 10 5.99401926986491 0.7143465907457743 41.352206277867225
2020 8 11 5.814198691768962 0.6929161930234011 40.11164008953121
2020 8 12 5.639772731015893 0.6721287072326991 38.90829088684527
2020 8 13 5.470579549085416 0.6519648460157181 37.741042160239914
2020 8 14 5.306462162612854 0.6324059006352466 36.60881089543272
2020 8 15 5.147268297734468 0.6134337236161892 35.51054656856974
2020 8 16 4.9928502488024336 0.5950307119077035 34.44523017151264
2020 8 17 4.8430647413383605 0.5771797905504724 33.41187326636726
2020 8 18 4.697772799098209 0.5598643968339583 32.40951706837624
2020 8 19 4.556839615125263 0.5430684649289396 31.43723155632495
2020 8 20 4.420134426671505 0.5267764109810713 30.4941146096352
2020 8 21 4.28753039387136 0.5109731186516392 29.579291171346142
2020 8 22 4.158904482055219 0.49564392509209 28.691912436205758
2020 8 23 4.034137347593562 0.48077460733932725 27.831155063119585
2020 8 24 3.913113227165755 0.46635136911914743 26.996220411226
2020 8 25 3.7957198303507824 0.452360828045573 26.18633379888922
2020 8 26 3.681848235440259 0.4387900032042058 25.400743784922543
2020 8 27 3.571392788377051 0.42562630310807964 24.638721471374865
2020 8 28 3.4642510047257393 0.4128575140148372 23.899559827233617
2020 8 29 3.360323474583967 0.4004717885943921 23.182573032416606
2020 8 30 3.259513770346448 0.3884576349365603 22.487095841444106
2020 8 31 3.1617283572360546 0.3768039058884635 21.812482966200783
2020 9 1 3.0668765065189727 0.3654997887118096 21.158108477214757
2020 9 2 2.9748702113234033 0.3545347950504553 20.523365222898313
2020 9 3 2.8856241049837013 0.34389875119894164 19.907664266211363
2020 9 4 2.79905538183419 0.3335817886629734 19.310434338225022
2020 9 5 2.7150837203791642 0.3235743350030842 18.731121308078272
2020 9 6 2.633631208767789 0.31386710495299164 18.169187668835924
2020 9 7 2.5546222725047554 0.3044510918044019 17.624112038770846
2020 9 8 2.4779836043296126 0.2953175590502698 17.09538867760772
2020 9 9 2.403644096199724 0.2864580322787617 16.58252701727949
2020 9 10 2.331534773313732 0.27786429131039886 16.085051206761104
2020 9 11 2.2615887301143203 0.26952836257108687 15.60249967055827
2020 9 12 2.1937410682108904 0.26144251169395427 15.134424680441521
2020 9 13 2.1279288361645636 0.25359923634313564 14.680391940028276
2020 9 14 2.0640909710796267 0.24599125925284157 14.239980181827427
2020 9 15 2.002168241947238 0.23861152147525633 13.812780776372604
2020 9 16 1.9421031946888208 0.23145317583099864 13.398397353081425
2020 9 17 1.883840098848156 0.22450958055606868 12.996445432488981
2020 9 18 1.8273248958827113 0.21777429313938662 12.606552069514311
2020 9 19 1.77250514900623 0.211241064345205 12.228355507428882
2020 9 20 1.719329994536043 0.20490383241484886 11.861504842206015
2020 9 21 1.6677500946999617 0.1987567174424034 11.505659696939835
2020 9 22 1.6177175918589628 0.19279401591913128 11.16048990603164
2020 9 23 1.5691860641031938 0.18701019544155734 10.82567520885069
2020 9 24 1.522110482180098 0.1813998895783106 10.500904952585168
2020 9 25 1.4764471677146949 0.17595789289096128 10.185877804007612
2020 9 26 1.432153752683254 0.17067915610423243 9.880301469887383
2020 9 27 1.3891891401027563 0.16555878142110544 9.583892425790761
2020 9 28 1.3475134658996735 0.16059201797847228 9.296375653017039
2020 9 29 1.3070880619226832 0.1557742574391181 9.017484383426527
2020 9 30 1.2678754200650026 0.15110102971594455 8.746959851923732
2020 10 1 1.2298391574630525 0.14656799882446622 8.48455105636602
2020 10 2 1.1929439827391608 0.14217095885973224 8.230014524675038
2020 10 3 1.157155663256986 0.13790583009394028 7.983114088934787
2020 10 4 1.1224409933592763 0.13376865519112208 7.743620666266743
2020 10 5 1.088767763558498 0.1297555955353884 7.51131204627874
2020 10 6 1.056104730651743 0.12586292766932675 7.285972684890377
2020 10 7 1.0244215887321908 0.12208703983924694 7.0673935043436655
2020 10 8 0.9936889410702251 0.11842442864406953 6.8553716992133555
2020 10 9 0.9638782728381183 0.11487169578474744 6.649710548236954
2020 10 10 0.9349619246529748 0.11142554491120502 6.450219231789846
2020 10 11 0.9069130669133855 0.10808277856386886 6.25671265483615
2020 10 12 0.8797056749059838 0.10484029520695279 6.069011275191065
2020 10 13 0.8533145046588043 0.1016950863507442 5.886940936935333
2020 10 14 0.8277150695190402 0.09864423376022187 5.710332708827273
2020 10 15 0.8028836174334689 0.09568490674741521 5.539022727562454
2020 10 16 0.7787971089104648 0.09281435954499276 5.372852045735581
2020 10 17 0.7554331956431508 0.09002992875864298 5.211666484363513
2020 10 18 0.7327701997738563 0.08732903089588369 5.055316489832608
2020 10 19 0.7107870937806405 0.08470915996900717 4.903656995137629
2020 10 20 0.6894634809672213 0.08216788516993695 4.7565472852835
2020 10 21 0.6687795765382046 0.07970284861483884 4.613850866724995
2020 10 22 0.6487161892420584 0.07731176315639367 4.475435340723245
2020 10 23 0.6292547035647966 0.07499241026170185 4.341172280501548
2020 10 24 0.6103770624578527 0.07274263795385079 4.210937112086501
2020 10 25 0.5920657505841171 0.07056035881523526 4.0846089987239065
2020 10 26 0.5743037780665936 0.0684435480507782 3.962070728762189
2020 10 27 0.5570746647245958 0.06639024160925484 3.8432086068993234
2020 10 28 0.5403624247828579 0.0643985343609772 3.727912348692344
2020 10 29 0.5241515520393721 0.06246657833014788 3.6160749782315733
2020 10 30 0.508427005478191 0.06059258098024344 3.507592728884626
