2020 6 25 62.13635697662365 54.9764337645322 69.2962801887151
2020 6 26 61.43757588250156 48.10011368269859 76.40509004036565
2020 6 27 60.770748998310395 42.1027319999672 84.27312839099888
2020 6 28 60.08533924882838 36.835247510618984 92.91559490586594
2020 6 29 59.59814712251694 32.34355739562564 102.73894088536466
2020 6 30 59.31748296613693 28.50952165568606 113.95005948094453
2020 7 1 59.07885300433608 25.149543590830667 126.46277157268648
2020 7 2 58.9937233290814 22.250489939377385 140.67601286026857
2020 7 3 58.86822606394777 19.67034619096273 156.39013771533604
2020 7 4 58.78339989159004 17.402893950952627 173.9669370745741
2020 7 5 58.804363788858616 15.428099946464341 193.8319248908543
2020 7 6 59.02905853527506 13.730845273395222 216.63677816291138
2020 7 7 59.2890170317409 12.228309665388833 242.25095154607362
2020 7 8 59.65546984054842 10.911921400734505 271.3240822849452
2020 7 9 60.14565614015265 9.759461986581435 304.43881199206845
2020 7 10 60.6398702784272 8.728719239227361 341.5951487483743
2020 7 11 61.13814535194039 7.806838088207573 383.28636511518124
2020 7 12 61.640514729213535 6.982321147596366 430.06593688900324
2020 7 13 62.1470120529556 6.244885324548204 482.5548908233009
2020 7 14 62.65767124231616 5.585333572086215 541.4500491295294
2020 7 15 63.172526495156916 4.995440186682736 607.5332802081583
2020 7 16 61.27735070030221 4.845576981082254 589.3072818019135
2020 7 17 59.43903017929314 4.7002096716497865 571.6280633478561
2020 7 18 57.655859273914345 4.559203381500293 554.4792214474204
2020 7 19 55.92618349569691 4.422427280055284 537.8448448039978
2020 7 20 54.248397990826 4.289754461653625 521.7094994598779
2020 7 21 52.62094605110122 4.161061827804016 506.0582144760815
2020 7 22 51.042317669568185 4.036229972969895 490.87646804179906
2020 7 23 49.51104813948114 3.9151430737807984 476.15017400054506
2020 7 24 48.0257166952967 3.7976887815673743 461.8656687805287
2020 7 25 46.5849451944378 3.683758118120353 448.0096987171128
2020 7 26 45.18739683860466 3.5732453745767425 434.56940775559946
2020 7 27 43.831774933446525 3.46604801333944 421.53232552293144
2020 7 28 42.51682168544313 3.362066572939257 408.8863557572435
2020 7 29 41.241317034879835 3.261204575751079 396.6197650845262
2020 7 30 40.00407752383344 3.1633684384785465 384.7211721319904
2020 7 31 38.80395519811843 3.06846738532419 373.1795369680307
2020 8 1 37.639836542174876 2.9764133637644643 361.9841508589897
2020 8 2 36.51064144590963 2.8871209628515304 351.12462633322
2020 8 3 35.41532220253234 2.8005073339659843 340.5908875432234
2020 8 4 34.352862536456364 2.716492113947005 330.3731609169267
2020 8 5 33.322276660362675 2.634997350528595 320.46196608941887
2020 8 6 32.3226083605518 2.5559474300127367 310.8481071067363
2020 8 7 31.352930109735244 2.4792690071123547 301.5226638935342
2020 8 8 30.412342206443185 2.404890936898984 292.47698397672815
2020 8 9 29.49997194024989 2.3327442087920147 283.70267445742627
2020 8 10 28.61497278204239 2.2627618825282543 275.1915942237035
2020 8 11 27.75652359858112 2.1948790260524067 266.93584639699236
2020 8 12 26.923827890623684 2.1290326552708345 258.9277710050826
2020 8 13 26.11611305390497 2.0651616756127096 251.1599378749301
2020 8 14 25.33262966228782 2.003206825344328 243.6251397386822
2020 8 15 24.572650772419188 1.943110620583998 236.31638554652173
2020 8 16 23.835471249246613 1.884817301966478 229.22689398012608
2020 8 17 23.120407111769214 1.8282727829074836 222.3500871607223
2020 8 18 22.426794898416137 1.773424599420259 215.6795845459006
2020 8 19 21.753991051463654 1.7202218614376512 209.2091970095236
2020 8 20 21.101371319919743 1.6686152055945216 202.9329210992379
2020 8 21 20.46833018032215 1.618556749426686 196.84493346626076
2020 8 22 19.854280274912483 1.5700000469438853 190.93958546227293
2020 8 23 19.258651866665108 1.5229000455355688 185.21139789840473
2020 8 24 18.680892310665154 1.4772130441695017 179.65505596145258
2020 8 25 18.120465541345197 1.4328966528444167 174.26540428260898
2020 8 26 17.57685157510484 1.389909753259084 169.0374421541307
2020 8 27 17.049546027851694 1.3482124606613115 163.96631888950677
2020 8 28 16.53805964701614 1.3077660868414722 159.04732932282155
2020 8 29 16.041917857605657 1.268533104236228 154.2759094431369
2020 8 30 15.560660321877487 1.230477111109141 149.64763215984277
2020 8 31 15.093840512221162 1.1935627977758667 145.1582031950475
2020 9 1 14.641025296854526 1.1577559138425906 140.80345709919607
2020 9 2 14.20179453794889 1.1230232364273127 136.5793533862202
2020 9 3 13.775740701810424 1.0893325393344933 132.48197278463357
2020 9 4 13.36246848075611 1.0566525631544583 128.50751360109456
2020 9 5 12.961594426333427 1.0249529862598246 124.65228819306172
2020 9 6 12.572746593543425 0.9942043966720298 120.91271954726987
2020 9 7 12.195564195737122 0.9643782647718688 117.28533796085178
2020 9 8 11.829697269865008 0.9354469168287127 113.76677782202621
2020 9 9 11.474806351769057 0.9073835093238514 110.35377448736543
2020 9 10 11.130562161215986 0.8801620040441358 107.04316125274447
2020 9 11 10.796645296379506 0.8537571439228117 103.83186641516212
2020 9 12 10.47274593748812 0.8281444296051272 100.71691042270726
2020 9 13 10.158563559363477 0.8033000967169734 97.69540311002604
2020 9 14 9.853806652582573 0.7792010938154642 94.76454101672525
2020 9 15 9.558192453005097 0.7558250610010002 91.92160478622348
2020 9 16 9.271446679414943 0.7331503091709702 89.16395664263678
2020 9 17 8.993303279032494 0.7111557998958411 86.48903794335767
2020 9 18 8.72350418066152 0.6898211258989658 83.89436680505695
2020 9 19 8.461799055241674 0.6691264921219968 81.37753580090524
2020 9 20 8.207945083584423 0.6490526973583369 78.93620972687808
2020 9 21 7.96170673107689 0.6295811164375869 76.56812343507173
2020 9 22 7.722855529144583 0.6106936829444592 74.27107973201957
2020 9 23 7.491169863270246 0.5923728724561255 72.04294734005899
2020 9 24 7.266434767372139 0.5746016862824417 69.88165891985722
2020 9 25 7.048441724350974 0.5573636356939684 67.7852091522615
2020 9 26 6.836988472620445 0.5406427266231494 65.75165287769366
2020 9 27 6.631878818441831 0.5244234448244549 63.779103291362844
2020 9 28 6.432922453888576 0.5086907414797213 61.86573019262196
2020 9 29 6.239934780271919 0.4934300192353296 60.0097582868433
2020 9 30 6.0527367368637615 0.4786271186582697 58.209465538238
2020 10 1 5.871154634757849 0.46426830509852157 56.46318157209086
2020 10 2 5.695019995715113 0.4503402559455659 54.769286124928136
2020 10 3 5.52416939584366 0.43683004826719896 53.12620754118029
2020 10 4 5.3584443139683495 0.423725146819183 51.532421314944884
2020 10 5 5.197690984549299 0.4110133924146075 49.98644867549653
2020 10 6 5.04176025501282 0.3986829906421693 48.486855215231635
2020 10 7 4.8905074473624355 0.38672250092290417 47.03224955877469
2020 10 8 4.743792223941562 0.37512082589521706 45.62128207201145
2020 10 9 4.601478457223315 0.3638672011183605 44.2526436098511
2020 10 10 4.463434103506616 0.3529511850848097 42.925064301555565
2020 10 11 4.329531080401417 0.3423626495322654 41.637312372508894
2020 10 12 4.199645147989375 0.3320917700462974 40.388193001333626
2020 10 13 4.073655793549693 0.3221290169449085 39.17654721129362
2020 10 14 3.9514461197432023 0.3124651464365612 38.00125079495481
2020 10 15 3.8329027361509063 0.30309119204346435 36.86121327110616
2020 10 16 3.717915654066379 0.2939984562821604 35.755376872972974
2020 10 17 3.6063781844443876 0.2851785025936956 34.682715566783784
2020 10 18 3.4981868389110558 0.27662314751588474 33.64223409978027
2020 10 19 3.393241233743724 0.2683244530904082 32.63296707678686
2020 10 20 3.291443996731412 0.2602747194976959 31.653978064483255
2020 10 21 3.1927006768294697 0.25246647791276505 30.704358722548758
2020 10 22 3.0969196565245856 0.2448924835753821 29.783227960872296
2020 10 23 3.0040120668288477 0.23754570906812061 28.889731122046125
2020 10 24 2.9138917048239823 0.23041933779607698 28.02303918838474
2020 10 25 2.826474953679263 0.22350675766219466 27.182348012733197
2020 10 26 2.7416807050688847 0.2168015549323288 26.3668775723512
2020 10 27 2.659430283916818 0.21029750828435895 25.575871245180664
2020 10 28 2.5796473753993134 0.20398858303582817 24.808595107825244
2020 10 29 2.5022579541373338 0.19786892554475333 24.064337254590487
2020 10 30 2.427190215513214 0.1919328577784107 23.342407136952772
