2020 6 25 4517.169954950783 4175.4571055356155 4858.8828043659505
2020 6 26 4815.594815651726 4115.01586239628 5571.216822047418
2020 6 27 5118.2731261784 4042.237080807962 6370.094201458514
2020 6 28 5405.191257729232 3943.2737459870673 7240.23332028124
2020 6 29 5706.457839674685 3845.467161078335 8226.906605382988
2020 6 30 6026.348197373425 3751.321210062398 9350.681707893367
2020 7 1 6351.916265485271 3651.8518599110284 10608.947103295539
2020 7 2 6720.5661847641095 3569.6766776229674 12079.108620384934
2020 7 3 7083.279119704625 3474.832756182784 13703.87574017858
2020 7 4 7481.866974690298 3390.5045915957803 15578.724635646582
2020 7 5 7933.713154474568 3322.193541518346 17774.26689922809
2020 7 6 8477.804674278508 3282.459303944209 20424.758545773
2020 7 7 9123.102241106133 3267.938338683047 23624.420323275976
2020 7 8 9861.146688378642 3269.1098456335126 27438.3073102843
2020 7 9 10709.319587248701 3286.9973238623797 32008.198886642684
2020 7 10 11630.445185141629 3304.982676403368 37339.21281590378
2020 7 11 12630.798259643234 3323.0664387920533 43558.115176957755
2020 7 12 13717.193291931912 3341.249149494285 50812.785130837095
2020 7 13 14897.030887542383 3359.531349922218 59275.73133647586
2020 7 14 16178.348189853106 3377.9135844504326 69148.19403083136
2020 7 15 17569.873629717855 3396.396400432146 80664.93031665354
2020 7 16 17042.777420826318 3294.5045084191815 78244.98240715393
2020 7 17 16531.49409820153 3195.669373166606 75897.63293493932
2020 7 18 16035.549275255482 3099.7992919716075 73620.70394689114
2020 7 19 15554.482796997818 3006.805313212459 71412.0828284844
2020 7 20 15087.848313087883 2916.601153816085 69269.72034362987
2020 7 21 14635.212863695246 2829.1031192016026 67191.62873332098
2020 7 22 14196.156477784389 2744.2300256255544 65175.87987132135
2020 7 23 13770.271783450857 2661.9031248567876 63220.603475181706
2020 7 24 13357.16362994733 2582.0460311110837 61323.98537092625
2020 7 25 12956.44872104891 2504.584650177751 59484.26580979847
2020 7 26 12567.755259417441 2429.4471106724186 57699.737835504515
2020 7 27 12190.722601634918 2356.563697352246 55968.74570043938
2020 7 28 11825.00092358587 2285.8667864316785 54289.683329426196
2020 7 29 11470.250895878295 2217.2907828387283 52660.99282954341
2020 7 30 11126.143369001946 2150.7720593535664 51081.16304465711
2020 7 31 10792.359067931888 2086.2488975729593 49548.728153317395
2020 8 1 10468.588295893931 2023.6614306457705 48062.26630871787
2020 8 2 10154.530647017113 1962.9515877263973 46620.39831945633
2020 8 3 9849.8947276066 1904.0630400946054 45221.78636987264
2020 8 4 9554.3978857784 1846.9411488917672 43865.13277877646
2020 8 5 9267.765949205048 1791.532914425014 42549.178795413165
2020 8 6 8989.732970728895 1737.7869269922635 41272.70343155077
2020 8 7 8720.040981607028 1685.6533191824956 40034.522328604246
2020 8 8 8458.439752158816 1635.0837196070206 38833.486658746115
2020 8 9 8204.68655959405 1586.03120801881 37668.48205898373
2020 8 10 7958.545962806229 1538.4502717782457 36538.42759721422
2020 8 11 7719.789583922042 1492.2967636248982 35442.274769297794
2020 8 12 7488.195896404381 1447.5278607161513 34379.00652621886
2020 8 13 7263.550019512249 1404.1020248946668 33347.636330432295
2020 8 14 7045.643518926881 1361.9789641478267 32347.207240519325
2020 8 15 6834.274213359075 1321.1195952233918 31376.791023303744
2020 8 16 6629.245986958302 1281.48600736669 30435.48729260463
2020 8 17 6430.368607349553 1243.0414271456893 29522.42267382649
2020 8 18 6237.457549129066 1205.7501843313187 28636.749993611695
2020 8 19 6050.333822655194 1169.577678801379 27777.647493803343
2020 8 20 5868.823807975538 1134.4903484373376 26944.31806898924
2020 8 21 5692.759093736272 1100.4556379842174 26135.988526919562
2020 8 22 5521.976320924184 1067.4419688446908 25351.908871111973
2020 8 23 5356.3170312964585 1035.4187097793501 24591.351604978612
2020 8 24 5195.627520357564 1004.3561484859696 23853.611056829253
2020 8 25 5039.758694746837 974.2254640313905 23138.002725124374
2020 8 26 4888.565933904432 944.9987001104488 22443.86264337064
2020 8 27 4741.908955887299 916.6487391071353 21770.54676406952
2020 8 28 4599.65168721068 889.1492769339212 21117.430361147435
2020 8 29 4461.66213659436 862.4747986259035 20483.90745031301
2020 8 30 4327.81227249653 836.6005546671264 19869.390226803618
2020 8 31 4197.977904321634 811.5025380271126 19273.308519999508
2020 9 1 4072.038567191985 787.1574618862992 18695.10926439952
2020 9 2 3949.877410176225 763.5427380297102 18134.255986467535
2020 9 3 3831.3810878709382 740.6364558888189 17590.22830687351
2020 9 4 3716.43965523481 718.4173622121543 17062.521457667302
2020 9 5 3604.9464655777656 696.8648413457897 16550.645813937284
2020 9 6 3496.7980716104325 675.958896105416 16054.126439519165
2020 9 7 3391.8941294621195 655.6801292222535 15572.502646333589
2020 9 8 3290.137305578256 636.0097253455859 15105.32756694358
2020 9 9 3191.433186410908 616.9294335852184 14652.167739935272
2020 9 10 3095.690190818581 598.4215505776618 14212.602707737213
2020 9 11 3002.8194850940235 580.468904060332 13786.224626505096
2020 9 12 2912.734900541203 563.054836938522 13372.637887709943
2020 9 13 2825.3528535249666 546.1631918303664 12971.458751078644
2020 9 14 2740.5922679192176 529.7782960754554 12582.314988546284
2020 9 15 2658.374499881641 513.8849471931917 12204.845538889895
2020 9 16 2578.6232648851915 498.4683987773959 11838.700172723198
2020 9 17 2501.2645669386357 483.51434681407403 11483.539167541501
2020 9 18 2426.2266299304765 469.0089164096518 11139.032992515256
2020 9 19 2353.4398310325623 454.93864891736223 10804.8620027398
2020 9 20 2282.8366361015856 441.29048944984135 10480.716142657606
2020 9 21 2214.351537018538 428.0517747663461 10166.294658377878
2020 9 22 2147.9209909079814 415.2102215233557 9861.30581862654
2020 9 23 2083.4833611807417 402.753914877655 9565.466644067745
2020 9 24 2020.9788603453194 390.67129743132534 9278.502644745711
2020 9 25 1960.3494945349598 378.95115850838556 9000.14756540334
2020 9 26 1901.539009698911 367.582623753134 8730.143138441239
2020 9 27 1844.4928394079436 356.55514504053997 8468.238844288002
2020 9 28 1789.1580542257052 345.8584906893238 8214.191678959362
2020 9 29 1735.483312598934 335.4827359686441 7967.76592859058
2020 9 30 1683.4188132209658 325.4182538895848 7728.732950732862
2020 10 1 1632.916248824337 315.65570627289725 7496.870962210876
2020 10 2 1583.9287613596068 306.18603508471034 7271.96483334455
2020 10 3 1536.4108985188186 297.00045403216905 7053.805888344214
2020 10 4 1490.318571563254 288.090440411204 6842.191711693887
2020 10 5 1445.6090144163563 279.4477271988679 6636.92596034307
2020 10 6 1402.2407439838655 271.06429538290183 6437.818181532778
2020 10 7 1360.1735216643494 262.9323665214148 6244.683636086795
2020 10 8 1319.368316014419 255.04439552577233 6057.343127004191
2020 10 9 1279.7872665339864 247.39306365999914 5875.622833194066
2020 10 10 1241.3936485379668 239.97127175019915 5699.354148198244
2020 10 11 1204.1518390818278 232.77213359769317 5528.373523752296
2020 10 12 1168.027283909373 225.78896958976236 5362.522318039727
2020 10 13 1132.9864653920918 219.0153005020695 5201.646648498535
2020 10 14 1098.996871430329 212.4448414870074 5045.597249043579
2020 10 15 1066.0269652874192 206.0714962423972 4894.229331572271
2020 10 16 1034.0461563287965 199.88935135512526 4747.402451625103
2020 10 17 1003.0247716389326 193.8926708144715 4604.98037807635
2020 10 18 972.9340284897646 188.07589069003734 4466.830966734059
2020 10 19 943.7460076350717 182.43361396933622 4332.826037732038
2020 10 20 915.4336274060195 176.96060555025613 4202.841256600076
2020 10 21 887.9706185838388 171.65178738374846 4076.7560189020737
2020 10 22 861.3315000263236 166.502233762236 3954.4533383350113
2020 10 23 835.4915550255339 161.5071667493689 3835.819738184961
2020 10 24 810.4268083747679 156.66195174688784 3720.745146039412
2020 10 25 786.1140041235249 151.96209319448118 3609.1227916582293
2020 10 26 762.5305839998191 147.40323039864674 3500.8491079084824
2020 10 27 739.6546664798245 142.98113348668733 3395.823634671228
2020 10 28 717.4650264854298 138.6916994820867 3293.948925631091
2020 10 29 695.9410756908669 134.5309484976241 3195.130457862158
2020 10 30 675.0628434201409 130.4950200426954 3099.276544126293
