2020 6 25 1507.376604733065 1460.9679642910382 1553.785245175092
2020 6 26 1544.9663210801523 1451.3588070067426 1641.4989188886766
2020 6 27 1582.2868802464118 1440.679415634104 1732.8822448998817
2020 6 28 1619.0552174887537 1428.7549631398833 1827.7608336139074
2020 6 29 1659.20675402001 1419.1607759688015 1930.6889777983995
2020 6 30 1702.869311040045 1411.782402760855 2042.3402398152346
2020 7 1 1746.038103116047 1403.0804431414963 2158.478019530427
2020 7 2 1793.1888006588536 1396.7524966413935 2284.789611531634
2020 7 3 1837.411611768208 1387.180715643623 2413.139902590498
2020 7 4 1883.484691052298 1378.2480492766304 2549.698092899373
2020 7 5 1932.7896225311138 1370.8924434453475 2696.795112589532
2020 7 6 1987.025572177549 1366.1581193311874 2857.4577583796304
2020 7 7 2047.2561664176164 1364.515323448486 3034.123991880937
2020 7 8 2112.735781487358 1365.156174278504 3226.7863605420516
2020 7 9 2184.589832999817 1368.56295685862 3438.21955757994
2020 7 10 2258.8876376611533 1371.9782411528745 3663.5067851654703
2020 7 11 2335.7123074090646 1375.4020483775153 3903.5558201525323
2020 7 12 2415.1497808146146 1378.8343998017358 4159.333920916558
2020 7 13 2497.288919215909 1382.2753167478074 4431.871724844735
2020 7 14 2582.221606121277 1385.7248205912117 4722.2674012068765
2020 7 15 2670.0428499931454 1389.1829327607732 5031.691076140611
2020 7 16 2589.941564493351 1347.50744477795 4880.740343856392
2020 7 17 2512.2433175585506 1307.0822214346115 4734.318133540701
2020 7 18 2436.876018031794 1267.869754791573 4592.28858953448
2020 7 19 2363.7697374908403 1229.8336621478259 4454.519931848446
2020 7 20 2292.856645366115 1192.938652283391 4320.884333892992
2020 7 21 2224.0709460051316 1157.1504927148894 4191.257803876202
2020 7 22 2157.3488176249775 1122.4359779334427 4065.520069759916
2020 7 23 2092.6283530962282 1088.7628985954393 3943.5544676671184
2020 7 24 2029.8495025033412 1056.100011637576 3825.2478336371046
2020 7 25 1968.9540174282408 1024.4170112884487 3710.4903986279915
2020 7 26 1909.8853969053935 993.6845009497953 3599.1756866691517
2020 7 27 1852.5888349982315 963.8739659213014 3491.200416069077
2020 7 28 1797.0111699482845 934.9577469436623 3386.4644035870047
2020 7 29 1743.100834849836 906.9090145353524 3284.8704714793944
2020 7 30 1690.8078098043409 879.7017440992918 3186.3243573350123
2020 7 31 1640.0835755102105 853.310691776313 3090.734626614962
2020 8 1 1590.881068244904 827.7113710230236 2998.012587816513
2020 8 2 1543.154636197557 802.8800298923329 2908.0722101820174
2020 8 3 1496.8599971116303 778.7936289955629 2820.830043876557
2020 8 4 1451.9541971982812 755.429820125696 2736.20514256026
2020 8 5 1408.3955712823329 732.766925521925 2654.118988283452
2020 8 6 1366.1437041438628 710.7839177562672 2574.4954186349482
2020 8 7 1325.159393019547 689.4604002235792 2497.2605560759
2020 8 8 1285.4046112289604 668.7765882168718 2422.3427393936227
2020 8 9 1246.8424728920916 648.7132905703656 2349.6724572118137
2020 8 10 1209.4371987053287 629.2518918532546 2279.182283495459
2020 8 11 1173.1540827441688 610.374335097657 2210.8068149905953
2020 8 12 1137.9594602618438 592.0631050447272 2144.4826105408774
2020 8 13 1103.8206764539884 574.3012118933854 2080.148132224651
2020 8 14 1070.7060561603687 557.0721755365838 2017.7436882579113
2020 8 15 1038.5848744755576 540.3600102704863 1957.211377610174
2020 8 16 1007.4273282412909 524.1492099623717 1898.4950362818686
2020 8 17 977.2045083940521 508.4247336635006 1841.5401851934125
2020 8 18 947.8883731422305 493.17199165359557 1786.2939796376102
2020 8 19 919.4517219479636 478.3768319039877 1732.705160248482
2020 8 20 891.8681702895246 464.02552694686807 1680.7240054410274
2020 8 21 865.1121251808389 450.10476113846204 1630.3022852777965
2020 8 22 839.1587614254137 436.60161830430815 1581.3932167194625
2020 8 23 813.9839985826512 423.5035697551789 1533.9514202178786
2020 8 24 789.5644786251717 410.7984626625235 1487.9328776113423
2020 8 25 765.8775442664165 398.4745087826478 1443.294891283002
2020 8 26 742.901217938424 386.5202735191683 1399.996044544512
2020 8 27 720.6141814002713 374.92466531359327 1357.9961632081765
2020 8 28 698.9957559582631 363.67692535418547 1317.2562783119313
2020 8 29 678.0258832795151 352.7666175935599 1277.7385899625733
2020 8 30 657.6851067811297 342.1836190657531 1239.4064322636962
2020 8 31 637.9545535776957 331.9181104937805 1202.2242392957853
2020 9 1 618.8159169703648 321.96056717896704 1166.1575121169117
2020 9 2 600.2514394612539 312.301750163598 1131.1727867534044
2020 9 3 582.2438962774163 302.9326976586901 1097.2376031508022
2020 9 4 564.7765793890937 293.84471672892937 1064.3204750562782
2020 9 5 547.833282007421 285.0293752270615 1032.3908608045897
2020 9 6 531.3982835471983 276.47849397024964 1001.419134980452
2020 9 7 515.4563350407823 268.1841391511422 971.3765609310384
2020 9 8 499.9926449895588 260.1386149766079 942.2352641031072
2020 9 9 484.99286563987204 252.33445652730967 913.9682061800139
2020 9 10 470.44307967067584 244.76442283149038 886.5491599946134
2020 9 11 456.32978728055554 237.42149014654566 859.952685194775
2020 9 12 442.63989366213883 230.2988454421493 834.1541046389317
2020 9 13 429.36069685227466 223.3898800788848 809.1294814997638
2020 9 14 416.4798759467064 216.68818367651826 784.8555970547708
2020 9 15 403.9854796683052 210.1875381662227 761.3099291431276
2020 9 16 391.865915278256 203.88191202123602 738.4706312688338
2020 9 17 380.10993781990834 197.76545466059892 716.3165123307688
2020 9 18 368.7066396853111 191.83249102078094 694.8270169608456
2020 9 19 357.6454404947517 186.0775162901575 673.9822064520203
2020 9 20 346.91607727990913 180.49519080145276 653.7627402584596
2020 9 21 336.50859496151185 175.0803350774092 634.1498580507058
2020 9 22 326.41333711266645 169.8279250250869 615.1253623091847
2020 9 23 316.62093699928647 164.73308727433428 596.6716014399091
2020 9 24 307.1223088893079 159.79109465610424 578.7714533967118
2020 9 25 297.90863962262864 154.9973618164211 561.4083097948104
2020 9 26 288.9713804339498 150.34744096192844 544.566060500966
2020 9 27 280.30223902093127 145.83701773307058 528.229078685937
2020 9 28 271.8931718503033 141.46190720107845 512.3822063253589
2020 9 29 263.7363766947942 137.2180499850461 497.0107401355981
2020 9 30 255.8242853939504 133.10150848549472 482.10041793153016
2020 10 1 248.14955683213188 129.10846323092989 467.63740539358423
2020 10 2 240.70507012716791 125.23520933400198 453.6082832317767
2020 10 3 233.48391802335286 121.47815305398191 440.0000347348234
2020 10 4 226.47940048265227 117.83380846236246 426.80003369277864
2020 10 5 219.6850184681727 114.29879420849157 413.99603268199525
2020 10 6 213.0944679141275 110.86983038223683 401.57615170153537
2020 10 7 206.70163387670368 107.54373547076972 389.5288671504893
2020 10 8 200.50058486040257 104.31742340664663 377.8430011359746
2020 10 9 194.4855673145905 101.18790070444723 366.5077111018953
2020 10 10 188.65100029515278 98.1522636833138 355.51247976883843
2020 10 11 182.99147028629818 95.20769577281439 344.84710537577325
2020 10 12 177.50172617770923 92.35146489962996 334.50169221450005
2020 10 13 172.17667439237795 89.58092095264107 324.46664144806505
2020 10 14 167.0113741606066 86.89349332406184 314.73264220462306
2020 10 15 162.0010329357884 84.28668852433998 305.2906629384844
2020 10 16 157.14100194771476 81.75808786860978 296.1319430503298
2020 10 17 152.42677188928332 79.30534523255149 287.24798475881994
2020 10 18 147.8539687326048 76.92618487557495 278.63054521605534
2020 10 19 143.41834967062667 74.61839932930769 270.2716288595737
2020 10 20 139.11579918050788 72.37984734942846 262.1634799937865
2020 10 21 134.94232520509263 70.2084519289456 254.29857559397288
2020 10 22 130.89405544893984 68.10219837107724 246.66961832615368
2020 10 23 126.96723378547163 66.05913241994492 239.26952977636907
2020 10 24 123.15821677190748 64.07735844734657 232.091443883078
2020 10 25 119.46347026875024 62.15503769392617 225.12870056658565
2020 10 26 115.87956616068773 60.290386563108385 218.37483954958807
2020 10 27 112.4031791758671 58.48167496621513 211.82359436310043
2020 10 28 109.03108380059108 56.72722471722867 205.46888653220742
2020 10 29 105.76015128657335 55.02540797571181 199.3048199362412
2020 10 30 102.58734674797614 53.37464573644045 193.32567533815396
