2020 6 25 11.556247892420249 9.170942370629282 13.941553414211215
2020 6 26 12.556194027902315 7.9174049820106775 18.259852124326834
2020 6 27 13.659928526879973 6.846094531876826 23.940820447832614
2020 6 28 14.925080716932431 5.952017737968096 31.50210169028169
2020 6 29 16.319135093859213 5.179380838060695 41.476229923175005
2020 6 30 17.78890586800076 4.489745571745449 54.4698472521823
2020 7 1 19.408521338755346 3.896344815378986 71.5875835411218
2020 7 2 21.209907714763926 3.388260696611535 94.21130685762117
2020 7 3 23.103497708732142 2.934451172306685 123.65167627800949
2020 7 4 25.216063709654723 2.5477633843426903 162.55912405255705
2020 7 5 27.506941957734774 2.2105301141145954 213.61314940091523
2020 7 6 30.049170688277663 1.9214081544691142 281.0370947838936
2020 7 7 32.91390779690407 1.6756996080653292 370.5612854528421
2020 7 8 36.1045528602772 1.464100171929856 489.1977807566772
2020 7 9 39.70378168874378 1.2832467055961727 647.1614321266906
2020 7 10 43.66181424508917 1.1247332245394501 856.1320915733784
2020 7 11 48.01441933459785 0.9858001745620706 1132.5800980029978
2020 7 12 52.80093152102355 0.8640288763271283 1498.294119585094
2020 7 13 58.06460659368857 0.7572994186765728 1982.0984606223674
2020 7 14 63.85301247076305 0.663753753191395 2622.124892734341
2020 7 15 70.2184590713235 0.5817633475086839 3468.818068169126
2020 7 16 68.11190529918379 0.5643104470834234 3364.7535261240523
2020 7 17 66.06854814020828 0.5473811336709207 3263.8109203403305
2020 7 18 64.08649169600203 0.530959699660793 3165.8965927301206
2020 7 19 62.16389694512196 0.5150309086709692 3070.919694948217
2020 7 20 60.2989800367683 0.49957998141084015 2978.7921040997703
2020 7 21 58.49001063566525 0.4845925819685149 2889.4283409767772
2020 7 22 56.73531031659529 0.47005480450945947 2802.745490747474
2020 7 23 55.03325100709743 0.45595316037417566 2718.6631260250497
2020 7 24 53.3822534768845 0.44227456556295036 2637.103232244298
2020 7 25 51.780785872577965 0.42900632859606186 2557.990135276969
2020 7 26 50.22736229640063 0.41613613873818 2481.2504312186597
2020 7 27 48.72054142750861 0.4036520545760346 2406.8129182821
2020 7 28 47.25892518468335 0.39154249293875354 2334.6085307336366
2020 7 29 45.84115742914285 0.37979621815059095 2264.5702748116273
2020 7 30 44.46592270626856 0.3684023316060732 2196.6331665672783
2020 7 31 43.1319450250805 0.357350261657891 2130.73417157026
2020 8 1 41.83798667432808 0.3466297538081543 2066.812146423152
2020 8 2 40.58284707409823 0.33623086119390966 2004.8077820304575
2020 8 3 39.36536166187528 0.3261439353580924 1944.6635485695438
2020 8 4 38.18440081201902 0.3163596172973496 1886.3236421124575
2020 8 5 37.03886878765845 0.30686882877842914 1829.7339328490837
2020 8 6 35.9277027240287 0.29766276391507623 1774.841914863611
2020 8 7 34.84987164230784 0.28873288099762395 1721.5966574177025
2020 8 8 33.804375493038606 0.28007089456769524 1669.9487576951715
2020 8 9 32.790244228247445 0.2716687677306644 1619.8502949643164
2020 8 10 31.806536901400023 0.26351870469874444 1571.2547861153869
2020 8 11 30.85234079435802 0.2556131435577821 1524.1171425319253
2020 8 12 29.926770570527278 0.24794474925104862 1478.3936282559675
2020 8 13 29.028967453411457 0.24050640677351715 1434.0418194082886
2020 8 14 28.15809842980911 0.23329121457031163 1391.0205648260398
2020 8 15 27.313355476914836 0.22629247813320227 1349.2899478812585
2020 8 16 26.49395481260739 0.2195037037892062 1308.8112494448208
2020 8 17 25.69913616822917 0.21291859267553 1269.546911961476
2020 8 18 24.928162083182293 0.20653103489526412 1231.4605046026318
2020 8 19 24.180317220686824 0.2003351038484062 1194.5166894645529
2020 8 20 23.45490770406622 0.194325050732954 1158.6811887806164
2020 8 21 22.75126047294423 0.1884952992109654 1123.9207531171978
2020 8 22 22.068722658755902 0.18284044023463641 1090.203130523682
2020 8 23 21.406660978993227 0.17735522702759732 1057.4970366079715
2020 8 24 20.76446114962343 0.1720345702167694 1025.7721255097324
2020 8 25 20.141527315134727 0.16687353311026631 994.9989617444404
2020 8 26 19.537281495680684 0.1618673271169583 965.1489928921071
2020 8 27 18.951163050810262 0.15701130730344956 936.1945231053439
2020 8 28 18.382628159285954 0.15230096808434607 908.1086874121836
2020 8 29 17.831149314507375 0.14773193904181567 880.8654267898181
2020 8 30 17.296214835072153 0.1432999808705612 854.4394639861235
2020 8 31 16.77732839001999 0.13900098144444437 828.8062800665398
2020 9 1 16.27400853831939 0.13483095200111103 803.9420916645436
2020 9 2 15.785788282169808 0.1307860234410777 779.8238289146072
2020 9 3 15.312214633704713 0.12686244273784536 756.429114047169
2020 9 4 14.852848194693571 0.12305656945571 733.7362406257539
2020 9 5 14.407262748852764 0.1193648723720387 711.7241534069813
2020 9 6 13.975044866387181 0.11578392620087753 690.3724288047719
2020 9 7 13.555793520395566 0.11231040841485121 669.6612559406287
2020 9 8 13.1491197147837 0.10894109616240567 649.5714182624099
2020 9 9 12.754646123340189 0.1056728632775335 630.0842757145376
2020 9 10 12.372006739639982 0.1025026773792075 611.1817474431015
2020 9 11 12.000846537450782 0.09942759705783127 592.8462950198084
2020 9 12 11.640821141327258 0.09644476914609633 575.0609061692141
2020 9 13 11.29159650708744 0.09355142607171343 557.8090789841377
2020 9 14 10.952848611874817 0.09074488328956203 541.0748066146136
2020 9 15 10.624263153518573 0.08802253679087516 524.8425624161752
2020 9 16 10.305535258913016 0.0853818606871489 509.0972855436899
2020 9 17 9.996369201145626 0.08282040486653443 493.8243669773792
2020 9 18 9.696478125111257 0.0803357927205384 479.0096359680578
2020 9 19 9.405583781357919 0.07792571893892224 464.63934688901605
2020 9 20 9.12341626791718 0.07558794737075457 450.70016648234554
2020 9 21 8.849713779879664 0.07332030894963193 437.17916148787515
2020 9 22 8.584222366483274 0.07112069968114297 424.06378664323887
2020 9 23 8.326695695488777 0.06898707869070868 411.3418730439417
2020 9 24 8.076894824624112 0.06691746632998742 399.00161685262344
2020 9 25 7.834587979885389 0.0649099423400878 387.03156834704475
2020 9 26 7.599550340488827 0.06296264406988517 375.4206212966334
2020 9 27 7.371563830274162 0.06107376474778861 364.15800265773436
2020 9 28 7.150416915365938 0.05924155180535495 353.2332625780023
2020 9 29 6.935904407904959 0.0574643052511943 342.63626470066225
2020 9 30 6.727827275667811 0.05574037609365847 332.35717675964236
2020 10 1 6.525992457397776 0.054068164810848716 322.38646145685306
2020 10 2 6.3302126836758426 0.052446119866523255 312.7148676131475
2020 10 3 6.140306303165567 0.050872736270527553 303.33342158475307
2020 10 4 5.9560971140706 0.049346554182411725 294.23341893721044
2020 10 5 5.777414200648482 0.04786615755693937 285.40641636909413
2020 10 6 5.604091774629027 0.04643017283023119 276.8442238780213
2020 10 7 5.435969021390156 0.04503726764532425 268.53889716168067
2020 10 8 5.272889950748452 0.04368614961596452 260.4827302468302
2020 10 9 5.114703252225998 0.04237556512748559 252.6682483394253
2020 10 10 4.9612621546592175 0.04110429817366102 245.08820088924253
2020 10 11 4.8124242900194405 0.039871169228451186 237.73555486256524
2020 10 12 4.668051561318857 0.03867503415159765 230.60348821668828
2020 10 13 4.528010014479292 0.03751478312704972 223.6853835701876
2020 10 14 4.392169714044913 0.036389339633238225 216.97482206308197
2020 10 15 4.2604046226235655 0.03529765944424108 210.4655774011895
2020 10 16 4.132592483944858 0.03423872966091384 204.1516100791538
2020 10 17 4.008614709426513 0.03321156777108642 198.0270617767792
2020 10 18 3.8883562681437174 0.032215220737953826 192.0862499234758
2020 10 19 3.7717055800994057 0.03124876411581521 186.32366242577152
2020 10 20 3.6585544126964233 0.030311301192340753 180.73395255299837
2020 10 21 3.5487977803155304 0.02940196215657053 175.31193397640843
2020 10 22 3.4423338469060645 0.028519903291873414 170.05257595711618
2020 10 23 3.3390638314988825 0.02766430619311721 164.9509986784027
2020 10 24 3.238891916553916 0.026834377007323693 160.0024687180506
2020 10 25 3.1417251590572985 0.02602934569710398 155.20239465650909
2020 10 26 3.0474734042855793 0.02524846532619086 150.5463228168138
2020 10 27 2.9560492021570117 0.024491011366405135 146.0299331323094
2020 10 28 2.867367726092301 0.02375628102541298 141.6490351383401
2020 10 29 2.781346694309532 0.02304359259465059 137.3995640841899
2020 10 30 2.697906293480246 0.022352284816811074 133.2775771616642
