2020 6 25 289.2312629837343 265.9779636902493 312.48456227721937
2020 6 26 286.8226309633695 242.5567911622016 334.7964006102179
2020 6 27 284.4525324290832 221.21363632433648 358.7229009087475
2020 6 28 282.1386636040571 201.77701504165864 384.4055410988282
2020 6 29 279.78303884202126 184.00484126011037 411.84438514938336
2020 6 30 277.399023806518 167.76640393877045 441.17107049520956
2020 7 1 275.04127886183244 152.96461171465901 472.59552785015825
2020 7 2 272.6799518462015 139.45562343726777 506.21774963625484
2020 7 3 270.3857353718722 127.16362829434213 542.318934675664
2020 7 4 268.10501603256245 115.95235245697056 580.9830505770879
2020 7 5 265.8262652369702 105.72204061461021 622.3662652024583
2020 7 6 263.5155145932445 96.37390506723435 666.5769258972718
2020 7 7 261.19278895154423 87.84062298345047 713.8470511088311
2020 7 8 258.84604598293356 80.04794501316877 764.3477303299843
2020 7 9 256.4347994699379 72.92011720371612 818.1683153662842
2020 7 10 254.04601460871044 66.4269831302844 875.7786092729161
2020 7 11 251.67948216066958 60.51202681783701 937.445459638255
2020 7 12 249.33499483636842 55.1237647270667 1003.4545037883202
2020 7 13 247.01234727733785 50.21529764376215 1074.1114918425421
2020 7 14 244.7113360380987 45.74390246995391 1149.7437029308398
2020 7 15 242.43175956834156 41.6706603638063 1230.701461131842
2020 7 16 235.1588067812913 40.420540552892106 1193.7804172978867
2020 7 17 228.10404257785257 39.20792433630534 1157.96700477895
2020 7 18 221.260921300517 38.03168660621618 1123.2279946355816
2020 7 19 214.62309366150149 36.89073600802969 1089.531154796514
2020 7 20 208.18440085165645 35.7840139277888 1056.8452201526186
2020 7 21 201.93886882610676 34.710493509955135 1025.13986354804
2020 7 22 195.88070276132356 33.66917870465648 994.3856676415987
2020 7 23 190.00428167848386 32.65910334351678 964.5540976123507
2020 7 24 184.30415322812934 31.67933024321128 935.6174746839802
2020 7 25 178.77502863128547 30.72895033591494 907.5489504434607
2020 7 26 173.4117777723469 29.807081825837493 880.3224819301569
2020 7 27 168.2094244391765 28.912869371062367 853.9128074722521
2020 7 28 163.1631417060012 28.045483289930495 828.2954232480845
2020 7 29 158.26824745482116 27.204118791232577 803.446560550642
2020 7 30 153.52020003117653 26.3879952274956 779.3431637341226
2020 7 31 148.91459403024123 25.596355370670732 755.9628688220989
2020 8 1 144.447156209334 24.82846470955061 733.283982757436
2020 8 2 140.11374152305396 24.08361076826409 711.2854632747129
2020 8 3 135.91032927736234 23.36110244521617 689.9468993764715
2020 8 4 131.83301939904146 22.660269371859684 669.2484923951773
2020 8 5 127.87802881707022 21.980461290703893 649.171037623322
2020 8 6 124.0416879525581 21.321047451982775 629.6959064946224
2020 8 7 120.32043731398136 20.681416028423293 610.8050292997837
2020 8 8 116.71082419456191 20.060973547570594 592.4808784207901
2020 8 9 113.20949946872504 19.459144341143475 574.7064520681664
2020 8 10 109.81321448466329 18.87537001090917 557.4652585061214
2020 8 11 106.51881805012339 18.309108910581894 540.7413007509377
2020 8 12 103.32325350861969 17.759835643264438 524.5190617284096
2020 8 13 100.22355590336109 17.227040573966505 508.7834898765573
2020 8 14 97.21684922626025 16.710229356747508 493.5199851802606
2020 8 15 94.30034374947245 16.208922476045082 478.7143856248528
2020 8 16 91.47133343698827 15.72265480176373 464.3529540561072
2020 8 17 88.72719343387863 15.250975157710817 450.42236543442397
2020 8 18 86.06537763086226 14.793445902979492 436.9096944713912
2020 8 19 83.48341630193639 14.349642525890108 423.8024036372495
2020 8 20 80.97891381287829 13.919153250113403 411.08833152813196
2020 8 21 78.54954639849194 13.50157865261 398.755681582288
2020 8 22 76.19306000653718 13.096531293031699 386.7930111348193
2020 8 23 73.90726820634106 12.703635354240747 375.1892208007747
2020 8 24 71.69005016015082 12.322526293613524 363.93354417675147
2020 8 25 69.53934865534629 11.952850504805118 353.0155378514489
2020 8 26 67.45316819568589 11.594264989660964 342.42507171590546
2020 8 27 65.42957314981531 11.246437039971134 332.1523195644283
2020 8 28 63.46668595532085 10.909043928772 322.18774997749546
2020 8 29 61.56268537666122 10.58177261090884 312.52211747817057
2020 8 30 59.71580481536138 10.264319432581575 303.14645395382547
2020 8 31 57.92433067090054 9.956389849604127 294.0520603352107
2020 9 1 56.18660075077352 9.657698154116003 285.23049852515436
2020 9 2 54.50100272825031 9.367967209492523 276.67358356939974
2020 9 3 52.8659726464028 9.086928193207747 268.37337606231773
2020 9 4 51.27999346701072 8.814320347411515 260.32217478044817
2020 9 5 49.741593663000394 8.54989073698917 252.5125095370347
2020 9 6 48.249345853110384 8.293394014879494 244.93713425092366
2020 9 7 46.80186547751707 8.04459219443311 237.58902022339595
2020 9 8 45.397809513191554 7.803254428600116 230.46134961669406
2020 9 9 44.035875227795806 7.569156795742113 223.54750912819324
2020 9 10 42.71479897096193 7.342082091869849 216.84108385434743
2020 9 11 41.43335500183307 7.121819629113753 210.335851338717
2020 9 12 40.190354351778076 6.90816504024034 204.0257757985555
2020 9 13 38.984643721224735 6.70092008903313 197.9050025245988
2020 9 14 37.815104409587995 6.499892486362136 191.96785244886084
2020 9 15 36.680651277300356 6.304895711771272 186.208816875395
2020 9 16 35.58023173898135 6.115748840418134 180.62255236913316
2020 9 17 34.512824786811905 5.93227637520559 175.20387579805916
2020 9 18 33.477440043207544 5.7543080839494225 169.94775952411737
2020 9 19 32.47311684191131 5.581678841430939 164.84932673839384
2020 9 20 31.498923336653974 5.414228476188011 159.90384693624202
2020 9 21 30.553955636554353 5.251801621902371 155.10673152815477
2020 9 22 29.63733696745772 5.094247573245299 150.45352958231013
2020 9 23 28.748216858433988 4.94142014604794 145.93992369484081
2020 9 24 27.885770352680968 4.793177541666502 141.5617259839956
2020 9 25 27.049197242100536 4.649382215416507 137.31487420447573
2020 9 26 26.23772132483752 4.509900748954012 133.19542797834146
2020 9 27 25.450589685092393 4.374603726485391 129.1995651389912
2020 9 28 24.68707199453962 4.24336561469083 125.32357818482147
2020 9 29 23.946459834703433 4.116064646250105 121.56387083927683
2020 9 30 23.22806603966233 3.9925827068626014 117.91695471409852
2020 10 1 22.53122405847246 3.872805225656723 114.37944607267556
2020 10 2 21.855287336718288 3.7566210688870214 110.94806269049529
2020 10 3 21.19962871661674 3.643922436820411 107.61962080978043
2020 10 4 20.563639855118236 3.5346047637157985 104.391032185487
2020 10 5 19.946730659464688 3.4285666208043244 101.25930121992239
2020 10 6 19.348328739680746 3.3257096221801947 98.22152218332472
2020 10 7 18.767878877490322 3.225938333514789 95.27487651782498
2020 10 8 18.204842511165612 3.129160183509345 92.41663022229022
2020 10 9 17.658697235830644 3.035285378004065 89.64413131562151
2020 10 10 17.128936318755724 2.9442268166639427 86.95480737615286
2020 10 11 16.615068229193053 2.8559000121640246 84.34616315486826
2020 10 12 16.116616182317262 2.7702230117991036 81.81577826022222
2020 10 13 15.633117696847744 2.6871163214451306 79.36130491241555
2020 10 14 15.164124165942312 2.6065028318017767 76.98046576504308
2020 10 15 14.709200440964041 2.528307746847723 74.67105179209179
2020 10 16 14.26792442773512 2.4524585144422915 72.43092023832904
2020 10 17 13.839886694903065 2.3788847590090225 70.25799263117916
2020 10 18 13.424690094055972 2.3075182162387518 68.15025285224378
2020 10 19 13.021949391234292 2.2382926697515892 66.10574526667646
2020 10 20 12.631290909497263 2.1711438896590414 64.12257290867618
2020 10 21 12.252352182212345 2.10600957296927 62.19889572141589
2020 10 22 11.884781616745974 2.0428292857801917 60.33292884977341
2020 10 23 11.528238168243593 1.981544407206786 58.522940984280204
2020 10 24 11.182391023196285 1.9220980749905825 56.767252754751794
2020 10 25 10.846919292500395 1.864435132740865 55.06423517210924
2020 10 26 10.521511713725383 1.808502078758639 53.412308116945965
2020 10 27 10.205866362313621 1.7542470163958799 51.80993887343759
2020 10 28 9.899690371444212 1.7016196059040034 50.255640707234456
2020 10 29 9.602699660300885 1.6505710177268833 48.74797148601742
2020 10 30 9.314618670491859 1.6010538871950768 47.2855323414369
