2020 6 25 154.96702830646228 138.83627237618566 171.0977842367389
2020 6 26 161.69940307382643 129.74870217205805 197.16335744738217
2020 6 27 168.28069045455382 120.90003954477743 226.65899025990583
2020 6 28 174.4374086703611 112.15736903760146 259.6345244600895
2020 6 29 181.05863189520124 104.20074221561894 297.7636218247064
2020 6 30 187.68284394298442 96.6656515802107 341.0838293478758
2020 7 1 194.29198695654156 89.54286266207895 390.23866242381143
2020 7 2 201.4003546013949 83.06773041670093 447.0126220370367
2020 7 3 208.49255183464925 76.94690155976741 511.4332392825892
2020 7 4 215.83449669965395 71.27708473491823 585.1377463373072
2020 7 5 223.73101871796135 66.12280960898946 670.2666430293765
2020 7 6 232.22330846558017 61.43194957015111 768.6998623613088
2020 7 7 242.36508424995097 57.42494589260804 885.9817334600909
2020 7 8 253.49273557789869 53.80795217308971 1023.1423247537448
2020 7 9 265.9831192988908 50.59959506455125 1184.9751634023053
2020 7 10 279.0889434787267 47.58253970454983 1372.4054844650104
2020 7 11 292.8405328029279 44.745379520264756 1589.48210220857
2020 7 12 307.26970614957133 42.07738806806656 1840.8942414174587
2020 7 13 322.4098502128526 39.56847848008139 2132.07283263846
2020 7 14 338.2959967543128 37.209165328797596 2469.30782953335
2020 7 15 354.9649036604769 34.990528765536325 2859.884082594408
2020 7 16 344.3159565506626 33.94081290257024 2774.087560116576
2020 7 17 333.98647785414266 32.92258851549313 2690.8649333130784
2020 7 18 323.9668835185184 31.93491086002834 2610.138985313686
2020 7 19 314.2478770129628 30.976863534227487 2531.8348157542755
2020 7 20 304.82044070257393 30.04755762820066 2455.879771281647
2020 7 21 295.6758274814967 29.14613089935464 2382.203378143198
2020 7 22 286.8055526570518 28.271746972374 2310.737276798902
2020 7 23 278.20138607734026 27.42359456320278 2241.4151584949345
2020 7 24 269.85534449502006 26.600886726306697 2174.1727037400865
2020 7 25 261.75968416016946 25.802860124517498 2108.9475226278837
2020 7 26 253.90689363536436 25.02877432078197 2045.679096949047
2020 7 27 246.2896868263034 24.27791109115851 1984.3087240405757
2020 7 28 238.9009962215143 23.549573758423755 1924.7794623193583
2020 7 29 231.73396633486888 22.843086545671042 1867.0360784497775
2020 7 30 224.7819473448228 22.15779394930091 1811.0249960962842
2020 7 31 218.03848892447812 21.49306013082188 1756.6942462133957
2020 8 1 211.49733425674376 20.848268326897223 1703.9934188269938
2020 8 2 205.15241422904143 20.222820277090307 1652.873616262184
2020 8 3 198.99784180217017 19.6161356687776 1603.2874077743184
2020 8 4 193.02790654810505 19.02765159871427 1555.1887855410887
2020 8 5 187.2370693516619 18.456822050752844 1508.533121974856
2020 8 6 181.619957271112 17.903117389230257 1463.2771283156103
2020 8 7 176.17135855297866 17.36602386755335 1419.3788144661419
2020 8 8 170.8862177963893 16.84504315152675 1376.7974500321575
2020 8 9 165.7596312624976 16.339691856980945 1335.4935265311926
2020 8 10 160.78684232462268 15.849501101271516 1295.4287207352568
2020 8 11 155.963237054884 15.37401606823337 1256.565859113199
2020 8 12 151.28433994323746 14.912795586186368 1218.868883339803
2020 8 13 146.74580974494032 14.465411718600777 1182.3028168396088
2020 8 14 142.3434354525921 14.031449367042754 1146.8337323344206
2020 8 15 138.07313238901435 13.61050588603147 1112.428720364388
2020 8 16 133.93093841734392 13.202190709450527 1079.0558587534563
2020 8 17 129.9130102648236 12.80612498816701 1046.6841829908526
2020 8 18 126.0156199568789 12.421941238521999 1015.283657501127
2020 8 19 122.23515135817253 12.049283001366339 984.8251477760931
2020 8 20 118.56809681742735 11.687804511325348 955.2803933428103
2020 8 21 115.01105391290453 11.337170375985588 926.621981542526
2020 8 22 111.5607222955174 10.99705526470602 898.8233220962502
2020 8 23 108.21390062665186 10.667143606764839 871.8586224333627
2020 8 24 104.9674836078523 10.347129298561892 845.7028637603618
2020 8 25 101.81845909961673 10.036715419605036 820.3317778475509
2020 8 26 98.76390532662823 9.735613957016884 795.7218245121244
2020 8 27 95.80098816682938 9.443545538306378 771.8501697767606
2020 8 28 92.9269585218245 9.160239172157185 748.6946646834577
2020 8 29 90.13914976616977 8.88543199699247 726.233824742954
2020 8 30 87.43497527318468 8.618869037082694 704.4468100006653
2020 8 31 84.81192601498914 8.360302965970213 683.3134057006454
2020 9 1 82.26756823453947 8.109493876991106 662.814003529626
2020 9 2 79.79954118750328 7.866209060681372 642.9295834237372
2020 9 3 77.40555495187817 7.630222788860931 623.6416959210251
2020 9 4 75.08338830332183 7.401316105195103 604.9324450433943
2020 9 5 72.83088665422217 7.179276622039249 586.7844716920924
2020 9 6 70.6459600545955 6.963898323378071 569.1809375413296
2020 9 7 68.52658125295764 6.7549813736767295 552.1055094150897
2020 9 8 66.4707838153689 6.552331932466427 535.542344132637
2020 9 9 64.47666030090784 6.3557619744924345 519.4760738086579
2020 9 10 62.5423604918806 6.165089115257661 503.89179159439817
2020 9 11 60.666089677124184 5.980136441799932 488.7750378465662
2020 9 12 58.846106986810454 5.8007323485459334 474.1117867111692
2020 9 13 57.08072377720614 5.626710378089555 459.8884331098341
2020 9 14 55.36830206388995 5.457909066746868 446.0917801165391
2020 9 15 53.70725300197325 5.294171794744462 432.70902671304293
2020 9 16 52.09603541191405 5.135346640902128 419.7277559116516
2020 9 17 50.53315434955663 4.981286241675064 407.1359232343021
2020 9 18 49.01715971906993 4.831847654424812 394.921845537273
2020 9 19 47.54664492749783 4.686892224792067 383.0741901711548
2020 9 20 46.1202455796729 4.546285458048305 371.5819644660201
2020 9 21 44.736638212282706 4.409896894306856 360.4345055320395
2020 9 22 43.39453906591422 4.27759998747765 349.6214703660783
2020 9 23 42.092702893936796 4.149271987853321 339.13282625509595
2020 9 24 40.829921807118694 4.024793828217721 328.95884146744305
2020 9 25 39.60502415290513 3.9040500133711893 319.09007622341977
2020 9 26 38.41687342831798 3.7869285129700536 309.51737393671715
2020 9 27 37.26436722546844 3.673320657580952 300.23185271861564
2020 9 28 36.14643620870439 3.563121037853523 291.22489713705716
2020 9 29 35.06204312244326 3.4562274067179173 282.4881502229454
2020 9 30 34.01018182876996 3.3525405845163796 274.01350571625704
2020 10 1 32.98987637390686 3.251964366980888 265.79310054476935
2020 10 2 32.00018008268965 3.1544054359714613 257.81930752842624
2020 10 3 31.040174680208963 3.0597732728923175 250.08472830257344
2020 10 4 30.108969439802692 2.967980074705548 242.58218645349623
2020 10 5 29.20570035660861 2.878940672464381 235.30472085989135
2020 10 6 28.329529345910352 2.79257245229045 228.2455792340946
2020 10 7 27.47964346553304 2.708795278721736 221.39821185707177
2020 10 8 26.65525416156705 2.627531420360084 214.75626550135962
2020 10 9 25.85559653672004 2.5487054777492815 208.31357753631883
2020 10 10 25.079928640618437 2.472244313416803 202.06417021022926
2020 10 11 24.327530781399883 2.398076984014299 196.00224510392238
2020 10 12 23.597704857957886 2.32613467449387 190.1221777508047
2020 10 13 22.88977371221915 2.2563506342590536 184.41851241828056
2020 10 14 22.203080500852575 2.188660115231282 178.88595704573214
2020 10 15 21.536988085826998 2.1230003117743435 173.51937833436017
2020 10 16 20.890878443252188 2.059310302421113 168.31379698432937
2020 10 17 20.26415208995462 1.9975309933484795 163.2643830747995
2020 10 18 19.656227527255982 1.937605063548025 158.3664515825555
2020 10 19 19.066540701438303 1.8794769116415844 153.61545803507883
2020 10 20 18.494544480395152 1.8230926042923368 149.00699429402647
2020 10 21 17.939708145983296 1.7683998261635667 144.53678446520567
2020 10 22 17.401516901603795 1.7153478313786596 140.2006809312495
2020 10 23 16.87947139455568 1.6638873964372998 135.99466050331202
2020 10 24 16.37308725271901 1.6139707745441807 131.91482068821264
2020 10 25 15.881894635137439 1.5655516513078553 127.95737606756626
2020 10 26 15.405437796083316 1.5185851017686196 124.11865478553926
2020 10 27 14.943274662200816 1.473027548715561 120.39509514197309
2020 10 28 14.49497642233479 1.4288367222540943 116.78324228771389
2020 10 29 14.060127129664746 1.3859716205864714 113.27974501908247
2020 10 30 13.638323315774803 1.3443924719688771 109.88135266850999
