2020 6 25 574.8957750278768 537.7756858915295 612.015864164224
2020 6 26 551.5523528603985 482.5798820106964 625.1301356368045
2020 6 27 529.0649506862958 432.9688751233319 638.4213385920507
2020 6 28 508.7716414443516 389.5033278828825 653.5363946946367
2020 6 29 488.74847376757856 350.0121649416465 668.3564467703281
2020 6 30 469.0250909372098 314.1753006441961 682.8449008280002
2020 7 1 449.98050723965827 281.92921973443816 697.4768963815056
2020 7 2 430.9600265842053 252.52338907080545 711.2611621948095
2020 7 3 413.49693654752895 226.6261111975053 726.5612718968372
2020 7 4 396.3628264091015 203.17717556067095 741.525177500687
2020 7 5 379.4437607868021 181.9007843974074 755.8713208296928
2020 7 6 362.42561780240624 162.45871074608237 768.8589820353563
2020 7 7 345.2756688876807 144.69344096329868 780.1709698061808
2020 7 8 328.5080202982858 128.69097077520712 790.6795080846127
2020 7 9 311.75064473005705 114.14333664293395 799.3944221538403
2020 7 10 295.84807214557185 101.24021305846101 808.2053924967634
2020 7 11 280.75669857247533 89.79569935112004 817.1134778510406
2020 7 12 266.43514430112737 79.64490964969242 826.1197486237965
2020 7 13 252.84414042373277 70.64159730305111 835.2252870202434
2020 7 14 239.9464211611733 62.656047843802284 844.4311871737204
2020 7 15 227.70662168230754 55.57321013797745 853.738555277166
2020 7 16 220.87542303183832 53.906013833838124 828.126398618851
2020 7 17 214.24916034088318 52.28883341882298 803.2826066602854
2020 7 18 207.82168553065668 50.72016841625829 779.1841284604768
2020 7 19 201.58703496473697 49.19856336377054 755.8086046066625
2020 7 20 195.53942391579486 47.72260646285742 733.1343464684626
2020 7 21 189.673241198321 46.2909282689717 711.1403160744087
2020 7 22 183.98304396237137 44.902200420902545 689.8061065921764
2020 7 23 178.46355264350024 43.55513440827547 669.1119233944112
2020 7 24 173.10964606419523 42.2484803760272 649.0385656925788
2020 7 25 167.91635668226937 40.98102596474639 629.5674087218014
2020 7 26 162.87886598180128 39.75159518580399 610.6803864601474
2020 7 27 157.99250000234724 38.55904733022987 592.3599748663429
2020 7 28 153.25272500227683 37.40227591032298 574.5891756203526
2020 7 29 148.65514325220852 36.28020763301329 557.3515003517421
2020 7 30 144.19548895464226 35.19180140402289 540.6309553411897
2020 7 31 139.869624286003 34.1360473619022 524.412026680954
2020 8 1 135.6735355574229 33.111965941045135 508.67966588052536
2020 8 2 131.6033294907002 32.11860696281378 493.4192759041096
2020 8 3 127.65522960597919 31.155048753929364 478.6166976269863
2020 8 4 123.8255727177998 30.220397291311482 464.25819669817673
2020 8 5 120.1108055362658 29.313785372572138 450.33045079723144
2020 8 6 116.50748137017783 28.43437181139497 436.82053727331447
2020 8 7 113.01225692907249 27.581340657053122 423.71592115511504
2020 8 8 109.62188922120032 26.753900437341528 411.00444352046156
2020 8 9 106.33323254456431 25.95128342422128 398.6743102148477
2020 8 10 103.14323556822738 25.17274492149464 386.71408090840225
2020 8 11 100.04893850118056 24.4175625738498 375.11265848115016
2020 8 12 97.04747034614513 23.685035696634305 363.8592787267157
2020 8 13 94.13604623576077 22.974484625735276 352.9435003649142
2020 8 14 91.31196484868795 22.285250086963217 342.3551953539668
2020 8 15 88.57260590322731 21.61669258435432 332.0845394933478
2020 8 16 85.91542772613049 20.96819180682369 322.12200330854733
2020 8 17 83.33796489434657 20.33914605261898 312.4583432092909
2020 8 18 80.83782594751617 19.72897167104041 303.08459291301216
2020 8 19 78.41269116909068 19.137102520909195 293.9920551256218
2020 8 20 76.06031043401795 18.562989445281918 285.17229347185315
2020 8 21 73.7785011209974 18.00609976192346 276.61712466769757
2020 8 22 71.56514608736748 17.465916769065753 268.3186109276666
2020 8 23 69.41819170474645 16.94193926599378 260.2690525998366
2020 8 24 67.33564595360406 16.433681088013966 252.4609810218415
2020 8 25 65.31557657499593 15.940670655373546 244.88715159118624
2020 8 26 63.35610927774605 15.462450535712339 237.54053704345066
2020 8 27 61.45542599941367 14.998577019640969 230.41432093214712
2020 8 28 59.61176321943126 14.548619709051739 223.5018913041827
2020 8 29 57.82341032284832 14.112161117780186 216.7968345650572
2020 8 30 56.088708013162865 13.68879628424678 210.29292952810547
2020 8 31 54.40604677276798 13.278132395719377 203.9841416422623
2020 9 1 52.77386536958494 12.879788423847796 197.86461739299443
2020 9 2 51.19064940849739 12.493394771132362 191.9286788712046
2020 9 3 49.65492992624247 12.11859292799839 186.17081850506844
2020 9 4 48.165282028455195 11.755035140158439 180.5856939499164
2020 9 5 46.72032356760154 11.402384085953685 175.1681231314189
2020 9 6 45.31871386057349 11.060312563375074 169.9130794374763
2020 9 7 43.959152444756285 10.728503186473821 164.81568705435203
2020 9 8 42.6403778714136 10.406648090879607 159.87121644272145
2020 9 9 41.36116653527119 10.094448648153218 155.0750799494398
2020 9 10 40.120331539213055 9.79161518870862 150.4228275509566
2020 9 11 38.91672159303666 9.497866733047362 145.9101427244279
2020 9 12 37.749219945245564 9.212930731055941 141.53283844269507
2020 9 13 36.61674334688819 8.936542809124262 137.2868532894142
2020 9 14 35.51824104648155 8.668446524850534 133.1682476907318
2020 9 15 34.4526938150871 8.408393129105018 129.17320026000982
2020 9 16 33.41911300063449 8.156141335231867 125.29800425220952
2020 9 17 32.41653961061545 7.911457095174911 121.53906412464323
2020 9 18 31.444043422296986 7.674113382319663 117.89289220090393
2020 9 19 30.500722119628076 7.443889980850073 114.35610543487681
2020 9 20 29.585700456039234 7.220573281424571 110.9254222718305
2020 9 21 28.698129442358056 7.0039560829818335 107.59765960367558
2020 9 22 27.837185559087313 6.793837400492379 104.36972981556531
2020 9 23 27.00206999231469 6.5900222784776075 101.23863792109834
2020 9 24 26.19200789254525 6.392321610123279 98.20147878346539
2020 9 25 25.40624765576889 6.20055196181958 95.25543441996143
2020 9 26 24.644060226095824 6.0145354029649924 92.39777138736258
2020 9 27 23.90473841931295 5.834099340876042 89.6258382457417
2020 9 28 23.18759626673356 5.6590763606497605 86.93706309836945
2020 9 29 22.491968378731553 5.4893040698302675 84.32895120541836
2020 9 30 21.817209327369607 5.3246249477353595 81.79908266925581
2020 10 1 21.16269304754852 5.164886199303298 79.34511018917813
2020 10 2 20.52781225612206 5.0099396133242 76.96475688350279
2020 10 3 19.9119778884384 4.859641424924473 74.6558141769977
2020 10 4 19.314618551785248 4.713852182176739 72.41613975168777
2020 10 5 18.73517999523169 4.572436616711436 70.24365555913712
2020 10 6 18.173124595374738 4.4352635182100935 68.13634589236301
2020 10 7 17.627930857513494 4.302205612663791 66.09225551559211
2020 10 8 17.09909293178809 4.173139444283877 64.10948785012435
2020 10 9 16.586120143834446 4.047945260955361 62.18620321462062
2020 10 10 16.088536539519414 3.9265069031267 60.320617118182
2020 10 11 15.605880443333831 3.8087116960328986 58.51099860463654
2020 10 12 15.137704030033815 3.6944503451519117 56.75566864649744
2020 10 13 14.683572909132799 3.5836168347973545 55.052998587102515
2020 10 14 14.243065721858814 3.476108329753434 53.40140862948944
2020 10 15 13.81577375020305 3.3718250798608307 51.79936637060475
2020 10 16 13.401300537696958 3.2706703274650057 50.245385379486606
2020 10 17 12.99926152156605 3.1725502176410556 48.73802381810201
2020 10 18 12.609283675919068 3.077373711111824 47.27588310355895
2020 10 19 12.231005165641495 2.985052499778469 45.85760661045218
2020 10 20 11.86407501067225 2.895500924785115 44.48187841213861
2020 10 21 11.508152760352083 2.8086358970415612 43.147422059774456
2020 10 22 11.162908177541519 2.7243768201303142 41.85299939798122
2020 10 23 10.828020932215273 2.6426455155264046 40.597409416041785
2020 10 24 10.503180304248813 2.563366150060612 39.37948713356053
2020 10 25 10.18808489512135 2.4864651655587937 38.198102519553714
2020 10 26 9.882442348267709 2.4118712105920297 37.0521594439671
2020 10 27 9.585969077819678 2.3395150742742685 35.94059466064809
2020 10 28 9.298390005485087 2.2693296220460404 34.86237682082864
2020 10 29 9.019438305320534 2.201249733384659 33.81650551620378
2020 10 30 8.748855156160918 2.1352122413831194 32.802010350717666
