2020 6 25 271.10155972432443 263.3010363290956 278.9020831195533
2020 6 26 268.08929942308515 252.88370795997238 283.7387896486445
2020 6 27 265.2258326021455 242.98731689724602 288.7814297255836
2020 6 28 262.65373204696994 233.7171284206321 294.197630617848
2020 6 29 260.0689133190961 224.76709349997782 299.6732294357888
2020 6 30 257.450931777605 216.1091479406492 305.18321561282244
2020 7 1 254.90149360940353 207.8201178969953 310.8445235247476
2020 7 2 252.28331523314282 199.77239322651317 316.4962382295867
2020 7 3 249.84189613536316 192.154985814967 322.43872363287653
2020 7 4 247.39339643972204 184.8044165416308 328.45315477713643
2020 7 5 244.91821587664867 177.69717529413518 334.5124916454086
2020 7 6 242.30223983241373 170.7431459039502 340.4574880933624
2020 7 7 239.538005224737 163.93709383147947 346.260562334405
2020 7 8 236.6919595915013 157.32476746255367 351.99870397835815
2020 7 9 233.72869961367468 150.87875979326375 357.60733192307276
2020 7 10 230.80253810641437 144.69686193670523 363.3053258429081
2020 7 11 227.91301061620345 138.76825262229332 369.094109664997
2020 7 12 225.0596585042409 133.08255395523398 374.97513000484446
2020 7 13 222.2420288736445 127.62981325025686 380.94985652783606
2020 7 14 219.45967449756495 122.4004856096677 387.0197823165072
2020 7 15 216.71215374820005 117.38541721522357 393.1864242436638
2020 7 16 210.21078913575406 113.86385469876686 381.39083151635384
2020 7 17 203.90446546168144 110.44793905780385 369.9491065708632
2020 7 18 197.787331497831 107.13450088606973 358.8506333737373
2020 7 19 191.85371155289604 103.92046585948763 348.0851143725252
2020 7 20 186.09810020630917 100.802851883703 337.6425609413494
2020 7 21 180.5151572001199 97.7787663271919 327.5132841131089
2020 7 22 175.09970248411628 94.84540333737614 317.6878855897156
2020 7 23 169.84671140959279 92.00004123725485 308.15724902202413
2020 7 24 164.75131006730498 89.2400400001372 298.9125315513634
2020 7 25 159.80877076528583 86.56283880013308 289.94515560482245
2020 7 26 155.01450764232726 83.96595363612909 281.24680093667774
2020 7 27 150.36407241305744 81.44697502704521 272.8093969085774
2020 7 28 145.8531502406657 79.00356577623386 264.62511500132007
2020 7 29 141.47755573344574 76.63345880294683 256.68636155128047
2020 7 30 137.23322906144236 74.33445503885842 248.98577070474204
2020 7 31 133.1162321895991 72.10442138769267 241.51619758359976
2020 8 1 129.12274522391112 69.94128874606189 234.27071165609178
2020 8 2 125.24906286719379 67.84305008368003 227.24259030640903
2020 8 3 121.49159098117796 65.80775858116962 220.42531259721676
2020 8 4 117.84684325174263 63.83352582373453 213.81255321930024
2020 8 5 114.31143795419034 61.9185200490225 207.39817662272122
2020 8 6 110.88209481556463 60.06096444755182 201.17623132403958
2020 8 7 107.55563197109768 58.25913551412526 195.14094438431837
2020 8 8 104.32896301196475 56.5113614487015 189.28671605278882
2020 8 9 101.1990941216058 54.81602060524045 183.60811457120514
2020 8 10 98.16312129795762 53.171539987083236 178.09987113406896
2020 8 11 95.21822765901888 51.576393787470735 172.75687500004688
2020 8 12 92.36168082924831 50.029101973846615 167.57416875004546
2020 8 13 89.59083040437086 48.528228914631214 162.5469436875441
2020 8 14 86.90310549223973 47.07238204719228 157.67053537691777
2020 8 15 84.29601232747254 45.66021058577651 152.94041931561023
2020 8 16 81.76713195764836 44.29040426820321 148.3522067361419
2020 8 17 79.3141179989189 42.96169214015711 143.90164053405763
2020 8 18 76.93469445895133 41.672841375952395 139.5845913180359
2020 8 19 74.62665362518278 40.42265613467382 135.39705357849482
2020 8 20 72.3878540164273 39.209976450633604 131.33514197113996
2020 8 21 70.21621839593448 38.033677157114596 127.39508771200576
2020 8 22 68.10973184405644 36.892666842401155 123.57323508064559
2020 8 23 66.06643988873475 35.78588683712912 119.86603802822621
2020 8 24 64.0844466920727 34.71231023201525 116.27005688737943
2020 8 25 62.16191329131052 33.670940925054786 112.78195518075803
2020 8 26 60.2970558925712 32.66081269730314 109.39849652533529
2020 8 27 58.488144215794065 31.68098831638405 106.11654162957522
2020 8 28 56.73349988932024 30.730558666892527 102.93304538068796
2020 8 29 55.03149489264063 29.80864190688575 99.84505401926732
2020 8 30 53.38055004586141 28.914382649679176 96.8497023986893
2020 8 31 51.77913354448557 28.0469511701888 93.94421132672862
2020 9 1 50.225759538150996 27.205542635083138 91.12588498692676
2020 9 2 48.718986752006465 26.389376356030642 88.39210843731895
2020 9 3 47.25741714944627 25.597695065349722 85.74034518419938
2020 9 4 45.83969463496288 24.82976421338923 83.1681348286734
2020 9 5 44.46450379591399 24.08487128698755 80.6730907838132
2020 9 6 43.13056868203657 23.362325148377924 78.25289806029879
2020 9 7 41.83665162157547 22.661455393926584 75.90531111848982
2020 9 8 40.581552072928204 21.981611732108785 73.62815178493513
2020 9 9 39.36410551074036 21.322163380145522 71.41930723138707
2020 9 10 38.183182345418146 20.682498478741156 69.27672801444545
2020 9 11 37.0376868750556 20.06202352437892 67.19842617401208
2020 9 12 35.92655626880393 19.46016281864755 65.18247338879172
2020 9 13 34.84875958073981 18.876357934088123 63.226999187127966
2020 9 14 33.803296793317614 18.31006719606548 61.330189211514124
2020 9 15 32.789197889518086 17.760765180183515 59.4902835351687
2020 9 16 31.805521952832542 17.22794222477801 57.70557502911364
2020 9 17 30.851356294247566 16.711103958034666 55.97440777824023
2020 9 18 29.925815605420137 16.209770839293625 54.29517554489302
2020 9 19 29.02804113725753 15.723477714114816 52.66632027854623
2020 9 20 28.157199903139805 15.251773382691372 51.086330670189845
2020 9 21 27.31248390604561 14.79422018121063 49.553740750084145
2020 9 22 26.49310938886424 14.35039357577431 48.06712852758162
2020 9 23 25.698316107198313 13.91988176850108 46.625114671754176
2020 9 24 24.927366623982362 13.502285315446047 45.22636123160155
2020 9 25 24.17954562526289 13.097216755982664 43.8695703946535
2020 9 26 23.454159256505 12.704300253303185 42.55348328281389
2020 9 27 22.75053447880985 12.323171245704089 41.276878784329476
2020 9 28 22.068018444445553 11.953476108332966 40.03857242079959
2020 9 29 21.405977891112187 11.594871825082977 38.8374152481756
2020 9 30 20.76379855437882 11.247025670330487 37.67229279073033
2020 10 1 20.140884597747455 10.909614900220571 36.54212400700842
2020 10 2 19.536658059815032 10.582326453213954 35.445860286798165
2020 10 3 18.95055831802058 10.264856659617534 34.38248447819422
2020 10 4 18.382041568479963 9.956910959829008 33.351009943848396
2020 10 5 17.830580321425565 9.658203631034137 32.35047964553294
2020 10 6 17.2956629117828 9.368457522103112 31.379965256166955
2020 10 7 16.776793024429313 9.087403796440018 30.438566298481945
2020 10 8 16.273489233696434 8.814781682546817 29.525409309527486
2020 10 9 15.785284556685541 8.550338232070413 28.63964703024166
2020 10 10 15.311726019984974 8.2938280851083 27.78045761933441
2020 10 11 14.852374239385425 8.04501324255505 26.947043890754376
2020 10 12 14.406803012203861 7.803662845278399 26.138632574031742
2020 10 13 13.974598921837744 7.569552959920047 25.354473596810788
2020 10 14 13.555360954182612 7.342466371122446 24.593839388906463
2020 10 15 13.148700125557134 7.122192379988772 23.85602420723927
2020 10 16 12.75423912179042 6.908526608589109 23.14034348102209
2020 10 17 12.371611948136707 6.701270810331436 22.446133176591427
2020 10 18 12.000463589692606 6.5002326860214925 21.772749181293683
2020 10 19 11.640449682001828 6.305225705440847 21.119566705854872
2020 10 20 11.291236191541772 6.116068934277622 20.485979704679224
2020 10 21 10.95249910579552 5.932586866249293 19.871400313538846
2020 10 22 10.623924132621653 5.754609260261814 19.27525830413268
2020 10 23 10.305206408643002 5.581970982453959 18.6970005550087
2020 10 24 9.996050216383711 5.414511852980341 18.136090538358438
2020 10 25 9.6961687098922 5.25207649739093 17.592007822207684
2020 10 26 9.405283648595434 5.094514202469202 17.064247587541452
2020 10 27 9.12312513913757 4.9416787763951255 16.552320159915208
2020 10 28 8.849431384963443 4.793428413103272 16.05575055511775
2020 10 29 8.58394844341454 4.649625560710174 15.574078038464217
2020 10 30 8.326429990112103 4.510136793888869 15.106855697310289
