2020 6 25 209.75561273101414 186.4865557328033 233.02466972922494
2020 6 26 214.02179934873976 169.1709879073184 264.1402787513601
2020 6 27 218.27337552544603 153.38306317224453 299.2856113521908
2020 6 28 221.9890479128575 138.63261536282434 338.2566162757352
2020 6 29 226.29374097501383 125.62902315275684 383.103311247543
2020 6 30 231.21787247539876 114.14269944159638 434.8032238026898
2020 7 1 236.03010197116 103.59843973535996 493.06813295270734
2020 7 2 241.50151030830003 94.27360344305846 560.3085154993512
2020 7 3 246.64216492802996 85.60946490495688 635.6569142932591
2020 7 4 252.35957125123858 77.90380594571502 722.3423259615031
2020 7 5 258.92675215516397 71.11314193464801 822.9021400989045
2020 7 6 266.76868801044117 65.21757126758638 940.9694356617698
2020 7 7 275.6063193112942 59.99612457536667 1078.6509993803836
2020 7 8 285.8333613978737 55.431440917088466 1240.769908626863
2020 7 9 297.9089502098564 51.49894320505356 1433.63190582946
2020 7 10 310.4946958644237 47.84543045172269 1656.471862447706
2020 7 11 323.6121509341324 44.45111050135097 1913.94947330879
2020 7 12 337.28377852207615 41.297595322024556 2211.4487238956285
2020 7 13 351.5329907290272 38.36780139227052 2555.1904721732362
2020 7 14 366.3841887456973 35.64585715458429 2952.3625298368115
2020 7 15 381.86280463877483 33.11701703452326 3411.269963045425
2020 7 16 370.4069204996116 32.123506523487556 3308.931864154062
2020 7 17 359.29471288462327 31.15980132778293 3209.66390822944
2020 7 18 348.51587149808455 30.225007287949442 3113.3739909825567
2020 7 19 338.060395353142 29.318257069310956 3019.97277125308
2020 7 20 327.9185834925477 28.438709357231627 2929.3735881154876
2020 7 21 318.0810259877713 27.585548076514677 2841.492380472023
2020 7 22 308.53859520813813 26.757981634219234 2756.247609057862
2020 7 23 299.282437351894 25.955242185192656 2673.5601807861262
2020 7 24 290.30396423133715 25.176584919636877 2593.3533753625425
2020 7 25 281.59484530439704 24.42128737204777 2515.5527741016663
2020 7 26 273.1469999452651 23.688648750886337 2440.0861908786164
2020 7 27 264.95258994690715 22.977989288359748 2366.883605152258
2020 7 28 257.0040122484999 22.288649609708955 2295.8770969976904
2020 7 29 249.2938918810449 21.619990121417686 2227.0007840877597
2020 7 30 241.81507512461357 20.971390417775154 2160.1907605651268
2020 7 31 234.56062287087516 20.3422487052419 2095.385037748173
2020 8 1 227.5238041847489 19.731981244084643 2032.5234866157277
2020 8 2 220.69809005920644 19.140021806762103 1971.547782017256
2020 8 3 214.07714735743025 18.56582115255924 1912.4013485567382
2020 8 4 207.65483293670732 18.008846517982462 1855.029308100036
2020 8 5 201.4251879486061 17.468581122442988 1799.3784288570348
2020 8 6 195.38243231014792 16.9445236887697 1745.3970759913236
2020 8 7 189.5209593408435 16.43618797810661 1693.035163711584
2020 8 8 183.8353305606182 15.94310233876341 1642.2441088002363
2020 8 9 178.32027064379963 15.464809268600508 1592.976785536229
2020 8 10 172.97066252448565 15.000864990542492 1545.1874819701422
2020 8 11 167.78154264875107 14.550839040826217 1498.831857511038
2020 8 12 162.74809636928853 14.11431386960143 1453.8669017857067
2020 8 13 157.86565347820988 13.690884453513387 1410.2508947321355
2020 8 14 153.12968387386357 13.280157919907985 1367.9433678901714
2020 8 15 148.53579335764766 12.881753182310746 1326.9050668534662
2020 8 16 144.07971955691823 12.495300586841424 1287.0979148478623
2020 8 17 139.7573279702107 12.120441569236181 1248.4849774024265
2020 8 18 135.56460813110436 11.756828322159096 1211.0304280803537
2020 8 19 131.49766988717124 11.404123472494323 1174.699515237943
2020 8 20 127.5527397905561 11.061999768319493 1139.4585297808046
2020 8 21 123.72615759683941 10.730139775269908 1105.2747738873804
2020 8 22 120.01437286893423 10.40823558201181 1072.116530670759
2020 8 23 116.4139416828662 10.095988514551456 1039.953034750636
2020 8 24 112.92152343238021 9.793108859114913 1008.754443708117
2020 8 25 109.5338777294088 9.499315593341466 978.4918103968735
2020 8 26 106.24786139752653 9.214336125541221 949.1370560849672
2020 8 27 103.06042555560073 8.937906041774985 920.6629444024181
2020 8 28 99.9686127889327 8.669768860521735 893.0430560703455
2020 8 29 96.96955440526472 8.409675794706082 866.2517643882352
2020 8 30 94.06046777310677 8.1573855208649 840.2642114565881
2020 8 31 91.23865373991356 7.912663955238952 815.0562851128905
2020 9 1 88.50149412771616 7.675284036581783 790.6045965595038
2020 9 2 85.84644930388467 7.445025515484329 766.8864586627186
2020 9 3 83.27105582476813 7.221674750019799 743.8798649028371
2020 9 4 80.77292415002508 7.005024507519205 721.563468955752
2020 9 5 78.34973642552433 6.794873772293629 699.9165648870794
2020 9 6 75.9992443327586 6.59102755912482 678.919067940467
2020 9 7 73.71926700277584 6.393296732351075 658.551495902253
2020 9 8 71.50768899269256 6.201497830380543 638.7949510251854
2020 9 9 69.36245832291179 6.015452895469126 619.6311024944298
2020 9 10 67.28158457322444 5.834989308605052 601.0421694195969
2020 9 11 65.2631370360277 5.6599396293469 583.010904337009
2020 9 12 63.30524292494687 5.490141440466493 565.5205772068988
2020 9 13 61.40608563719846 5.325437197252498 548.5549598906919
2020 9 14 59.5639030680825 5.165674081334923 532.0983110939711
2020 9 15 57.776985976040024 5.010703858894875 516.135361761152
2020 9 16 56.04367639675882 4.860382743128028 500.6513009083174
2020 9 17 54.36236610485605 4.714571260834187 485.63176188106786
2020 9 18 52.73149512171037 4.5731341230091616 471.0628090246358
2020 9 19 51.14955026805905 4.435940099318887 456.9309247538967
2020 9 20 49.61506376001728 4.30286189633932 443.2229970112798
2020 9 21 48.12661184721676 4.17377603944914 429.9263071009414
2020 9 22 46.68281349180025 4.048562758265666 417.02851788791315
2020 9 23 45.28232908704624 3.9271058755176957 404.51766235127576
2020 9 24 43.923859214434856 3.8092926992521647 392.3821324807375
2020 9 25 42.60614343800181 3.6950139182746 380.61066850631533
2020 9 26 41.32795913486175 3.584163500726362 369.19234845112584
2020 9 27 40.0881203608159 3.476638595704571 358.11657799759206
2020 9 28 38.88547674999142 3.3723394378334337 347.3730806576643
2020 9 29 37.718912447491675 3.271169254698431 336.9518882379343
2020 9 30 36.587345074066924 3.173034177057478 326.8433315907963
2020 10 1 35.489724721844915 3.0778431517457534 317.03803164307243
2020 10 2 34.42503298018957 2.985507857193381 307.5268906937803
2020 10 3 33.392281990783886 2.8959426214775794 298.30108397296686
2020 10 4 32.39051353106037 2.809064342833252 289.35205145377785
2020 10 5 31.41879812512856 2.724792412548254 280.6714899101645
2020 10 6 30.476234181374704 2.6430486401718065 272.2513452128596
2020 10 7 29.56194715593346 2.563757180966652 264.08380485647376
2020 10 8 28.675088741255454 2.4868444655376525 256.16129071077955
2020 10 9 27.81483607901779 2.412239131571523 248.47645198945617
2020 10 10 26.980390996647255 2.339871957624377 241.02215842977247
2020 10 11 26.170979266747835 2.269675798895646 233.7914936768793
2020 10 12 25.3858498887454 2.2015855249287766 226.77774886657292
2020 10 13 24.624274392083038 2.135537959180913 219.97441640057573
2020 10 14 23.885546160320548 2.0714718204054856 213.37518390855845
2020 10 15 23.16897977551093 2.009327665793321 206.97392839130168
2020 10 16 22.473910382245602 1.9490478358195211 200.76471053956263
2020 10 17 21.799693070778233 1.8905764007449355 194.74176922337574
2020 10 18 21.145702278654884 1.8338591087225873 188.89951614667447
2020 10 19 20.511331210295236 1.7788433354609097 183.23253066227423
2020 10 20 19.89599127398638 1.7254780353970822 177.735554742406
2020 10 21 19.299111535766787 1.6737136943351698 172.4034881001338
2020 10 22 18.720138189693785 1.6235022835051147 167.2313834571298
2020 10 23 18.15853404400297 1.5747972149999612 162.2144419534159
2020 10 24 17.61377802268288 1.5275532985499622 157.34800869481342
2020 10 25 17.085364682002393 1.4817266995934633 152.627568433969
2020 10 26 16.57280374154232 1.4372748986056594 148.04874138094993
2020 10 27 16.07561962929605 1.3941566516474895 143.60727913952144
2020 10 28 15.593351040417168 1.3523319520980648 139.29906076533578
2020 10 29 15.125550509204652 1.3117619935351228 135.1200889423757
2020 10 30 14.671783993928512 1.272409133729069 131.06648627410442
