2020 6 25 193.6990602702295 184.23423654391092 203.16388399654807
2020 6 26 193.78406632738992 175.3107932388063 213.18251025113673
2020 6 27 193.81009361072947 166.7661695964943 223.63026151103327
2020 6 28 193.76100292793612 158.57337057677898 234.50336134064418
2020 6 29 193.7441114369511 150.80940453424446 245.94407554428855
2020 6 30 193.76476936199373 143.45479986113764 257.9906121957379
2020 7 1 193.74251297880244 136.42708774260035 270.570056059995
2020 7 2 193.78999047176353 129.79275894997375 283.86024780555806
2020 7 3 193.73553961881785 123.41277639934512 297.65392355210105
2020 7 4 193.70792283843303 117.36348685536423 312.1590822181446
2020 7 5 193.70712494483612 111.62696024969799 327.4143129229421
2020 7 6 193.77604563747295 106.21100175375308 343.53290969059185
2020 7 7 193.9639122711955 101.12299902512602 360.6558525177139
2020 7 8 194.20584081816057 96.30682557273198 378.73244962406903
2020 7 9 194.52899158828475 91.76015998252309 397.8728799865642
2020 7 10 194.8526800683964 87.42814343578804 417.98063193670043
2020 7 11 195.17690715322348 83.30064230581732 439.10459210012795
2020 7 12 195.50167373898273 79.36800137656013 461.2961177412153
2020 7 13 195.8269807233822 75.62102125675614 484.60916162451394
2020 7 14 196.15282900562366 72.05093686035072 509.1004031864878
2020 7 15 196.4792194864051 68.64939690285446 534.8293863364173
2020 7 16 190.58484290181295 66.58991499576882 518.7845047463247
2020 7 17 184.86729761475854 64.59221754589575 503.220969603935
2020 7 18 179.3212786863158 62.65445101951887 488.1243405158169
2020 7 19 173.94164032572633 60.77481748893331 473.4806103003424
2020 7 20 168.72339111595454 58.95157296426531 459.2761919913321
2020 7 21 163.6616893824759 57.18302577533735 445.49790623159214
2020 7 22 158.75183870100165 55.46753500207723 432.13296904464437
2020 7 23 153.98928353997158 53.80350895201491 419.168979973305
2020 7 24 149.36960503377242 52.18940368345446 406.59391057410585
2020 7 25 144.88851688275923 50.62372157295082 394.39609325688264
2020 7 26 140.54186137627644 49.105009925762296 382.56421045917614
2020 7 27 136.32560553498814 47.63185962798943 371.0872841454009
2020 7 28 132.2358373689385 46.20290383914974 359.9546656210388
2020 7 29 128.26876224787034 44.81681672397525 349.15602565240766
2020 7 30 124.42069938043423 43.472312222255994 338.68134488283545
2020 7 31 120.6880783990212 42.168142855588314 328.5209045363504
2020 8 1 117.06743604705055 40.903098569920665 318.66527740025987
2020 8 2 113.55541296563904 39.67600561282305 309.1053190782521
2020 8 3 110.14875057666985 38.48572544443835 299.8321595059045
2020 8 4 106.84428805936976 37.3311536811052 290.8371947207273
2020 8 5 103.63895941758867 36.211219070672044 282.1120788791055
2020 8 6 100.529790635061 35.124882498551884 273.64871651273234
2020 8 7 97.51389691600917 34.07113602359533 265.4392550173504
2020 8 8 94.58848000852889 33.04900194288747 257.4760773668299
2020 8 9 91.75082560827302 32.05753188460085 249.751795045825
2020 8 10 88.99830084002483 31.095805928062823 242.25924119445023
2020 8 11 86.32835181482407 30.162931750220938 234.99146395861672
2020 8 12 83.73850126037935 29.258043797714308 227.9417200398582
2020 8 13 81.22634622256797 28.380302483782877 221.10346843866245
2020 8 14 78.78955583589092 27.52889340926939 214.47036438550256
2020 8 15 76.42586916081419 26.70302660699131 208.0362534539375
2020 8 16 74.13309308598976 25.90193580878157 201.79516585031936
2020 8 17 71.90910029341006 25.124877734518122 195.74131087480978
2020 8 18 69.75182728460776 24.37113140248258 189.86907154856547
2020 8 19 67.65927246606952 23.6399974604081 184.1729994021085
2020 8 20 65.62949429208744 22.930797536595858 178.64780942004523
2020 8 21 63.66060946332482 22.24287361049798 173.28837513744386
2020 8 22 61.75079117942507 21.57558740218304 168.08972388332054
2020 8 23 59.89826744404232 20.928319780117548 163.0470321668209
2020 8 24 58.10131942072105 20.30047018671402 158.15562120181627
2020 8 25 56.35827983809941 19.691456081112598 153.4109525657618
2020 8 26 54.66753144295643 19.10071239867922 148.80862398878892
2020 8 27 53.02750549966774 18.527691026718845 144.34436526912526
2020 8 28 51.4366803346777 17.971860295917278 140.0140343110515
2020 8 29 49.89357992463737 17.432704487039757 135.81361328171994
2020 8 30 48.396772526898246 16.909723352428564 131.73920488326834
2020 8 31 46.9448693510913 16.402431651855707 127.7870287367703
2020 9 1 45.53652327055856 15.910358702300035 123.95341787466718
2020 9 2 44.1704275724418 15.433047941231035 120.23481533842717
2020 9 3 42.845314745268546 14.970056502994103 116.62777087827435
2020 9 4 41.55995530291049 14.52095480790428 113.12893775192612
2020 9 5 40.31315664382317 14.085326163667151 109.73506961936833
2020 9 6 39.10376194450848 13.662766378757135 106.44301753078727
2020 9 7 37.93064908617322 13.252883387394421 103.24972700486366
2020 9 8 36.79272961358802 12.855296885772589 100.15223519471775
2020 9 9 35.688947725180384 12.46963797919941 97.14766813887621
2020 9 10 34.61827929342497 12.095548839823428 94.23323809470992
2020 9 11 33.57973091462222 11.732682374628725 91.40624095186863
2020 9 12 32.57233898718355 11.380701903389863 88.66405372331256
2020 9 13 31.59516881756804 11.039280846288166 86.00413211161319
2020 9 14 30.647313753040997 10.708102420899522 83.42400814826479
2020 9 15 29.727894340449765 10.386859348272536 80.92128790381685
2020 9 16 28.836057510236273 10.07525356782436 78.49364926670233
2020 9 17 27.970975784929184 9.772995960789629 76.13883978870126
2020 9 18 27.13184651138131 9.47980608196594 73.85467459504022
2020 9 19 26.317891116039867 9.195411899506961 71.63903435718902
2020 9 20 25.52835438255867 8.919549542521752 69.48986332647334
2020 9 21 24.762503751081912 8.6519630562461 67.40516742667914
2020 9 22 24.019628638549452 8.392404164558716 65.38301240387877
2020 9 23 23.299039779392967 8.140632039621954 63.4215220317624
2020 9 24 22.600068586011176 7.896413078433295 61.51887637080953
2020 9 25 21.92206652843084 7.659520686080296 59.673310079685244
2020 9 26 21.264404532577913 7.429735065497887 57.88311077729468
2020 9 27 20.626472396600576 7.20684301353295 56.14661745397584
2020 9 28 20.00767822470256 6.990637723126961 54.46221893035656
2020 9 29 19.40744787796148 6.780918591433152 52.82835236244586
2020 9 30 18.825224441622638 6.5774910336901575 51.243501791572484
2020 10 1 18.26046770837396 6.380166302679453 49.70619673782531
2020 10 2 17.712653677122738 6.188761313599069 48.21501083569055
2020 10 3 17.181274066809056 6.003098474191097 46.76856051061983
2020 10 4 16.665835844804786 5.823005519965363 45.36550369530123
2020 10 5 16.165860769460643 5.648315354366402 44.00453858444219
2020 10 6 15.680884946376823 5.47886589373541 42.68440242690892
2020 10 7 15.210458397985517 5.3144999169233476 41.40387035410165
2020 10 8 14.754144646045951 5.155064919415647 40.1617542434786
2020 10 9 14.311520306664573 5.000412971833177 38.956901616174235
2020 10 10 13.882174697464635 4.850400582678182 37.788194567689004
2020 10 11 13.465709456540695 4.7048885651978365 36.654548730658334
2020 10 12 13.061738172844475 4.5637419082419015 35.55491226873858
2020 10 13 12.66988602765914 4.4268296509946445 34.48826490067643
2020 10 14 12.289789446829365 4.294024761464805 33.45361695365613
2020 10 15 11.921095763424484 4.165204018620861 32.45000844504644
2020 10 16 11.563462890521748 4.040247898062235 31.47650819169505
2020 10 17 11.216559003806095 3.919040461120368 30.5322129459442
2020 10 18 10.880062233691913 3.801469247286757 29.616246557565873
2020 10 19 10.553660366681155 3.687425169868154 28.727759160838897
2020 10 20 10.237050555680721 3.5768024147721094 27.86592638601373
2020 10 21 9.9299390390103 3.469498342328946 27.029948594433318
2020 10 22 9.63204086783999 3.3654133920590774 26.219050136600316
2020 10 23 9.34307964180479 3.264450990297305 25.432478632502306
2020 10 24 9.062787252550645 3.166517460588386 24.669504273527238
2020 10 25 8.790903634974125 3.071521936770734 23.929419145321422
2020 10 26 8.5271765259249 2.979376278667612 23.21153657096178
2020 10 27 8.271361230147154 2.8899949903075837 22.515190473832927
2020 10 28 8.023220393242738 2.803295140598356 21.83973475961794
2020 10 29 7.782523781445456 2.7191962863804053 21.1845427168294
2020 10 30 7.549048068002092 2.637620397788993 20.549006435324518
