2020 6 25 631.0340717129022 596.1052899613015 665.962853464503
2020 6 26 642.7692559410323 573.5818889326105 715.8952635271764
2020 6 27 654.2458204016028 551.483990560938 769.0403877542802
2020 6 28 665.7886202569912 530.1205436893068 825.9677780837801
2020 6 29 678.2054071839308 510.118419638706 887.9407697491281
2020 6 30 690.4584354997885 490.573651273189 954.0460581556412
2020 7 1 702.0181308635506 471.12782184072495 1023.8088412788914
2020 7 2 714.7013798388624 453.0769462127694 1100.0292165917633
2020 7 3 726.8941895214315 435.26150187123943 1180.8164889743261
2020 7 4 739.6801989504079 418.3772293681334 1268.1625908467345
2020 7 5 753.161472212082 402.41396037614277 1362.7761840038067
2020 7 6 767.7265830245547 387.5075860102667 1465.965117177491
2020 7 7 784.8990628434484 374.32726900250555 1581.4083770468815
2020 7 8 804.3869477153912 362.5163097538901 1709.8338270955278
2020 7 9 825.3880931604087 351.5419419137783 1850.8767897682212
2020 7 10 846.9375420199153 340.8997984350252 2003.5542849927024
2020 7 11 869.0496095432924 330.57982197055725 2168.8260369915315
2020 7 12 891.7389847262074 320.57225963691627 2347.730936948147
2020 7 13 915.0207400684801 310.8676537973067 2541.3935734325314
2020 7 14 938.9103415867097 301.4568331236651 2751.0313015169936
2020 7 15 963.4236590883137 292.3309039293062 2977.9618950182266
2020 7 16 934.5209493156642 283.560976811427 2888.6230381676796
2020 7 17 906.4853208361942 275.05414750708417 2801.9643470226492
2020 7 18 879.2907612111084 266.80252308187164 2717.9054166119695
2020 7 19 852.9120383747751 258.79844738941546 2636.3682541136104
2020 7 20 827.3246772235318 251.034493967733 2557.277206490202
2020 7 21 802.5049369068258 243.503459148701 2480.558890295496
2020 7 22 778.4297887996211 236.19835537423998 2406.142123586631
2020 7 23 755.0768951356324 229.11240471301278 2333.957859879032
2020 7 24 732.4245882815634 222.2390325716224 2263.9391240826612
2020 7 25 710.4518506331165 215.57186159447372 2196.0209503601814
2020 7 26 689.1382951141229 209.1047057466395 2130.140321849376
2020 7 27 668.4641462606992 202.8315645742403 2066.2361121938948
2020 7 28 648.4102218728782 196.7466176370131 2004.2490288280778
2020 7 29 628.9579152166918 190.8442191079027 1944.1215579632355
2020 7 30 610.0891777601911 185.1188925346656 1885.7979112243383
2020 7 31 591.7865024273854 179.56532575862562 1829.223973887608
2020 8 1 574.0329073545638 174.17836598586683 1774.3472546709797
2020 8 2 556.8119201339268 168.95301500629083 1721.1168370308503
2020 8 3 540.107562529909 163.8844245561021 1669.4833319199247
2020 8 4 523.9043356540118 158.967891819419 1619.398831962327
2020 8 5 508.1872055843914 154.19885506483644 1570.8168670034572
2020 8 6 492.94158941685964 149.57288941289133 1523.6923609933535
2020 8 7 478.15334173435383 145.08570273050458 1477.981590163553
2020 8 8 463.8087414823232 140.73313164858945 1433.6421424586463
2020 8 9 449.89447923785355 136.51113769913175 1390.6328781848867
2020 8 10 436.39764486071795 132.4158035681578 1348.91389183934
2020 8 11 423.3057155148964 128.44332946111305 1308.4464750841598
2020 8 12 410.6065440494495 124.59002957727965 1269.193080831635
2020 8 13 398.288347727966 120.85232868996125 1231.117288406686
2020 8 14 386.33969729612704 117.22675882926241 1194.1837697544854
2020 8 15 374.7495063772432 113.70995606438453 1158.3582566618509
2020 8 16 363.5070211859259 110.29865738245299 1123.6075089619953
2020 8 17 352.60181055034815 106.98969766097939 1089.8992836931354
2020 8 18 342.0237562338377 103.78000673115001 1057.2023051823414
2020 8 19 331.76304354682253 100.66660652921551 1025.4862360268712
2020 8 20 321.81015224041784 97.64660833333905 994.7216489460651
2020 8 21 312.1558476732053 94.71721008333887 964.8799994776831
2020 8 22 302.79117224300916 91.8756937808387 935.9335994933526
2020 8 23 293.7074370757189 89.11942296741354 907.855591508552
2020 8 24 284.8962139634473 86.44584027839113 880.6199237632954
2020 8 25 276.3493275445439 83.8524650700394 854.2013260503966
2020 8 26 268.0588477182076 81.33689111793822 828.5752862688846
2020 8 27 260.0170822866613 78.89678438440008 803.7180276808181
2020 8 28 252.2165698180615 76.52988085286808 779.6064868503935
2020 8 29 244.65007272351963 74.23398442728202 756.2182922448817
2020 8 30 237.31057054181403 72.00696489446356 733.5317434775352
2020 8 31 230.1912534255596 69.84675594762966 711.5257911732091
2020 9 1 223.2855158227928 67.75135326920076 690.1800174380128
2020 9 2 216.586950348109 65.71881267112474 669.4746169148724
2020 9 3 210.08934183766573 63.747248290990996 649.3903784074262
2020 9 4 203.78666158253574 61.83483084226126 629.9086670552034
2020 9 5 197.67306173505966 59.97978591699342 611.0114070435473
2020 9 6 191.74286988300787 58.18039233948362 592.6810648322408
2020 9 7 185.99058378651762 56.43498056929911 574.9006328872736
2020 9 8 180.41086627292208 54.74193115222013 557.6536139006554
2020 9 9 174.99854028473442 53.099673217653525 540.9240054836357
2020 9 10 169.74858407619237 51.50668302112392 524.6962853191267
2020 9 11 164.6561265539066 49.9614825304902 508.95539675955285
2020 9 12 159.7164427572894 48.46263805457549 493.68673485676624
2020 9 13 154.92494947457072 47.00875891293823 478.87613281106326
2020 9 14 150.2772009903336 45.59849614555008 464.50984882673134
2020 9 15 145.76888496062358 44.230541261183575 450.5745533619294
2020 9 16 141.39581841180487 42.90362502334806 437.05731676107155
2020 9 17 137.15394385945072 41.61651627264762 423.9455972582394
2020 9 18 133.0393255436672 40.36802078446819 411.2272293404922
2020 9 19 129.04814577735718 39.15698016093415 398.89041246027745
2020 9 20 125.17670140403646 37.98227075610612 386.9237000864691
2020 9 21 121.42140036191536 36.842802633422934 375.315989083875
2020 9 22 117.7787583510579 35.73751855442025 364.0565094113588
2020 9 23 114.24539560052617 34.66539299778764 353.134814129018
2020 9 24 110.81803373251037 33.625431207854014 342.54076970514745
2020 9 25 107.49349272053506 32.616668271618394 332.26454661399305
2020 9 26 104.268687938919 31.63816822346984 322.29661021557325
2020 9 27 101.14062730075143 30.689023176765744 312.62771190910604
2020 9 28 98.10640848172889 29.76835248146277 303.2488805518328
2020 9 29 95.16321622727702 28.875301907018887 294.15141413527783
2020 9 30 92.3083197404587 28.00904284980832 285.3268717112195
2020 10 1 89.53907014824493 27.16877156431407 276.7670655598829
2020 10 2 86.85289804379758 26.35370841738465 268.4640535930864
2020 10 3 84.24731110248365 25.56309716486311 260.41013198529384
2020 10 4 81.71989176940914 24.796204249917214 252.59782802573503
2020 10 5 79.26829501632687 24.052318122419695 245.01989318496297
2020 10 6 76.89024616583707 23.330748578747105 237.6692963894141
2020 10 7 74.58353878086196 22.63082612138469 230.53921749773167
2020 10 8 72.3460326174361 21.95190133774315 223.6230409727997
2020 10 9 70.17565163891301 21.293344297610854 216.91434974361573
2020 10 10 68.07038208974562 20.65454396868253 210.40691925130724
2020 10 11 66.02827062705325 20.034907649622053 204.09471167376802
2020 10 12 64.04742250824165 19.433860420133392 197.97187032355498
2020 10 13 62.1259998329944 18.85084460752939 192.03271421384832
2020 10 14 60.26221983800457 18.285319269303507 186.27173278743288
2020 10 15 58.45435324286443 17.7367596912244 180.6835808038099
2020 10 16 56.700722645578495 17.204656900487667 175.26307337969558
2020 10 17 54.99970096621114 16.688517193473036 170.00518117830472
2020 10 18 53.3497099372248 16.187861677668845 164.9050257429556
2020 10 19 51.74921863910806 15.70222582733878 159.95787497066692
2020 10 20 50.196742079934815 15.231159052518615 155.1591387215469
2020 10 21 48.69083981753677 14.774224280943056 150.5043645599005
2020 10 22 47.230114623010664 14.330997552514763 145.98923362310347
2020 10 23 45.813211184320345 13.90106762593932 141.60955661441037
2020 10 24 44.438814848790734 13.484035597161139 137.36126991597806
2020 10 25 43.10565040332701 13.079514529246305 133.2404318184987
2020 10 26 41.8124808912272 12.687129093368915 129.24321886394375
2020 10 27 40.558106464490386 12.306515220567848 125.36592229802544
2020 10 28 39.341363270555675 11.937319763950812 121.60494462908467
2020 10 29 38.161122372439 11.579200171032287 117.95679629021213
2020 10 30 37.01628870126583 11.231824165901319 114.41809240150576
