2020 6 25 183.62059777269604 164.37416896170666 202.8670265836854
2020 6 26 171.99236746010308 137.8054086455633 209.96349666365464
2020 6 27 161.04725833241653 115.48843497242031 217.2431827287588
2020 6 28 151.53433189038617 97.3131493107941 225.76763505545603
2020 6 29 142.5833260325901 81.9982453744948 234.6265802143673
2020 6 30 134.10585169729126 69.06182015110367 243.74231475595488
2020 7 1 126.2154805928544 58.20908200216051 253.36318680968958
2020 7 2 118.47664678774088 48.917583254858464 262.73608417538554
2020 7 3 111.45998477501733 41.2114796020607 273.00495814377643
2020 7 4 104.87613698168214 34.72571836991126 283.7174588603318
2020 7 5 98.46195333579611 29.18807793393746 294.2572128287883
2020 7 6 92.09700917016748 24.431820227431995 304.1632894961316
2020 7 7 85.796499739908 20.35854619573576 313.2567730202064
2020 7 8 79.80922121257457 16.9364165667486 322.1920245905024
2020 7 9 74.15109197560125 14.070706110805872 331.0241762645628
2020 7 10 68.89409967463462 11.689885500653943 340.0984410179049
2020 7 11 64.00980543267319 9.711909405417376 349.42145582250595
2020 7 12 59.47178656632046 8.068614897362176 359.000039587631
2020 7 13 55.255493646362524 6.703372492912685 368.8411981472247
2020 7 14 51.33811769213359 5.569134647066726 378.9521293840201
2020 7 15 47.69846678122769 4.62681445048007 389.34022849411366
2020 7 16 46.267512777790856 4.488010016965667 377.6600216392902
2020 7 17 44.87948739445713 4.353369716456697 366.3302209901115
2020 7 18 43.533102772623415 4.222768624962996 355.3403143604082
2020 7 19 42.22710968944471 4.096085566214106 344.6801049295959
2020 7 20 40.960296398761365 3.973202999227683 334.339701781708
2020 7 21 39.73148750679852 3.8540069092508524 324.3095107282568
2020 7 22 38.53954288159456 3.738386701973327 314.58022540640906
2020 7 23 37.38335659514672 3.6262351009141267 305.1428186442168
2020 7 24 36.26185589729232 3.517448047886703 295.98853408489026
2020 7 25 35.17400022037355 3.4119246064501016 287.10887806234354
2020 7 26 34.11878021376234 3.3095668682565984 278.4956117204732
2020 7 27 33.09521680734947 3.2102798622089 270.14074336885903
2020 7 28 32.10236030312899 3.113971466342633 262.0365210677933
2020 7 29 31.13928949403512 3.020552322352354 254.17542543575948
2020 7 30 30.205110809214062 2.9299357526817835 246.5501626726867
2020 7 31 29.298957484937638 2.84203768010133 239.1536577925061
2020 8 1 28.419988760389508 2.75677654969829 231.9790480587309
2020 8 2 27.567389097577824 2.6740732532073412 225.01967661696898
2020 8 3 26.740367424650486 2.593851055611121 218.2690863184599
2020 8 4 25.93815640191097 2.5160355239427874 211.7210137289061
2020 8 5 25.16001170985364 2.440554458224504 205.3693833170389
2020 8 6 24.40521135855803 2.3673378244777687 199.20830181752774
2020 8 7 23.67305501780129 2.2963176897434354 193.2320527630019
2020 8 8 22.96286336726725 2.2274281590511325 187.43509118011184
2020 8 9 22.27397746624923 2.1606053142795982 181.8120384447085
2020 8 10 21.605758142261752 2.09578715485121 176.35767729136722
2020 8 11 20.9575853979939 2.0329135402056737 171.0669469726262
2020 8 12 20.32885783605408 1.9719261339995036 165.93493856344742
2020 8 13 19.718992100972457 1.9127683499795185 160.95689040654398
2020 8 14 19.127422337943283 1.855385299480133 156.12818369434765
2020 8 15 18.553599667804985 1.799723740495729 151.44433818351723
2020 8 16 17.996991677770836 1.745732028280857 146.90100803801172
2020 8 17 17.45708192743771 1.6933600674324314 142.49397779687138
2020 8 18 16.93336946961458 1.6425592654094585 138.21915846296523
2020 8 19 16.42536838552614 1.5932824874471747 134.07258370907627
2020 8 20 15.932607333960357 1.5454840128237595 130.05040619780397
2020 8 21 15.454629113941547 1.4991194924390467 126.14889401186984
2020 8 22 14.990990240523299 1.4541459076658754 122.36442719151374
2020 8 23 14.5412605333076 1.4105215304358991 118.69349437576832
2020 8 24 14.105022717308373 1.3682058845228222 115.13268954449528
2020 8 25 13.681872035789121 1.3271597079871376 111.67870885816042
2020 8 26 13.271415874715448 1.2873449167475235 108.32834759241561
2020 8 27 12.873273398473984 1.2487245692450977 105.07849716464314
2020 8 28 12.487075196519763 1.2112628321677448 101.92614224970384
2020 8 29 12.11246294062417 1.1749249472027123 98.86835798221273
2020 8 30 11.749089052405443 1.139677198786631 95.90230724274635
2020 8 31 11.39661638083328 1.105486882823032 93.02523802546395
2020 9 1 11.05471788940828 1.072322276338341 90.23448088470003
2020 9 2 10.723076352726032 1.0401526080481909 87.52744645815903
2020 9 3 10.40138406214425 1.008948029806745 84.90162306441427
2020 9 4 10.089342540279922 0.9786795889125427 82.35457437248184
2020 9 5 9.786662264071525 0.9493192012451664 79.88393714130738
2020 9 6 9.49306239614938 0.9208396252078114 77.48741902706816
2020 9 7 9.208270524264899 0.893214436451577 75.1627964562561
2020 9 8 8.932022408536952 0.8664180033580298 72.90791256256841
2020 9 9 8.664061736280843 0.8404254632572888 70.72067518569136
2020 9 10 8.404139884192418 0.8152126993595702 68.59905493012062
2020 9 11 8.152015687666646 0.790756318378783 66.541083282217
2020 9 12 7.907455217036646 0.7670336288274195 64.54485078375049
2020 9 13 7.670231560525546 0.7440226199625969 62.608505260237976
2020 9 14 7.44012461370978 0.721701941363719 60.73025010243084
2020 9 15 7.216920875298486 0.7000508831228074 58.90834259935791
2020 9 16 7.000413249039531 0.6790493566291231 57.14109232137717
2020 9 17 6.790400851568345 0.6586778759302494 55.42685955173586
2020 9 18 6.586688826021295 0.6389175396523419 53.76405376518378
2020 9 19 6.389088161240656 0.6197500134627716 52.151132152228264
2020 9 20 6.197415516403436 0.6011575130588884 50.586598187661416
2020 9 21 6.011493050911333 0.5831227876671218 49.06900024203157
2020 9 22 5.831148259383992 0.5656291040371081 47.596930234770625
2020 9 23 5.6562138116024725 0.5486602309159948 46.169022327727504
2020 9 24 5.486527397254398 0.532200423988515 44.78395165789568
2020 9 25 5.321931575336766 0.5162344112688595 43.44043310815881
2020 9 26 5.162273628076663 0.5007473789307937 42.137220114914044
2020 9 27 5.007405419234362 0.4857249575628699 40.873103511466624
2020 9 28 4.857183256657331 0.47115320883598377 39.64691040612262
2020 9 29 4.711467758957611 0.45701861257090426 38.45750309393894
2020 9 30 4.570123726188883 0.4433080541937771 37.30377800112077
2020 10 1 4.433020014403216 0.4300088125679638 36.18466466108715
2020 10 2 4.30002941397112 0.41710854819092485 35.09912472125453
2020 10 3 4.171028531551986 0.4045952917451971 34.0461509796169
2020 10 4 4.045897675605427 0.3924574329928412 33.02476645022839
2020 10 5 3.9245207453372637 0.38068371000305595 32.03402345672154
2020 10 6 3.806785122977146 0.36926319870296426 31.073002753019896
2020 10 7 3.692581569287831 0.3581853027418753 30.1408126704293
2020 10 8 3.581804122209196 0.34743974365961905 29.23658829031642
2020 10 9 3.47434999854292 0.3370165513498305 28.359490641606925
2020 10 10 3.3701194985866323 0.32690605480933554 27.50870592235872
2020 10 11 3.2690159136290333 0.3170988731650555 26.683444744687957
2020 10 12 3.1709454362201623 0.3075859069701038 25.882941402347317
2020 10 13 3.0758170731335572 0.2983583297610007 25.106453160276896
2020 10 14 2.9835425609395503 0.2894075798681707 24.353259565468587
2020 10 15 2.8940362841113636 0.28072535247212554 23.62266177850453
2020 10 16 2.8072151955880225 0.27230359189796177 22.913981925149393
2020 10 17 2.722998739720382 0.2641344841410229 22.22656246739491
2020 10 18 2.6413087775287702 0.25621044961679224 21.55976559337306
2020 10 19 2.562069514202907 0.24852413612828847 20.912972625571868
2020 10 20 2.4852074287768198 0.24106841204443982 20.28558344680471
2020 10 21 2.4106512059135152 0.23383635968310662 19.67701594340057
2020 10 22 2.33833166973611 0.22682126889261342 19.08670546509855
2020 10 23 2.2681817196440264 0.220016630825835 18.514104301145593
2020 10 24 2.2001362680547056 0.21341613190105996 17.958681172111227
2020 10 25 2.1341321800130646 0.20701364794402816 17.41992073694789
2020 10 26 2.070108214612673 0.2008032385057073 16.897323114839452
2020 10 27 2.0080049681742924 0.1947791413505361 16.390403421394268
2020 10 28 1.9477648191290635 0.18893576711002 15.898691318752439
2020 10 29 1.8893318745551915 0.1832676940967194 15.421730579189866
2020 10 30 1.8326519183185357 0.1777696632738178 14.95907866181417
