2020 6 25 310.83350030363886 286.7201744514868 334.94682615579086
2020 6 26 298.0132769642666 253.53834240218472 346.08034046609276
2020 6 27 285.6319775346248 224.1201757187371 357.47959621579736
2020 6 28 274.59172263341736 198.76403969810318 370.28890675624
2020 6 29 263.183498229935 175.70135972980574 382.4855485640588
2020 6 30 251.55103375389413 154.84852917820362 394.0692177188787
2020 7 1 240.50854827843693 136.51726505685193 406.12250097821203
2020 7 2 229.26924516631547 119.96922656406082 417.3935794609066
2020 7 3 219.02517068215198 105.67300644221706 429.83311668317657
2020 7 4 209.11996303661536 93.02306285861472 442.4101413422299
2020 7 5 199.12053690597395 81.64624837493568 454.2081638968337
2020 7 6 188.97495123793504 71.40484575596987 464.89674077732263
2020 7 7 178.88294584052116 62.27300548550164 474.69694053881454
2020 7 8 168.94233250373753 54.17410199552124 483.67527263763725
2020 7 9 159.14769495364038 46.998171752952025 491.6598290304742
2020 7 10 149.9209134483605 40.77276903090316 499.77619522297846
2020 7 11 141.22906584187803 35.37198645057841 508.026547143584
2020 7 12 133.04113868969787 30.68659439126123 516.413096641154
2020 7 13 125.32791658955333 26.62183184564651 524.9380920779581
2020 7 14 118.06187793771734 23.095489899645067 533.6038189324397
2020 7 15 111.21709672896867 20.036249075468294 542.4126004119329
2020 7 16 107.88058382709961 19.435161603204246 526.1402223995749
2020 7 17 104.64416631228663 18.852106755108117 510.35601572758765
2020 7 18 101.50484132291803 18.286543552454873 495.04533525576
2020 7 19 98.45969608323048 17.737947245881227 480.1939751980872
2020 7 20 95.50590520073357 17.20580882850479 465.78815594214456
2020 7 21 92.64072804471155 16.689634563649644 451.8145112638802
2020 7 22 89.8615062033702 16.188945526740156 438.2600759259638
2020 7 23 87.16566101726909 15.703277160937951 425.1122736481849
2020 7 24 84.55069118675101 15.232178846109813 412.3589054387393
2020 7 25 82.01417045114847 14.775213480726517 399.9881382755771
2020 7 26 79.55374533761402 14.331957076304722 387.98849412730976
2020 7 27 77.1671329774856 13.90199836401558 376.3488393034905
2020 7 28 74.85211898816102 13.484938413095112 365.05837412438575
2020 7 29 72.6065554185162 13.080390260702258 354.10662290065414
2020 7 30 70.4283587559607 12.687978552881189 343.4834242136345
2020 7 31 68.31550799328188 12.307339196294754 333.17892148722547
2020 8 1 66.26604275348342 11.93811902040591 323.1835538426087
2020 8 2 64.27806147087891 11.579975449793732 313.48804722733047
2020 8 3 62.34971962675254 11.23257618629992 304.08340581051056
2020 8 4 60.47922803794996 10.89559890071092 294.9609036361952
2020 8 5 58.66485119681146 10.568730933689594 286.11207652710937
2020 8 6 56.90490566090712 10.251669005678906 277.5287142312961
2020 8 7 55.1977584910799 9.944118935508538 269.2028528043572
2020 8 8 53.541825736347505 9.64579536744328 261.12676722022644
2020 8 9 51.93557096425708 9.356421506419982 253.29296420361965
2020 8 10 50.37750383532937 9.075728861227383 245.69417527751105
2020 8 11 48.86617872026949 8.803456995390562 238.3233500191857
2020 8 12 47.400193358661404 8.539353285528845 231.17364951861012
2020 8 13 45.97818755790156 8.28317268696298 224.2384400330518
2020 8 14 44.598841931164515 8.03467750635409 217.51128683206025
2020 8 15 43.260876673229575 7.793637181163467 210.98594822709845
2020 8 16 41.96305037303269 7.559828065728563 204.6563697802855
2020 8 17 40.704158861841705 7.333033223756705 198.51667868687693
2020 8 18 39.483034095986454 7.113042227044004 192.5611783262706
2020 8 19 38.298543073106856 6.899650960232684 186.7843429764825
2020 8 20 37.14958678091365 6.692661431425703 181.18081268718802
2020 8 21 36.03509917748624 6.491881588482932 175.74538830657238
2020 8 22 34.95404620216165 6.297125140828443 170.47302665737521
2020 8 23 33.9054248160968 6.10821138660359 165.35883585765396
2020 8 24 32.888262071613894 5.924965045005482 160.39807078192433
2020 8 25 31.901614209465478 5.747216093655318 155.5861286584666
2020 8 26 30.944565783181513 5.574799610845658 150.91854479871262
2020 8 27 30.016228809686066 5.407555622520288 146.39098845475124
2020 8 28 29.115741945395484 5.2453289538446795 141.9992588011087
2020 8 29 28.24226968703362 5.087969085229339 137.73928103707544
2020 8 30 27.39500159642261 4.935330012672459 133.60710260596318
2020 8 31 26.573151548529932 4.787270112292285 129.59888952778428
2020 9 1 25.775957002074033 4.6436520089235165 125.71092284195075
2020 9 2 25.00267829201181 4.504342448655811 121.93959515669222
2020 9 3 24.252597943251455 4.369212175196136 118.28140730199145
2020 9 4 23.525020004953912 4.2381358099402515 114.7329650829317
2020 9 5 22.819269404805294 4.110991735642044 111.29097613044374
2020 9 6 22.134691322661133 3.987661983572782 107.95224684653043
2020 9 7 21.4706505829813 3.8680321240655986 104.71367944113452
2020 9 8 20.82653106549186 3.7519911603436307 101.57226905790048
2020 9 9 20.201735133527105 3.6394314255333216 98.52510098616347
2020 9 10 19.59568307952129 3.530248482767322 95.56934795657855
2020 9 11 19.00781258713565 3.424341028284302 92.7022675178812
2020 9 12 18.43757820952158 3.321610797435773 89.92119949234475
2020 9 13 17.88445086323593 3.2219624735126997 87.22356350757441
2020 9 14 17.347917337338853 3.1253035993073186 84.60685660234718
2020 9 15 16.827479817218688 3.031544491328099 82.06865090427677
2020 9 16 16.322655422702127 2.9405981565882557 79.60659137714846
2020 9 17 15.832975760021062 2.852380211890608 77.218393635834
2020 9 18 15.35798648722043 2.7668088055338895 74.90184182675898
2020 9 19 14.897246892603816 2.6838045413678726 72.65478657195621
2020 9 20 14.450329485825701 2.6032904051268364 70.47514297479752
2020 9 21 14.01681960125093 2.5251916929730314 68.36088868555359
2020 9 22 13.5963150132134 2.4494359421838405 66.31006202498698
2020 9 23 13.188425562816999 2.375952863918325 64.32076016423737
2020 9 24 12.792772795932489 2.304674278000775 62.39113735931025
2020 9 25 12.408989612054514 2.235534049660752 60.51940323853094
2020 9 26 12.036719923692878 2.1684680281709294 58.70382114137501
2020 9 27 11.675618325982091 2.1034139873258013 56.94270650713376
2020 9 28 11.325349776202629 2.040311567706027 55.23442531191974
2020 9 29 10.98558928291655 1.979102220674846 53.57739255256215
2020 9 30 10.656021604429053 1.9197291540546007 51.970070775985285
2020 10 1 10.336340956296182 1.8621372794329625 50.410968652705726
2020 10 2 10.026250727607296 1.8062731610499736 48.89863959312456
2020 10 3 9.725463205779077 1.7520849662184743 47.431680405330816
2020 10 4 9.433699309605704 1.69952241723192 46.00872999317089
2020 10 5 9.150688330317532 1.6485367447149624 44.62846809337576
2020 10 6 8.876167680408006 1.5990806423735135 43.289614050574485
2020 10 7 8.609882649995766 1.5511082231023081 41.99092562905725
2020 10 8 8.351586170495894 1.5045749764092389 40.73119786018553
2020 10 9 8.101038585381017 1.4594377271169616 39.50926192437996
2020 10 10 7.858007427819587 1.4156545953034527 38.32398406664856
2020 10 11 7.622267204984999 1.373184957444349 37.174264544649105
2020 10 12 7.393599188835449 1.3319894087210187 36.05903660830963
2020 10 13 7.171791213170385 1.292029726459388 34.97726551006034
2020 10 14 6.956637476775273 1.2532688346656065 33.92794754475853
2020 10 15 6.747938352472015 1.2156707696256381 32.910109118415775
2020 10 16 6.545500201897854 1.179200646536869 31.9228058448633
2020 10 17 6.349135195840918 1.1438246271407628 30.9651216695174
2020 10 18 6.15866113996569 1.10950988832654 30.03616801943188
2020 10 19 5.973901305766719 1.0762245916767437 29.135082978848924
2020 10 20 5.794684266593717 1.0439378539264412 28.261030489483456
2020 10 21 5.620843738595905 1.012619718308648 27.413199574798952
2020 10 22 5.452218426438028 0.9822411267593886 26.590803587554984
2020 10 23 5.288651873644887 0.9527738929566069 25.793079479928334
2020 10 24 5.12999231743554 0.9241906761679086 25.019287095530483
2020 10 25 4.976092547912473 0.8964649558828713 24.268708482664568
2020 10 26 4.826809771475099 0.8695710072063851 23.540647228184632
2020 10 27 4.682005478330845 0.8434838769901936 22.834427811339093
2020 10 28 4.54154531398092 0.8181793606804877 22.14939497699892
2020 10 29 4.405298954561492 0.793633979860073 21.48491312768895
2020 10 30 4.273139985924647 0.7698249604642707 20.84036573385828
