2020 6 25 20.466694642111143 19.81749984301685 21.115889441205436
2020 6 26 19.79946020757349 18.562510032114435 21.07630517794297
2020 6 27 19.12845846784545 17.363069920888293 21.009629570529953
2020 6 28 18.529506794936843 16.285892168262663 20.997324114572113
2020 6 29 17.9254265951403 15.254549723729877 20.957962116211924
2020 6 30 17.317935668387378 14.268857660227669 20.89166089109492
2020 7 1 16.753353882460853 13.365248672279945 20.852496971099697
2020 7 2 16.16399074735155 12.484409531495514 20.759652308541863
2020 7 3 15.616194706514435 11.677713587297067 20.6939784432382
2020 7 4 15.086963419087981 10.923143323912319 20.628512339438434
2020 7 5 14.556221925633242 10.2032515795817 20.536664956850167
2020 7 6 14.006627845877563 9.504502199147728 20.392286520707568
2020 7 7 13.435660129344855 8.82502080731375 20.187593985749128
2020 7 8 12.855641565036684 8.172883100248628 19.93638529131417
2020 7 9 12.283264140077073 7.557875201948957 19.661321461466564
2020 7 10 11.736370928794855 6.989146530983331 19.390052708278287
2020 7 11 11.213827286253956 6.4632145843000695 19.122526670786943
2020 7 12 10.71454908581748 5.97685891653954 18.858691710458338
2020 7 13 10.237500469899096 5.527101420242694 18.59849690121907
2020 7 14 9.78169170085872 5.1111880899701525 18.34189201962667
2020 7 15 9.346177107583706 4.7265721586678655 18.088827535175326
2020 7 16 9.065791794356194 4.584774993907829 17.546162709120065
2020 7 17 8.793818040525508 4.447231744090594 17.01977782784646
2020 7 18 8.530003499309743 4.313814791767876 16.509184493011066
2020 7 19 8.27410339433045 4.184400348014839 16.013908958220732
2020 7 20 8.025880292500535 4.058868337574394 15.53349168947411
2020 7 21 7.785103883725519 3.937102287447162 15.067486938789886
2020 7 22 7.551550767213753 3.818989218823747 14.615462330626189
2020 7 23 7.3250042441973395 3.7044195422590342 14.176998460707402
2020 7 24 7.105254116871419 3.593286955991263 13.751688506886179
2020 7 25 6.892096493365276 3.485488347311525 13.339137851679594
2020 7 26 6.685333598564318 3.380923696892179 12.938963716129205
2020 7 27 6.4847735906073884 3.2794959859854136 12.550794804645328
2020 7 28 6.290230382889167 3.1811111064058513 12.174270960505968
2020 7 29 6.1015234714024915 3.0856777732136758 11.809042831690789
2020 7 30 5.918477767260416 2.9931074400172655 11.454771546740066
2020 7 31 5.740923434242604 2.9033142168167476 11.111128400337863
2020 8 1 5.568695731215326 2.816214790312245 10.777794548327726
2020 8 2 5.401634859278865 2.7317283466028774 10.454460711877894
2020 8 3 5.239585813500499 2.649776496204791 10.140826890521558
2020 8 4 5.082398239095483 2.5702832013186474 9.83660208380591
2020 8 5 4.9299262919226186 2.493174705279088 9.541504021291733
2020 8 6 4.782028503164939 2.418379464120715 9.255258900652981
2020 8 7 4.6385676480699916 2.3458280801970934 8.97760113363339
2020 8 8 4.499410618627891 2.2754532377911807 8.708273099624389
2020 8 9 4.364428300069054 2.2071896406574454 8.447024906635656
2020 8 10 4.233495451066982 2.140973951437722 8.193614159436587
2020 8 11 4.106490587534973 2.0767447328945905 7.947805734653489
2020 8 12 3.983295869908923 2.0144423909077527 7.709371562613884
2020 8 13 3.8637969938116554 1.95400911918052 7.478090415735467
2020 8 14 3.747883083997306 1.8953888456051045 7.253747703263403
2020 8 15 3.6354465914773866 1.8385271802369512 7.036135272165501
2020 8 16 3.5263831937330647 1.7833713648298426 6.825051214000536
2020 8 17 3.420591697921073 1.7298702238849473 6.62029967758052
2020 8 18 3.3179739469834404 1.6779741171683988 6.421690687253104
2020 8 19 3.218434728573937 1.627634893653347 6.2290399666355105
2020 8 20 3.1218816867167187 1.5788058468437465 6.042168767636445
2020 8 21 3.028225236115217 1.531441671438434 5.8609037046073515
2020 8 22 2.9373784790317603 1.4854984212952809 5.685076593469131
2020 8 23 2.8492571246608076 1.4409334686564224 5.5145242956650575
2020 8 24 2.7637794109209834 1.3977054645967297 5.349088566795106
2020 8 25 2.680866028593354 1.3557743006588279 5.1886159097912525
2020 8 26 2.600440047735553 1.315101071639063 5.032957432497515
2020 8 27 2.5224268463034867 1.275648039489891 4.88196870952259
2020 8 28 2.446754040914382 1.2373785983051944 4.735509648236912
2020 8 29 2.3733514196869505 1.2002572403560385 4.593444358789804
2020 8 30 2.302150877096342 1.1642495231453573 4.455641028026109
2020 8 31 2.2330863507834517 1.1293220374509967 4.321971797185326
2020 9 1 2.166093760259948 1.0954423763274668 4.192312643269767
2020 9 2 2.1011109474521494 1.0625791050376427 4.066543263971673
2020 9 3 2.0380776190285848 1.0307017318865135 3.9445469660525228
2020 9 4 1.976935290457727 0.999780679929918 3.826210557070947
2020 9 5 1.9176272317439953 0.9697872595320205 3.7114242403588182
2020 9 6 1.8600984147916755 0.9406936417460598 3.6000815131480537
2020 9 7 1.8042954623479253 0.912472832493678 3.492079067753612
2020 9 8 1.7501665984774875 0.8850986475188677 3.3873166957210037
2020 9 9 1.6976616005231628 0.8585456880933017 3.2856971948493734
2020 9 10 1.6467317525074678 0.8327893174505026 3.187126279003892
2020 9 11 1.5973297999322438 0.8078056379269875 3.091512490633775
2020 9 12 1.5494099059342765 0.7835714687891778 2.9987671159147617
2020 9 13 1.5029276087562482 0.7600643247255024 2.908804102437319
2020 9 14 1.4578397804935608 0.7372623949837374 2.8215399793641995
2020 9 15 1.4141045870787539 0.7151445231342252 2.7368937799832733
2020 9 16 1.3716814494663911 0.6936901874401984 2.654786966583775
2020 9 17 1.3305310059823994 0.6728794818169924 2.5751433575862617
2020 9 18 1.2906150758029273 0.6526930973624826 2.4978890568586736
2020 9 19 1.2518966235288396 0.6331123044416082 2.422952385152913
2020 9 20 1.2143397248229744 0.6141189353083599 2.3502638135983256
2020 9 21 1.1779095330782852 0.5956953672491091 2.2797558991903757
2020 9 22 1.1425722470859365 0.5778245062316358 2.2113632222146644
2020 9 23 1.1082950796733584 0.5604897710446868 2.1450223255482244
2020 9 24 1.0750462272831576 0.5436750779133461 2.0806716557817775
2020 9 25 1.0427948404646628 0.5273648255759458 2.018251506108324
2020 9 26 1.0115109952507229 0.5115438808086674 1.9577039609250741
2020 9 27 0.9811656653932012 0.4961975643844074 1.898972842097322
2020 9 28 0.9517306954314051 0.48131163745287514 1.8420036568344023
2020 9 29 0.9231787745684629 0.4668722883292889 1.7867435471293702
2020 9 30 0.895483411331409 0.4528661196794102 1.7331412407154891
2020 10 1 0.8686189089914667 0.4392801360890279 1.6811470034940244
2020 10 2 0.8425603417217227 0.42610173200635704 1.6307125933892035
2020 10 3 0.8172835314700709 0.4133186800461663 1.5817912155875273
2020 10 4 0.7927650255259688 0.4009191196447813 1.5343374791199014
2020 10 5 0.7689820747601898 0.3888915460554378 1.4883073547463044
2020 10 6 0.745912612517384 0.37722479967377465 1.4436581341039152
2020 10 7 0.7235352341418625 0.3659080556835614 1.4003483900807976
2020 10 8 0.7018291771176066 0.35493081401305454 1.3583379383783736
2020 10 9 0.6807743018040784 0.3442828895926629 1.3175878002270223
2020 10 10 0.660351072749956 0.333954402904883 1.2780601662202116
2020 10 11 0.6405405405674572 0.3239357708177365 1.2397183612336051
2020 10 12 0.6213243243504335 0.3142176976932044 1.202526810396597
2020 10 13 0.6026845946199205 0.30479116676240825 1.166451006084699
2020 10 14 0.5846040567813229 0.295647431759536 1.131457475902158
2020 10 15 0.5670659350778832 0.2867780088067499 1.0975137516250932
2020 10 16 0.5500539570255466 0.2781746685425474 1.0645883390763404
2020 10 17 0.5335523383147802 0.269829428486271 1.03265068890405
2020 10 18 0.5175457681653368 0.26173454563168286 1.0016711682369286
2020 10 19 0.5020193951203767 0.25388250926273237 0.9716210331898207
2020 10 20 0.48695881326676543 0.2462660339848504 0.9424724021941261
2020 10 21 0.4723500488687625 0.23887805296530487 0.9141982301283023
2020 10 22 0.45817954740269956 0.23171171137634572 0.8867722832244531
2020 10 23 0.44443416098061855 0.22476036003505534 0.8601691147277195
2020 10 24 0.4311011361512 0.21801754923400368 0.8343640412858879
2020 10 25 0.418168102066664 0.21147702275698357 0.8093331200473113
2020 10 26 0.40562305900466405 0.20513271207427405 0.7850531264458919
2020 10 27 0.39345436723452415 0.19897873071204583 0.7615015326525151
2020 10 28 0.3816507362174884 0.19300936879068445 0.7386564866729396
2020 10 29 0.37020121413096374 0.1872190877269639 0.7164967920727514
2020 10 30 0.3590951777070348 0.181602515095155 0.6950018883105689
