2020 6 25 321.9923277787804 276.94858849278387 367.0360670647769
2020 6 26 326.5692952643564 241.71942193333894 424.15927130108577
2020 6 27 331.54171125034384 211.21611825203195 490.60189531017573
2020 6 28 334.9127400074375 183.49368527822497 564.9707530245244
2020 6 29 338.91099721480344 159.73473323157063 651.6132243491561
2020 6 30 343.47129916207376 139.29451951692812 752.5318161809131
2020 7 1 348.2667077917549 121.54036876201636 869.4608409382325
2020 7 2 354.7145993009514 106.602449139269 1008.5167337446165
2020 7 3 359.7566982815675 93.04211486636146 1165.4759879621633
2020 7 4 365.68938881738796 81.41851247221071 1349.5163950943813
2020 7 5 373.01479806887687 71.53532605936665 1567.3971923850445
2020 7 6 382.845559881051 63.30415988788763 1830.3658828028972
2020 7 7 395.4368752113869 56.433728995529165 2149.413296198889
2020 7 8 409.6791622275948 50.485464327123154 2530.7962230012013
2020 7 9 425.81252413426444 45.333990157533705 2988.3634692503715
2020 7 10 442.58122557100995 40.70816602352668 3528.6587450963957
2020 7 11 460.0102865132595 36.55435524736448 4166.639255053101
2020 7 12 478.125712235074 32.82439417138748 4919.966462009122
2020 7 13 496.95453211068013 29.475033697832725 5809.49501638247
2020 7 14 516.524839944026 26.46743781323692 6859.850083528918
2020 7 15 536.8658358865339 23.76673328278748 8100.10905178366
2020 7 16 520.7598608099379 23.053731284303854 7857.10578023015
2020 7 17 505.13706498563977 22.362119345774737 7621.392606823246
2020 7 18 489.98295303607057 21.691255765401493 7392.750828618548
2020 7 19 475.28346444498845 21.04051809243945 7170.968303759992
2020 7 20 461.02496051163877 20.409302549666265 6955.839254647191
2020 7 21 447.1942116962896 19.797023473176278 6747.164077007776
2020 7 22 433.77838534540086 19.20311276898099 6544.7491546975425
2020 7 23 420.76503378503884 18.62701938591156 6348.406680056616
2020 7 24 408.14208277148765 18.068208804334212 6157.954479654917
2020 7 25 395.897820288343 17.526162540204187 5973.215845265269
2020 7 26 384.0208856796927 17.000377663998062 5794.019369907311
2020 7 27 372.5002591093019 16.49036633407812 5620.198788810091
2020 7 28 361.32525133602286 15.995655344055777 5451.592825145788
2020 7 29 350.48549379594215 15.515785683734103 5288.045040391415
2020 7 30 339.97092898206387 15.05031211322208 5129.403689179672
2020 7 31 329.77180111260196 14.598802749825417 4975.521578504282
2020 8 1 319.87864707922387 14.160838667330655 4826.255931149153
2020 8 2 310.28228766684714 13.736013507310735 4681.468253214678
2020 8 3 300.9738190368417 13.323933102091413 4541.024205618238
2020 8 4 291.9446044657364 12.92421510902867 4404.7934794496905
2020 8 5 283.18626633176433 12.536488655757811 4272.6496750662
2020 8 6 274.6906783418114 12.160393996085077 4144.470184814214
2020 8 7 266.4499579915571 11.795582176202524 4020.1360792697874
2020 8 8 258.4564592518104 11.441714710916449 3899.531996891694
2020 8 9 250.70276547425604 11.098463269588954 3782.546036984943
2020 8 10 243.18168251002834 10.765509371501286 3669.0696558753943
2020 8 11 235.88623203472747 10.442544090356247 3558.9975661991325
2020 8 12 228.80964507368563 10.129267767645558 3452.2276392131585
2020 8 13 221.94535572147507 9.825389734616191 3348.6608100367635
2020 8 14 215.2869950498308 9.530628042577705 3248.2009857356607
2020 8 15 208.82838519833587 9.244709201300374 3150.7549561635906
2020 8 16 202.56353364238578 8.967367925261362 3056.2323074786827
2020 8 17 196.4866276331142 8.69834688750352 2964.5453382543224
2020 8 18 190.5920288041208 8.437396480878414 2875.6089781066926
2020 8 19 184.87426793999717 8.184274586452062 2789.340708763492
2020 8 20 179.32803990179724 7.9387463488585 2705.660487500587
2020 8 21 173.9481987047433 7.700583958392746 2624.490672875569
2020 8 22 168.729752743601 7.469566439640963 2545.755952689302
2020 8 23 163.66786016129296 7.245479446451734 2469.3832741086226
2020 8 24 158.75782435645417 7.0281150630581815 2395.301775885364
2020 8 25 153.99508962576053 6.8172716111664355 2323.442722608803
2020 8 26 149.3752369369877 6.612753462831442 2253.739440930539
2020 8 27 144.89397982887806 6.414370858946499 2186.1272577026225
2020 8 28 140.54716043401172 6.221939733178104 2120.5434399715436
2020 8 29 136.33074562099137 6.03528154118276 2056.9271367723973
2020 8 30 132.24082325236162 5.854223094947277 1995.2193226692252
2020 8 31 128.27359855479077 5.678596402098859 1935.3627429891485
2020 9 1 124.42539059814703 5.508238510035893 1877.301860699474
2020 9 2 120.69262888020262 5.342991354734816 1820.9828048784898
2020 9 3 117.07185001379653 5.182701614092772 1766.353320732135
2020 9 4 113.55969451338264 5.027220565669989 1713.362721110171
2020 9 5 110.15290367798116 4.876403948699889 1661.9618394768659
2020 9 6 106.84831656764172 4.730111830238893 1612.1029842925598
2020 9 7 103.64286707061247 4.588208475331726 1563.739894763783
2020 9 8 100.5335810584941 4.450562221071774 1516.8276979208695
2020 9 9 97.51757362673926 4.317045354439621 1471.3228669832433
2020 9 10 94.59204641793708 4.187533993806432 1427.183180973746
2020 9 11 91.75428502539897 4.061907973992239 1384.3676855445335
2020 9 12 89.001656474637 3.940050734772471 1342.8366549781974
2020 9 13 86.33160678039789 3.821849212729297 1302.5515553288515
2020 9 14 83.74165857698596 3.707193736347418 1263.475008668986
2020 9 15 81.22940881967638 3.5959779242569954 1225.5707584089164
2020 9 16 78.79252655508608 3.4880985865292855 1188.8036356566488
2020 9 17 76.4287507584335 3.383455628933407 1153.1395265869494
2020 9 18 74.13588823568048 3.2819519600654044 1118.5453407893408
2020 9 19 71.91181158861006 3.183493401263442 1084.9889805656605
2020 9 20 69.75445724095177 3.0879885992255387 1052.4393111486906
2020 9 21 67.66182352372321 2.9953489412487726 1020.8661318142299
2020 9 22 65.63196881801152 2.9054884730113093 990.240147859803
2020 9 23 63.663009753471165 2.81832381882097 960.5329434240089
2020 9 24 61.753119460867026 2.733774104256341 931.7169551212886
2020 9 25 59.90052587704101 2.6517608811286504 903.7654464676499
2020 9 26 58.10351010072978 2.5722080546947907 876.6524830736204
2020 9 27 56.360404797707886 2.495041813053947 850.3529085814117
2020 9 28 54.66959265377665 2.4201905586623282 824.8423213239694
2020 9 29 53.029504874163344 2.3475848419024583 800.0970516842502
2020 9 30 51.438619727938445 2.2771572966453846 776.0941401337227
2020 10 1 49.89546113610029 2.2088425777460228 752.811315929711
2020 10 2 48.39859730201728 2.142577300413642 730.2269764518196
2020 10 3 46.94663938295676 2.0782999814012326 708.320167158265
2020 10 4 45.53824020146806 2.0159509819591954 687.070562143517
2020 10 5 44.172092995424016 1.9554724525004195 666.4584452792114
2020 10 6 42.84693020556129 1.8968082789254068 646.4646919208351
2020 10 7 41.561522299394454 1.8399040305576446 627.07075116321
2020 10 8 40.31467663041262 1.7847069096409152 608.2586286283138
2020 10 9 39.105236331500244 1.7311657023516878 590.0108697694643
2020 10 10 37.932079241555236 1.679230731281137 572.3105436763803
2020 10 11 36.79411686430858 1.6288538093427027 555.141227366089
2020 10 12 35.69029335837932 1.5799881950624217 538.4869905451063
2020 10 13 34.61958455762794 1.532588549210549 522.3323808287531
2020 10 14 33.5809970208991 1.4866108927342325 506.66240940389054
2020 10 15 32.57356711027212 1.4420125659522056 491.4625371217738
2020 10 16 31.59636009696396 1.3987521889736394 476.71866100812053
2020 10 17 30.64846929405504 1.35678962330443 462.41710117787693
2020 10 18 29.72901521523339 1.316085934605297 448.5445881425406
2020 10 19 28.837144758776386 1.2766033565671382 435.08825049826436
2020 10 20 27.972030416013094 1.238305255870124 422.03560298331644
2020 10 21 27.1328695035327 1.2011560981940201 409.37453489381693
2020 10 22 26.31888341842672 1.1651214152481995 397.0932988470024
2020 10 23 25.529316915873917 1.1301677727907535 385.1804998815923
2020 10 24 24.7634374083977 1.0962627396070308 373.62508488514453
2020 10 25 24.020534286145768 1.0633748574188198 362.41633233859017
2020 10 26 23.299918257561394 1.031473611696255 351.5438423684325
2020 10 27 22.60092070983455 1.0005294033453673 340.9975270973795
2020 10 28 21.922893088539514 0.9705135212450062 330.76760128445807
2020 10 29 21.265206295883328 0.941398115607656 320.8445732459243
2020 10 30 20.627250107006827 0.9131561721394262 311.2192360485466
