2020 6 25 382.61934487022205 334.39123903121225 430.84745070923185
2020 6 26 375.61596519360774 286.87682204569944 476.2952792474384
2020 6 27 368.9572506825524 246.27917166157852 526.8116607274058
2020 6 28 363.3380150720353 212.04179657265396 584.0015268408232
2020 6 29 357.5949599067271 182.44184698753463 647.0632624717421
2020 6 30 351.7365906961295 156.86875308356474 716.5616206668751
2020 7 1 346.0417688878978 134.910406412104 793.6621642360504
2020 7 2 340.1067620718639 115.8961822589809 878.2962207892333
2020 7 3 334.730908691133 99.71766836491378 973.1365277669616
2020 7 4 329.4400280389508 85.79759220985372 1078.2178942126986
2020 7 5 324.1694888345231 73.8042050126597 1194.4390370327299
2020 7 6 318.6718919584281 63.41644530702744 1322.0403523331763
2020 7 7 312.8491955388805 54.40748782647915 1461.537755798244
2020 7 8 306.9786309700561 46.65151816114025 1615.033819988403
2020 7 9 300.9911799719806 39.966683698167635 1783.4560981981842
2020 7 10 295.12051094449725 34.23973900081833 1969.4421347926516
2020 7 11 289.36434611887614 29.33342520229942 2174.82354974438
2020 7 12 283.72045215302575 25.13015166611901 2401.6229717867386
2020 7 13 278.1866392649757 21.529177667006284 2652.073957582301
2020 7 14 272.76076038326033 18.44419791713513 2928.642988142942
2020 7 15 267.44071031387335 15.80127406945945 3234.0537591258544
2020 7 16 259.41748900445714 15.327235847375665 3137.0321463520786
2020 7 17 251.63496433432343 14.867418771954394 3042.921181961516
2020 7 18 244.08591540429373 14.421396208795763 2951.6335465026705
2020 7 19 236.76333794216492 13.98875432253189 2863.0845401075903
2020 7 20 229.66043780389998 13.569091692855933 2777.1920039043625
2020 7 21 222.770624669783 13.162018942070254 2693.8762437872315
2020 7 22 216.08750592968948 12.767158373808147 2613.0599564736144
2020 7 23 209.6048807517988 12.384143622593903 2534.668157779406
2020 7 24 203.3167343292448 12.012619313916087 2458.628113046024
2020 7 25 197.21723229936745 11.652240734498603 2384.869269654643
2020 7 26 191.30071533038642 11.302673512463645 2313.323191565004
2020 7 27 185.56169387047484 10.963593307089736 2243.9234958180537
2020 7 28 179.9948430543606 10.634685507877045 2176.605790943512
2020 7 29 174.59499776272978 10.315644942640732 2111.307617215207
2020 7 30 169.3571478298479 10.00617559436151 2047.9683886987507
2020 7 31 164.27643339495245 9.705990326530664 1986.529337037788
2020 8 1 159.34814039310388 9.414810616734744 1926.9334569266543
2020 8 2 154.56769618131077 9.132366298232702 1869.1254532188548
2020 8 3 149.93066529587145 8.85839530928572 1813.0516896222891
2020 8 4 145.4327453369953 8.592643450007149 1758.6601389336204
2020 8 5 141.06976297688544 8.334864146506934 1705.9003347656117
2020 8 6 136.83767008757889 8.084818222111727 1654.7233247226432
2020 8 7 132.73253998495153 7.842273675448374 1605.0816249809639
2020 8 8 128.750563785403 7.607005465184923 1556.929176231535
2020 8 9 124.8880468718409 7.378795301229375 1510.2213009445888
2020 8 10 121.14140546568566 7.157431442192493 1464.9146619162511
2020 8 11 117.5071633017151 6.942708498926718 1420.9672220587636
2020 8 12 113.98194840266363 6.734427243958916 1378.3382053970006
2020 8 13 110.56248995058372 6.532394426640149 1336.9880592350905
2020 8 14 107.24561525206622 6.336422593840944 1296.8784174580378
2020 8 15 104.02824679450423 6.146329916025715 1257.9720649342967
2020 8 16 100.9073993906691 5.961940018544944 1220.2329029862678
2020 8 17 97.88017740894902 5.783081817988595 1183.6259158966798
2020 8 18 94.94377208668055 5.609589363448937 1148.1171384197794
2020 8 19 92.09545892408013 5.441301682545469 1113.673624267186
2020 8 20 89.33259515635773 5.278062632069105 1080.2634155391704
2020 8 21 86.652617301667 5.119720753107032 1047.8555130729953
2020 8 22 84.05303878261698 4.966129130513821 1016.4198476808054
2020 8 23 81.53144761913846 4.817145256598406 985.9272522503812
2020 8 24 79.08550419056431 4.6726308989004535 956.3494346828697
2020 8 25 76.71293906484738 4.5324519719334395 927.6589516423836
2020 8 26 74.41155089290196 4.396478412775436 899.8291830931121
2020 8 27 72.1792043661149 4.264584060392173 872.8343076003187
2020 8 28 70.01382823513146 4.136646538580408 846.649278372309
2020 8 29 67.91341338807752 4.012547142422996 821.2498000211398
2020 8 30 65.87601098643519 3.8921707281503055 796.6123060205056
2020 8 31 63.89973065684213 3.7754056063057964 772.7139368398904
2020 9 1 61.98273873713686 3.6621434381166225 749.5325187346937
2020 9 2 60.12325657502276 3.5522791349731238 727.0465431726528
2020 9 3 58.319558877772074 3.44571076092393 705.2351468774732
2020 9 4 56.56997211143891 3.342339438096212 684.078092471149
2020 9 5 54.87287294809574 3.242069254953326 663.5557496970146
2020 9 6 53.226686759652864 3.144807177304726 643.6490772061042
2020 9 7 51.62988615686328 3.050462961985584 624.339604889921
2020 9 8 50.08098957215738 2.9589490731260164 605.6094167432234
2020 9 9 48.57855988499266 2.870180600932236 587.4411342409267
2020 9 10 47.121203088442876 2.7840751829042687 569.8179002136989
2020 9 11 45.70756699578959 2.7005529274171405 552.7233632072879
2020 9 12 44.3363399859159 2.6195363395946263 536.1416623110692
2020 9 13 43.00624978633842 2.5409502494067873 520.0574124417371
2020 9 14 41.71606229274827 2.4647217419245835 504.455690068485
2020 9 15 40.46458042396582 2.390780089666846 489.3220193664304
2020 9 16 39.250643011246844 2.3190566869768405 474.6423587854375
2020 9 17 38.073123720909436 2.2494849863675355 460.4030880218744
2020 9 18 36.93093000928215 2.182000436776509 446.59099538121814
2020 9 19 35.82300210900368 2.116540423673214 433.19326551978156
2020 9 20 34.74831204573357 2.0530442109630176 420.1974675541881
2020 9 21 33.70586268436156 1.991452884634127 407.59154352756246
2020 9 22 32.69468680383071 1.9317092980951032 395.3637972217356
2020 9 23 31.71384619971579 1.87375801915225 383.5028833050835
2020 9 24 30.762430813724315 1.8175452785776824 371.997796805931
2020 9 25 29.839557889312584 1.763018920220352 360.83786290175306
2020 9 26 28.944371152633206 1.7101283526137412 350.01272701470043
2020 9 27 28.076040018054208 1.658824502035329 339.5123452042594
2020 9 28 27.23375881751258 1.609059766974269 329.3269748481316
2020 9 29 26.416746052987204 1.560787973965041 319.4471656026877
2020 9 30 25.624243671397586 1.5139643347460898 309.863750634607
2020 10 1 24.85551636125566 1.468545404703707 300.5678381155688
2020 10 2 24.10985087041799 1.4244890425625958 291.55080297210174
2020 10 3 23.38655534430545 1.3817543712857179 282.80427888293866
2020 10 4 22.684958683976287 1.3403017401471462 274.3201505164505
2020 10 5 22.004409923456997 1.3000926879427317 266.090546000957
2020 10 6 21.344277625753286 1.2610899073044497 258.10782962092827
2020 10 7 20.703949296980685 1.223257210085316 250.36459473230042
2020 10 8 20.082830818071265 1.1865594937827566 242.8536568903314
2020 10 9 19.480345893529126 1.1509627089692738 235.56804718362145
2020 10 10 18.895935516723252 1.1164338277001955 228.5010057681128
2020 10 11 18.329057451221555 1.0829408128691895 221.64597559506942
2020 10 12 17.779185727684908 1.0504525884831137 214.99659632721733
2020 10 13 17.24581015585436 1.0189390108286203 208.5466984374008
2020 10 14 16.72843585117873 0.9883708405037617 202.29029748427877
2020 10 15 16.22658277564337 0.9587197152886487 196.2215885597504
2020 10 16 15.739785292374068 0.9299581238299892 190.33494090295787
2020 10 17 15.267591733602845 0.9020593801150895 184.62489267586912
2020 10 18 14.80956398159476 0.8749975987116367 179.08614589559303
2020 10 19 14.365277062146916 0.8487476707502876 173.71356151872524
2020 10 20 13.934318750282507 0.823285240627779 168.5021546731635
2020 10 21 13.516289187774031 0.7985866834089456 163.4470900329686
2020 10 22 13.11080051214081 0.7746290829066772 158.54367733197952
2020 10 23 12.717476496776586 0.7513902104194768 153.78736701202013
2020 10 24 12.335952201873289 0.7288485041068925 149.1737460016595
2020 10 25 11.96587363581709 0.7069830489836857 144.69853362160973
2020 10 26 11.606897426742577 0.6857735575141751 140.35757761296142
2020 10 27 11.258690503940299 0.6652003507887498 136.14685028457257
2020 10 28 10.92092978882209 0.6452443402650874 132.0624447760354
2020 10 29 10.593301895157426 0.6258870100571348 128.10057143275432
2020 10 30 10.275502838302703 0.6071103997554207 124.25755428977169
