2020 6 25 328.69025203638193 313.58837478510645 343.7921292876575
2020 6 26 333.63072513964283 303.68530388251463 364.9839623453626
2020 6 27 338.45963130963673 293.92582329438943 387.2788006600221
2020 6 28 343.01281793303656 284.17984413058616 410.5400434828028
2020 6 29 347.9775186877724 275.0472070326716 435.61764917354685
2020 6 30 353.40171161345853 266.51445626307856 462.71236809927154
2020 7 1 358.7136173972644 258.09797220576104 491.23461286040896
2020 7 2 364.57155792494217 250.2827095446938 522.1534291369295
2020 7 3 369.94982548646266 242.30912004652717 554.1942900731665
2020 7 4 375.5791475075999 234.70202387942243 588.4585018663463
2020 7 5 381.6427788523868 227.55162072298708 625.3874371104478
2020 7 6 388.5482938515822 221.06265800013196 665.8530138606295
2020 7 7 396.2400241247286 215.134961255213 710.0701152944685
2020 7 8 404.82213382173626 209.76696508333796 758.5462425751198
2020 7 9 414.5239787683388 205.0168069297408 812.081648951543
2020 7 10 424.45833519962554 200.37421577305003 869.3953875838339
2020 7 11 434.6307754155876 195.83675576619504 930.7541192784007
2020 7 12 445.04700526027415 191.4020462216906 996.4433247814713
2020 7 13 455.7128673222688 187.06776036255195 1066.7686330212885
2020 7 14 466.6343442118679 182.8316241014953 1142.0572430927575
2020 7 15 477.8175619167987 178.69141484778325 1222.6594466005463
2020 7 16 463.4830350592947 173.33067240234973 1185.9796632025298
2020 7 17 449.57854400751586 168.13075223027923 1150.4002733064538
2020 7 18 436.09118768729036 163.08682966337085 1115.8882651072602
2020 7 19 423.0084520566716 158.19422477346973 1082.4116171540422
2020 7 20 410.31819849497145 153.44839803026562 1049.939268639421
2020 7 21 398.0086525401223 148.84494608935765 1018.4410905802383
2020 7 22 386.0683929639186 144.37959770667692 987.8878578628312
2020 7 23 374.48634117500103 140.0482097754766 958.2512221269462
2020 7 24 363.251750939751 135.8467634822123 929.5036854631378
2020 7 25 352.35419841155846 131.77136057774592 901.6185748992436
2020 7 26 341.7835724592117 127.81821976041354 874.5700176522663
2020 7 27 331.53006528543534 123.98367316760113 848.3329171226983
2020 7 28 321.5841633268723 120.26416297257309 822.8829296090173
2020 7 29 311.9366384270661 116.65623808339589 798.1964417207467
2020 7 30 302.5785392742541 113.15655094089401 774.2505484691243
2020 7 31 293.50118309602647 109.76185441266719 751.0230320150505
2020 8 1 284.6961476031457 106.46899878028717 728.4923410545989
2020 8 2 276.1552631750513 103.27492881687854 706.6375708229609
2020 8 3 267.87060527979975 100.17668095237218 685.4384436982721
2020 8 4 259.83448712140574 97.171380523801 664.8752903873238
2020 8 5 252.03945250776357 94.25623910808697 644.9290316757041
2020 8 6 244.47826893253065 91.42855193484436 625.5811607254329
2020 8 7 237.14392086455473 88.68569537679903 606.8137259036699
2020 8 8 230.02960323861808 86.02512451549507 588.6093141265599
2020 8 9 223.12871514145954 83.44437078003021 570.9510347027631
2020 8 10 216.43485368721574 80.9410396566293 553.8225036616802
2020 8 11 209.94180807659924 78.51280846693042 537.2078285518298
2020 8 12 203.64355383430126 76.1574242129225 521.0915936952749
2020 8 13 197.5342472192722 73.87270148653484 505.4588458844167
2020 8 14 191.60821980269404 71.6565204419388 490.29508050788417
2020 8 15 185.8599732086132 69.50682482868064 475.5862280926476
2020 8 16 180.2841740123548 67.42162008382022 461.31864124986816
2020 8 17 174.87564879198416 65.39897148130561 447.4790820123721
2020 8 18 169.62937932822464 63.437002336866435 434.05470955200093
2020 8 19 164.5404979483779 61.53389226676044 421.0330682654409
2020 8 20 159.60428300992655 59.68787549875763 408.40207621747766
2020 8 21 154.81615451962875 57.8972392337949 396.1500139309533
2020 8 22 150.1716698840399 56.16032205678105 384.2655135130247
2020 8 23 145.6665197875187 54.475512395077615 372.7375481076339
2020 8 24 141.29652419389313 52.841247023225286 361.5554216644049
2020 8 25 137.05762846807633 51.25600961252852 350.7087590144727
2020 8 26 132.94589961403403 49.71832932415266 340.1874962440385
2020 8 27 128.957522625613 48.22677944442808 329.98187135671736
2020 8 28 125.0887969468446 46.77997606109524 320.0824152160158
2020 8 29 121.33613303843926 45.37657677926238 310.47994275953533
2020 8 30 117.69604904728608 44.015279475884505 301.1655444767493
2020 8 31 114.1651675758675 42.69482109160797 292.1305781424468
2020 9 1 110.74021254859147 41.41397645885973 283.36666079817337
2020 9 2 107.41800617213373 40.17155716509394 274.86566097422815
2020 9 3 104.19546598696971 38.96641045014112 266.6196911450013
2020 9 4 101.06960200736061 37.797418136636885 258.62110041065125
2020 9 5 98.0375139471398 36.66349559253778 250.86246739833172
2020 9 6 95.0963885287256 35.563590724761646 243.33659337638176
2020 9 7 92.24349687286383 34.496683003018795 236.0364955750903
2020 9 8 89.47619196667792 33.46178251292823 228.95540070783758
2020 9 9 86.79190620767757 32.45792903754038 222.08673868660244
2020 9 10 84.18814902144724 31.48419116641417 215.42413652600436
2020 9 11 81.66250455080383 30.539665431421746 208.96141243022421
2020 9 12 79.21262941427972 29.623475468479093 202.69257005731748
2020 9 13 76.83625053185132 28.73477120442472 196.61179295559796
2020 9 14 74.53116301589579 27.872728068291977 190.71343916693002
2020 9 15 72.29522812541892 27.036546226243217 184.9920359919221
2020 9 16 70.12637128165635 26.22544983945592 179.44227491216444
2020 9 17 68.02258014320665 25.43868634427224 174.0590066647995
2020 9 18 65.98190273891045 24.675525753944072 168.83723646485552
2020 9 19 64.00244565674313 23.93525998132575 163.77211937090985
2020 9 20 62.08237228704084 23.217202181885977 158.85895578978256
2020 9 21 60.21990111842961 22.520686116429395 154.09318711608907
2020 9 22 58.41330408487672 21.845065532936513 149.4703915026064
2020 9 23 56.66090496233042 21.189713566948416 144.9862797575282
2020 9 24 54.961077813460506 20.554022159939965 140.63669136480235
2020 9 25 53.31224547905669 19.937401495141767 136.41759062385827
2020 9 26 51.71287811468499 19.339279450287513 132.32506290514252
2020 9 27 50.16149177124444 18.759101066778886 128.35531101798824
2020 9 28 48.65664701810711 18.19632803477552 124.50465168744859
2020 9 29 47.19694760756389 17.650438193732253 120.76951213682513
2020 9 30 45.78103917933697 17.120925047920284 117.14642677272037
2020 10 1 44.40760800395686 16.607297296482674 113.63203396953877
2020 10 2 43.07537976383815 16.109078377588194 110.2230729504526
2020 10 3 41.783118370923006 15.625806026260548 106.91638076193902
2020 10 4 40.529624819795316 15.157031845472732 103.70888933908086
2020 10 5 39.313736075201454 14.702320890108549 100.59762265890842
2020 10 6 38.13432399294541 14.261251263405292 97.57969397914117
2020 10 7 36.99029427315705 13.833413725503133 94.65230315976693
2020 10 8 35.880585444962335 13.418411313738039 91.81273406497392
2020 10 9 34.804167881613466 13.015858974325898 89.0583520430247
2020 10 10 33.76004284516506 12.62538320509612 86.38660148173395
2020 10 11 32.74724155981011 12.246621708943238 83.79500343728192
2020 10 12 31.7648243130158 11.87922305767494 81.28115333416346
2020 10 13 30.811879583625327 11.522846365944691 78.84271873413856
2020 10 14 29.887523196116565 11.17716097496635 76.47743717211439
2020 10 15 28.990897500233068 10.841846145717358 74.18311405695096
2020 10 16 28.121170575226074 10.516590761345837 71.95762063524242
2020 10 17 27.27753545796929 10.201093038505462 69.79889201618515
2020 10 18 26.45920939423021 9.895060247350298 67.70492525569959
2020 10 19 25.665433112403303 9.598208439929788 65.6737774980286
2020 10 20 24.895470119031202 9.310262186731894 63.70356417308774
2020 10 21 24.148606015460267 9.030954321129936 61.79245724789511
2020 10 22 23.424147834996457 8.760025691496038 59.938683530458256
2020 10 23 22.721423399946563 8.497224920751156 58.14052302454451
2020 10 24 22.039780697948164 8.242308173128622 56.39630733380817
2020 10 25 21.378587277009718 7.995038927934763 54.70441811379392
2020 10 26 20.737229658699427 7.75518776009672 53.0632855703801
2020 10 27 20.11511276893844 7.522532127293818 51.471387003268696
2020 10 28 19.51165938587029 7.296856163475003 49.92724539317064
2020 10 29 18.92630960429418 7.077950478570753 48.429428031375515
2020 10 30 18.358520316165354 6.86561196421363 46.97654519043425
