2020 6 25 414.65607731842755 401.493747847578 427.8184067892771
2020 6 26 419.423076028589 393.2225176687973 446.4685878738202
2020 6 27 424.169475788595 385.0509928247078 465.8515353284636
2020 6 28 428.9543371762083 377.03543528149356 486.0592226706644
2020 6 29 434.10163495020794 369.45786231772786 507.49300279736815
2020 6 30 439.3731308411965 362.08571704551963 529.9449370227729
2020 7 1 444.37689059620277 354.5872810391781 552.9900275323643
2020 7 2 449.7092534645682 347.4608660058228 577.3752590217778
2020 7 3 454.81455591440067 340.2528032214926 602.4621365158773
2020 7 4 460.0432273845686 333.2432065104406 628.7256814318775
2020 7 5 465.5304990057315 326.5217963832055 656.4054206038734
2020 7 6 471.31755502739463 320.1003159809175 685.6341785568159
2020 7 7 477.6849363674152 314.15039807349893 716.9040077628451
2020 7 8 484.6673335439373 308.65896923489737 750.3938733770071
2020 7 9 492.1604375862948 303.52377573204586 786.0808934291165
2020 7 10 499.7693872908286 298.4740170130178 823.4651067091879
2020 7 11 507.49597366662766 293.50827168983943 862.6272278537708
2020 7 12 515.342015412325 288.6251420223267 903.6518101033203
2020 7 13 523.3093593441865 283.82325352465375 946.6274278574381
2020 7 14 531.3998808308177 279.101254578468 991.6468679120245
2020 7 15 539.6154842345918 274.4578160524412 1038.8073297912329
2020 7 16 523.427019707554 266.22408157086795 1007.6431098974958
2020 7 17 507.72420911632736 258.2373591237419 977.413816600571
2020 7 18 492.49248284283755 250.49023835002964 948.0914021025538
2020 7 19 477.7177083575524 242.97553119952875 919.6486600394772
2020 7 20 463.3861771068258 235.68626526354288 892.0592002382929
2020 7 21 449.484591793621 228.61567730563658 865.2974242311441
2020 7 22 436.00005403981237 221.75720698646748 839.3385015042097
2020 7 23 422.920052418618 215.10449077687346 814.1583464590834
2020 7 24 410.23245084605946 208.65135605356724 789.7335960653108
2020 7 25 397.92547732067766 202.3918153719602 766.0415881833515
2020 7 26 385.98771300105733 196.3200609108014 743.0603405378508
2020 7 27 374.4080816110256 190.43045908347736 720.7685303217153
2020 7 28 363.1758391626948 184.71754531097304 699.1454744120638
2020 7 29 352.28056398781393 179.17601895164384 678.1711101797018
2020 7 30 341.7121470681795 173.8007383830945 657.8259768743108
2020 7 31 331.4607826561341 168.58671623160168 638.0911975680814
2020 8 1 321.51695917645003 163.52911474465364 618.9484616410389
2020 8 2 311.8714504011565 158.62324130231403 600.3800077918077
2020 8 3 302.5153068891218 153.8645440632446 582.3686075580534
2020 8 4 293.43984768244815 149.24860774134726 564.8975493313118
2020 8 5 284.6366522519747 144.77114950910683 547.9506228513724
2020 8 6 276.0975526844154 140.42801502383364 531.5121041658311
2020 8 7 267.8146261038829 136.21517457311862 515.5667410408562
2020 8 8 259.7801873207664 132.12871933592504 500.0997388096305
2020 8 9 251.9867817011434 128.1648577558473 485.09674664534157
2020 8 10 244.42717825010908 124.31991202317187 470.5438442459813
2020 8 11 237.0943629026058 120.5903146624767 456.42752891860187
2020 8 12 229.98153201552762 116.9726052226024 442.7347030510438
2020 8 13 223.08208605506178 113.46342706592432 429.4526619595125
2020 8 14 216.38962347340993 110.05952425394659 416.56908210072714
2020 8 15 209.8979347692076 106.7577385263282 404.0720096377053
2020 8 16 203.60099672613137 103.55500637053835 391.94984934857416
2020 8 17 197.49296682434743 100.44835617942219 380.19135386811695
2020 8 18 191.568177819617 97.43490549403953 368.7856132520734
2020 8 19 185.8211324850285 94.51185832921834 357.7220448545112
2020 8 20 180.24649851047764 91.67650257934179 346.9903835088758
2020 8 21 174.8391035551633 88.92620750196153 336.58067200360955
2020 8 22 169.5939304485084 86.25842127690268 326.48325184350125
2020 8 23 164.50611253505312 83.6706686385956 316.6887542881962
2020 8 24 159.5709291590015 81.16054857943773 307.1880916595503
2020 8 25 154.78380128423146 78.7257321220546 297.9724489097638
2020 8 26 150.1402872457045 76.36396015839296 289.0332754424709
2020 8 27 145.63607862833337 74.07304135364116 280.3622771791967
2020 8 28 141.26699626948337 71.85085011303192 271.9514088638208
2020 8 29 137.02898638139888 69.69532460964096 263.7928665979062
2020 8 30 132.9181167899569 67.60446487135174 255.879080599969
2020 8 31 128.9305732862582 65.57633092521118 248.2027081819699
2020 9 1 125.06265608767046 63.60904099745484 240.7566269365108
2020 9 2 121.31077640504034 61.70076976753119 233.53392812841548
2020 9 3 117.67145311288913 59.849746674505255 226.527910284563
2020 9 4 114.14130951950244 58.05425427427009 219.7320729760261
2020 9 5 110.71707023391737 56.31262664604199 213.1401107867453
2020 9 6 107.39555812689984 54.62324784666073 206.74590746314294
2020 9 7 104.17369138309284 52.984550411260905 200.54353023924864
2020 9 8 101.04848064160005 51.395013898923075 194.52722433207117
2020 9 9 98.01702622235204 49.853163481955384 188.69140760210902
2020 9 10 95.07651543568149 48.35756857749672 183.03066537404575
2020 9 11 92.22421997261104 46.90684152017182 177.53974541282437
2020 9 12 89.45749337343271 45.49963627456666 172.21355305043963
2020 9 13 86.77376857222973 44.13464718632966 167.04714645892645
2020 9 14 84.17055551506283 42.810607770739765 162.03573206515864
2020 9 15 81.64543884961094 41.52628953761757 157.17466010320388
2020 9 16 79.1960756841226 40.280500851489045 152.45942030010775
2020 9 17 76.82019341359893 39.07208582594437 147.8856376911045
2020 9 18 74.51558761119095 37.89992325116604 143.44906856037136
2020 9 19 72.28011998285523 36.76292555363106 139.14559650356023
2020 9 20 70.11171638336957 35.66003778702213 134.97122860845343
2020 9 21 68.00836489186848 34.59023665341146 130.92209175019983
2020 9 22 65.96811394511242 33.552529553809116 126.99442899769383
2020 9 23 63.98907052675904 32.545953667194844 123.18459612776302
2020 9 24 62.06939841095627 31.569575057178998 119.48905824393012
2020 9 25 60.20731645862758 30.622487805463628 115.9043864966122
2020 9 26 58.40109696486875 29.703813171299718 112.42725490171384
2020 9 27 56.649064055922686 28.812698776160726 109.05443725466242
2020 9 28 54.949592134245 27.948317812875903 105.78280413702254
2020 9 29 53.30110437021765 27.109868278489625 102.60932001291187
2020 9 30 51.70207123911112 26.296572230134935 99.5310404125245
2020 10 1 50.15100910193779 25.507675063230884 96.54510920014877
2020 10 2 48.64647882887965 24.742444811333957 93.64875592414431
2020 10 3 47.18708446401326 24.000171466993937 90.83929324641998
2020 10 4 45.77147193009286 23.28016632298412 88.11411444902738
2020 10 5 44.39832777219007 22.581761333294594 85.47069101555655
2020 10 6 43.06637793902437 21.904308493295755 82.90657028508986
2020 10 7 41.77438660085364 21.24717923849688 80.41937317653716
2020 10 8 40.52115500282803 20.609763861341975 78.00679198124105
2020 10 9 39.30552035274319 19.991470945501714 75.66658822180382
2020 10 10 38.12635474216089 19.39172681713666 73.3965905751497
2020 10 11 36.98256409989607 18.809975012622562 71.1946928578952
2020 10 12 35.87308717689918 18.245675762243884 69.05885207215834
2020 10 13 34.796894561592204 17.69830548937657 66.98708650999359
2020 10 14 33.752987724744436 17.167356324695273 64.97747391469377
2020 10 15 32.7403980930021 16.652335634954415 63.02814969725296
2020 10 16 31.758186150212037 16.15276556590578 61.13730520633537
2020 10 17 30.805440565705673 15.668182598928608 59.30318605014531
2020 10 18 29.881277348734503 15.19813712096075 57.52409046864095
2020 10 19 28.984839028272468 14.742193007331927 55.79836775458172
2020 10 20 28.115293857424295 14.29992721711197 54.124416721944264
2020 10 21 27.271835041701564 13.87092940059861 52.50068422028593
2020 10 22 26.453679990450517 13.454801518580652 50.92566369367735
2020 10 23 25.660069590737002 13.051157473023233 49.39789378286703
2020 10 24 24.890267503014893 12.659622748832536 47.915956969381014
2020 10 25 24.143559477924445 12.27983406636756 46.47847826029958
2020 10 26 23.41925269358671 11.911439044376532 45.08412391249059
2020 10 27 22.716675112779107 11.554095873045236 43.731600195115874
2020 10 28 22.035174859395735 11.207472996853879 42.41965218926239
2020 10 29 21.37411961361386 10.871248806948262 41.14706262358452
2020 10 30 20.732896025205445 10.545111342739814 39.912650744876984
