2020 6 25 21.605829695602058 18.565984534688493 24.645674856515623
2020 6 26 23.144481868069143 17.08997921093619 30.115286213670338
2020 6 27 24.79270865725736 15.731317069910052 36.798767694994396
2020 6 28 26.327786925894234 14.334397037267316 44.62335267543278
2020 6 29 27.957911900537205 13.061521645574006 54.111692557218845
2020 6 30 29.94892555238327 12.023123953862436 66.12069332059548
2020 7 1 32.081728597369285 11.067279412956026 80.79485003307282
2020 7 2 34.36641852126003 10.187425004887519 98.72564040149629
2020 7 3 36.81381189900257 9.377519474995099 120.63580870186392
2020 7 4 39.43549560442976 8.63200185147113 147.40849775163517
2020 7 5 42.243881666846185 7.945753262628119 180.1228461367963
2020 7 6 45.25226603420819 7.314061789711671 220.09748552681455
2020 7 7 48.4748915211047 6.7325901139329165 268.9436913429396
2020 7 8 51.92701523955815 6.197345735578495 328.6303291472827
2020 7 9 55.62498083188811 5.7046535607166255 401.5632145754236
2020 7 10 59.5862958476149 5.251130667274143 490.6820856083516
2020 7 11 63.829714630734394 4.833663077223407 599.5790958878761
2020 7 12 68.37532710978326 4.449384375392289 732.6436052378353
2020 7 13 73.24465391105996 4.095656028089778 895.2391035265026
2020 7 14 78.46074824530308 3.77004926641097 1093.9193992183464
2020 7 15 84.04830505019643 3.470328409828643 1336.6927866224532
2020 7 16 81.52685589869054 3.3662185575337835 1296.5920030237796
2020 7 17 79.08105022172983 3.26523200080777 1257.694242933066
2020 7 18 76.70861871507793 3.1672750407835366 1219.963415645074
2020 7 19 74.40736015362559 3.0722567895600306 1183.3645131757219
2020 7 20 72.17513934901682 2.9800890858732294 1147.8635777804502
2020 7 21 70.0098851685463 2.8906864132970322 1113.4276704470367
2020 7 22 67.90958861348992 2.8039658208981213 1080.0248403336257
2020 7 23 65.87230095508522 2.7198468462711776 1047.6240951236168
2020 7 24 63.896131926432666 2.638251440883042 1016.1953722699083
2020 7 25 61.97924796863968 2.5591038976565508 985.709511101811
2020 7 26 60.11987052958049 2.482330780726854 956.1382257687567
2020 7 27 58.31627441369307 2.407860857305048 927.454078995694
2020 7 28 56.56678618128228 2.335625031585897 899.6304566258232
2020 7 29 54.86978259584381 2.26555628063832 872.6415429270485
2020 7 30 53.22368911796849 2.1975895922191704 846.462296639237
2020 7 31 51.62697844442943 2.1316619044525953 821.0684277400599
2020 8 1 50.07816909109655 2.0677120473190174 796.4363749078581
2020 8 2 48.57582401836365 2.005680685899447 772.5432836606223
2020 8 3 47.118549297812734 1.9455102653224634 749.3669851508035
2020 8 4 45.70499281887835 1.8871449573627894 726.8859755962794
2020 8 5 44.333843034312004 1.8305306086419058 705.079396328391
2020 8 6 43.00382774328264 1.7756146903826486 683.9270144385392
2020 8 7 41.713712910984164 1.7223462496711692 663.409204005383
2020 8 8 40.46230152365464 1.670675862181034 643.5069278852214
2020 8 9 39.248432477944995 1.620555586315603 624.2017200486648
2020 8 10 38.070979503606644 1.5719389187261348 605.4756684472048
2020 8 11 36.928850118498445 1.5247807511643507 587.3113983937886
2020 8 12 35.82098461494349 1.4790373286294203 569.692056441975
2020 8 13 34.746355076495185 1.4346662087705375 552.6012947487156
2020 8 14 33.70396442420033 1.3916262225074214 536.0232559062541
2020 8 15 32.692845491474316 1.3498774358321988 519.9425582290664
2020 8 16 31.712060126730087 1.3093811127572328 504.34428148219445
2020 8 17 30.760698322928185 1.2700996793745158 489.2139530377286
2020 8 18 29.83787737324034 1.2319966889932803 474.5375344465967
2020 8 19 28.94274105204313 1.1950367883234818 460.30140841319877
2020 8 20 28.074458820481833 1.1591856846737774 446.4923661608028
2020 8 21 27.232225055867378 1.124410114133564 433.0975951759787
2020 8 22 26.415258304191354 1.0906778107095572 420.1046673206993
2020 8 23 25.622800555065613 1.0579574763882704 407.50152730107834
2020 8 24 24.854116538413642 1.0262187520966224 395.276481482046
2020 8 25 24.108493042261234 0.9954321895337237 383.41818703758463
2020 8 26 23.385238250993396 0.9655692238477119 371.91564142645706
2020 8 27 22.683681103463595 0.9366021471322805 360.75817218366336
2020 8 28 22.003170670359687 0.9085040827183121 349.93542701815346
2020 8 29 21.343075550248894 0.8812489602367627 339.4373642076088
2020 8 30 20.702783283741425 0.8548114914296597 329.2542432813805
2020 8 31 20.081699785229183 0.8291671466867699 319.3766159829391
2020 9 1 19.47924879167231 0.8042921322861668 309.7953175034509
2020 9 2 18.89487132792214 0.7801633683175818 300.5014579783474
2020 9 3 18.328025188084474 0.7567584672680543 291.486414238997
2020 9 4 17.77818443244194 0.7340557132500126 282.7418218118271
2020 9 5 17.244838899468682 0.7120340418525122 274.25956715747225
2020 9 6 16.72749373248462 0.6906730205969368 266.03178014274806
2020 9 7 16.22566892051008 0.6699528299790287 258.0508267384656
2020 9 8 15.738898852894778 0.6498542450796578 250.30930193631164
2020 9 9 15.266731887307934 0.6303586177272681 242.80002287822228
2020 9 10 14.808729930688695 0.6114478591954501 235.5160221918756
2020 9 11 14.364468032768034 0.5931044234195866 228.45054152611934
2020 9 12 13.933533991784993 0.5753112907169989 221.59702528033574
2020 9 13 13.515527972031443 0.558051951995489 214.94911452192565
2020 9 14 13.1100621328705 0.5413103934356243 208.50064108626788
2020 9 15 12.716760268884384 0.5250710816325556 202.24562185367984
2020 9 16 12.335257460817852 0.5093189491835789 196.17825319806943
2020 9 17 11.965199736993316 0.4940393807080715 190.29290560212735
2020 9 18 11.606243744883516 0.47921819928682935 184.58411843406353
2020 9 19 11.25805643253701 0.46484165330822447 179.0465948810416
2020 9 20 10.920314739560899 0.4508964037089777 173.67519703461036
2020 9 21 10.592705297374073 0.43736951159770837 168.46494112357206
2020 9 22 10.27492413845285 0.4242484262497771 163.4109928898649
2020 9 23 9.966676414299263 0.4115209734622838 158.50866310316894
2020 9 24 9.667676121870285 0.3991753442584153 153.75340321007386
2020 9 25 9.377645838214177 0.3872000839306628 149.14080111377163
2020 9 26 9.096316463067751 0.3755840814127429 144.66657708035848
2020 9 27 8.823426969175719 0.36431655897036064 140.32657976794772
2020 9 28 8.558724160100446 0.3533870622012498 136.1167823749093
2020 9 29 8.301962435297433 0.3427854503352123 132.03327890366202
2020 9 30 8.05290356223851 0.3325018868251559 128.07228053655217
2020 10 1 7.811316455371355 0.32252683022040124 124.2301121204556
2020 10 2 7.576976961710215 0.31285102531378917 120.50320875684193
2020 10 3 7.349667652858908 0.3034654945543755 116.88811249413666
2020 10 4 7.129177623273141 0.2943615297177442 113.38146911931256
2020 10 5 6.915302294574946 0.2855306838262119 109.98002504573317
2020 10 6 6.707843225737697 0.2769647633114255 106.68062429436117
2020 10 7 6.5066079289655665 0.26865582041208275 103.48020556553033
2020 10 8 6.3114096910966 0.26059614579972024 100.37579939856441
2020 10 9 6.122067400363702 0.2527782614257286 97.36452541660748
2020 10 10 5.93840537835279 0.24519491358295675 94.44358965410925
2020 10 11 5.760253217002207 0.23783906617546804 91.61028196448596
2020 10 12 5.587445620492141 0.23070389419020398 88.86197350555138
2020 10 13 5.419822251877377 0.22378277736449786 86.19611430038483
2020 10 14 5.257227584321055 0.21706929404356293 83.61023087137329
2020 10 15 5.099510756791423 0.21055721522225604 81.10192394523209
2020 10 16 4.94652543408768 0.20424049876558836 78.66886622687512
2020 10 17 4.798129671065049 0.1981132838026207 76.30880024006886
2020 10 18 4.654185780933098 0.19216988528854206 74.0195362328668
2020 10 19 4.514560207505105 0.1864047887298858 71.7989501458808
2020 10 20 4.379123401279951 0.18081264506798922 69.64498164150437
2020 10 21 4.247749699241552 0.17538826571594954 67.55563219225924
2020 10 22 4.120317208264305 0.17012661774447105 65.52896322649146
2020 10 23 3.996707692016376 0.1650228192121369 63.56309432969671
2020 10 24 3.876806461255885 0.1600721346357728 61.65620149980581
2020 10 25 3.7605022674182083 0.1552699705966996 59.80651545481163
2020 10 26 3.647687199395662 0.15061187147879862 58.01231999116728
2020 10 27 3.538256583413792 0.14609351533443465 56.27195039143226
2020 10 28 3.432108885911378 0.1417107098744016 54.583791879689294
2020 10 29 3.3291456193340365 0.13745938857816956 52.94627812329861
2020 10 30 3.2292712507540156 0.13333560692082447 51.35788977959965
