2020 6 25 1273.3334765407592 1240.8051364662315 1305.861816615287
2020 6 26 1295.6676519722896 1230.3105774043097 1362.7160563668074
2020 6 27 1318.4648338581692 1219.9724516517501 1422.1205543912279
2020 6 28 1341.8565188172752 1209.900137406028 1484.3232481435844
2020 6 29 1365.5483986190723 1199.8074611617287 1549.1196492307806
2020 6 30 1389.474980204979 1189.6376567994957 1616.5363767022625
2020 7 1 1413.9226954824221 1179.6412998455298 1687.0055926093837
2020 7 2 1438.5326882326158 1169.5054488802223 1760.2271372432165
2020 7 3 1463.8875286710713 1159.7139973879662 1837.014012534307
2020 7 4 1489.6892605419691 1150.0045228736 1917.1505829256585
2020 7 5 1515.7818833449799 1140.2498297331178 2000.572071907797
2020 7 6 1542.0814096160098 1130.389724643021 2087.2933853003265
2020 7 7 1568.4963928179932 1120.365028652228 2177.3125540428387
2020 7 8 1595.1334681386725 1110.264675376824 2270.8941947399576
2020 7 9 1621.973829404697 1100.082011641161 2368.143406986067
2020 7 10 1649.2658174513515 1089.9927370252756 2469.5572383079552
2020 7 11 1677.017031533615 1079.995995021684 2575.31403515847
2020 7 12 1705.2351987746056 1070.0909369782619 2685.599781533452
2020 7 13 1733.9281763171423 1060.2767220261992 2800.608426043356
2020 7 14 1763.103953511509 1050.5525170086166 2920.5422229914434
2020 7 15 1792.7706541400303 1040.917496409837 3045.6120880583817
2020 7 16 1738.9875345158293 1009.6899715175418 2954.2437254166302
2020 7 17 1686.8179084803544 979.3992723720155 2865.616413654131
2020 7 18 1636.2133712259438 950.017294200855 2779.647921244507
2020 7 19 1587.1269700891655 921.5167753748293 2696.2584836071715
2020 7 20 1539.5131609864904 893.8712721135844 2615.3707290989564
2020 7 21 1493.3277661568957 867.0551339501768 2536.9096072259877
2020 7 22 1448.5279331721888 841.0434799316715 2460.802319009208
2020 7 23 1405.0720951770231 815.8121755337214 2386.978249438932
2020 7 24 1362.9199323217124 791.3378102677098 2315.3689019557637
2020 7 25 1322.032334352061 767.5976759596784 2245.9078348970907
2020 7 26 1282.3713643214992 744.5697456808881 2178.530599850178
2020 7 27 1243.900223391854 722.2326533104614 2113.1746818546726
2020 7 28 1206.5832166900984 700.5656737111475 2049.7794413990323
2020 7 29 1170.3857201893954 679.5487034998131 1988.2860581570612
2020 7 30 1135.2741485837134 659.1622423948187 1928.6374764123493
2020 7 31 1101.215924126202 639.3873751229742 1870.7783521199788
2020 8 1 1068.179446402416 620.2057538692849 1814.6550015563794
2020 8 2 1036.1340630103434 601.5995812532063 1760.215351509688
2020 8 3 1005.0500411200331 583.5515938156101 1707.4088909643972
2020 8 4 974.8985398864321 566.0450460011418 1656.1866242354652
2020 8 5 945.6515836898391 549.0636946211075 1606.5010255084012
2020 8 6 917.2820361791439 532.5917837824743 1558.305994743149
2020 8 7 889.7635750937695 516.6140302690001 1511.5568149008545
2020 8 8 863.0706678409564 501.1156093609301 1466.2101104538287
2020 8 9 837.1785478057277 486.0821410801022 1422.223807140214
2020 8 10 812.0631913715558 471.4996768476991 1379.5570929260075
2020 8 11 787.7012956304092 457.3546865422681 1338.1703801382273
2020 8 12 764.0702567614969 443.634045946 1298.0252687340806
2020 8 13 741.1481490586519 430.32502456762 1259.084510672058
2020 8 14 718.9137045868923 417.4152738305914 1221.3119753518963
2020 8 15 697.3462934492856 404.8928156156736 1184.6726160913395
2020 8 16 676.425904645807 392.7460311472034 1149.1324376085993
2020 8 17 656.1331275064327 380.9636502127873 1114.6584644803413
2020 8 18 636.4491336812397 369.5347407064037 1081.2187105459311
2020 8 19 617.3556596708024 358.44869848521154 1048.7821492295532
2020 8 20 598.8349898806783 347.69523753065516 1017.3186847526665
2020 8 21 580.869940184258 337.2643804047355 986.7991242100865
2020 8 22 563.4438419787302 327.14644899259343 957.1951504837839
2020 8 23 546.5405267193684 317.3320555228156 928.4792959692703
2020 8 24 530.1443109177873 307.8120938571311 900.6249170901922
2020 8 25 514.2399815902536 298.57773104141717 873.6061695774864
2020 8 26 498.812782142546 289.6203991101746 847.3979844901618
2020 8 27 483.8483986782696 280.9317871368694 821.9760449554569
2020 8 28 469.33294671792146 272.5038335227633 797.3167636067932
2020 8 29 455.2529583163838 264.32871851708035 773.3972606985893
2020 8 30 441.59536956689226 256.3988569615679 750.1953428776317
2020 8 31 428.3475084798855 248.70689125272085 727.6894825913027
2020 9 1 415.49708322548895 241.24568451513923 705.8587981135637
2020 9 2 403.0321707287243 234.00831397968506 684.6830341701568
2020 9 3 390.9412056068625 226.9880645602945 664.1425431450521
2020 9 4 379.2129694386566 220.17842262348566 644.2182668507005
2020 9 5 367.8365803554969 213.57306994478108 624.8917188451795
2020 9 6 356.801482944832 207.16587784643764 606.1449672798241
2020 9 7 346.09743845648705 200.9509015110445 587.9606182614293
2020 9 8 335.71451530279245 194.92237446571315 570.3217997135864
2020 9 9 325.6430798437087 189.07470323174175 553.2121457221788
2020 9 10 315.8737874483974 183.4024621347895 536.6157813505134
2020 9 11 306.3975738249455 177.9003882707458 520.5173079099981
2020 9 12 297.2056466101971 172.56337662262342 504.9017886726981
2020 9 13 288.2894772118912 167.38647532394472 489.75473501251713
2020 9 14 279.64079289553445 162.36488106422638 475.0620929621416
2020 9 15 271.2515691086684 157.49393463229958 460.8102301732773
2020 9 16 263.1140220354083 152.76911659333058 446.985923268079
2020 9 17 255.22060137434605 148.18604309553066 433.5763455700366
2020 9 18 247.56398333311566 143.74046180266475 420.5690552029355
2020 9 19 240.13706383312217 139.4282479485848 407.95198354684743
2020 9 20 232.9329519181285 135.24540051012727 395.713424040442
2020 9 21 225.94496336058464 131.18803849482345 383.84202131922876
2020 9 22 219.1666144597671 127.25239733997874 372.3267606796519
2020 9 23 212.59161602597408 123.43482541977937 361.1569578592623
2020 9 24 206.21386754519486 119.731780657186 350.3222491234844
2020 9 25 200.027451518839 116.13982723747041 339.8125816497799
2020 9 26 194.02662797327383 112.6556324203463 329.61820420028647
2020 9 27 188.2058291340756 109.2759634477359 319.7296580742779
2020 9 28 182.55965426005332 105.99768454430382 310.1377683320496
2020 9 29 177.08286463225173 102.8177540079747 300.8336352820881
2020 9 30 171.77037869328416 99.73322138773545 291.8086262236254
2020 10 1 166.61726733248562 96.74122474610338 283.05436743691666
2020 10 2 161.61874931251106 93.83898800372027 274.56273641380915
2020 10 3 156.7701868331357 91.02381836360867 266.32585432139484
2020 10 4 152.06708122814163 88.29310381270041 258.336078691753
2020 10 5 147.5050687912974 85.64431069831939 250.58599633100042
2020 10 6 143.07991672755847 83.07498137736981 243.06841644107038
2020 10 7 138.7875192257317 80.58273193604872 235.77636394783826
2020 10 8 134.62389364895975 78.16524997796725 228.7030730294031
2020 10 9 130.58517683949094 75.82029247862823 221.841980838521
2020 10 10 126.6676215343062 73.54568370426938 215.18672141336538
2020 10 11 122.86759288827702 71.3393131931413 208.7311197709644
2020 10 12 119.1815651016287 69.19913379734706 202.46918617783547
2020 10 13 115.60611814857984 67.12315978342664 196.3951105925004
2020 10 14 112.13793460412244 65.10946498992384 190.50325727472537
2020 10 15 108.77379656599877 63.156181040226116 184.7881595564836
2020 10 16 105.5105826690188 61.26149560901933 179.2445147697891
2020 10 17 102.34526518894823 59.42365074074875 173.86717932669544
2020 10 18 99.27490723327978 57.64094121852629 168.65116394689457
2020 10 19 96.29666001628138 55.911712981970496 163.59162902848772
2020 10 20 93.40776021579293 54.23436159251138 158.68388015763307
2020 10 21 90.60552740931914 52.60733074473603 153.92336375290407
2020 10 22 87.88736158703956 51.02911082239395 149.30566284031693
2020 10 23 85.25074073942838 49.49823749772213 144.82649295510743
2020 10 24 82.69321851724553 48.013290372790465 140.4816981664542
2020 10 25 80.21242196172815 46.57289166160675 136.26724722146056
2020 10 26 77.8060493028763 45.175704911758544 132.17922980481674
2020 10 27 75.47186782379 43.820433764405784 128.21385291067224
2020 10 28 73.2077117890763 42.50582075147361 124.36743732335208
2020 10 29 71.01148043540401 41.2306461289294 120.63641420365151
2020 10 30 68.88113602234189 39.993726745061515 117.01732177754197
