2020 6 25 26.755554889414743 24.75176331411915 28.75934646471034
2020 6 26 26.371944696171393 22.569738052623123 30.469986180499724
2020 6 27 26.019787013573296 20.60228292427064 32.312362077891365
2020 6 28 25.72354368465458 18.846884464489982 34.32973451285262
2020 6 29 25.430673177730256 17.241053106759466 36.47305848089991
2020 6 30 25.14113709217795 15.772045124496085 38.75019757152807
2020 7 1 24.85489746457825 14.428202608552594 41.16950632530039
2020 7 2 24.54745721563518 13.184662247803978 43.69934623365996
2020 7 3 24.267976817188565 12.061275296581305 46.427647442500785
2020 7 4 23.967796426396205 11.021736066344246 49.280596769199555
2020 7 5 23.671329087898854 10.071792818673654 52.30885801259174
2020 7 6 23.35523406754104 9.193811852009304 55.471727160335476
2020 7 7 23.005053789742696 8.377287185312374 58.734857744791455
2020 7 8 22.638994140204606 7.625585615906516 62.13599512249184
2020 7 9 22.286556895321322 6.943961411182216 65.75548256120693
2020 7 10 21.939606290472117 6.323265190204749 69.58580897165155
2020 7 11 21.598056911248324 5.758050815384332 73.63925594693868
2020 7 12 21.26182467294783 5.2433589601632065 77.92882049597074
2020 7 13 20.930826799874595 4.77467359469434 82.46825671716597
2020 7 14 20.60498180496042 4.347882361111848 87.27211989972352
2020 7 15 20.284209469703974 3.95924049071625 92.3558131938339
2020 7 16 19.675683185612854 3.840463275994763 89.58513879801887
2020 7 17 19.085412690044468 3.7252493777149196 86.8975846340783
2020 7 18 18.512850309343133 3.613491896383472 84.29065709505595
2020 7 19 17.957464800062837 3.505087139491968 81.76193738220427
2020 7 20 17.418740856060953 3.399934525307209 79.30907926073813
2020 7 21 16.896178630379126 3.2979364895479923 76.92980688291598
2020 7 22 16.38929327146775 3.1989983948615524 74.62191267642851
2020 7 23 15.897614473323717 3.1030284430157056 72.38325529613564
2020 7 24 15.420686039124005 3.0099375897252343 70.21175763725158
2020 7 25 14.958065457950285 2.9196394620334774 68.10540490813403
2020 7 26 14.509323494211776 2.832050278172473 66.06224276089002
2020 7 27 14.074043789385422 2.7470887698272985 64.08037547806332
2020 7 28 13.65182247570386 2.6646761067324793 62.157964213721414
2020 7 29 13.242267801432744 2.584735823530505 60.29322528730977
2020 7 30 12.844999767389762 2.50719374882459 58.48442852869047
2020 7 31 12.459649774368069 2.431977936359852 56.729895672829755
2020 8 1 12.085860281137027 2.3590185982690564 55.02799880264486
2020 8 2 11.723284472702916 2.2882480403209846 53.377158838565514
2020 8 3 11.371585938521829 2.219600599111355 51.77584407340855
2020 8 4 11.030438360366174 2.153012581138014 50.22256875120629
2020 8 5 10.699525209555189 2.0884222037038738 48.7158916886701
2020 8 6 10.378539453268532 2.0257695375927574 47.254414938009994
2020 8 7 10.067183269670476 1.9649964514649745 45.83678248986969
2020 8 8 9.765167771580362 1.9060465579210253 44.4616790151736
2020 8 9 9.472212738432951 1.8488651611833944 43.12782864471839
2020 8 10 9.188046356279962 1.7933992063478925 41.83399378537684
2020 8 11 8.912404965591563 1.7395972301574556 40.578973971815536
2020 8 12 8.645032816623816 1.687409313252732 39.361604752661066
2020 8 13 8.385681832125101 1.63678703385515 38.18075661008123
2020 8 14 8.134111377161348 1.5876834228394954 37.03533391177879
2020 8 15 7.8900880358465075 1.5400529201543105 35.924273894425426
2020 8 16 7.653385394771112 1.4938513325496812 34.846545677592665
2020 8 17 7.423783832927978 1.4490357925731907 33.801149307264886
2020 8 18 7.201070317940139 1.405564718795995 32.78711482804694
2020 8 19 6.985038208401934 1.363397777232115 31.80350138320553
2020 8 20 6.775487062149876 1.3224958439151515 30.84939634170936
2020 8 21 6.57222245028538 1.282820968597697 29.92391445145808
2020 8 22 6.375055776776818 1.244336339539766 29.02619701791434
2020 8 23 6.183804103473513 1.207006249353573 28.155411107376906
2020 8 24 5.998289980369307 1.1707960618729658 27.3107487741556
2020 8 25 5.818341280958228 1.1356721800167768 26.49142631093093
2020 8 26 5.643791042529481 1.1016020146162735 25.696683521603003
2020 8 27 5.474477311253596 1.0685539541777853 24.925783015954913
2020 8 28 5.310242991915987 1.0364973355524518 24.178009525476266
2020 8 29 5.150935702158508 1.0054024154858783 23.452669239711977
2020 8 30 4.996407631093753 0.9752403430213019 22.749089162520615
2020 8 31 4.84651540216094 0.9459831327306628 22.066616487644996
2020 9 1 4.701119940096112 0.917603638748743 21.404617993015645
2020 9 2 4.5600863418932285 0.8900755295862807 20.762479453225176
2020 9 3 4.423283751636432 0.8633732636986923 20.13960506962842
2020 9 4 4.2905852390873385 0.8374720657877315 19.535416917539568
2020 9 5 4.1618676819147185 0.8123479038140995 18.94935441001338
2020 9 6 4.037011651457277 0.7879774666996765 18.380873777712978
2020 9 7 3.915901301913559 0.7643381426986862 17.82944756438159
2020 9 8 3.798424262856152 0.7414079984177255 17.29456413745014
2020 9 9 3.6844715349704678 0.7191657584651937 16.775727213326636
2020 9 10 3.5739373889213537 0.6975907857112379 16.272455396926837
2020 9 11 3.466719267253713 0.6766630621399007 15.784281735019032
2020 9 12 3.3627176892361015 0.6563631702757037 15.310753282968461
2020 9 13 3.2618361585590185 0.6366722751674325 14.851430684479407
2020 9 14 3.163981073802248 0.6175721069124095 14.405887763945024
2020 9 15 3.0690616415881804 0.5990449437050371 13.973711131026674
2020 9 16 2.976989792340535 0.581073595393886 13.554499797095874
2020 9 17 2.887680098570319 0.5636413875320694 13.147864803182998
2020 9 18 2.8010496956132096 0.5467321459061073 12.753428859087508
2020 9 19 2.717018204744813 0.5303301815289241 12.370825993314883
2020 9 20 2.6355076586024686 0.5144202760830563 11.999701213515436
2020 9 21 2.5564424288443943 0.4989876678005646 11.639710177109974
2020 9 22 2.4797491559790625 0.4840180377665476 11.290518871796674
2020 9 23 2.4053566812996907 0.46949749663355117 10.951803305642773
2020 9 24 2.3331959808607 0.45541257173454464 10.62324920647349
2020 9 25 2.263200101434879 0.4417501945825083 10.304551730279286
2020 9 26 2.1953040983918326 0.428497688745033 9.995415178370907
2020 9 27 2.1294449754400775 0.41564275808268203 9.69555272301978
2020 9 28 2.065561626176875 0.40317347534020154 9.404686141329186
2020 9 29 2.0035947773915685 0.3910782710799955 9.12254555708931
2020 9 30 1.9434869340698215 0.3793459229475956 8.84886919037663
2020 10 1 1.8851823260477267 0.36796554525916775 8.583403114665332
2020 10 2 1.8286268562662948 0.35692657890139273 8.325901021225372
2020 10 3 1.773768050578306 0.34621878153435093 8.076123990588611
2020 10 4 1.7205550090609567 0.33583221808832037 7.833840270870953
2020 10 5 1.668938358789128 0.32575725154567076 7.598825062744824
2020 10 6 1.618870208025454 0.3159845339993006 7.370860310862479
2020 10 7 1.5703041017846904 0.30650499797932157 7.149734501536605
2020 10 8 1.5231949787311496 0.2973098480399419 6.935242466490506
2020 10 9 1.477499129369215 0.2883905525987437 6.727185192495791
2020 10 10 1.4331741554881385 0.27973883602078137 6.525369636720917
2020 10 11 1.3901789308234944 0.2713466709401579 6.32960854761929
2020 10 12 1.3484735628987896 0.26320627081195314 6.139720291190711
2020 10 13 1.3080193560118258 0.25531008268759453 5.95552868245499
2020 10 14 1.268778775331471 0.24765078020696668 5.776862821981339
2020 10 15 1.230715412071527 0.24022125680075768 5.603556937321899
2020 10 16 1.193793949709381 0.23301461909673493 5.435450229202242
2020 10 17 1.1579801312180995 0.22602418052383288 5.272386722326175
2020 10 18 1.1232407272815566 0.21924345510811788 5.1142151206563895
2020 10 19 1.0895435054631097 0.21266615145487433 4.960788667036698
2020 10 20 1.0568572002992165 0.20628616691122809 4.811965007025597
2020 10 21 1.02515148429024 0.20009758190389124 4.6676060568148285
2020 10 22 0.9943969397615329 0.19409465444677448 4.527577875110383
2020 10 23 0.9645650315686869 0.18827181481337124 4.391750538857072
2020 10 24 0.9356280806216263 0.1826236603689701 4.259998022691359
2020 10 25 0.9075592382029775 0.177144950557901 4.132198082010619
2020 10 26 0.8803324610568881 0.17183060204116396 4.0082321395503
2020 10 27 0.8539224872251815 0.16667568397992905 3.8879851753637906
2020 10 28 0.828304812608426 0.16167541346053116 3.7713456201028768
2020 10 29 0.8034556682301732 0.1568251510567152 3.6582052514997905
2020 10 30 0.7793519981832681 0.15212039652501375 3.5484590939547966
