2020 6 25 138.1265657670194 123.9762340238309 152.27689751020793
2020 6 26 135.5513210760631 109.18905298357338 164.76149133513897
2020 6 27 133.15049816988702 96.26742740004185 178.42329740624535
2020 6 28 130.97845222092002 85.00963143374865 193.46750601409985
2020 6 29 128.71969399397594 74.98907930593246 209.59978632405384
2020 6 30 126.4398697372776 66.11473907522466 226.9795248181655
2020 7 1 124.20042468348255 58.29060395783833 245.80036836024084
2020 7 2 121.8848202774471 51.33803179384744 265.9525898145184
2020 7 3 119.83971612838272 45.310473735966326 288.2530432942581
2020 7 4 117.82892676085552 39.990606543348996 312.4234173705555
2020 7 5 115.85187640749814 35.29534078641742 338.62050719740193
2020 7 6 113.79996104146105 31.118427753259716 366.69847410303385
2020 7 7 111.59867055674103 27.385033767458136 396.5061895203828
2020 7 8 109.33068558959378 24.07273412839056 428.34862544364665
2020 7 9 106.94821057637901 21.12570948109287 462.119103525923
2020 7 10 104.61765316669872 18.539464553517057 498.55200450899497
2020 7 11 102.33788200029022 16.269832084869446 537.8572305353615
2020 7 12 100.10779037088018 14.278051844794541 580.2612321739238
2020 7 13 97.92629568893824 12.530108695604076 626.008313077542
2020 7 14 95.79233895613802 10.996151690042565 675.3620374981872
2020 7 15 93.70488425127041 9.649984284082592 728.6067487688541
2020 7 16 90.8937377237323 9.360484755560114 706.7485463057885
2020 7 17 88.16692559202033 9.07967021289331 685.5460899166148
2020 7 18 85.52191782425972 8.80728010650651 664.9797072191163
2020 7 19 82.95626028953193 8.543061703311315 645.0303160025428
2020 7 20 80.46757248084596 8.286769852211975 625.6794065224665
2020 7 21 78.05354530642057 8.038166756645616 606.9090243267925
2020 7 22 75.71193894722795 7.797021753946247 588.7017535969887
2020 7 23 73.44058077881111 7.563111101327859 571.040700989079
2020 7 24 71.23736335544677 7.336217768288023 553.9094799594067
2020 7 25 69.10024245478337 7.116131235239382 537.2921955606245
2020 7 26 67.02723518113987 6.902647298182201 521.1734296938057
2020 7 27 65.01641812570567 6.695567879236735 505.5382268029915
2020 7 28 63.0659255819345 6.494700842859633 490.37207999890177
2020 7 29 61.17394781447646 6.299859817573844 475.6609175989347
2020 7 30 59.33872938004217 6.110864023046628 461.39109007096664
2020 7 31 57.5585674986409 5.927538102355229 447.5493573688376
2020 8 1 55.83181047368167 5.749711959284572 434.12287664777244
2020 8 2 54.15685615947122 5.577220600506035 421.0991903483393
2020 8 3 52.53215047468708 5.409903982490854 408.4662146378891
2020 8 4 50.95618596044646 5.247606863016128 396.2122281987524
2020 8 5 49.42750038163307 5.090178657125644 384.32586135278984
2020 8 6 47.94467537018407 4.937473297411875 372.79608551220616
2020 8 7 46.50633510907855 4.789349098489519 361.61220294683994
2020 8 8 45.11114505580619 4.645668625534833 350.76383685843473
2020 8 9 43.757810704132005 4.5062985667687885 340.2409217526817
2020 8 10 42.44507638300804 4.371109609765725 330.03369410010123
2020 8 11 41.1717240915178 4.239976321472753 320.1326832770982
2020 8 12 39.93657236877227 4.11277703182857 310.5287027787852
2020 8 13 38.7384751977091 3.989393720873713 301.2128416954216
2020 8 14 37.57632094177782 3.8697119092475014 292.17645644455894
2020 8 15 36.449031313524486 3.753620551970076 283.41116275122215
2020 8 16 35.35556037411875 3.641011935410974 274.9088278686855
2020 8 17 34.29489356289519 3.5317815773486445 266.6615630326249
2020 8 18 33.266046756008336 3.425828130028185 258.66171614164614
2020 8 19 32.26806535332808 3.3230532861273394 250.90186465739674
2020 8 20 31.30002339272824 3.223361687543519 243.37480871767482
2020 8 21 30.361022690946392 3.1266608369172135 236.07356445614457
2020 8 22 29.450192010218 3.0328610118096972 228.99135752246022
2020 8 23 28.56668624991146 2.9418751814554063 222.1216167967864
2020 8 24 27.709685662414113 2.853618926011744 215.4579682928828
2020 8 25 26.878395092541687 2.768010358231392 208.99422924409632
2020 8 26 26.072043239765435 2.68497004748445 202.72440236677343
2020 8 27 25.28988194257247 2.6044209460599164 196.64267029577022
2020 8 28 24.531185484295296 2.526288317678119 190.7433901868971
2020 8 29 23.795249919766437 2.4504996681477755 185.02108848129018
2020 8 30 23.081392422173444 2.376984678103342 179.47045582685146
2020 8 31 22.38895064950824 2.305675137760242 174.08634215204592
2020 9 1 21.71728213002299 2.2365048836274344 168.86375188748454
2020 9 2 21.0657636661223 2.1694097371186114 163.79783933086
2020 9 3 20.43379075613863 2.104327445005053 158.8839041509342
2020 9 4 19.820777033454473 2.0411976216549013 154.11738702640616
2020 9 5 19.22615372245084 1.9799616930052542 149.49386541561398
2020 9 6 18.649369110777315 1.9205628422150964 145.00904945314556
2020 9 7 18.089888037453996 1.8629459569486435 140.65877796955118
2020 9 8 17.547191396330376 1.807057578240184 136.43901463046464
2020 9 9 17.020775654440463 1.7528458508929785 132.3458441915507
2020 9 10 16.51015238480725 1.7002604753661892 128.37546886580418
2020 9 11 16.01484781326303 1.6492526611052034 124.52420479983004
2020 9 12 15.53440237886514 1.5997750812720473 120.78847865583514
2020 9 13 15.068370307499185 1.5517818288338858 117.16482429616008
2020 9 14 14.616319198274208 1.5052283739688692 113.64987956727528
2020 9 15 14.177829622325982 1.4600715227498031 110.24038318025701
2020 9 16 13.752494733656203 1.416269377067309 106.9331716848493
2020 9 17 13.339919891646517 1.3737812957552897 103.72517653430381
2020 9 18 12.939722294897122 1.332567856882631 100.6134212382747
2020 9 19 12.551530626050207 1.2925908211761519 97.59501860112645
2020 9 20 12.1749847072687 1.2538130965408674 94.66716804309266
2020 9 21 11.80973516605064 1.2161987036446413 91.82715300179987
2020 9 22 11.45544311106912 1.179712742535302 89.07233841174587
2020 9 23 11.111779817737046 1.1443213602592428 86.4001682593935
2020 9 24 10.778426423204934 1.1099917194514655 83.80816321161169
2020 9 25 10.455073630508785 1.0766919678679214 81.29391831526333
2020 9 26 10.141421421593522 1.0443912088318839 78.85510076580542
2020 9 27 9.837178778945717 1.0130594725669273 76.48944774283126
2020 9 28 9.542063415577346 0.9826676883899195 74.19476431054632
2020 9 29 9.255801513110026 0.9531876577382219 71.96892138122993
2020 9 30 8.978127467716725 0.9245920280060752 69.80985373979303
2020 10 1 8.708783643685223 0.8968542671658929 67.71555812759924
2020 10 2 8.447520134374665 0.8699486391509161 65.68409138377126
2020 10 3 8.194094530343424 0.8438501799763887 63.713568642258124
2020 10 4 7.948271694433121 0.8185346745770969 61.80216158299038
2020 10 5 7.709823543600127 0.793978634339784 59.94809673550067
2020 10 6 7.478528837292123 0.7701592753095905 58.14965383343565
2020 10 7 7.254172972173358 0.7470544970503028 56.40516421843258
2020 10 8 7.0365477830081575 0.7246428621387937 54.7130092918796
2020 10 9 6.8254513495179125 0.7029035762746298 53.07161901312321
2020 10 10 6.620687809032375 0.6818164689863909 51.479470442729514
2020 10 11 6.422067174761403 0.6613619749167992 49.93508632944763
2020 10 12 6.229405159518561 0.6415211156692951 48.4370337395642
2020 10 13 6.042523004733004 0.6222754821992162 46.98392272737727
2020 10 14 5.861247314591014 0.6036072177332398 45.57440504555595
2020 10 15 5.685409895153284 0.5854990012012425 44.20717289418927
2020 10 16 5.514847598298685 0.5679340311652052 42.88095770736359
2020 10 17 5.349402170349724 0.550896010230249 41.59452897614268
2020 10 18 5.188920105239232 0.5343691299233415 40.3466931068584
2020 10 19 5.033252502082055 0.5183380560256412 39.13629231365265
2020 10 20 4.882254927019593 0.5027879143448719 37.962203544243074
2020 10 21 4.735787279209005 0.4877042769145257 36.82333743791578
2020 10 22 4.593713660832735 0.47307314860708993 35.718637314778306
2020 10 23 4.455902251007753 0.4588809541488772 34.647078195334956
2020 10 24 4.322225183477521 0.4451145255244109 33.607665849474905
2020 10 25 4.192558427973195 0.43176108975867855 32.59943587399066
2020 10 26 4.066781675133999 0.4188082570659182 31.621452797770935
2020 10 27 3.944778224879979 0.4062440093539406 30.672809213837805
2020 10 28 3.8264348781335795 0.39405668907332236 29.75262493742267
2020 10 29 3.711641831789572 0.3822349884011227 28.86004618929999
2020 10 30 3.600292576835885 0.370767938749089 27.99424480362099
