2020 6 25 23.3143442442938 22.0609321323269 24.5677563562607
2020 6 26 22.249493278740502 19.91963317386126 24.708177328760872
2020 6 27 21.228349099109614 17.981762280384118 24.843927404640198
2020 6 28 20.33401511008728 16.300134293987096 25.073983956566888
2020 6 29 19.44582717980172 14.750493399692143 25.267289132495044
2020 6 30 18.55335772020571 13.315499513298743 25.40611104442169
2020 7 1 17.697738249450918 12.01715851725956 25.54006755719498
2020 7 2 16.830610576443988 10.810806131797 25.601179225693546
2020 7 3 16.03579644321035 9.744713394994616 25.70780766606593
2020 7 4 15.267859845393613 8.7772758108691 25.7977953946274
2020 7 5 14.509641101882243 7.89032855195178 25.842379127112473
2020 7 6 13.75693375820792 7.075528568562043 25.829792407844636
2020 7 7 13.024989047435753 6.335464976120556 25.782880047920635
2020 7 8 12.30775072785528 5.661019065464863 25.6880757064489
2020 7 9 11.600425752407864 5.044765156844931 25.531877300657154
2020 7 10 10.93375065945761 4.4955961450426285 25.376628671806692
2020 7 11 10.305389305075787 4.006209223020008 25.2223240447026
2020 7 12 9.713139803248332 3.5700965613445663 25.068957679266504
2020 7 13 9.154926810089414 3.181458767576863 24.916523870323037
2020 7 14 8.628794251480324 2.835127766398474 24.765016947387608
2020 7 15 8.132898468650094 2.5264980749461827 24.614431274455463
2020 7 16 7.888911514590591 2.450703132697797 23.875998336221798
2020 7 17 7.652244169152873 2.377182038716863 23.159718386135143
2020 7 18 7.422676844078286 2.305866577555357 22.46492683455109
2020 7 19 7.199996538755937 2.236690580228696 21.790979029514556
2020 7 20 6.983996642593259 2.169589862821835 21.13724965862912
2020 7 21 6.774476743315461 2.10450216693718 20.503132168870245
2020 7 22 6.571242441015997 2.041367101929065 19.888038203804136
2020 7 23 6.374105167785517 1.980126088871193 19.291397057690013
2020 7 24 6.182882012751952 1.9207223062050571 18.71265514595931
2020 7 25 5.997395552369393 1.8631006370189054 18.15127549158053
2020 7 26 5.817473685798311 1.807207617908338 17.606737226833115
2020 7 27 5.642949475224362 1.7529913893710878 17.07853511002812
2020 7 28 5.473660990967631 1.700401647689955 16.566179056727275
2020 7 29 5.309451161238602 1.6493895982592564 16.069193685025457
2020 7 30 5.150167626401444 1.5999079103114786 15.587117874474693
2020 7 31 4.9956625976094005 1.5519106730021341 15.119504338240452
2020 8 1 4.845792719681119 1.5053533528120702 14.665919208093237
2020 8 2 4.700418938090685 1.460192752227708 14.22594163185044
2020 8 3 4.559406369947965 1.4163869696608768 13.799163382894926
2020 8 4 4.422624178849525 1.3738953605710504 13.385188481408079
2020 8 5 4.289945453484039 1.332678499753919 12.983632826965836
2020 8 6 4.1612470898795175 1.2926981447613013 12.594123842156861
2020 8 7 4.036409677183132 1.2539172004184622 12.216300126892156
2020 8 8 3.915317386867638 1.2162996844059084 11.849811123085392
2020 8 9 3.7978578652616086 1.1798106938737312 11.49431678939283
2020 8 10 3.68392212930376 1.1444163730575192 11.149487285711045
2020 8 11 3.5734044654246473 1.1100838818657937 10.815002667139714
2020 8 12 3.4662023314619077 1.0767813654098197 10.490552587125523
2020 8 13 3.3622162615180504 1.044477924447525 10.175836009511757
2020 8 14 3.261349773672509 1.0131435867140992 9.870560929226404
2020 8 15 3.1635092804623333 0.9827492791126762 9.574444101349611
2020 8 16 3.0686040020484633 0.9532668007392958 9.287210778309122
2020 8 17 2.9765458819870094 0.9246687967171169 9.008594454959848
2020 8 18 2.8872495055273992 0.8969287328156034 8.738336621311053
2020 8 19 2.800632020361577 0.8700208708311352 8.476186522671721
2020 8 20 2.71661305975073 0.8439202447062011 8.22190092699157
2020 8 21 2.635114667958208 0.818602637365015 7.975243899181822
2020 8 22 2.5560612279194617 0.7940445582440646 7.735986582206367
2020 8 23 2.4793793910818778 0.7702232214967426 7.503906984740176
2020 8 24 2.404998009349421 0.7471165248518403 7.27878977519797
2020 8 25 2.3328480690689384 0.7247030291062851 7.0604260819420315
2020 8 26 2.26286262699687 0.7029619382330966 6.8486132994837705
2020 8 27 2.194976748186964 0.6818730800861037 6.643154900499257
2020 8 28 2.129127445741355 0.6614168876835206 6.44386025348428
2020 8 29 2.0652536223691143 0.6415743810530149 6.250544445879751
2020 8 30 2.0032960136980407 0.6223271496214244 6.063028112503359
2020 8 31 1.9431971332870994 0.6036573351327816 5.881137269128258
2020 9 1 1.8849012192884864 0.5855476150787982 5.70470315105441
2020 9 2 1.8283541827098317 0.5679811866264342 5.533562056522777
2020 9 3 1.7735035572285367 0.5509417510276411 5.367555194827094
2020 9 4 1.7202984505116805 0.5344134984968119 5.2065285389822815
2020 9 5 1.66868949699633 0.5183810935419075 5.050332682812813
2020 9 6 1.61862881208644 0.5028296607356503 4.898822702328428
2020 9 7 1.570069947723847 0.48774477091358076 4.751858021258576
2020 9 8 1.5229678492921315 0.47311242778617335 4.609302280620819
2020 9 9 1.4772788138133675 0.4589190549525881 4.471023212202194
2020 9 10 1.4329604493989665 0.44515148330401044 4.336892515836128
2020 9 11 1.3899716359169976 0.4317969388048901 4.2067857403610445
2020 9 12 1.3482724868394875 0.4188430306407434 4.0805821681502135
2020 9 13 1.307824312234303 0.4062777397215211 3.958164703105707
2020 9 14 1.2685895828672737 0.3940894075298754 3.8394197620125357
2020 9 15 1.2305318953812554 0.38226672530397915 3.7242371691521594
2020 9 16 1.1936159385198177 0.37079872354485977 3.6125100540775947
2020 9 17 1.1578074603642232 0.359674761838514 3.5041347524552666
2020 9 18 1.1230732365532965 0.34888451898335854 3.3990107098816087
2020 9 19 1.0893810394566976 0.33841798341385776 3.2970403885851605
2020 9 20 1.0566996082729967 0.328265443911442 3.1981291769276057
2020 9 21 1.0249986200248067 0.31841748059409875 3.1021853016197776
2020 9 22 0.9942486614240624 0.3088649561762758 3.009119742571184
2020 9 23 0.9644212015813405 0.2995990074909875 2.9188461502940486
2020 9 24 0.9354885655339003 0.29061103726625787 2.8312807657852272
2020 9 25 0.9074239085678832 0.2818927061482701 2.7463423428116704
2020 9 26 0.8802011913108467 0.273435924963822 2.6639520725273202
2020 9 27 0.8537951555715213 0.26523284721490736 2.5840335103515004
2020 9 28 0.8281813009043757 0.2572758617984601 2.506512505040955
2020 9 29 0.8033358618772444 0.2495575859445063 2.4313171298897265
2020 9 30 0.779235786020927 0.24207085836617112 2.3583776159930347
2020 10 1 0.7558587124402992 0.23480873261518598 2.287626287513244
2020 10 2 0.7331829510670902 0.2277644706367304 2.2189974988878465
2020 10 3 0.7111874625350775 0.22093153651762848 2.152427573921211
2020 10 4 0.6898518386590251 0.21430359042209962 2.0878547467035746
2020 10 5 0.6691562834992544 0.20787448270943662 2.0252191043024674
2020 10 6 0.6490815949942768 0.20163824822815352 1.9644625311733934
2020 10 7 0.6296091471444485 0.1955891007813089 1.9055286552381916
2020 10 8 0.610720872730115 0.18972142775786963 1.8483627955810458
2020 10 9 0.5923992465482115 0.18402978492513353 1.7929119117136143
2020 10 10 0.5746272691517652 0.17850889137737952 1.7391245543622058
2020 10 11 0.5573884510772122 0.17315362463605813 1.6869508177313395
2020 10 12 0.5406667975448959 0.16795901589697637 1.6363422931993992
2020 10 13 0.524446793618549 0.16292024542006708 1.5872520244034172
2020 10 14 0.5087133898099925 0.15803263805746506 1.5396344636713146
2020 10 15 0.4934519881156927 0.15329165891574112 1.4934454297611752
2020 10 16 0.4786484284722219 0.14869290914826888 1.44864206686834
2020 10 17 0.4642889756180552 0.1442321218738208 1.4051828048622896
2020 10 18 0.4503603063495135 0.13990515821760618 1.363027320716421
2020 10 19 0.4368494971590281 0.135708003471078 1.3221365010949282
2020 10 20 0.42374401224425723 0.13163676336694566 1.2824724060620802
2020 10 21 0.4110316918769295 0.1276876604659373 1.2439982338802178
2020 10 22 0.3987007411206216 0.12385703065195917 1.2066782868638113
2020 10 23 0.3867397188870029 0.1201413197324004 1.170477938257897
2020 10 24 0.37513752732039285 0.11653708014042838 1.13536360011016
2020 10 25 0.3638834015007811 0.11304096773621553 1.1013026921068552
2020 10 26 0.35296689945575765 0.10964973870412906 1.0682636113436494
2020 10 27 0.3423778924720849 0.10636024654300519 1.0362157030033399
2020 10 28 0.33210655569792236 0.10316943914671503 1.0051292319132397
2020 10 29 0.32214335902698465 0.10007435597231358 0.9749753549558424
2020 10 30 0.3124790582561751 0.09707212529314417 0.9457260943071671
