2020 6 25 273.2602015462004 257.59753744620997 288.92286564619076
2020 6 26 262.53575234004836 233.30625909391168 293.48980050663425
2020 6 27 252.3173115696934 211.38126975601588 298.2240726494865
2020 6 28 242.37575181798735 191.4154478340391 302.89188499104205
2020 6 29 232.96876831864708 173.4483091568508 307.81129801939386
2020 6 30 224.16720107523219 157.34656792101 313.1281290762059
2020 7 1 215.7295395173977 142.76162863594325 318.58063412429743
2020 7 2 207.90989208782761 129.72741913719656 324.5717321572935
2020 7 3 200.33998500566312 117.8622109222156 330.6228835796937
2020 7 4 193.0058393039189 107.05877813006525 336.72107558372556
2020 7 5 186.14781133528848 97.36077300697416 343.29397311625286
2020 7 6 179.73234455999284 88.64528775007535 350.3619440374204
2020 7 7 173.59029236080775 80.73578970606941 357.6774050272631
2020 7 8 167.74498115225043 73.5724193729879 365.3245556168188
2020 7 9 162.11207248592746 67.05145718282674 373.1691186494344
2020 7 10 156.66831797387593 61.10846902489 381.18212688570935
2020 7 11 151.40736578328665 55.6922271858151 389.3671973259175
2020 7 12 146.32307737711534 50.75604443065207 397.72802463767295
2020 7 13 141.40952035157005 46.25737156553299 406.26838282367015
2020 7 14 136.66096151411688 42.15743066966755 414.9921269252351
2020 7 15 132.0718601939277 38.42088083517652 423.90319476245634
2020 7 16 128.10970438810986 37.26825441012122 411.18609891958266
2020 7 17 124.26641325646656 36.15020677781759 398.8505159519952
2020 7 18 120.53842085877257 35.06570057448306 386.8850004734353
2020 7 19 116.92226823300939 34.01372955724857 375.2784504592322
2020 7 20 113.4146001860191 32.993317670531106 364.02009694545524
2020 7 21 110.01216218043852 32.003518140415174 353.0994940370916
2020 7 22 106.71179731502536 31.043412596202717 342.50650921597884
2020 7 23 103.5104433955746 30.112110218316634 332.23131393949944
2020 7 24 100.40513009370736 29.208746911767133 322.26437452131444
2020 7 25 97.39297619089614 28.33248450441412 312.596443285675
2020 7 26 94.47118690516925 27.482509969281693 303.2185499871047
2020 7 27 91.63705129801417 26.658034670203243 294.1219934874916
2020 7 28 88.88793975907375 25.858293630097144 285.2983336828668
2020 7 29 86.22130156630153 25.08254482119423 276.7393836723808
2020 7 30 83.63466251931249 24.330068476558402 268.4372021622094
2020 7 31 81.12562264373311 23.60016642226165 260.38408609734313
2020 8 1 78.69185396442111 22.892161429593802 252.57256351442282
2020 8 2 76.33109834548848 22.205396586705987 244.99538660899015
2020 8 3 74.04116539512383 21.539234689104806 237.64552501072043
2020 8 4 71.81993043327012 20.89305764843166 230.5161592603988
2020 8 5 69.66533252027202 20.26626591897871 223.60067448258684
2020 8 6 67.57537254466385 19.65827794140935 216.89265424810924
2020 8 7 65.54811136832393 19.068529603167068 210.38587462066596
2020 8 8 63.58166802727421 18.496473715072057 204.07429838204598
2020 8 9 61.674217986455986 17.941579503619895 197.9520694305846
2020 8 10 59.8239914468623 17.403332118511297 192.01350734766706
2020 8 11 58.02927170345643 16.881232154955956 186.25310212723704
2020 8 12 56.28839355235274 16.374795190307278 180.66550906341993
2020 8 13 54.599741745782154 15.88355133459806 175.24554379151732
2020 8 14 52.96174949340869 15.407044794560118 169.98817747777179
2020 8 15 51.37289700860643 14.944833450723314 164.88853215343863
2020 8 16 49.83171009834823 14.496488447201614 159.94187618883547
2020 8 17 48.336758795397785 14.061593793785566 155.1436199031704
2020 8 18 46.88665603153585 13.639745979971998 150.48931130607528
2020 8 19 45.48005635058977 13.230553600572838 145.974631966893
2020 8 20 44.115654660072074 12.833636992555652 141.59539300788623
2020 8 21 42.79218502026991 12.448627882778982 137.34753121764965
2020 8 22 41.50841946966181 12.075169046295613 133.22710528112015
2020 8 23 40.263166885571955 11.712913974906744 129.23029212268654
2020 8 24 39.0552718790048 11.361526555659541 125.35338335900593
2020 8 25 37.88361372263466 11.020680758989755 121.59278185823575
2020 8 26 36.74710531095562 10.690060336220062 117.94499840248868
2020 8 27 35.64469215162695 10.36935852613346 114.40664845041401
2020 8 28 34.575351387078136 10.058277770349456 110.97444899690159
2020 8 29 33.53809084546579 9.756529437238973 107.64521552699453
2020 8 30 32.531948120101816 9.463833554121804 104.41585906118469
2020 8 31 31.55598967649876 9.179918547498149 101.28338328934915
2020 9 1 30.609309986203797 8.904520991073204 98.24488179066867
2020 9 2 29.691030686617683 8.637385361341007 95.29753533694861
2020 9 3 28.80029976601915 8.378263800500777 92.43860927684015
2020 9 4 27.936290773038575 8.126915886485754 89.66545099853495
2020 9 5 27.098202049847416 7.8831084098911814 86.9754874685789
2020 9 6 26.28525598835199 7.646615157594446 84.36622284452153
2020 9 7 25.496698308701433 7.417216702866612 81.83523615918588
2020 9 8 24.73179735944039 7.194700201780614 79.38017907441031
2020 9 9 23.989843438657175 6.978859195727195 76.998773702178
2020 9 10 23.270148135497458 6.76949341985538 74.68881049111266
2020 9 11 22.572043691432533 6.566408617259718 72.44814617637928
2020 9 12 21.894882380689555 6.369416358741926 70.2747017910879
2020 9 13 21.238035909268866 6.178333867979668 68.16646073735527
2020 9 14 20.6008948319908 5.992983851940278 66.1214669152346
2020 9 15 19.982867987031074 5.81319433638207 64.13782290777756
2020 9 16 19.38338194742014 5.638798506290608 62.213688220544235
2020 9 17 18.801880488997536 5.46963455110189 60.347277573927904
2020 9 18 18.23782407432761 5.305545514568832 58.536859246710065
2020 9 19 17.69068935209778 5.146379149131767 56.78075346930876
2020 9 20 17.15996867153485 4.991987774657813 55.0773308652295
2020 9 21 16.645169611388802 4.842228141418079 53.42501093927261
2020 9 22 16.145814523047136 4.696961297175536 51.82226061109443
2020 9 23 15.661440087355722 4.556052458260269 50.2675927927616
2020 9 24 15.19159688473505 4.419370884512461 48.75956500897875
2020 9 25 14.735848978192998 4.286789757977087 47.296778058709386
2020 9 26 14.293773508847208 4.158186065237774 45.8778747169481
2020 9 27 13.86496030358179 4.033440483280641 44.50153847543965
2020 9 28 13.449011494474338 3.9124372687822215 43.16649232117646
2020 9 29 13.045541149640107 3.795064150718755 41.87149755154117
2020 9 30 12.654174915150904 3.681212226197192 40.615352624994934
2020 10 1 12.274549667696377 3.570775859411276 39.396892046245085
2020 10 2 11.906313177665485 3.463652583628938 38.21498528485773
2020 10 3 11.54912378233552 3.3597430061200697 37.068535726312
2020 10 4 11.202650068865454 3.2589507159364675 35.95647965452264
2020 10 5 10.86657056679949 3.1611821944583736 34.87778526488696
2020 10 6 10.540573449795506 3.066346728624622 33.83145170694035
2020 10 7 10.22435624630164 2.9743563267658835 32.81650815573214
2020 10 8 9.917625558912592 2.885125636962907 31.832012911060172
2020 10 9 9.620096792145214 2.7985718678540197 30.877052523728366
2020 10 10 9.331493888380857 2.714614711818399 29.950740948016513
2020 10 11 9.051549071729431 2.633176270463847 29.052218719576018
2020 10 12 8.780002599577548 2.5541809823499317 28.180652157988735
2020 10 13 8.51660252159022 2.4775555528794335 27.33523259324907
2020 10 14 8.261104445942514 2.4032288862930504 26.515175615451597
2020 10 15 8.013271312564239 2.331132019704259 25.719720346988048
2020 10 16 7.772873173187311 2.261198059113131 24.948128736578404
2020 10 17 7.539686977991692 2.193362117339737 24.19968487448105
2020 10 18 7.313496368651941 2.127561253819545 23.47369432824662
2020 10 19 7.094091477592382 2.0637344162049587 22.76948349839922
2020 10 20 6.88126873326461 2.00182238371881 22.086398993447244
2020 10 21 6.674830671266672 1.9417677122072454 21.423807023643825
2020 10 22 6.4745857511286715 1.883514680841028 20.78109281293451
2020 10 23 6.280348178594811 1.827009240415797 20.157660028546474
2020 10 24 6.091937733236967 1.772198963203323 19.55293022769008
2020 10 25 5.909179601239858 1.7190329943072233 18.966342320859376
2020 10 26 5.731904213202662 1.6674620044780066 18.397352051233593
2020 10 27 5.559947086806582 1.6174381443436663 17.845431489696583
2020 10 28 5.393148674202384 1.5689150000133563 17.310068545005684
2020 10 29 5.231354213976312 1.5218475500129556 16.790766488655514
2020 10 30 5.074413587557022 1.4761921235125668 16.28704349399585
