2020 6 25 123.8903398252981 115.40253697690518 132.378142673691
2020 6 26 122.61399665269452 106.38879083684252 139.99023002924892
2020 6 27 121.4024192298944 98.12386768959946 148.09896364683917
2020 6 28 120.30502682605837 90.58362771313759 156.80207398662705
2020 6 29 119.21755407700051 83.6228106665024 166.01662699772993
2020 6 30 118.13991131602498 77.19689131804915 175.77267786683734
2020 7 1 117.0720096869597 71.26476593733881 186.10204798885255
2020 7 2 116.01376113682988 65.78848937296856 197.03842875900963
2020 7 3 115.01391652465794 60.76072720309616 208.70043839721416
2020 7 4 114.02268890101126 56.117202347041555 221.0526812536703
2020 7 5 113.04000400185889 51.82855018723898 234.13600979809453
2020 7 6 112.01820194463359 47.84583206528197 247.8951305752639
2020 7 7 110.94276144228019 44.14230688152539 262.32367170571996
2020 7 8 109.85585088668613 40.716782661773856 277.54048074907416
2020 7 9 108.74721675441954 37.545087090781855 293.5581978041574
2020 7 10 107.64977064381321 34.620455559171695 310.50034670775597
2020 7 11 106.56339964852138 31.92364263868918 328.4202792727163
2020 7 12 105.48799200161713 29.436902052917894 347.37442640953657
2020 7 13 104.42343706409372 27.1438698985719 367.4224758305879
2020 7 14 103.36962531348193 25.02945696344308 388.6275600101942
2020 7 15 102.3264483325823 23.079749432405347 411.05645499246765
2020 7 16 99.25665488260483 22.387356949433187 398.7247613426936
2020 7 17 96.27895523612669 21.71573624095019 386.7630185024128
2020 7 18 93.39058657904289 21.064264153721684 375.1601279473404
2020 7 19 90.5888689816716 20.43233622911003 363.9053241089202
2020 7 20 87.87120291222145 19.81936614223673 352.98816438565257
2020 7 21 85.2350668248548 19.224785157969627 342.398519454083
2020 7 22 82.67801482010915 18.64804160323054 332.1265638704605
2020 7 23 80.19767437550588 18.08860035513362 322.16276695434664
2020 7 24 77.79174414424071 17.545942344479613 312.49788394571624
2020 7 25 75.45799181991349 17.019564074145226 303.12294742734474
2020 7 26 73.19425206531608 16.50897715192087 294.02925900452436
2020 7 27 70.99842450335659 16.013707837363246 285.20838123438864
2020 7 28 68.86847176825589 15.533296602242348 276.65212979735696
2020 7 29 66.80241761520821 15.067297704175077 268.35256590343624
2020 7 30 64.79834508675197 14.615278773049825 260.30198892633314
2020 7 31 62.8543947341494 14.17682040985833 252.49292925854314
2020 8 1 60.96876289212492 13.751515797562579 244.91814138078684
2020 8 2 59.13970000536117 13.338970323635701 237.57059713936323
2020 8 3 57.36550900520034 12.938801213926629 230.44347922518233
2020 8 4 55.64454373504432 12.550637177508829 223.53017484842687
2020 8 5 53.975207422992995 12.174118062183563 216.82426960297406
2020 8 6 52.3559512003032 11.808894520318056 210.31954151488483
2020 8 7 50.785272664294105 11.454627684708514 204.00995526943828
2020 8 8 49.26171448436528 11.110988854167259 197.88965661135512
2020 8 9 47.783863049834316 10.777659188542241 191.95296691301445
2020 8 10 46.35034715833928 10.454329412885974 186.194377905624
2020 8 11 44.9598367435891 10.140699530499395 180.6085465684553
2020 8 12 43.611041641281425 9.836478544584413 175.19029017140164
2020 8 13 42.30271039204298 9.54138418824688 169.9345814662596
2020 8 14 41.03362908028169 9.255142662599473 164.8365440222718
2020 8 15 39.80262020787324 8.97748838272149 159.89144770160362
2020 8 16 38.60854160163704 8.708163731239845 155.09470427055552
2020 8 17 37.45028535358793 8.446918819302649 150.44186314243885
2020 8 18 36.32677679298029 8.19351125472357 145.9286072481657
2020 8 19 35.23697348919088 7.947705917081862 141.5507490307207
2020 8 20 34.179864284515155 7.709274739569406 137.30422655979908
2020 8 21 33.1544683559797 7.477996497382324 133.1850997630051
2020 8 22 32.15983430530031 7.253656602460854 129.18954677011493
2020 8 23 31.195039276141298 7.036046904387028 125.31386036701147
2020 8 24 30.25918809785706 6.824965497255417 121.55444455600113
2020 8 25 29.35141245492135 6.620216532337754 117.90781121932109
2020 8 26 28.470870081273706 6.421610036367621 114.37057688274146
2020 8 27 27.616743978835494 6.2289617352765925 110.93945957625921
2020 8 28 26.78824165947043 6.042092883218294 107.61127578897143
2020 8 29 25.984594409686316 5.860830096721745 104.38293751530227
2020 8 30 25.205056577395727 5.685005193820093 101.2514493898432
2020 8 31 24.448904880073854 5.51445503800549 98.21390590814791
2020 9 1 23.71543773367164 5.349021386865325 95.26748873090347
2020 9 2 23.00397460166149 5.1885507452593655 92.40946406897636
2020 9 3 22.313855363611644 5.032894222901584 89.63718014690707
2020 9 4 21.644439702703295 4.881907396214537 86.94806474249985
2020 9 5 20.995106511622197 4.735450174328101 84.33962280022486
2020 9 6 20.36525331627353 4.593386669098257 81.80943411621811
2020 9 7 19.754295716785325 4.455585069025309 79.35515109273157
2020 9 8 19.161666845281765 4.321917516954549 76.97449655994963
2020 9 9 18.586816839923312 4.192259991445913 74.66526166315114
2020 9 10 18.029212334725614 4.066492191702535 72.4253038132566
2020 9 11 17.488335964683845 3.9444974259514587 70.2525446988589
2020 9 12 16.963685885743327 3.826162503172915 68.14496835789313
2020 9 13 16.454775309171026 3.7113776280777273 66.10061930715634
2020 9 14 15.961132049895895 3.6000362992353954 64.11760072794165
2020 9 15 15.482298088399018 3.4920352102583334 62.1940727061034
2020 9 16 15.017829145747047 3.3872741539505835 60.32825052492029
2020 9 17 14.567294271374635 3.2856559293320657 58.51840300917268
2020 9 18 14.130275443233396 3.187086251452104 56.7628509188975
2020 9 19 13.706367179936393 3.0914736639085407 55.05996539133057
2020 9 20 13.2951761645383 2.9987294539912845 53.40816642959065
2020 9 21 12.896320879602152 2.908767570371546 51.80592143670293
2020 9 22 12.509431253214087 2.8215045432604 50.25174379360184
2020 9 23 12.134148315617665 2.7368594069625876 48.744191479793784
2020 9 24 11.770123866149135 2.65475362475371 47.28186573539997
2020 9 25 11.41702015016466 2.575111016011099 45.86340976333797
2020 9 26 11.074509545659721 2.4978576855307657 44.487507470437826
2020 9 27 10.742274259289928 2.422921954964843 43.152882246324694
2020 9 28 10.42000603151123 2.3502342963158975 41.85829577893495
2020 9 29 10.107405850565893 2.2797272674264204 40.6025469055669
2020 9 30 9.804183675048916 2.2113354494036277 39.38447049839989
2020 10 1 9.51005816479745 2.144995385921519 38.20293638344789
2020 10 2 9.224756419853525 2.0806455243438733 37.056848291944455
2020 10 3 8.94801372725792 2.0182261586135573 35.94514284318612
2020 10 4 8.679573315440182 1.9576793738551506 34.86678855789054
2020 10 5 8.419186115976975 1.898948992639496 33.82078490115382
2020 10 6 8.166610532497666 1.841980522860311 32.806161354119205
2020 10 7 7.921612216522735 1.7867211071745017 31.821976513495628
2020 10 8 7.6839638500270535 1.7331194739592666 30.867317218090758
2020 10 9 7.4534449345262415 1.6811258897404886 29.941297701548034
2020 10 10 7.229841586490454 1.6306921130482739 29.04305877050159
2020 10 11 7.01294633889574 1.5817713496568255 28.171767007386542
2020 10 12 6.802557948728868 1.5343182091671208 27.326613997164944
2020 10 13 6.598481210267002 1.488288662892107 26.506815577249995
2020 10 14 6.400526773958991 1.4436400030053438 25.711611109932495
2020 10 15 6.208510970740221 1.4003308029151835 24.94026277663452
2020 10 16 6.022255641618014 1.358320878827728 24.192054893335484
2020 10 17 5.8415879723694735 1.317571252462896 23.466293246535418
2020 10 18 5.666340333198389 1.2780441148890092 22.762304449139354
2020 10 19 5.496350123202437 1.2397027914423389 22.079435315665172
2020 10 20 5.331459619506364 1.2025117076990686 21.417052256195216
2020 10 21 5.171515830921173 1.1664363564680964 20.774540688509358
2020 10 22 5.016370355993538 1.1314432657740534 20.151304467854075
2020 10 23 4.865879245313732 1.0974999678008317 19.546765333818453
2020 10 24 4.719902867954319 1.0645749687668067 18.9603623738039
2020 10 25 4.57830578191569 1.0326377197038024 18.39155150258978
2020 10 26 4.440956608458219 1.0016585881126883 17.839804957512087
2020 10 27 4.3077279102044725 0.9716088304693076 17.304610808786723
2020 10 28 4.178496072898338 0.9424605655552283 16.785472484523122
2020 10 29 4.053141190711388 0.9141867485885714 16.28190830998743
2020 10 30 3.9315469549900466 0.8867611461309143 15.793451060687806
