2020 6 25 411.56572826979726 381.91080653469675 441.2206500048978
2020 6 26 424.1499160294597 365.22867994139295 487.47532682990783
2020 6 27 437.1188826244158 349.27524010665496 538.5790403628833
2020 6 28 450.484393196359 334.01865749189614 595.0401317837692
2020 6 29 466.43435217703177 321.04175847461187 660.2941979231128
2020 6 30 484.6386510463237 309.73196430198584 735.0960901779513
2020 7 1 504.72380899347564 299.5685783630447 820.1471754178015
2020 7 2 528.0791163775627 291.1855648526638 918.9999268267738
2020 7 3 552.515154199338 283.03713841379493 1029.7674500645294
2020 7 4 578.7490752064803 275.4584923608589 1155.129248440573
2020 7 5 608.3250672441842 269.0805941457905 1299.9366777872353
2020 7 6 643.8196837492169 264.7998033066646 1472.3150012196083
2020 7 7 683.5879512467611 261.49303669103364 1672.5886000864828
2020 7 8 727.93122679956 259.03797423277587 1905.2883077227686
2020 7 9 778.534948778325 257.8101633771127 2179.219678748985
2020 7 10 832.656498518598 256.58817220677463 2492.5353233930828
2020 7 11 890.5404254660668 255.37197313710791 2850.8976855095098
2020 7 12 952.4482794528622 254.161538714207 3260.783322492446
2020 7 13 1018.6597925163856 252.9568416142948 3729.59995382809
2020 7 14 1089.4741428748428 251.75785464310576 4265.820338213139
2020 7 15 1165.211306770784 250.56455073527215 4879.135398753716
2020 7 16 1130.2549675676603 243.047614213214 4732.761336791104
2020 7 17 1096.3473185406303 235.75618578681755 4590.778496687371
2020 7 18 1063.4568989844115 228.68350021321302 4453.05514178675
2020 7 19 1031.5531920148792 221.8229952068166 4319.463487533148
2020 7 20 1000.6065962544328 215.16830535061212 4189.879582907153
2020 7 21 970.5883983667998 208.71325619009374 4064.1831954199383
2020 7 22 941.4707464157957 202.4518585043909 3942.25769955734
2020 7 23 913.2266240233218 196.37830274925918 3823.9899685706196
2020 7 24 885.8298253026221 190.4869536667814 3709.270269513501
2020 7 25 859.2549305435434 184.77234505677797 3597.9921614280956
2020 7 26 833.4772826272371 179.22917470507463 3490.0523965852526
2020 7 27 808.4729641484199 173.85229946392238 3385.350824687695
2020 7 28 784.2187752239673 168.6367304800047 3283.790299947064
2020 7 29 760.6922119672483 163.57762856560456 3185.276590948652
2020 7 30 737.8714456082308 158.6702997086364 3089.718293220192
2020 7 31 715.7353022399839 153.9101907173773 2997.0267444235865
2020 8 1 694.2632431727843 149.29288499585599 2907.115942090879
2020 8 2 673.4353458776008 144.8140984459803 2819.9024638281526
2020 8 3 653.2322855012727 140.46967549260089 2735.305389913308
2020 8 4 633.6353169362345 136.25558522782285 2653.2462282159086
2020 8 5 614.6262574281475 132.16791767098815 2573.648841369431
2020 8 6 596.187469705303 128.2028801408585 2496.439376128348
2020 8 7 578.3018456141439 124.35679373663274 2421.5461948444977
2020 8 8 560.9527902457195 120.62608992453376 2348.899808999163
2020 8 9 544.1242065383478 117.00730722679775 2278.432814729188
2020 8 10 527.8004803421974 113.49708800999382 2210.0798302873122
2020 8 11 511.96646593193145 110.092175369694 2143.7774353786926
2020 8 12 496.6074719539735 106.78941010860318 2079.464112317332
2020 8 13 481.7092477953543 103.58572780534509 2017.0801889478118
2020 8 14 467.2579703614937 100.47815597118473 1956.5677832793774
2020 8 15 453.24023125064883 97.46381129204919 1897.870749780996
2020 8 16 439.64302431312933 94.53989695328771 1840.9346272875662
2020 8 17 426.4537335837354 91.70370004468907 1785.7065884689391
2020 8 18 413.66012157622333 88.9525890433484 1732.1353908148708
2020 8 19 401.2503179289366 86.28401137204794 1680.1713290904247
2020 8 20 389.2128083910685 83.6954910308865 1629.7661892177118
2020 8 21 377.5364241393364 81.1846262999599 1580.8732035411804
2020 8 22 366.2103314151563 78.7490875109611 1533.447007434945
2020 8 23 355.2240214727016 76.38661488563227 1487.4435972118965
2020 8 24 344.56730082852056 74.0950164390633 1442.8202892955396
2020 8 25 334.2302818036649 71.8721659458914 1399.5356806166733
2020 8 26 324.20337334955497 69.71600096751465 1357.549610198173
2020 8 27 314.4772721490683 67.6245209384892 1316.8231218922278
2020 8 28 305.04295398459624 65.59578531033452 1277.318428235461
2020 8 29 295.8916653650583 63.627911751024484 1238.998875388397
2020 8 30 287.01491540410655 61.719074398493746 1201.828909126745
2020 8 31 278.40446794198334 59.867502166538934 1165.7740418529427
2020 9 1 270.0523339037238 58.07147710154276 1130.8008205973545
2020 9 2 261.9507638866121 56.32933278849648 1096.8767959794338
2020 9 3 254.09224097001373 54.63945280484158 1063.9704921000507
2020 9 4 246.46947374091332 53.00026922069633 1032.0513773370492
2020 9 5 239.07538952868592 51.41026114407544 1001.0898360169377
2020 9 6 231.90312784282534 49.867953309753176 971.0571409364296
2020 9 7 224.94603400754056 48.37191471046058 941.9254267083367
2020 9 8 218.19765298731434 46.92075726914676 913.6676639070865
2020 9 9 211.6517233976949 45.513134551072355 886.257633989874
2020 9 10 205.30217169576403 44.14774051454018 859.6699049701778
2020 9 11 199.1431065448911 42.82330829910398 833.8798078210724
2020 9 12 193.16881334854438 41.53860905013086 808.8634135864402
2020 9 13 187.37374894808804 40.29245077862693 784.597511178847
2020 9 14 181.75253647964539 39.08367725526812 761.0595858434815
2020 9 15 176.299960385256 37.911166937610076 738.227798268177
2020 9 16 171.01096157369832 36.77383192948177 716.0809643201317
2020 9 17 165.88063272648736 35.67061697159732 694.5985353905277
2020 9 18 160.90421374469273 34.6004984624494 673.7605793288118
2020 9 19 156.07708733235194 33.562483508575916 653.5477619489474
2020 9 20 151.39477471238138 32.55560900331864 633.9413290904789
2020 9 21 146.85293147100992 31.578940733219078 614.9230892177645
2020 9 22 142.44734352687962 30.631572511222505 596.4753965412316
2020 9 23 138.17392322107324 29.71262533588583 578.5811346449947
2020 9 24 134.02870552444105 28.82124657580925 561.2237006056448
2020 9 25 130.0078443587078 27.956609178534972 544.3869895874755
2020 9 26 126.10760902794658 27.117910903178924 528.0553798998512
2020 9 27 122.32438075710817 26.304373576083556 512.2137185028557
2020 9 28 118.65464933439492 25.515242368801047 496.84730694777005
2020 9 29 115.09500985436307 24.749785097737014 481.94188773933695
2020 9 30 111.64215955873217 24.007291544804904 467.48363110715684
2020 10 1 108.29289477197021 23.287072798460756 453.45912217394215
2020 10 2 105.0441079288111 22.588460614506932 439.85534850872386
2020 10 3 101.89278469094677 21.910806796071725 426.65968805346216
2020 10 4 98.83600115021837 21.253482592189574 413.8598974118583
2020 10 5 95.87092111571181 20.615878114423886 401.44410048950255
2020 10 6 92.99479348224045 19.997401770991168 389.40077747481746
2020 10 7 90.20494967777324 19.397479717861433 377.7187541505729
2020 10 8 87.49880118744004 18.81555532632559 366.38719152605574
2020 10 9 84.87383715181683 18.25108866653582 355.39557578027404
2020 10 10 82.32762203726232 17.703556006539745 344.7337085068658
2020 10 11 79.85779337614444 17.172449326343553 334.3916972516598
2020 10 12 77.4620595748601 16.657275846553247 324.35994633411
2020 10 13 75.1381977876143 16.157557571156648 314.6291479440867
2020 10 14 72.88405185398587 15.672830844021949 305.1902735057641
2020 10 15 70.69753029836629 15.20264591870129 296.03456530059117
2020 10 16 68.5766043894153 14.74656654114025 287.1535283415734
2020 10 17 66.51930625773284 14.304169544906042 278.5389224913262
2020 10 18 64.52372707000085 13.875044458558861 270.1827548165864
2020 10 19 62.58801525790082 13.458793124802094 262.0772721720888
2020 10 20 60.7103748001638 13.05502933105803 254.21495400692612
2020 10 21 58.88906355615888 12.663378451126288 246.58850538671834
2020 10 22 57.12239164947411 12.283477097592499 239.19085022511678
2020 10 23 55.40871989998988 11.914972784664723 232.01512471836327
2020 10 24 53.746458302990185 11.557523601124782 225.05467097681236
2020 10 25 52.13406455390048 11.210797893091039 218.30303084750798
2020 10 26 50.57004261728346 10.874473956298308 211.75393992208274
2020 10 27 49.05294133876496 10.548239737609359 205.40132172442026
2020 10 28 47.58135309860201 10.231792545481078 199.23928207268764
2020 10 29 46.153912505643945 9.924838769116645 193.262103610507
2020 10 30 44.769295130474625 9.627093606043145 187.46424050219179
