2020 6 25 591.9046219530525 574.4679335472296 609.3413103588753
2020 6 26 574.2727188659692 540.9429599383418 608.5988061046559
2020 6 27 557.3189144550677 509.5184466179496 608.0192164213893
2020 6 28 540.1238288130484 479.24127691001365 606.6309011247332
2020 6 29 523.6030486842045 450.8908453875604 605.4072417695007
2020 6 30 507.88626965704873 424.4747399905749 604.5313940011135
2020 7 1 492.52536906341794 399.50940761467723 603.5188758555856
2020 7 2 478.52810146981153 376.7416591344778 603.6097051146527
2020 7 3 464.78304495871186 355.15681181848555 603.5169118176158
2020 7 4 451.3974459011321 334.78162355294177 603.378230786914
2020 7 5 439.0496589249088 316.059141304768 604.1115191943944
2020 7 6 427.5739289024249 298.76832259223227 605.5808543419029
2020 7 7 417.14069243488035 282.94229708367686 608.1054432221367
2020 7 8 407.13230404147265 268.0700803852686 610.8887704419884
2020 7 9 397.3152746537763 253.94747557325425 613.6116583539809
2020 7 10 387.73495963397033 240.5688850368714 616.3466828756806
2020 7 11 378.3856511767957 227.89511223626698 619.0938981030691
2020 7 12 369.2617791071728 215.88902560370846 621.8533583732482
2020 7 13 360.357907561576 204.51544975566847 624.6251182655137
2020 7 14 351.66873174942924 193.74106243613002 627.4092326024355
2020 7 15 343.18907479259303 183.53429688917706 630.2057564509417
2020 7 16 332.89340254881523 178.02826798250175 611.2995837574135
2020 7 17 322.90660047235076 172.6874199430267 592.9605962446911
2020 7 18 313.21940245818024 167.5067973447359 575.1717783573504
2020 7 19 303.8228203844348 162.48159342439382 557.9166250066298
2020 7 20 294.70813577290176 157.607145621662 541.1791262564309
2020 7 21 285.8668916997147 152.87893125301213 524.9437524687379
2020 7 22 277.29088494872326 148.29256331542175 509.19543989467576
2020 7 23 268.97215840026155 143.8437864159591 493.91957669783545
2020 7 24 260.9029936482537 139.5284728234803 479.10198939690036
2020 7 25 253.07590383880608 135.3426186387759 464.72892971499334
2020 7 26 245.4836267236419 131.2823400796126 450.7870618235435
2020 7 27 238.11911792193263 127.34386987722421 437.2634499688372
2020 7 28 230.97554438427466 123.52355378090748 424.1455464697721
2020 7 29 224.0462780527464 119.81784716748025 411.42118007567893
2020 7 30 217.324889711164 116.22331175245584 399.07854467340854
2020 7 31 210.80514301982907 112.73661239988216 387.10618833320626
2020 8 1 204.48098872923418 109.3545140278857 375.4930026832101
2020 8 2 198.34655906735716 106.07387860704912 364.22821260271377
2020 8 3 192.39616229533644 102.89166224883765 353.3013662246323
2020 8 4 186.62427742647634 99.80491238137252 342.7023252378933
2020 8 5 181.02554910368204 96.81076500993134 332.4212554807565
2020 8 6 175.5947826305716 93.9064420596334 322.4486178163338
2020 8 7 170.32693915165444 91.0892487978444 312.7751592818438
2020 8 8 165.2171309771048 88.35657133390907 303.3919045033885
2020 8 9 160.26061704779164 85.7058741938918 294.29014736828685
2020 8 10 155.45279853635788 83.13469796807505 285.46144294723825
2020 8 11 150.78921458026713 80.6406570290328 276.8975996588211
2020 8 12 146.2655381428591 78.2214373181618 268.59067166905646
2020 8 13 141.87757199857333 75.87479419861695 260.53295151898476
2020 8 14 137.62124483861612 73.59855037265844 252.7169629734152
2020 8 15 133.49260749345763 71.39059386147868 245.13545408421274
2020 8 16 129.48782926865388 69.24887604563432 237.78139046168636
2020 8 17 125.60319439059427 67.17140976426529 230.64794874783576
2020 8 18 121.83509855887644 65.15626747133733 223.7285102854007
2020 8 19 118.18004560211014 63.20157944719721 217.01665497683865
2020 8 20 114.63464423404683 61.30553206378129 210.5061553275335
2020 8 21 111.19560490702543 59.466366101867855 204.1909706677075
2020 8 22 107.85973675981467 57.68237511881182 198.06524154767627
2020 8 23 104.62394465702022 55.951903865247466 192.12328430124597
2020 8 24 101.48522631730961 54.27334674929004 186.3595857722086
2020 8 25 98.44066952779032 52.64514634681134 180.76879819904232
2020 8 26 95.48744944195661 51.065791956407 175.34573425307104
2020 8 27 92.62282595869792 49.53381819771479 170.08536222547892
2020 8 28 89.84414117993698 48.04780365178334 164.98280135871454
2020 8 29 87.14881694453886 46.606369542229835 160.0333173179531
2020 8 30 84.5343524362027 45.20817845596294 155.2323177984145
2020 8 31 81.99832186311662 43.85193310228405 150.57534826446206
2020 9 1 79.53837220722312 42.53637510921553 146.0580878165282
2020 9 2 77.15222104100643 41.26028385593906 141.67634518203235
2020 9 3 74.83765440977623 40.02247534026088 137.42605482657137
2020 9 4 72.59252477748295 38.821801080053056 133.30327318177422
2020 9 5 70.41474903415846 37.65714704765146 129.304174986321
2020 9 6 68.30230656313371 36.52743263622192 125.42504973673135
2020 9 7 66.2532373662397 35.43160965713526 121.66229824462941
2020 9 8 64.26564024525251 34.368661367421204 118.01242929729052
2020 9 9 62.337671037894935 33.337601526398565 114.4720564183718
2020 9 10 60.46754090675809 32.337473480606604 111.03789472582065
2020 9 11 58.65351467955534 31.367349276188406 107.70675788404603
2020 9 12 56.89390923916868 30.42632879790275 104.47555514752464
2020 9 13 55.187091961993616 29.51353893396567 101.3412884930989
2020 9 14 53.531479203133806 28.6281327659467 98.30104983830593
2020 9 15 51.92553482703979 27.769288782968296 95.35201834315674
2020 9 16 50.367768782228595 26.936210119479245 92.49145779286204
2020 9 17 48.85673571876173 26.128123815894867 89.71671405907617
2020 9 18 47.39103364719888 25.34428010141802 87.02521263730388
2020 9 19 45.96930263778292 24.583951698375476 84.41445625818476
2020 9 20 44.59022355864943 23.84643314742421 81.88202257043922
2020 9 21 43.25251685188994 23.131040153001482 79.42556189332603
2020 9 22 41.95494134633324 22.43710894841144 77.04279503652626
2020 9 23 40.69629310594325 21.763995679959095 74.73151118543046
2020 9 24 39.47540431276495 21.111075809560322 72.48956584986755
2020 9 25 38.291142183382 20.47774353527351 70.31487887437152
2020 9 26 37.14240791788054 19.863411229215306 68.20543250814036
2020 9 27 36.02813568034412 19.267508892338846 66.15926953289615
2020 9 28 34.9472916099338 18.68948362556868 64.17449144690926
2020 9 29 33.89887286163579 18.12879911680162 62.24925670350198
2020 9 30 32.881906675786716 17.58493514329757 60.38177900239692
2020 10 1 31.895449475513114 17.05738708899864 58.57032563232501
2020 10 2 30.93858599124772 16.545665476328683 56.81321586335525
2020 10 3 30.010428411510286 16.04929551203882 55.108819387454595
2020 10 4 29.110115559164978 15.567816646677656 53.45555480583096
2020 10 5 28.23681209239003 15.100782147277325 51.85188816165603
2020 10 6 27.389707729618326 14.647758682859005 50.29633151680635
2020 10 7 26.568016497729776 14.208325922373234 48.78744157130215
2020 10 8 25.77097600279788 13.782076144702037 47.323818324163085
2020 10 9 24.997846722713945 13.368613860360975 45.90410377443819
2020 10 10 24.247911321032525 12.967555444550145 44.526980661205044
2020 10 11 23.520473981401548 12.57852878121364 43.19117124136889
2020 10 12 22.8148597619595 12.20117291777723 41.895436104127825
2020 10 13 22.130413969100715 11.835137730243913 40.63857302100399
2020 10 14 21.466501550027694 11.480083598336595 39.41941583037387
2020 10 15 20.822506503526863 11.135681090386496 38.23683335546266
2020 10 16 20.19783130842106 10.801610657674901 37.08972835479878
2020 10 17 19.591896369168428 10.477562337944654 35.97703650415482
2020 10 18 19.004139478093375 10.163235467806315 34.89772540903017
2020 10 19 18.434015293750573 9.858338403772125 33.850793646759264
2020 10 20 17.880994834938054 9.56258825165896 32.835269837356485
2020 10 21 17.34456498988991 9.275710604109191 31.85021174223579
2020 10 22 16.824228040193212 8.997439285985916 30.894705389968713
2020 10 23 16.319501198987414 8.727516107406338 29.96786422826965
2020 10 24 15.82991616301779 8.465690624184147 29.06882830142156
2020 10 25 15.355018678127257 8.211719905458622 28.196763452378914
2020 10 26 14.894368117783438 7.965368308294863 27.350860548807546
2020 10 27 14.447537074249935 7.726407259046017 26.53033473234332
2020 10 28 14.014110962022436 7.494615041274636 25.734424690373018
2020 10 29 13.593687633161762 7.269776590036397 24.96239194966183
2020 10 30 13.185877004166908 7.051683292335305 24.213520191171973
