2020 6 25 669.5866028496633 624.1790541282988 714.9941515710278
2020 6 26 678.4436399059342 589.5507059274654 773.5761022011148
2020 6 27 686.4042597310241 555.9627058073729 835.802175386103
2020 6 28 692.6567894002552 522.8291400610146 900.8400841646561
2020 6 29 699.3018876867061 491.923553776062 971.3753998049331
2020 6 30 706.5472228756673 463.22225598721985 1048.1788083769434
2020 7 1 713.4967529493912 435.95238715403633 1130.5046079449296
2020 7 2 721.4365346334962 410.8511804781138 1220.7571252893242
2020 7 3 728.0373068954007 386.3823779938919 1315.799577441385
2020 7 4 735.110022201528 363.589265012796 1418.9853945609466
2020 7 5 742.7857226570926 342.4049977182445 1531.2944208403924
2020 7 6 752.0711558297999 323.16011627740585 1655.6457443535928
2020 7 7 762.8442322870136 305.58624766695186 1793.1146603791824
2020 7 8 774.8137558494875 289.3855328053222 1944.4472629501022
2020 7 9 788.23031448853 274.5140106889577 2111.7119186057844
2020 7 10 801.8791922421415 260.4067360728519 2293.3649639929354
2020 7 11 815.7644119132215 247.0244342790613 2490.644112830889
2020 7 12 829.8900659629204 234.32984895528546 2704.893549075024
2020 7 13 844.2603177168312 222.28763835311537 2937.57308566728
2020 7 14 858.8794025920678 210.86427693654215 3190.2681111379434
2020 7 15 873.7516293455906 200.02796204680442 3464.7003918310124
2020 7 16 847.5390804652228 194.02712318540028 3360.759380076082
2020 7 17 822.1129080512661 188.20630948983828 3259.9365986737994
2020 7 18 797.4495208097281 182.56012020514314 3162.1385007135855
2020 7 19 773.5260351854363 177.08331659898883 3067.274345692178
2020 7 20 750.3202541298732 171.77081710101916 2975.256115321413
2020 7 21 727.8106465059769 166.61769258798859 2885.9984318617703
2020 7 22 705.9763271107976 161.6191618103489 2799.4184789059173
2020 7 23 684.7970372974736 156.77058695603844 2715.4359245387395
2020 7 24 664.2531261785493 152.06746934735727 2633.9728468025774
2020 7 25 644.3255323931928 147.50544526693656 2554.9536613985
2020 7 26 624.995766421397 143.08028190892847 2478.305051556545
2020 7 27 606.245893428755 138.7878734516606 2403.955900009849
2020 7 28 588.0585166258924 134.62423724811077 2331.8372230095533
2020 7 29 570.4167611271156 130.58551013066744 2261.8821063192668
2020 7 30 553.3042582933022 126.66794482674742 2194.025643129689
2020 7 31 536.705130544503 122.86790648194498 2128.204873835798
2020 8 1 520.603976628168 119.18186928748663 2064.358727620724
2020 8 2 504.9858573293229 115.60641320886204 2002.4279657921022
2020 8 3 489.83628160944323 112.13822081259617 1942.3551268183392
2020 8 4 475.14119316115995 108.77407418821828 1884.084473013789
2020 8 5 460.88695736632513 105.51085196257172 1827.5619388233752
2020 8 6 447.06034864533535 102.34552640369456 1772.735080658674
2020 8 7 433.64853818597527 99.27516061158373 1719.5530282389136
2020 8 8 420.639082040396 96.29690579323622 1667.9664373917462
2020 8 9 408.01990957918406 93.40799861943913 1617.9274442699939
2020 8 10 395.77931229180854 90.60575866085595 1569.389620941894
2020 8 11 383.90593292305425 87.88758590103028 1522.3079323136371
2020 8 12 372.3887549353626 85.25095832399937 1476.638694344228
2020 8 13 361.21709228730174 82.69342957427939 1432.3395335139012
2020 8 14 350.3805795186827 80.21262668705101 1389.3693475084842
2020 8 15 339.8691621331222 77.80624788643948 1347.6882670832297
2020 8 16 329.67308726912853 75.4720604498463 1307.2576190707327
2020 8 17 319.7828946510547 73.2078986363509 1268.0398904986107
2020 8 18 310.18940781152304 71.01166167726038 1229.9986937836522
2020 8 19 300.88372557717736 68.88131182694256 1193.0987329701427
2020 8 20 291.857213809862 66.81487247213428 1157.3057709810384
2020 8 21 283.1014973955661 64.81042629797025 1122.5865978516072
2020 8 22 274.6084524736991 62.866113509031145 1088.908999916059
2020 8 23 266.3701988994881 60.98013010376021 1056.2417299185772
2020 8 24 258.37909293250345 59.150726200647405 1024.5544780210198
2020 8 25 250.62772014452835 57.376204414627985 993.8178436803892
2020 8 26 243.1088885401925 55.65491828218914 964.0033083699775
2020 8 27 235.81562188398672 53.98527073372347 935.0832091188781
2020 8 28 228.74115322746712 52.365712611711764 907.0307128453118
2020 8 29 221.8789186306431 50.79474123336041 879.8197914599524
2020 8 30 215.2225510717238 49.2708989963596 853.4251977161538
2020 8 31 208.76587453957208 47.79277202646881 827.8224417846692
2020 9 1 202.5028983033849 46.358988865674746 802.9877685311291
2020 9 2 196.42781135428336 44.9682191997045 778.8981354751952
2020 9 3 190.53497701365487 43.61917262371336 755.5311914109393
2020 9 4 184.8189277032452 42.31059744500196 732.8652556686111
2020 9 5 179.27435987214784 41.0412795216519 710.8792979985527
2020 9 6 173.8961290759834 39.81004113600234 689.5529190585961
2020 9 7 168.67924520370389 38.61573990192227 668.8663314868382
2020 9 8 163.61886784759275 37.4572677048646 648.8003415422331
2020 9 9 158.71030181216497 36.33354967371866 629.3363312959661
2020 9 10 153.94899275780003 35.2435431835071 610.4562413570872
2020 9 11 149.33052297506603 34.186236888001886 592.1425541163745
2020 9 12 144.85060728581405 33.160649781361826 574.3782774928833
2020 9 13 140.50508906723962 32.16583028792097 557.1469291680968
2020 9 14 136.28993639522244 31.20085537928334 540.4325212930539
2020 9 15 132.20123830336576 30.26482971790484 524.2195456542623
2020 9 16 128.2352011542648 29.356884826367693 508.4929592846344
2020 9 17 124.38814511963683 28.47617828157666 493.2381705060954
2020 9 18 120.65650076604773 27.62189293312936 478.4410253909125
2020 9 19 117.0368057430663 26.793236145135477 464.0877946291851
2020 9 20 113.5257015707743 25.98943906078141 450.1651607903095
2020 9 21 110.11993052365106 25.209755888957968 436.66020596660024
2020 9 22 106.81633260794153 24.45346321228923 423.56039978760225
2020 9 23 103.61184262970329 23.71985931592055 410.85358779397416
2020 9 24 100.5034873508122 23.008263536442936 398.5279801601549
2020 9 25 97.48838273028782 22.318015630349645 386.5721407553503
2020 9 26 94.56373124837918 21.648475161439155 374.97497653268977
2020 9 27 91.72681931092781 20.99902090659598 363.7257272367091
2020 9 28 88.97501473159997 20.3690502793981 352.8139554196078
2020 9 29 86.30576428965198 19.757978771016155 342.22953675701956
2020 9 30 83.71659136096241 19.16523940788567 331.96265065430896
2020 10 1 81.20509362013354 18.5902822256491 322.0037711346797
2020 10 2 78.76894081152953 18.03257375887963 312.3436580006393
2020 10 3 76.40587258718364 17.49159654611324 302.9733482606201
2020 10 4 74.11369640956812 16.96684864972984 293.88414781280153
2020 10 5 71.89028551728107 16.457843190237945 285.06762337841747
2020 10 6 69.73357695176264 15.964107894530807 276.51559467706494
2020 10 7 67.64156964320976 15.485184657694882 268.22012683675297
2020 10 8 65.61232255391347 15.020629117964035 260.17352303165035
2020 10 9 63.643952877296066 14.570010244425113 252.36831734070083
2020 10 10 61.73463429097718 14.132909937092359 244.7972678204798
2020 10 11 59.88259526224787 13.708922638979589 237.45334978586538
2020 10 12 58.08611740438043 13.2976549598102 230.32974929228942
2020 10 13 56.34353388224902 12.898725311015895 223.41985681352074
2020 10 14 54.653227865781545 12.511763551685418 216.7172611091151
2020 10 15 53.013631029808096 12.136410645134855 210.21574327584165
2020 10 16 51.423222098913854 11.772318325780809 203.9092709775664
2020 10 17 49.88052543594644 11.419148776007384 197.7919928482394
2020 10 18 48.38410967286804 11.076574312727162 191.8582330627922
2020 10 19 46.932586382682 10.744277083345347 186.10248607090844
2020 10 20 45.52460879120154 10.421948770844986 180.51941148878117
2020 10 21 44.15887052746549 10.109290307719636 175.10382914411773
2020 10 22 42.834104411641526 9.806011598488046 169.8507142697942
2020 10 23 41.54908127929228 9.511831250533405 164.75519284170036
2020 10 24 40.302608840913514 9.226476313017402 159.81253705644934
2020 10 25 39.09353057568611 8.94968202362688 155.01816094475586
2020 10 26 37.92072465841552 8.681191562918073 150.3676161164132
2020 10 27 36.783102918663054 8.42075581603053 145.8565876329208
2020 10 28 35.679609831103164 8.168133141549614 141.48089000393315
2020 10 29 34.60922153617007 7.923089147303125 137.23646330381516
2020 10 30 33.57094489008497 7.685396472884031 133.1193694047007
