2020 6 25 444.4101742624635 403.1016780505345 485.7186704743926
2020 6 26 472.62649982400137 388.90293552576094 564.505629684725
2020 6 27 501.934882808992 374.62878561656083 655.2369681497651
2020 6 28 532.6150390665537 360.5458994961939 759.969475553879
2020 6 29 566.904567386214 348.1662745306444 883.9166401850483
2020 6 30 605.0795723748201 337.2422207190706 1030.6951862992223
2020 7 1 645.108889772841 326.2616501044804 1200.6267394307813
2020 7 2 690.4595274220516 316.99054855606 1403.5501287322013
2020 7 3 735.5241056887924 306.3879003959233 1633.7083055108835
2020 7 4 783.7476384203467 296.23057297094897 1902.0920275303613
2020 7 5 835.3648492556547 286.49765850787986 2215.1285024909575
2020 7 6 892.6068140498372 277.8477090031337 2585.5836320986577
2020 7 7 957.2057217869835 270.5280095811241 3027.941879619727
2020 7 8 1030.0494903395836 264.4100399340528 3557.2739147024404
2020 7 9 1113.6653140063308 259.7725940175693 4197.1985492117865
2020 7 10 1204.0687784932911 255.21648353234886 4952.24041890491
2020 7 11 1301.8108807994038 250.7402819491126 5843.10817777279
2020 7 12 1407.4873459374915 246.34258775825342 6894.235798169319
2020 7 13 1521.7422577983657 242.0220240310197 8134.452725274801
2020 7 14 1645.2719847558126 237.7772379883957 9597.77458689491
2020 7 15 1778.8294239384945 233.60690057754312 11324.336145519097
2020 7 16 1725.4645412203397 226.59869356021682 10984.606061153523
2020 7 17 1673.7006049837294 219.8007327534103 10655.067879318916
2020 7 18 1623.4895868342173 213.20671077080797 10335.415842939348
2020 7 19 1574.7848992291908 206.81050944768373 10025.353367651167
2020 7 20 1527.5413522523152 200.60619416425322 9724.592766621632
2020 7 21 1481.7151116847456 194.58800833932563 9432.854983622983
2020 7 22 1437.2636583342032 188.75036808914587 9149.869334114293
2020 7 23 1394.145748584177 183.0878570464715 8875.373254090864
2020 7 24 1352.3213761266516 177.59522133507735 8609.112056468139
2020 7 25 1311.7517348428519 172.26736469502504 8350.838694774095
2020 7 26 1272.3991827975663 167.09934375417427 8100.313533930872
2020 7 27 1234.2272073136392 162.08636344154903 7857.304127912946
2020 7 28 1197.2003910942299 157.22377253830254 7621.585004075557
2020 7 29 1161.284379361403 152.50705936215346 7392.93745395329
2020 7 30 1126.4458479805608 147.93184758128885 7171.1493303346915
2020 7 31 1092.6524725411439 143.49389215385017 6956.014850424651
2020 8 1 1059.8728983649096 139.18907538923466 6747.334404911911
2020 8 2 1028.0767114139624 135.0134031275576 6544.914372764554
2020 8 3 997.2344100715435 130.96300103373088 6348.566941581617
2020 8 4 967.3173777693971 127.03411100271894 6158.109933334169
2020 8 5 938.2978564363152 123.22308767263738 5973.366635334144
2020 8 6 910.1489207432257 119.52639504245825 5794.16563627412
2020 8 7 882.844453120929 115.9406031911845 5620.340667185896
2020 8 8 856.3591195273011 112.46238509544895 5451.730447170318
2020 8 9 830.668345941482 109.08851354258547 5288.178533755208
2020 8 10 805.7482955632375 105.81585813630791 5129.533177742552
2020 8 11 781.5758466963404 102.64138239221867 4975.6471824102755
2020 8 12 758.1285712954501 99.56214092045211 4826.377766937967
2020 8 13 735.3847141565866 96.57527669283854 4681.586433929828
2020 8 14 713.323172731889 93.67801839205339 4541.138840911933
2020 8 15 691.9234775499324 90.86767784029179 4404.904675684575
2020 8 16 671.1657732234344 88.14164750508303 4272.757535414037
2020 8 17 651.0308000267313 85.49739807993053 4144.574809351616
2020 8 18 631.4998760259293 82.93247613753262 4020.2375650710674
2020 8 19 612.5548797451514 80.44450185340663 3899.630438118935
2020 8 20 594.1782333527968 78.03116679780443 3782.6415249753672
2020 8 21 576.3528863522129 75.6902317938703 3669.162279226106
2020 8 22 559.0622997616465 73.41952484005418 3559.0874108493226
2020 8 23 542.2904307687971 71.21693909485255 3452.3147885238427
2020 8 24 526.0217178457332 69.08043092200697 3348.745344868127
2020 8 25 510.2410663103612 67.00801799434676 3248.282984522083
2020 8 26 494.93383432105037 64.99777745451635 3150.8344949864204
2020 8 27 480.08581929141883 63.04784413088086 3056.3094601368275
2020 8 28 465.68324471267624 61.15640880695443 2964.6201763327226
2020 8 29 451.71274737129596 59.3217165427458 2875.681571042741
2020 8 30 438.16136495015706 57.54206504646342 2789.4111239114586
2020 8 31 425.01652400165233 55.81580309506952 2705.728790194115
2020 9 1 412.26602828160276 54.14132900221743 2624.5569264882915
2020 9 2 399.89804743315466 52.51708913215091 2545.820218693643
2020 9 3 387.90110601016 50.941576458186375 2469.4456121328335
2020 9 4 376.2640728298552 49.41332916444078 2395.3622437688487
2020 9 5 364.97615064495955 47.93092928950756 2323.501376455783
2020 9 6 354.02686612561075 46.49300141082233 2253.7963351621092
2020 9 7 343.40606014184243 45.09821136849766 2186.1824451072457
2020 9 8 333.10387833758716 43.74526502744273 2120.5969717540283
2020 9 9 323.1107619874595 42.43290707661944 2056.9790626014073
2020 9 10 313.41743912783573 41.15991986432086 1995.269690723365
2020 9 11 304.0149159540006 39.925122268391235 1935.411600001664
2020 9 12 294.8944684753806 38.727368600339496 1877.349252001614
2020 9 13 286.0476344211192 37.56554754232931 1821.0287744415657
2020 9 14 277.4662053884856 36.43858111605943 1766.3979112083186
2020 9 15 269.142219226831 35.345423682577646 1713.4059738720691
2020 9 16 261.0679526500261 34.28506097210032 1662.003794655907
2020 9 17 253.2359140705253 33.25650914293731 1612.1436808162298
2020 9 18 245.63883664840952 32.25881386864919 1563.7793703917428
2020 9 19 238.26967154895723 31.291049452589714 1516.8659892799903
2020 9 20 231.12158140248852 30.352317969012024 1471.3600096015905
2020 9 21 224.18793396041386 29.44174842994166 1427.2192093135427
2020 9 22 217.46229594160144 28.55849597704341 1384.4026330341364
2020 9 23 210.9384270633534 27.701741097732107 1342.8705540431124
2020 9 24 204.6102742514528 26.870688864800144 1302.584437421819
2020 9 25 198.4719660239092 26.06456819885614 1263.5069042991645
2020 9 26 192.5178070431919 25.282631152890456 1225.6016971701895
2020 9 27 186.74227283189614 24.52415221830374 1188.8336462550837
2020 9 28 181.14000464693925 23.788427651754628 1153.1686368674311
2020 9 29 175.70580450753107 23.074774822201988 1118.5735777614082
2020 9 30 170.43463037230512 22.38253157753593 1085.0163704285658
2020 10 1 165.32159146113597 21.71105563020985 1052.465879315709
2020 10 2 160.36194371730187 21.059723961303554 1020.8919029362376
2020 10 3 155.5510854057828 20.427932242464447 990.2651458481504
2020 10 4 150.8845528436093 19.815094275190514 960.5571914727059
2020 10 5 146.358016258301 19.2206414469348 931.7404757285246
2020 10 6 141.96727577055196 18.644022203526756 903.7882614566689
2020 10 7 137.7082574974354 18.08470153742095 876.6746136129689
2020 10 8 133.57700977251233 17.542160491298322 850.3743752045798
2020 10 9 129.56969947933695 17.01589567655937 824.8631439484424
2020 10 10 125.68260849495684 16.50541880626259 800.117249629989
2020 10 11 121.91213024010813 16.01025624207471 776.1137321410894
2020 10 12 118.25476633290488 15.529948554812469 752.8303201768566
2020 10 13 114.70712334291773 15.064050098168094 730.2454105715509
2020 10 14 111.26590964263019 14.612128595223052 708.3380482544044
2020 10 15 107.92793235335128 14.17376473736636 687.0879068067723
2020 10 16 104.69009438275074 13.748551795245369 666.475269602569
2020 10 17 101.54939155126822 13.336095241388009 646.4810115144919
2020 10 18 98.50290980473017 12.936012384146368 627.0865811690571
2020 10 19 95.54782251058826 12.547932012621976 608.2739837339853
2020 10 20 92.68138783527061 12.171494052243316 590.0257642219658
2020 10 21 89.90094620021249 11.806349230676016 572.3249912953069
2020 10 22 87.20391781420611 11.452158753755736 555.1552415564477
2020 10 23 84.58780027977993 11.108593991143064 538.5005843097542
2020 10 24 82.05016627138653 10.775336171408771 522.3455667804616
2020 10 25 79.58866128324493 10.452076086266507 506.67519977704774
2020 10 26 77.20100144474758 10.138513803678512 491.4749437837363
2020 10 27 74.88497140140515 9.834358389568155 476.7306954702242
2020 10 28 72.638422259363 9.53932763788111 462.42877460611743
2020 10 29 70.4592695915821 9.253147808744677 448.5559113679339
2020 10 30 68.34549150383464 8.975553374482336 435.0992340268959
