2020 6 25 213.6392784761494 200.52712426928505 226.75143268301372
2020 6 26 226.6644334266112 199.71272822001072 255.32148586761798
2020 6 27 239.83467508422046 198.3297824770496 286.7601994817333
2020 6 28 252.7400546273779 196.10456730012177 320.8384192532665
2020 6 29 267.0635615164119 194.46584411026146 359.8851399391959
2020 6 30 281.81646806108483 192.5623980751948 403.16868257206653
2020 7 1 296.98086612222113 190.40189164317607 451.0807393865116
2020 7 2 313.3864399061532 188.5382238748049 505.3324165116123
2020 7 3 329.3522514396995 185.88300764561419 563.9385141571693
2020 7 4 346.6029919469072 183.53131387123778 630.1488641921434
2020 7 5 365.2535192749427 181.47213415567967 705.0349589902808
2020 7 6 386.4764215292603 180.21549859903055 791.8486170273782
2020 7 7 410.6846454440012 179.784610494852 892.9419894101115
2020 7 8 437.3695935778575 179.77516857078882 1009.0297982470295
2020 7 9 467.32258792266606 180.39631793914515 1143.7490547837508
2020 7 10 499.3268951236813 181.01961346895902 1296.4551716821159
2020 7 11 533.5229981117782 181.64506257553057 1469.5496404139924
2020 7 12 570.061000707111 182.2726726997809 1665.75458435551
2020 7 13 609.1012864999469 182.90245130834057 1888.155567524562
2020 7 14 650.8152228545573 183.5344058936384 2140.2501188693236
2020 7 15 695.3859131263943 184.16854397399067 2426.002735211894
2020 7 16 674.5243357326024 178.64348765477095 2353.222653155537
2020 7 17 654.2886056606243 173.28418302512782 2282.625973560871
2020 7 18 634.6599474908055 168.08565753437398 2214.1471943540446
2020 7 19 615.6201490660814 163.04308780834276 2147.722778523423
2020 7 20 597.1515445940989 158.15179517409248 2083.2910951677204
2020 7 21 579.2369982562759 153.4072413188697 2020.7923623126887
2020 7 22 561.8598883085876 148.8050240793036 1960.168591443308
2020 7 23 545.00409165933 144.34087335692448 1901.3635337000087
2020 7 24 528.6539689095501 140.01064715621675 1844.3226276890084
2020 7 25 512.7943498422636 135.81032774153024 1788.9929488583382
2020 7 26 497.41051934699567 131.73601790928433 1735.323160392588
2020 7 27 482.4882037665858 127.7839373720058 1683.2634655808104
2020 7 28 468.01355765358824 123.95041925084561 1632.765561613386
2020 7 29 453.9731509239806 120.23190667332024 1583.7825947649842
2020 7 30 440.35395639626114 116.62494947312062 1536.2691169220345
2020 7 31 427.14333770437327 113.126200988927 1490.1810434143736
2020 8 1 414.32903757324203 109.73241495925919 1445.4756121119424
2020 8 2 401.8991664460448 106.4404425104814 1402.111343748584
2020 8 3 389.8421914526634 103.24722923516696 1360.0480034361265
2020 8 4 378.1469257090835 100.14981235811194 1319.2465633330426
2020 8 5 366.802517937811 97.14531798736859 1279.6691664330513
2020 8 6 355.7984423996767 94.23095844774753 1241.2790914400598
2020 8 7 345.1244891276864 91.4040296943151 1204.040718696858
2020 8 8 334.7707544538558 88.66190880348564 1167.9194971359523
2020 8 9 324.7276318202401 86.00205153938107 1132.8819122218736
2020 8 10 314.9858028656329 83.42198999319963 1098.8954548552174
2020 8 11 305.5362287796639 80.91933029340365 1065.9285912095609
2020 8 12 296.37014191627395 78.49175038460153 1033.950733473274
2020 8 13 287.4790376587857 76.13699787306348 1002.9322114690758
2020 8 14 278.85466652902215 73.85288793687157 972.8442451250035
2020 8 15 270.4890265331515 71.63730129876542 943.6589177712533
2020 8 16 262.374355737157 69.48818225980246 915.3491502381157
2020 8 17 254.50312506504227 67.40353679200838 887.8886757309722
2020 8 18 246.868031313091 65.38143068824813 861.252015459043
2020 8 19 239.46199037369826 63.41998776760069 835.4144549952717
2020 8 20 232.2781306624873 61.51738813457266 810.3520213454136
2020 8 21 225.3097867426127 59.67186649053548 786.0414607050512
2020 8 22 218.5504931403343 57.88171049581941 762.4602168838996
2020 8 23 211.99397834612427 56.14525918094483 739.5864103773827
2020 8 24 205.63415899574053 54.46090140551648 717.3988180660612
2020 8 25 199.46513422586833 52.82707436335099 695.8768535240793
2020 8 26 193.48118019909228 51.242262132450456 675.0005479183568
2020 8 27 187.6767447931195 49.70499426847694 654.7505314808061
2020 8 28 182.0464424493259 48.213844440422626 635.1080155363819
2020 8 29 176.5850491758461 46.76742910720995 616.0547750702905
2020 8 30 171.28749770057073 45.36440623399365 597.5731318181818
2020 8 31 166.1488727695536 44.003474046973835 579.6459378636363
2020 9 1 161.16440658646698 42.68336982556462 562.2565597277272
2020 9 2 156.32947438887297 41.40286873079768 545.3888629358954
2020 9 3 151.63959015720678 40.16078266887374 529.0271970478185
2020 9 4 147.09040245249057 38.95595918880753 513.156381136384
2020 9 5 142.67769037891586 37.78728041314331 497.7616897022924
2020 9 6 138.3973596675484 36.65366200074901 482.82883901122364
2020 9 7 134.24543887752193 35.55405214072654 468.3439738408869
2020 9 8 130.21807571119626 34.48743057650474 454.2936546256603
2020 9 9 126.31153343986037 33.4528076592096 440.66484498689044
2020 9 10 122.52218743666455 32.44922342943331 427.4448996372837
2020 9 11 118.8465218135646 31.47574672655031 414.62155264816516
2020 9 12 115.28112615915767 30.5314743247538 402.1829060687202
2020 9 13 111.82269237438294 29.615530095011184 390.1174188866586
2020 9 14 108.46801160315145 28.72706419216085 378.4138963200588
2020 9 15 105.2139712550569 27.865252266396023 367.06147943045704
2020 9 16 102.0575521174052 27.029294698404144 356.04963504754335
2020 9 17 98.99582555388304 26.21841585745202 345.36814599611705
2020 9 18 96.02595078726654 25.43186338172846 335.0071016162335
2020 9 19 93.14517226364853 24.668907480276605 324.9568885677465
2020 9 20 90.35081709573907 23.928840255868305 315.2081819107141
2020 9 21 87.6402925828669 23.210975048192257 305.75193645339266
2020 9 22 85.01108380538089 22.51464579674649 296.5793783597909
2020 9 23 82.46075129121947 21.839206422844093 287.68199700899714
2020 9 24 79.98692875248288 21.18403023015877 279.05153709872724
2020 9 25 77.5873208899084 20.548509323254006 270.6799909857654
2020 9 26 75.25970126321114 19.932054043556384 262.55959125619245
2020 9 27 73.0019102253148 19.334092422249693 254.68280351850666
2020 9 28 70.81185291855536 18.754069649582203 247.04231941295146
2020 9 29 68.6874973309987 18.191447560094737 239.63104983056292
2020 9 30 66.62687241106873 17.645704133291893 232.44211833564603
2020 10 1 64.62806623873666 17.116333009293136 225.46885478557664
2020 10 2 62.689224251574565 16.60284301901434 218.70478914200933
2020 10 3 60.808547524027325 16.10475772844391 212.14364546774905
2020 10 4 58.98429109830651 15.621614996590592 205.7793361037166
2020 10 5 57.21476236535731 15.152966546692873 199.60595602060508
2020 10 6 55.49831949439659 14.698377550292086 193.61777733998693
2020 10 7 53.83336990956469 14.257426223783323 187.80924401978731
2020 10 8 52.218368812277745 13.829703437069822 182.1749666991937
2020 10 9 50.65181774790941 13.414812333957727 176.7097176982179
2020 10 10 49.13226321547213 13.012367963938994 171.40842616727136
2020 10 11 47.65829531900796 12.621996925020824 166.2661733822532
2020 10 12 46.22854645943772 12.243337017270198 161.2781881807856
2020 10 13 44.84169006565459 11.876036906752091 156.43984253536203
2020 10 14 43.49643936368495 11.519755799549529 151.74664725930117
2020 10 15 42.1915461827744 11.174163125563043 147.19424784152213
2020 10 16 40.92579979729117 10.838938231796151 142.77842040627647
2020 10 17 39.69802580337243 10.513770084842266 138.49506779408816
2020 10 18 38.50708502927126 10.198356982296998 134.34021576026552
2020 10 19 37.35187247839312 9.892406272828088 130.31000928745755
2020 10 20 36.23131630404132 9.595634084643246 126.40070900883381
2020 10 21 35.14437681492008 9.307765062103948 122.60868773856879
2020 10 22 34.09004551047248 9.02853211024083 118.93042710641173
2020 10 23 33.0673441451583 8.757676146933605 115.36251429321938
2020 10 24 32.075323820803554 8.494945862525597 111.9016388644228
2020 10 25 31.113064106179447 8.240097486649828 108.5445896984901
2020 10 26 30.179672182994064 7.992894562050333 105.28825200753539
2020 10 27 29.27428201750424 7.753107725188823 102.12960444730933
2020 10 28 28.396053556979112 7.520514493433158 99.06571631389005
2020 10 29 27.54417195026974 7.294899058630163 96.09374482447335
2020 10 30 26.717846791761644 7.0760520868712575 93.21093247973914
