2020 6 25 488.02713345056617 463.333232247651 512.7210346534814
2020 6 26 480.1249648934809 432.7695513086943 529.938544002678
2020 6 27 472.33317517302197 404.2061569646718 547.7148317332924
2020 6 28 464.425797985925 377.32085900847636 565.8067425385719
2020 6 29 456.7187949590933 352.279048125338 584.5790975658631
2020 6 30 449.2316302112342 328.97011552567625 604.091965157605
2020 7 1 441.8507625486162 307.1914031959611 624.234048420441
2020 7 2 434.7448030186378 286.96131736461155 645.2647830258815
2020 7 3 427.6417351734469 267.9899597269522 666.838726205986
2020 7 4 420.68602586582807 250.29243937439068 689.1827934516567
2020 7 5 413.94354019747504 233.82317592849546 712.4395197759949
2020 7 6 407.4833579172788 218.53601339817138 736.7809364193402
2020 7 7 401.3241025946365 204.35563115800474 762.3158267163606
2020 7 8 395.3384931024815 191.13640125037213 788.888687404983
2020 7 9 389.5358517367366 178.81758780397817 816.5747926673399
2020 7 10 383.818379529591 167.29272654949702 845.2325437865031
2020 7 11 378.184826397657 156.51064696748 874.8960407437484
2020 7 12 372.63396060583733 146.42347649783585 905.6005802616486
2020 7 13 367.1645684980158 136.98642798510113 937.382697803796
2020 7 14 361.77545423169977 128.15760082294352 970.2802110485069
2020 7 15 356.4654395165584 119.89779491497708 1004.33226488824
2020 7 16 345.7714763310616 116.30086106752776 974.2022969415929
2020 7 17 335.3983320411297 112.81183523550193 944.976228033345
2020 7 18 325.3363820798958 109.42748017843687 916.6269411923447
2020 7 19 315.57629061749896 106.14465577308376 889.1281329565743
2020 7 20 306.109001898974 102.96031609989124 862.454288967877
2020 7 21 296.9257318420048 99.87150661689451 836.5806602988407
2020 7 22 288.0179598867446 96.87536141838767 811.4832404898755
2020 7 23 279.37742109014226 93.96910057583604 787.1387432751792
2020 7 24 270.996098457438 91.15002755856095 763.5245809769237
2020 7 25 262.86621550371484 88.41552673180412 740.618843547616
2020 7 26 254.9802290386034 85.76306092985 718.4002782411876
2020 7 27 247.3308221674453 83.1901691019545 696.848269893952
2020 7 28 239.91089750242193 80.69446402889587 675.9428217971334
2020 7 29 232.71357057734926 78.27363010802898 655.6645371432194
2020 7 30 225.73216346002877 75.92542120478811 635.9946010289228
2020 7 31 218.9601985562279 73.64765856864446 616.9147629980552
2020 8 1 212.39139259954106 71.43822881158512 598.4073201081135
2020 8 2 206.01965082155482 69.29508194723756 580.4551005048701
2020 8 3 199.83906129690817 67.21622948882043 563.041447489724
2020 8 4 193.84388945800092 65.19974260415582 546.1502040650322
2020 8 5 188.02857277426088 63.24375032603114 529.7656979430812
2020 8 6 182.38771559103304 61.3464378162502 513.8727270047888
2020 8 7 176.91608412330206 59.506044681762695 498.4565451946451
2020 8 8 171.608601599603 57.720863341309816 483.50284883880573
2020 8 9 166.4603435516149 55.98923744107052 468.99776337364153
2020 8 10 161.46653324506644 54.309560317838404 454.9278304724323
2020 8 11 156.62253724771443 52.68027350830325 441.2799955582593
2020 8 12 151.923861130283 51.09986530305415 428.04159569151153
2020 8 13 147.3661452963745 49.56686934396252 415.2003478207662
2020 8 14 142.94516093748325 48.079863263643645 402.7443373861432
2020 8 15 138.65680610935874 46.63746736573434 390.6620072645589
2020 8 16 134.497101926078 45.238343344762306 378.9421470466221
2020 8 17 130.46218886829564 43.88119304441943 367.5738826352234
2020 8 18 126.54832320224676 42.564757253086846 356.5466661561667
2020 8 19 122.75187350617935 41.28781453549424 345.8502661714817
2020 8 20 119.06931730099397 40.049180099429414 335.4747581863372
2020 8 21 115.49723778196415 38.84770469644653 325.4105154407471
2020 8 22 112.03232064850522 37.68227355555313 315.64819997752465
2020 8 23 108.67135102905006 36.55180534888654 306.1787539781989
2020 8 24 105.41121049817855 35.45525118841994 296.99339135885293
2020 8 25 102.24887418323318 34.39159365276734 288.08358961808733
2020 8 26 99.18140795773618 33.35984584318432 279.4410819295447
2020 8 27 96.2059657190041 32.359050467888785 271.05784947165836
2020 8 28 93.31978674743397 31.388278953852122 262.9261139875086
2020 8 29 90.52019314501095 30.44663058523656 255.03833056788332
2020 8 30 87.80458735066063 29.533231667679463 247.3871806508468
2020 8 31 85.1704497301408 28.647234717649077 239.9655652313214
2020 9 1 82.61533623823658 27.787817676119605 232.76659827438175
2020 9 2 80.13687615108948 26.954183145836016 225.7836003261503
2020 9 3 77.7327698665568 26.145557651460933 219.01009231636579
2020 9 4 75.40078677056009 25.361190921917103 212.4397895468748
2020 9 5 73.13876316744329 24.60035519425959 206.06659586046857
2020 9 6 70.94460027241999 23.8623445384318 199.8845979846545
2020 9 7 68.81626226424738 23.146474202278846 193.88806004511486
2020 9 8 66.75177439631996 22.45207997621048 188.0714182437614
2020 9 9 64.74922116443035 21.778517576924166 182.42927569644854
2020 9 10 62.80674452949744 21.125162049616442 176.95639742555508
2020 9 11 60.92254219361252 20.491407188127948 171.64770550278843
2020 9 12 59.09486592780414 19.876664972484107 166.49827433770477
2020 9 13 57.32201994997002 19.280365023309585 161.50332610757363
2020 9 14 55.602359351470916 18.701954072610295 156.6582263243464
2020 9 15 53.93428857092679 18.140895450431987 151.958479534616
2020 9 16 52.31625991379899 17.596668586919026 147.39972514857752
2020 9 17 50.74677211638502 17.068768529311455 142.97773339412018
2020 9 18 49.224368952893464 16.55670547343211 138.68840139229658
2020 9 19 47.747637884306656 16.060004309229146 134.52774935052767
2020 9 20 46.315208747777454 15.578204179952271 130.49191687001183
2020 9 21 44.92575248534413 15.110858054553702 126.57715936391148
2020 9 22 43.5779799107838 14.657532312917091 122.77984458299413
2020 9 23 42.270640513460286 14.217806343529578 119.0964492455043
2020 9 24 41.00252129805648 13.791272153223689 115.52355576813918
2020 9 25 39.77244565911478 13.377533988626977 112.057849095095
2020 9 26 38.57927228934133 12.976207968968168 108.69611362224214
2020 9 27 37.42189412066109 12.586921729899123 105.43523021357487
2020 9 28 36.29923729704126 12.209314078002148 102.27217330716762
2020 9 29 35.21026017813002 11.843034655662082 99.20400810795259
2020 9 30 34.15395237278612 11.487743615992219 96.227887864714
2020 10 1 33.129333801602534 11.143111307512452 93.34105122877259
2020 10 2 32.13545378755446 10.808817968287078 90.5408196919094
2020 10 3 31.171390173927826 10.484553429238465 87.82459510115213
2020 10 4 30.23624846870999 10.17001682636131 85.18985724811756
2020 10 5 29.32916101464869 9.86491632157047 82.63416153067404
2020 10 6 28.449286184209228 9.568968831923357 80.15513668475381
2020 10 7 27.59580759868295 9.281899766965656 77.7504825842112
2020 10 8 26.76793337072246 9.003442773956687 75.41796810668487
2020 10 9 25.964895369600786 8.733339490737986 73.15542906348432
2020 10 10 25.185948508512762 8.471339306015846 70.9607661915798
2020 10 11 24.430370053257377 8.21719912683537 68.8319432058324
2020 10 12 23.697458951659655 7.970683153030309 66.76698490965742
2020 10 13 22.986535183109865 7.731562658439399 64.7639753623677
2020 10 14 22.296939127616568 7.499615778686217 62.82105610149667
2020 10 15 21.62803095378807 7.27462730532563 60.93642441845177
2020 10 16 20.97919002517443 7.0563884861658615 59.108331685898214
2020 10 17 20.349814324419196 6.844696831580886 57.33508173532127
2020 10 18 19.73931989468662 6.639355926633459 55.61502928326163
2020 10 19 19.147140297846022 6.440175248834455 53.94657840476378
2020 10 20 18.572726088910642 6.246969991369421 52.32818105262086
2020 10 21 18.01554430624332 6.0595608916283386 50.758335621042235
2020 10 22 17.47507797705602 5.877774064879488 49.23558555241097
2020 10 23 16.95082563774434 5.701440842933104 47.75851798583864
2020 10 24 16.442300868612012 5.53039761764511 46.325762446263475
2020 10 25 15.949031842553651 5.364485689115757 44.93598957287557
2020 10 26 15.470560887277042 5.203551118442284 43.5879098856893
2020 10 27 15.00644406065873 5.047444584889015 42.28027258911862
2020 10 28 14.556250738838967 4.896021247342344 41.01186441144506
2020 10 29 14.119563216673798 4.749140609922073 39.78150847910171
2020 10 30 13.695976320173584 4.606666391624411 38.58806322472866
