2020 6 25 54.7613992235436 49.9729651786311 59.54983326845609
2020 6 26 52.831503044877515 43.995966735141316 62.4749701005182
2020 6 27 50.96496318144067 38.729966943879994 65.53828511684551
2020 6 28 49.167762514382865 34.0968487310088 68.75616748640134
2020 6 29 47.43085542282553 30.01583552204814 72.12773578444083
2020 6 30 45.75400583630336 26.422451028026057 75.66265632689085
2020 7 1 44.137335085750344 23.25977076248755 79.37230248211462
2020 7 2 42.57113057385424 20.472144664359423 83.25185639442552
2020 7 3 41.0634211214181 18.020012207490637 87.32674248253394
2020 7 4 39.612406923350335 15.863040865714435 91.60809325238519
2020 7 5 38.21041546084743 13.963354998984276 96.09414111088016
2020 7 6 36.851981711761155 12.28895142481052 100.78462407203162
2020 7 7 35.537402744397326 10.813852089087238 105.69191455266132
2020 7 8 34.26752451593273 9.515148466489995 110.83162379476374
2020 7 9 33.04196637274591 8.372120789323246 116.21785349680331
2020 7 10 31.860239605870888 7.36640177059419 121.8658448640591
2020 7 11 30.7207766115509 6.481496912349207 127.78831907129843
2020 7 12 29.622065850468523 5.702893153681964 133.99861552089405
2020 7 13 28.562649842633512 5.017820846345927 140.51072188764132
2020 7 14 27.541123233982294 4.4150443235584245 147.33930562370304
2020 7 15 26.55613093212445 3.884677627177615 154.49974699464116
2020 7 16 25.759447004160716 3.7681372983622867 149.86475458480191
2020 7 17 24.986663594035893 3.655093179411418 145.36881194725785
2020 7 18 24.237063686214814 3.5454403840290754 141.00774758884012
2020 7 19 23.50995177562837 3.439077172508203 136.7775151611749
2020 7 20 22.80465322235952 3.335904857332957 132.67418970633966
2020 7 21 22.120513625688734 3.235827711612968 128.69396401514948
2020 7 22 21.45689821691807 3.1387528802645788 124.83314509469498
2020 7 23 20.813191270410528 3.044590293856641 121.08815074185414
2020 7 24 20.18879553229821 2.953252585040942 117.4555062195985
2020 7 25 19.583131666329265 2.8646550074897137 113.93184103301054
2020 7 26 18.995637716339388 2.778715357265022 110.51388580202023
2020 7 27 18.425768584849205 2.695353896547071 107.19846922795962
2020 7 28 17.87299552730373 2.614493279650659 103.98251515112082
2020 7 29 17.336805661484618 2.536058481261139 100.8630396965872
2020 7 30 16.816701491640078 2.459976726823305 97.83714850568957
2020 7 31 16.312200446890877 2.3861774250186056 94.90203405051888
2020 8 1 15.82283443348415 2.3145921022680476 92.0549730290033
2020 8 2 15.348149400479626 2.245154339200006 89.2933238381332
2020 8 3 14.887704918465236 2.177799709024006 86.61452412298921
2020 8 4 14.441073770911279 2.112465717753286 84.01608839929953
2020 8 5 14.00784155778394 2.0490917462206872 81.49560574732054
2020 8 6 13.587606311050422 1.9876189938340665 79.05073757490092
2020 8 7 13.179978121718909 1.9279904240190444 76.67921544765389
2020 8 8 12.784578778067342 1.870150711298473 74.37883898422427
2020 8 9 12.401041414725322 1.8140461899595188 72.14747381469755
2020 8 10 12.029010172283561 1.7596248042607332 69.98304960025662
2020 8 11 11.668139867115054 1.7068360601329111 67.88355811224892
2020 8 12 11.318095671101602 1.6556309783289238 65.84705136888145
2020 8 13 10.978552800968554 1.605962048979056 63.87163982781501
2020 8 14 10.649196216939497 1.5577831875096844 61.955490632980556
2020 8 15 10.329720330431313 1.5110496918843939 60.09682591399114
2020 8 16 10.019828720518372 1.465718201127862 58.293921136571406
2020 8 17 9.719233858902822 1.421746655094026 56.54510350247426
2020 8 18 9.427656843135736 1.3790942554412053 54.84875039740003
2020 8 19 9.144827137841665 1.3377214277779692 53.20328788547803
2020 8 20 8.870482323706414 1.29758978494463 51.607189248913684
2020 8 21 8.604367853995221 1.2586620913962911 50.05897357144627
2020 8 22 8.346236818375365 1.2209022286544025 48.55720436430288
2020 8 23 8.095849713824103 1.1842751617947704 47.100488233373795
2020 8 24 7.8529742224093795 1.1487469069409273 45.68747358637258
2020 8 25 7.617384995737098 1.1142844997326995 44.316849378781406
2020 8 26 7.388863445864985 1.0808559647407185 42.987343897417965
2020 8 27 7.167197542489035 1.048430285798497 41.69772358049543
2020 8 28 6.9521816162143635 1.016977377224542 40.446791873080564
2020 8 29 6.743616167727932 0.9864680559078057 39.23338811688814
2020 8 30 6.541307682696094 0.9568740142305715 38.0563864733815
2020 8 31 6.345068452215211 0.9281677938036543 36.914694879180054
2020 9 1 6.1547163986487545 0.9003227599895447 35.80725403280465
2020 9 2 5.970074906689292 0.8733130771898583 34.73303641182051
2020 9 3 5.790972659488613 0.8471136848741625 33.69104531946589
2020 9 4 5.617243479703954 0.8217002743279376 32.680313959881914
2020 9 5 5.448726175312835 0.7970492660980995 31.699904541085456
2020 9 6 5.28526439005345 0.7731377881151564 30.74890740485289
2020 9 7 5.126706458351846 0.7499436544717017 29.8264401827073
2020 9 8 4.97290526460129 0.7274453448375506 28.93164697722608
2020 9 9 4.823718106663251 0.7056219844924241 28.063697567909298
2020 9 10 4.6790065634633535 0.6844533249576513 27.22178664087202
2020 9 11 4.5386363665594525 0.6639197252089217 26.405133041645858
2020 9 12 4.402477275562669 0.6440021334526541 25.612979050396483
2020 9 13 4.270402957295789 0.6246820694490745 24.84458967888459
2020 9 14 4.142290868576915 0.6059416073656022 24.09925198851805
2020 9 15 4.018022142519608 0.5877633591446342 23.376274428862505
2020 9 16 3.8974814782440195 0.5701304583702952 22.67498619599663
2020 9 17 3.7805570338966987 0.5530265446191863 21.994736610116732
2020 9 18 3.667140322879798 0.5364357482806107 21.33489451181323
2020 9 19 3.5571261131934038 0.5203426758321924 20.69484767645883
2020 9 20 3.4504123297976017 0.5047323955572266 20.074002246165065
2020 9 21 3.3468999599036735 0.4895904236905098 19.471782178780114
2020 9 22 3.246492961106563 0.47490271097979453 18.88762871341671
2020 9 23 3.149098172273366 0.4606556296504007 18.320999852014207
2020 9 24 3.054625227105165 0.44683596076088866 17.77136985645378
2020 9 25 2.96298647029201 0.433430881938062 17.238228760760165
2020 9 26 2.8740968761832497 0.4204279554799201 16.72108189793736
2020 9 27 2.787873969897752 0.4078151168155225 16.219449440999238
2020 9 28 2.7042377508008197 0.39558066331105685 15.73286595776926
2020 9 29 2.623110618276795 0.38371324341172514 15.260879979036181
2020 9 30 2.544417299728491 0.37220184610937335 14.803053579665095
2020 10 1 2.4680847807366364 0.36103579072609215 14.358961972275141
2020 10 2 2.394042237314537 0.3502047170043094 13.928193113106886
2020 10 3 2.322220970195101 0.3396985754941801 13.510347319713679
2020 10 4 2.252554341089248 0.3295076182293547 13.105036900122268
2020 10 5 2.1849777108565704 0.31962238968247403 12.7118857931186
2020 10 6 2.1194283795308735 0.3100337179919998 12.330529219325042
2020 10 7 2.055845528144947 0.3007327064522398 11.96061334274529
2020 10 8 1.9941701623005985 0.2917107252586726 11.60179494246293
2020 10 9 1.9343450574315806 0.2829594035009124 11.253741094189042
2020 10 10 1.8763147057086331 0.274470621395885 10.91612886136337
2020 10 11 1.820025264537374 0.26623650275400845 10.588644995522468
2020 10 12 1.7654245066012528 0.2582494076713882 10.270985645656793
2020 10 13 1.712461771403215 0.25050192544124655 9.962856076287089
2020 10 14 1.6610879182611187 0.24298686767800914 9.663970393998476
2020 10 15 1.6112552807132852 0.23569726164766885 9.37405128217852
2020 10 16 1.5629176222918866 0.2286263437982388 9.092829743713164
2020 10 17 1.51603009362313 0.2217675534842916 8.820044851401768
2020 10 18 1.470549190814436 0.21511452687976285 8.555443505859715
2020 10 19 1.4264327150900027 0.20866109107336994 8.298780200683924
2020 10 20 1.3836397336373025 0.20240125834116884 8.049816794663405
2020 10 21 1.3421305416281835 0.19632922059093377 7.808322290823503
2020 10 22 1.3018666253793378 0.19043934397320575 7.5740726220987975
2020 10 23 1.2628106266179577 0.18472616365400957 7.346850443435834
2020 10 24 1.224926307819419 0.17918437874438928 7.126444930132759
2020 10 25 1.1881785185848364 0.1738088473820576 6.912651582228776
2020 10 26 1.1525331630272913 0.16859458196059587 6.705272034761912
2020 10 27 1.1179571681364724 0.163536744501778 6.504113873719055
2020 10 28 1.0844184530923782 0.15863064216672465 6.308990457507483
2020 10 29 1.0518858994996068 0.1538717229017229 6.119720743782258
2020 10 30 1.0203293225146186 0.14925557121467123 5.93612912146879
