2020 6 25 1165.8111869351799 1110.2570094106725 1221.3653644596873
2020 6 26 1239.281427222794 1124.1410174657458 1360.034529184377
2020 6 27 1316.682430782275 1137.5642441643392 1513.6801325610888
2020 6 28 1398.1745552604955 1150.5057766589568 1683.8291238971804
2020 6 29 1487.5159149114959 1165.9030998096753 1876.4828442503965
2020 6 30 1586.1105012226499 1184.2845914665481 2095.650126789101
2020 7 1 1689.2509284030043 1201.4706709313862 2337.7873000537375
2020 7 2 1803.653052122388 1222.1456973217073 2614.205084174518
2020 7 3 1919.1301056586328 1238.6550534569246 2913.634739875223
2020 7 4 2042.1207993445105 1255.4650961774257 3247.5436082283986
2020 7 5 2175.682636617844 1274.1564756440455 3623.9955434905587
2020 7 6 2325.6197577370053 1297.600311579345 4056.8110015224265
2020 7 7 2493.497159058581 1325.7201004970873 4554.588099483246
2020 7 8 2679.439671126394 1357.6109487684594 5124.305387739644
2020 7 9 2886.1870927843033 1393.7847776830315 5778.557103143129
2020 7 10 3108.887288756487 1430.922465867837 6516.341175562756
2020 7 11 3348.77118616301 1469.0496955556027 7348.322696895712
2020 7 12 3607.1646913134537 1508.192833287542 8286.528437186898
2020 7 13 3885.496018366992 1548.378948146897 9344.520698487455
2020 7 14 4185.303583476956 1589.6358304783193 10537.5933657091
2020 7 15 4508.244508053068 1631.9920111060314 11882.99298850181
2020 7 16 4372.997172811476 1583.0322507728504 11526.503198846756
2020 7 17 4241.807257627132 1535.5412832496647 11180.708102881354
2020 7 18 4114.553039898317 1489.4750447521747 10845.286859794913
2020 7 19 3991.1164487013675 1444.7907934096095 10519.928254001064
2020 7 20 3871.3829552403263 1401.447069607321 10204.330406381032
2020 7 21 3755.2414665831166 1359.4036575191014 9898.200494189601
2020 7 22 3642.584222585623 1318.6215477935284 9601.254479363914
2020 7 23 3533.3066959080543 1279.0629013597224 9313.216844982995
2020 7 24 3427.3074950308123 1240.6910143189307 9033.820339633505
2020 7 25 3324.488270179888 1203.4702838893627 8762.805729444499
2020 7 26 3224.753622074491 1167.3661753726817 8499.921557561163
2020 7 27 3128.011013412256 1132.3451901115013 8244.923910834328
2020 7 28 3034.1706830098883 1098.3748344081562 7997.576193509298
2020 7 29 2943.1455625195917 1065.4235893759114 7757.648907704019
2020 7 30 2854.851195644004 1033.460881694634 7524.919440472898
2020 7 31 2769.2056597746837 1002.457055243795 7299.171857258711
2020 8 1 2686.129489981443 972.3833435864811 7080.196701540949
2020 8 2 2605.5456052819995 943.2118432788867 6867.79080049472
2020 8 3 2527.3792371235395 914.9154879805201 6661.757076479878
2020 8 4 2451.5578600098333 887.4680233411044 6461.904364185481
2020 8 5 2378.011124209538 860.8439826408712 6268.0472332599165
2020 8 6 2306.670790483252 835.018663161645 6080.005816262119
2020 8 7 2237.470666768754 809.9681032667957 5897.605641774256
2020 8 8 2170.3465467656915 785.6690601687918 5720.677472521028
2020 8 9 2105.2361503627208 762.098988363728 5549.057148345397
2020 8 10 2042.079065851839 739.2360187128162 5382.585433895035
2020 8 11 1980.8166938762838 717.0589381514317 5221.107870878183
2020 8 12 1921.3921930599952 695.5471700068887 5064.474634751838
2020 8 13 1863.7504272681954 674.680754906682 4912.540395709282
2020 8 14 1807.8379144501496 654.4403322594815 4765.164183838004
2020 8 15 1753.602777016645 634.807122291697 4622.209258322863
2020 8 16 1700.9946937061457 615.7629086229462 4483.542980573177
2020 8 17 1649.9648528949613 597.2900213642578 4349.036691155982
2020 8 18 1600.4659073081125 579.37132072333 4218.565590421303
2020 8 19 1552.4519300888692 561.99018110163 4092.0086227086636
2020 8 20 1505.878372186203 545.1304756685811 3969.2483640274036
2020 8 21 1460.702021020617 528.7765613985237 3850.1709131065813
2020 8 22 1416.8809603899983 512.9132645565679 3734.6657857133837
2020 8 23 1374.3745315782983 497.5258666198709 3622.625812141982
2020 8 24 1333.1432956309493 482.6000906212748 3513.9470377777225
2020 8 25 1293.1489967620207 468.1220879026365 3408.528626644391
2020 8 26 1254.3545268591602 454.0784252655574 3306.272767845059
2020 8 27 1216.7238910533854 440.4560725075907 3207.0845848097074
2020 8 28 1180.2221743217838 427.24239033236296 3110.8720472654163
2020 8 29 1144.8155090921302 414.42511862239206 3017.5458858474535
2020 8 30 1110.4710438193663 401.9923650637203 2927.0195092720296
2020 8 31 1077.1569125047852 389.93259411180867 2839.2089239938687
2020 9 1 1044.8422051296416 378.2346162884544 2754.0326562740524
2020 9 2 1013.4969389757523 366.88757779980074 2671.4116765858307
2020 9 3 983.0920308064797 355.88095046580673 2591.269326288256
2020 9 4 953.5992698822853 345.20452195183253 2513.531246499608
2020 9 5 924.9912917858167 334.84838629327754 2438.12530910462
2020 9 6 897.2415530322421 324.8029347044792 2364.9815498314815
2020 9 7 870.3243064412749 315.0588466633448 2294.032103336537
2020 9 8 844.2145772480366 305.60708126344446 2225.2111402364408
2020 9 9 818.8881399305955 296.43886882554114 2158.4548060293473
2020 9 10 794.3214957326776 287.5457027607749 2093.7011618484667
2020 9 11 770.4918508606972 278.9193316779516 2030.8901269930127
2020 9 12 747.3770953348763 270.55175172761307 1969.9634231832222
2020 9 13 724.95578247483 262.43519917578465 1910.8645204877255
2020 9 14 703.2071090005851 254.5621432005111 1853.5385848730937
2020 9 15 682.1108957305676 246.92527890449574 1797.9324273269008
2020 9 16 661.6475688586505 239.51752053736087 1743.9944545070937
2020 9 17 641.798141792891 232.33199492124004 1691.6746208718807
2020 9 18 622.5441975391043 225.36203507360284 1640.9243822457242
2020 9 19 603.8678716129311 218.60117402139474 1591.6966507783525
2020 9 20 585.7518354645432 212.0431388007529 1543.9457512550018
2020 9 21 568.1792804006069 205.68184463673032 1497.6273787173518
2020 9 22 551.1339019885887 199.5113892976284 1452.698557355831
2020 9 23 534.599884928931 193.52604761869955 1409.1176006351561
2020 9 24 518.5618883810631 187.72026619013855 1366.8440726161014
2020 9 25 503.0050317296312 182.08865820443438 1325.8387504376183
2020 9 26 487.9148807777422 176.62599845830135 1286.0635879244896
2020 9 27 473.27743435440993 171.32721850455232 1247.481680286755
2020 9 28 459.0791113237776 166.18740194941574 1210.0572298781522
2020 9 29 445.3067379840643 161.20177989093327 1173.7555129818077
2020 9 30 431.94753584454236 156.36572649420526 1138.5428475923534
2020 10 1 418.9891097692061 151.6747546993791 1104.3865621645828
2020 10 2 406.4194364761299 147.12451205839773 1071.2549652996452
2020 10 3 394.22685338184596 142.71077669664578 1039.1173163406559
2020 10 4 382.4000477803906 138.4294533957464 1007.9437968504361
2020 10 5 370.9280463469789 134.27656979387402 977.705482944923
2020 10 6 359.8002049565695 130.24827270005778 948.3743184565753
2020 10 7 349.00619880787235 126.34082451905604 919.923088902878
2020 10 8 338.5360128436362 122.55059978348436 892.3253962357917
2020 10 9 328.37993245832706 118.87408178997983 865.555634348718
2020 10 10 318.5285344845772 115.30785933628043 839.5889653182563
2020 10 11 308.9726784500399 111.84862355619201 814.4012963587086
2020 10 12 299.7034980965387 108.49316484950624 789.9692574679473
2020 10 13 290.7123931536425 105.23836990402106 766.2701797439088
2020 10 14 281.9910213590332 102.08121880690042 743.2820743515915
2020 10 15 273.5312907182622 99.0187822426934 720.9836121210437
2020 10 16 265.32535199671435 96.0482187754126 699.3541037574124
2020 10 17 257.3655914368129 93.1667722121502 678.3734806446901
2020 10 18 249.64462369370852 90.3717690457857 658.0222762253493
2020 10 19 242.15528498289726 87.66061597441212 638.2816079385888
2020 10 20 234.89062643341035 85.03079749517975 619.1331597004311
2020 10 21 227.84390764040802 82.47987357032436 600.5591649094181
2020 10 22 221.00859041119577 80.00547736321462 582.5423899621355
2020 10 23 214.37833269885988 77.60531304231819 565.0661182632715
2020 10 24 207.9469827178941 75.27715365104864 548.1141347153733
2020 10 25 201.70857323635727 73.01883904151717 531.6707106739121
2020 10 26 195.65731603926653 70.82827387027164 515.7205893536948
2020 10 27 189.78759655808852 68.7034256541635 500.24897167308393
2020 10 28 184.09396866134585 66.64232288453859 485.2415025228914
2020 10 29 178.57114960150548 64.64305319800243 470.68425744720463
2020 10 30 173.2140151134603 62.70376160206236 456.56372972378847
