2020 6 25 50.22074844114847 45.63895910589762 54.802537776399326
2020 6 26 49.57993006002371 40.945955492609485 59.039257710731896
2020 6 27 48.92287199759914 36.71536365697288 63.574438531421066
2020 6 28 48.226335668912945 32.88572001964582 68.39537863722379
2020 6 29 47.56346617492491 29.471727505284786 73.61558004576092
2020 6 30 46.93313130173614 26.426668517994354 79.27046087714298
2020 7 1 46.311149941954 23.69622916860657 85.3597290650772
2020 7 2 45.72021816465072 21.259572170108026 91.9587896267394
2020 7 3 45.114310937179326 19.06300424612296 99.02272903214913
2020 7 4 44.53865086444662 17.102776634454635 106.67806010010543
2020 7 5 43.99227010731746 15.352539632471057 114.9777514009171
2020 7 6 43.474256910351315 13.788976265835222 123.97979233860623
2020 7 7 42.98375306251044 12.391443011406789 133.7476930648501
2020 7 8 42.52841877795575 11.14409518132058 144.37738298891762
2020 7 9 42.12189011516006 10.03383295708326 156.00118753482175
2020 7 10 41.719247455146125 9.034183769302643 168.56082309057146
2020 7 11 41.320453651658326 8.134127479161906 182.131633290476
2020 7 12 40.92547191352169 7.323741860562583 196.79502767515802
2020 7 13 40.53426580124765 6.594093217442808 212.63897005689117
2020 7 14 40.14679922367229 5.937137898656781 229.75850620316825
2020 7 15 39.76303643462672 5.345633624714888 248.2563340040055
2020 7 16 38.57014534158792 5.185264615973441 240.80864398388533
2020 7 17 37.41304098134028 5.029706677494238 233.58438466436877
2020 7 18 36.29064975190007 4.87881547716941 226.5768531244377
2020 7 19 35.201930259343065 4.732451012854328 219.77954753070455
2020 7 20 34.14587235156277 4.590477482468698 213.1861611047834
2020 7 21 33.121496181015885 4.452763157994637 206.79057627163988
2020 7 22 32.12785129558541 4.319180263254798 200.58685898349069
2020 7 23 31.164015756717845 4.189604855357154 194.56925321398597
2020 7 24 30.22909528401631 4.063916709696439 188.73217561756638
2020 7 25 29.32222242549582 3.941999208405546 183.0702103490394
2020 7 26 28.442555752730943 3.82373923215338 177.5781040385682
2020 7 27 27.589279080149012 3.7090270551887783 172.25076091741116
2020 7 28 26.76160070774454 3.597756243533115 167.08323808988882
2020 7 29 25.958752686512206 3.4898235562271216 162.07074094719215
2020 7 30 25.17999010591684 3.385128849540308 157.2086187187764
2020 7 31 24.424590402739334 3.2835749840540984 152.49236015721308
2020 8 1 23.691852690657154 3.1850677345324754 147.9175893524967
2020 8 2 22.981097109937437 3.089515702496501 143.4800616719218
2020 8 3 22.291664196639314 2.996830231421606 139.17565982176413
2020 8 4 21.622914270740132 2.9069253244789577 135.0003900271112
2020 8 5 20.974226842617927 2.8197175647445887 130.95037832629785
2020 8 6 20.34500003733939 2.735126037802251 127.02186697650892
2020 8 7 19.734650036219207 2.653072256668183 123.21121096721365
2020 8 8 19.14261053513263 2.5734800889681373 119.51487463819723
2020 8 9 18.56833221907865 2.496275686299093 115.9294283990513
2020 8 10 18.011282252506287 2.42138741571012 112.45154554707976
2020 8 11 17.470943784931098 2.348745793238816 109.07799918066736
2020 8 12 16.946815471383164 2.2782834194416517 105.80565920524734
2020 8 13 16.43841100724167 2.209934916858402 102.63148942908991
2020 8 14 15.945258677024418 2.14363686935265 99.55254474621721
2020 8 15 15.466900916713685 2.0793277632720706 96.5659684038307
2020 8 16 15.002893889212274 2.0169479303739086 93.66898935171577
2020 8 17 14.552807072535906 1.9564394924626913 90.85891967116429
2020 8 18 14.116222860359828 1.8977463076888106 88.13315208102935
2020 8 19 13.692736174549033 1.8408139184581462 85.48915751859847
2020 8 20 13.281954089312562 1.7855895009044018 82.92448279304053
2020 8 21 12.883495466633184 1.7320218158772698 80.43674830924931
2020 8 22 12.496990602634188 1.6800611614009517 78.02364585997182
2020 8 23 12.122080884555162 1.6296593265589232 75.68293648417267
2020 8 24 11.758418458018507 1.5807695467621554 73.4124483896475
2020 8 25 11.405665904277951 1.5333464603592908 71.21007493795807
2020 8 26 11.063495927149612 1.487346066548512 69.07377268981932
2020 8 27 10.731591049335123 1.4427256845520566 67.00155950912475
2020 8 28 10.40964331785507 1.3994439140154948 64.991512723851
2020 8 29 10.097354018319416 1.35746059659503 63.04176734213547
2020 8 30 9.794433397769833 1.316736778697179 61.150514321871405
2020 8 31 9.500600395836738 1.2772346753362638 59.31599889221526
2020 9 1 9.215582383961635 1.238917635076176 57.5365189254488
2020 9 2 8.939114912442786 1.2017501060238907 55.81042335768534
2020 9 3 8.670941465069502 1.1656976028431738 54.13611065695478
2020 9 4 8.410813221117417 1.1307266747578786 52.51202733724613
2020 9 5 8.158488824483895 1.0968048745151422 50.93666651712875
2020 9 6 7.913734159749378 1.063900728279688 49.40856652161489
2020 9 7 7.676322134956896 1.0319837064312973 47.92630952596644
2020 9 8 7.4460324709081895 1.0010241952383583 46.48852024018744
2020 9 9 7.222651496780943 0.9709934693812075 45.09386463298182
2020 9 10 7.005971951877515 0.9418636652997712 43.74104869399236
2020 9 11 6.79579279332119 0.913607755340778 42.42881723317259
2020 9 12 6.591919009521554 0.8861995226805546 41.15595271617741
2020 9 13 6.394161439235908 0.8596135370001379 39.921274134692084
2020 9 14 6.202336596058831 0.8338251308901337 38.72363591065132
2020 9 15 6.016266498177066 0.8088103769634296 37.561926833331775
2020 9 16 5.8357785032317535 0.7845460656545267 36.43506902833182
2020 9 17 5.6607051481348005 0.7610096836848909 35.34201695748186
2020 9 18 5.4908839936907565 0.7381793931743441 34.281756448757406
2020 9 19 5.326157473880033 0.7160340113791138 33.25330375529468
2020 9 20 5.1663727496636325 0.6945529910377404 32.25570464263584
2020 9 21 5.011381567173723 0.6737164013066081 31.288033503356765
2020 9 22 4.861040120158512 0.6535049092674099 30.349392498256062
2020 9 23 4.715208916553756 0.6338997619893876 29.43891072330838
2020 9 24 4.573752649057143 0.614882769129706 28.555743401609128
2020 9 25 4.436540069585429 0.5964362860558148 27.699071099560854
2020 9 26 4.303443867497866 0.5785431974741403 26.868098966574028
2020 9 27 4.17434055147293 0.561186901549916 26.062055997576806
2020 9 28 4.049110334928742 0.5443512945034186 25.2801943176495
2020 9 29 3.92763702488088 0.528020755668316 24.521788488120013
2020 9 30 3.809807914134453 0.5121801329982665 23.78613483347641
2020 10 1 3.6955136767104193 0.49681472900831847 23.072550788472117
2020 10 2 3.584648266409107 0.4819102871380689 22.380374264817952
2020 10 3 3.4771088184168337 0.4674529785239268 21.708963036873413
2020 10 4 3.3727955538643286 0.453429389168209 21.05769414576721
2020 10 5 3.2716116872483987 0.4398265074931627 20.425963321394196
2020 10 6 3.1734633366309466 0.4266317122683678 19.813184421752368
2020 10 7 3.078259436532018 0.4138327609003168 19.218788889099795
2020 10 8 2.9859116534360575 0.40141777807330725 18.6422252224268
2020 10 9 2.8963343038329756 0.389375244731108 18.082958465753993
2020 10 10 2.809444274717986 0.37769398738917476 17.540469711781373
2020 10 11 2.7251609464764464 0.3663631677674995 17.01425562042793
2020 10 12 2.643406118082153 0.3553722727344745 16.503827951815094
2020 10 13 2.5641039345396885 0.3447111045524403 16.00871311326064
2020 10 14 2.4871808165034976 0.3343697714158671 15.52845171986282
2020 10 15 2.4125653920083927 0.3243386782733911 15.062598168266936
2020 10 16 2.340188430248141 0.31460851792518935 14.610720223218927
2020 10 17 2.269982777340697 0.30517026238743367 14.172398616522358
2020 10 18 2.201883294020476 0.2960151545158107 13.747226658026687
2020 10 19 2.1358267951998617 0.28713469988033635 13.334809858285887
2020 10 20 2.071751991343866 0.27852065888392624 12.93476556253731
2020 10 21 2.00959943160355 0.27016503911740847 12.54672259566119
2020 10 22 1.9493114486554435 0.2620600879438862 12.170320917791354
2020 10 23 1.8908321051957802 0.2541982853055696 11.805211290257613
2020 10 24 1.8341071420399067 0.2465723367464025 11.451054951549885
2020 10 25 1.7790839277787094 0.23917516664401042 11.107523303003388
2020 10 26 1.725711409945348 0.2319999116446901 10.774297603913286
2020 10 27 1.6739400676469876 0.2250399142953494 10.451068675795888
2020 10 28 1.6237218656175778 0.2182887168664889 10.137536615522011
2020 10 29 1.5750102096490504 0.21174005536049423 9.83341051705635
2020 10 30 1.5277599033595788 0.2053878536996794 9.538408201544659
