2020 6 25 720.66030456182 690.1030988463574 751.2175102772826
2020 6 26 730.6045093790704 669.9648838470291 793.8708445057104
2020 6 27 740.3040034871276 650.0641028747918 838.5309887560693
2020 6 28 749.7882690944494 630.4523921367644 885.3139000938713
2020 6 29 759.9166494533077 611.8717756258883 935.3239721638934
2020 6 30 770.6673766189281 594.229704687459 988.7566406374566
2020 7 1 781.3762218696281 576.9467406150592 1044.9929133022374
2020 7 2 792.8238838243633 560.6020937732476 1105.216732448813
2020 7 3 803.9173565791498 544.3514471224795 1168.1837522846224
2020 7 4 815.4617867134036 528.7721198958318 1235.1678987205046
2020 7 5 827.7719581575399 514.0277068884529 1306.9016958868624
2020 7 6 841.2616238595439 500.31147150575606 1384.370325487514
2020 7 7 855.7855199697185 487.44557328406603 1467.7711924359019
2020 7 8 871.4184453901909 475.3993995309097 1557.6685671145306
2020 7 9 888.5297816786423 464.301670417204 1655.2041454475836
2020 7 10 905.977119380795 453.4630068210456 1758.8470493321727
2020 7 11 923.7670562835258 442.8773611139789 1868.9796974305943
2020 7 12 941.9063197290941 432.5388268434571 1986.0084540802266
2020 7 13 960.4017691591155 422.44163543723056 2110.365128685194
2020 7 14 979.2603987084898 412.5801529846672 2242.508568994524
2020 7 15 998.4893398502635 402.9488770932104 2382.926354145623
2020 7 16 968.5346596547556 390.8604107804141 2311.4385635212543
2020 7 17 939.4786198651129 379.1345984570017 2242.0954066156164
2020 7 18 911.2942612691595 367.76056050329163 2174.832544417148
2020 7 19 883.9554334310847 356.72774368819285 2109.5875680846334
2020 7 20 857.436770428152 346.02591137754706 2046.2999410420944
2020 7 21 831.7136673153075 335.64513403622067 1984.9109428108316
2020 7 22 806.7622572958483 325.57578001513406 1925.3636145265066
2020 7 23 782.5593895769728 315.80850661468 1867.6027060907113
2020 7 24 759.0826078896636 306.3342514162396 1811.57462490799
2020 7 25 736.3101296529736 297.1442238737524 1757.2273861607503
2020 7 26 714.2208257633844 288.2298971575398 1704.5105645759277
2020 7 27 692.7942009904829 279.5830002428136 1653.3752476386499
2020 7 28 672.0103749607683 271.1955102355292 1603.7739902094904
2020 7 29 651.8500637119453 263.0596449284633 1555.6607705032056
2020 7 30 632.2945618005868 255.16785558060937 1508.9909473881094
2020 7 31 613.3257249465693 247.5128199131911 1463.721218966466
2020 8 1 594.9259531981721 240.08743531579535 1419.809582397472
2020 8 2 577.0781746022269 232.88481225632148 1377.2152949255478
2020 8 3 559.7658293641601 225.89826788863184 1335.8988360777814
2020 8 4 542.9728544832353 219.12131985197288 1295.8218709954479
2020 8 5 526.6836688487382 212.54768025641368 1256.9472148655843
2020 8 6 510.88315878327603 206.17124984872126 1219.2387984196168
2020 8 7 495.5566640197777 199.9861123532596 1182.6616344670283
2020 8 8 480.68996409918435 193.9865289826618 1147.1817854330175
2020 8 9 466.2692651762088 188.16693311318195 1112.766331870027
2020 8 10 452.28118722092256 182.5219251197865 1079.3833419139262
2020 8 11 438.71275160429485 177.0462673661929 1047.0018416565083
2020 8 12 425.551369056166 171.7348793452071 1015.5917864068131
2020 8 13 412.784827984481 166.5828329648509 985.1240328146087
2020 8 14 400.40128314494655 161.58534797590536 955.5703118301703
2020 8 15 388.38924465059813 156.7377875366282 926.9032024752652
2020 8 16 376.73756731108017 152.03565391052933 899.0961064010072
2020 8 17 365.43544029174774 147.47458429321344 872.1232232089769
2020 8 18 354.4723770829953 143.05034676441704 845.9595265127076
2020 8 19 343.83820577050545 138.75883636148453 820.5807407173263
2020 8 20 333.5230595973903 134.59607127063998 795.9633184958064
2020 8 21 323.51736780946857 130.55818913252077 772.0844189409322
2020 8 22 313.8118467751845 126.64144345854514 748.9218863727042
2020 8 23 304.39749137192894 122.84220015478878 726.454229781523
2020 8 24 295.26556663077105 119.15693415014512 704.6606028880774
2020 8 25 286.4075996318479 115.58222612564076 683.5207848014351
2020 8 26 277.81537164289244 112.11475934187153 663.015161257392
2020 8 27 269.4809104936057 108.75131656161538 643.1247064196702
2020 8 28 261.3964831787975 105.48877706476692 623.8309652270801
2020 8 29 253.55458868343356 102.3241137528239 605.1160362702677
2020 8 30 245.94795102293054 99.25439034023918 586.9625551821597
2020 8 31 238.5695124922426 96.276758630032 569.3536785266949
2020 9 1 231.41242711747532 93.38845587113104 552.273068170894
2020 9 2 224.47005430395106 90.5868021949971 535.7048761257672
2020 9 3 217.73595267483253 87.8691981291472 519.6337298419942
2020 9 4 211.20387409458755 85.23312218527278 504.04471794673435
2020 9 5 204.86775787174992 82.6761285197146 488.92337640833233
2020 9 6 198.7217251355974 80.19584466412316 474.25567511608233
2020 9 7 192.76007338152948 77.78996932419946 460.02800486259986
2020 9 8 186.9772711800836 75.45627024447347 446.22716471672186
2020 9 9 181.3679530446811 73.19258213713927 432.8403497752202
2020 9 10 175.92691445334066 70.99680467302508 419.8551392819636
2020 9 11 170.64910701974043 68.86690053283432 407.2594851035047
2020 9 12 165.5296338091482 66.80089351684929 395.0417005503995
2020 9 13 160.56374479487377 64.79686671134381 383.19044953388754
2020 9 14 155.74683245102756 62.852960710003494 371.6947360478709
2020 9 15 151.07442747749673 60.96737188870339 360.5438939664348
2020 9 16 146.54219465317183 59.138350732042284 349.7275771474417
2020 9 17 142.1459288135767 57.364200210081016 339.2357498330185
2020 9 18 137.8815509491694 55.64327420377858 329.0586773380279
2020 9 19 133.7451044206943 53.97397597766522 319.1869170178871
2020 9 20 129.73275128807347 52.35475669833526 309.6113095073505
2020 9 21 125.84076874943126 50.7841139973852 300.32297022213
2020 9 22 122.06554568694833 49.26059057746364 291.31328111546605
2020 9 23 118.40357931633987 47.78277286013973 282.5738826820021
2020 9 24 114.85147193684968 46.34928967433554 274.096666201542
2020 9 25 111.40592777874419 44.95881098410547 265.8737662154957
2020 9 26 108.06374994538186 43.610046654582305 257.89755322903085
2020 9 27 104.8218374470204 42.301745254944834 250.1606266321599
2020 9 28 101.67718232360978 41.032692897296485 242.6558078331951
2020 9 29 98.62686685390149 39.801712110377586 235.37613359819923
2020 9 30 95.66806084828444 38.607660747066255 228.31484959025326
2020 10 1 92.7980190228359 37.449430924654266 221.46540410254565
2020 10 2 90.01407845215083 36.325947996914635 214.82144197946928
2020 10 3 87.31365609858629 35.236169557007194 208.3767987200852
2020 10 4 84.6942464156287 34.17908447029698 202.12549475848263
2020 10 5 82.15341902315983 33.15371193618807 196.06172991572814
2020 10 6 79.68881645246503 32.159100578102425 190.1798780182563
2020 10 7 77.29815195889108 31.19432756075935 184.47448167770858
2020 10 8 74.97920740012435 30.25849773393657 178.9402472273773
2020 10 9 72.72983117812062 29.35074280191847 173.572039810556
2020 10 10 70.547936242777 28.470220517860916 168.3648786162393
2020 10 11 68.43149815549368 27.61611390232509 163.31393225775213
2020 10 12 66.37855321082887 26.787630485255335 158.41451429001955
2020 10 13 64.387196614504 25.984001570697675 153.66207886131897
2020 10 14 62.45558071606889 25.204481523576742 149.0522164954794
2020 10 15 60.58191329458682 24.44834707786944 144.580650000615
2020 10 16 58.764455895749215 23.714896665533356 140.24323050059655
2020 10 17 57.00152221887674 23.003449765567353 136.03593358557865
2020 10 18 55.291476552310435 22.31334627260033 131.9548555780113
2020 10 19 53.63273225574112 21.64394588442232 127.99620991067094
2020 10 20 52.02375028806888 20.99462750788965 124.1563236133508
2020 10 21 50.46303777942681 20.36478868265296 120.43163390495027
2020 10 22 48.94914664604401 19.753845022173373 116.81868488780177
2020 10 23 47.480672246662685 19.16122967150817 113.31412434116771
2020 10 24 46.056252079262805 18.586392781362925 109.91470061093268
2020 10 25 44.67456451688492 18.028800997922037 106.6172595926047
2020 10 26 43.334327581378375 17.487936967984375 103.41874180482655
2020 10 27 42.034297753937025 16.963298858944842 100.31617955068175
2020 10 28 40.773268821318915 16.454399893176497 97.3066941641613
2020 10 29 39.55007075667935 15.960767896381201 94.38749333923646
2020 10 30 38.363568633978964 15.481944859489765 91.55586853905936
