2020 6 25 5286.669181708686 5009.292712242332 5564.045651175039
2020 6 26 5556.509827737857 4988.885416676583 6154.70977969219
2020 6 27 5829.478188413402 4959.003324862645 6796.285751668172
2020 6 28 6101.403159899304 4917.0052162260245 7487.890312842372
2020 6 29 6390.825749527305 4879.241707102373 8255.781060446154
2020 6 30 6701.899700721626 4847.816852337584 9112.654183412576
2020 7 1 7020.56237541658 4811.131056035185 10048.193081039717
2020 7 2 7367.827170794326 4783.940262458666 11099.028658592142
2020 7 3 7711.510795396169 4743.4247738227705 12228.489532570453
2020 7 4 8072.964196012917 4704.321550874306 13475.642981666091
2020 7 5 8455.908601152461 4668.191491621819 14857.583839678638
2020 7 6 8874.171300504648 4641.808541387046 16411.383370527896
2020 7 7 9337.125102771231 4628.129504232582 18172.066812615223
2020 7 8 9843.381798963901 4623.983449220228 20158.916300665172
2020 7 9 10401.54806392619 4631.331541765671 22413.092880521417
2020 7 10 10991.364993843357 4638.691311356382 24919.332218979656
2020 7 11 11614.627330990186 4646.062776548659 27705.820055720542
2020 7 12 12273.231588009872 4653.445955928286 30803.89386900662
2020 7 13 12969.181818774845 4660.840868110583 34248.39530411605
2020 7 14 13704.595716482678 4668.247531740453 38078.06201043843
2020 7 15 14481.71105754285 4675.665965492428 42335.96329392219
2020 7 16 14047.259725816564 4535.395986527655 41065.88439510453
2020 7 17 13625.841934042068 4399.334106931825 39833.90786325139
2020 7 18 13217.066676020806 4267.35408372387 38638.89062735385
2020 7 19 12820.55467574018 4139.333461212153 37479.72390853323
2020 7 20 12435.938035467974 4015.1534573757885 36355.33219127724
2020 7 21 12062.859894403935 3894.698853654515 35264.67222553892
2020 7 22 11700.974097571816 3777.8578880448795 34206.73205877275
2020 7 23 11349.944874644661 3664.522151403533 33180.53009700957
2020 7 24 11009.446528405322 3554.5864868614267 32185.114194099282
2020 7 25 10679.163132553162 3447.948892255584 31219.560768276304
2020 7 26 10358.788238576566 3344.510425487916 30282.973945228016
2020 7 27 10048.02459141927 3244.1751127232787 29374.484726871175
2020 7 28 9746.583853676691 3146.84985934158 28493.250185065037
2020 7 29 9454.18633806639 3052.444363561333 27638.452679513084
2020 7 30 9170.560747924399 2960.871032654493 26809.29909912769
2020 7 31 8895.443925486667 2872.044901674858 26005.020126153857
2020 8 1 8628.580607722066 2785.8835546246123 25224.86952236924
2020 8 2 8369.723189490403 2702.307047985874 24468.123436698163
2020 8 3 8118.631493805691 2621.237836546298 23734.079733597217
2020 8 4 7875.07254899152 2542.6007014499087 23022.057341589298
2020 8 5 7638.8203725217745 2466.3226804064116 22331.395621341617
2020 8 6 7409.655761346121 2392.3329999942193 21661.453752701367
2020 8 7 7187.366088505737 2320.563009994393 21011.610140120327
2020 8 8 6971.745105850565 2250.946119694561 20381.261835916717
2020 8 9 6762.592752675047 2183.417736103724 19769.823980839214
2020 8 10 6559.714970094796 2117.9152040206122 19176.729261414035
2020 8 11 6362.923520991952 2054.3777478999937 18601.427383571612
2020 8 12 6172.035815362193 1992.7464154629938 18043.384562064464
2020 8 13 5986.874740901327 1932.964022999104 17502.08302520253
2020 8 14 5807.268498674287 1874.9751023091308 16977.020534446452
2020 8 15 5633.050443714058 1818.7258492398569 16467.709918413057
2020 8 16 5464.058930402636 1764.164073762661 15973.678620860665
2020 8 17 5300.137162490557 1711.2391515497811 15494.468262234845
2020 8 18 5141.13304761584 1659.9019770032876 15029.6342143678
2020 8 19 4986.899056187364 1610.104917693189 14578.745187936765
2020 8 20 4837.292084501743 1561.8017701623933 14141.382832298663
2020 8 21 4692.173321966691 1514.9477170575215 13717.141347329703
2020 8 22 4551.40812230769 1469.4992855457958 13305.627106909811
2020 8 23 4414.865878638459 1425.414306979422 12906.458293702517
2020 8 24 4282.4199022793055 1382.6518777700394 12519.26454489144
2020 8 25 4153.947305210926 1341.172321436938 12143.686608544698
2020 8 26 4029.328886054598 1300.93715179383 11779.376010288357
2020 8 27 3908.44901947296 1261.909037240015 11425.994729979706
2020 8 28 3791.195548888771 1224.0517661228146 11083.214888080314
2020 8 29 3677.459682422108 1187.3302131391301 10750.718441437904
2020 8 30 3567.1358919494446 1151.7103067449561 10428.196888194767
2020 8 31 3460.121815190961 1117.1589975426075 10115.350981548923
2020 9 1 3356.318160735232 1083.6442276163293 9811.890452102456
2020 9 2 3255.628615913175 1051.1349007878393 9517.533738539381
2020 9 3 3157.95975743578 1019.6008537642041 9232.007726383199
2020 9 4 3063.2209647127065 989.012828151278 8955.047494591703
2020 9 5 2971.3243357713254 959.3424433067396 8686.396069753951
2020 9 6 2882.184605698186 930.5621700075374 8425.804187661333
2020 9 7 2795.71906752724 902.6453049073112 8173.030062031493
2020 9 8 2711.8474955014226 875.5659457600918 7927.839160170548
2020 9 9 2630.49207063638 849.298967387289 7690.003985365432
2020 9 10 2551.5773085172887 823.8199983656704 7459.303865804469
2020 9 11 2475.02998926177 799.1053984147002 7235.524749830334
2020 9 12 2400.7790895839166 775.1322364622591 7018.459007335424
2020 9 13 2328.755716896399 751.8782693683913 6807.905237115361
2020 9 14 2258.893045389507 729.3219212873396 6603.6680800019
2020 9 15 2191.1262540278217 707.4422636487194 6405.558037601843
2020 9 16 2125.392466406987 686.2189957392578 6213.391296473788
2020 9 17 2061.630692414777 665.6324258670801 6026.9895575795745
2020 9 18 1999.7817716423338 645.6634530910677 5846.179870852187
2020 9 19 1939.7883184930638 626.2935494983357 5670.794474726622
2020 9 20 1881.5946689382718 607.5047430133856 5500.670640484823
2020 9 21 1825.1468288701235 589.279600722984 5335.650521270278
2020 9 22 1770.3924240040199 571.6012127012945 5175.581005632169
2020 9 23 1717.2806512838993 554.4531763202556 5020.313575463204
2020 9 24 1665.7622317453822 537.8195810306479 4869.704168199308
2020 9 25 1615.7893647930207 521.6849935997285 4723.613043153328
2020 9 26 1567.31568384923 506.03444379173663 4581.904651858728
2020 9 27 1520.296213333753 490.85341047798454 4444.447512302966
2020 9 28 1474.6873269337405 476.127808163645 4311.114086933877
2020 9 29 1430.4467071257282 461.8439739187356 4181.780664325861
2020 9 30 1387.5333059119562 447.9886547011736 4056.327244396085
2020 10 1 1345.9073067345973 434.54899506013834 3934.6374270642023
2020 10 2 1305.5300875325595 421.5125252083342 3816.598304252276
2020 10 3 1266.3641849065828 408.86714945208416 3702.1003551247077
2020 10 4 1228.3732593593852 396.60113496852165 3591.037344470966
2020 10 5 1191.5220615786036 384.703100919466 3483.306224136837
2020 10 6 1155.7763997312454 373.162007891882 3378.807037412732
2020 10 7 1121.103107739308 361.96714765512553 3277.44282629035
2020 10 8 1087.4700145071286 351.10813322547176 3179.119541501639
2020 10 9 1054.8459140719146 340.5748892287076 3083.7459552565897
2020 10 10 1023.2005366497572 330.35764255184637 2991.233576598892
2020 10 11 992.5045205502644 320.44691327529097 2901.496569300925
2020 10 12 962.7293849337564 310.8335058770322 2814.451672221897
2020 10 13 933.8475033857436 301.50850070072124 2730.01812205524
2020 10 14 905.8320782841713 292.4632456796996 2648.117578393583
2020 10 15 878.6571159356462 283.68934830930857 2568.6740510417753
2020 10 16 852.2974024575768 275.1786678600293 2491.613829510522
2020 10 17 826.7284803838495 266.9233078242284 2416.865414625206
2020 10 18 801.926625972334 258.9156085895015 2344.3594521864497
2020 10 19 777.868827193164 251.14814033181648 2274.028668620856
2020 10 20 754.5327623773691 243.61369612186198 2205.80780856223
2020 10 21 731.896779506048 236.30528523820612 2139.6335743053633
2020 10 22 709.9398761208665 229.21612668105993 2075.4445670762025
2020 10 23 688.6416798372405 222.33964288062813 2013.1812300639162
2020 10 24 667.9824294421232 215.66945359420927 1952.7857931619988
2020 10 25 647.9429565588596 209.19936998638298 1894.2022193671387
2020 10 26 628.5046678620938 202.92338888679149 1837.3761527861245
2020 10 27 609.649527826231 196.83568722018774 1782.2548682025408
2020 10 28 591.360041991444 190.9306166035821 1728.7872221564646
2020 10 29 573.6192407317006 185.20269810547464 1676.9236054917706
2020 10 30 556.4106635097496 179.6466171623104 1626.6158973270174
