2020 6 25 33939.5 532.364000 532.364000
2020 6 26 34919 1082.25000 1151.24000
2020 6 27 35916.7 1649.90000 1867.87000
2020 6 28 36906.5 2230.77000 2689.29000
2020 6 29 37961.5 2828.76000 3632.000
2020 6 30 39092.6 3446.9000 4717.7000
2020 7 1 40257.4 4081.5000 5955.8000
2020 7 2 41543.8 4747.2000 7389.0000
2020 7 3 42825.3 5424.9000 9010.5000
2020 7 4 44194.6 6131.9000 10874.000
2020 7 5 45680 6878.0000 13033.000
2020 7 6 47362.2 7687.5000 15580.00
2020 7 7 49266.7 8573.7000 18605.000
2020 7 8 51379.8 9539.5000 22186.000
2020 7 9 53739.5 10602.000 26453.000
2020 7 10 56257.9 11742.000 31454.000
2020 7 11 58945.8 12966.000 37310.00
2020 7 12 61815 14280.000 44180.00
2020 7 13 64878.1 15600.0 52220.00
2020 7 14 68148.7 17214.000 61600.0
2020 7 15 71641.5 18850.000 72690.00
2020 7 16 69492.3 18284.000 70510.00
2020 7 17 67407.5 17736.000 68400.00
2020 7 18 65385.3 17203.000 66350.00
2020 7 19 63423.7 16687.000 64360.00
2020 7 20 61521 16187.000 62420.00
2020 7 21 59675.4 15700.00 60500.0
2020 7 22 57885.1 15230.00 58730.00
2020 7 23 56148.6 14770.00 56970.00
2020 7 24 54464.1 14330.000 55260.00
2020 7 25 52830.2 13900.000 53610.00
2020 7 26 51245.3 13483.000 52000.00
2020 7 27 49707.9 13070.00 50440.00
2020 7 28 48216.7 12680.00 48920.00
2020 7 29 46770.2 12306.000 47460.00
2020 7 30 45367.1 11936.000 46000.0
2020 8 1 42685.9 11231.000 43310.00
2020 8 2 41405.3 10894.000 42000.0
2020 8 3 40163.1 10567.000 40750.00
2020 8 4 38958.2 10250.000 39500.0
2020 8 5 37789.5 9943.0000 38340.00
2020 8 6 36655.8 9644.7000 37190.00
2020 8 7 35556.1 9355.4000 36080.00
2020 8 8 34489.5 9074.7000 34990.00
2020 8 9 33454.8 8802.5000 33940.00
2020 8 10 32451.1 8538.4000 32930.00
2020 8 11 31477.6 8282.2000 31940.00
2020 8 12 30533.3 8033.8000 30984.000
2020 8 13 29617.3 7792.8000 30050.00
2020 8 14 28728.8 7559.0000 29152.000
2020 8 15 27866.9 7332.2000 28278.000
2020 8 16 27030.9 7112.2000 27430.000
2020 8 17 26220 6898.000 26600.00
2020 8 18 25433.4 6691.9000 25808.000
2020 8 19 24670.4 6491.1000 25034.000
2020 8 20 23930.2 6296.4000 24283.000
2020 8 21 23212.3 6107.5000 23555.000
2020 8 22 22516 5924.3000 22848.000
2020 8 23 21840.5 5746.5000 22163.000
2020 8 24 21185.3 5574.1000 21498.000
2020 8 25 20549.7 5406.9000 20853.000
2020 8 26 19933.2 5244.7000 20227.000
2020 8 27 19335.2 5087.4000 19620.000
2020 8 28 18755.2 4934.8000 19032.000
2020 8 29 18192.5 4786.7000 18461.000
2020 8 30 17646.7 4643.1000 17907.000
2020 9 1 16603.8 4368.7000 16849.000
2020 9 2 16105.7 4237.000 16343.000
2020 9 3 15622.5 4110.5000 15853.000
2020 9 4 15153.9 3987.000 15377.000
2020 9 5 14699.2 3867.6000 14916.000
2020 9 6 14258.3 3751.5000 14468.000
2020 9 7 13830.5 3639.0000 14034.000
2020 9 8 13415.6 3520.00 13613.000
2020 9 9 13013.1 3423.9000 13200.00
2020 9 10 12622.7 3321.2000 12809.000
2020 9 11 12244.1 3221.6000 12424.000
2020 9 12 11876.7 3124.96000 12052.000
2020 9 13 11520.4 3031.2000 11690.000
2020 9 14 11174.8 2940.28000 11339.000
2020 9 15 10839.6 2852.07000 10999.000
2020 9 16 10514.4 2766.51000 10669.000
2020 9 17 10199 2683.51000 10349.000
2020 9 18 9892.99 2603.01000 10039.000
2020 9 19 9596.2 2524.92000 9737.9000
2020 9 20 9308.31 2449.17000 9445.7000
2020 9 21 9029.06 2375.69000 9162.3000
2020 9 22 8758.19 2304.42000 8887.000
2020 9 23 8495.45 2235.29000 8620.8000
2020 9 24 8240.58 2168.23000 8362.2000
2020 9 25 7993.36 2103.1000 8111.3000
2020 9 26 7753.56 2040.09000 7868.0000
2020 9 27 7520.96 1978.89000 7632.0000
2020 9 28 7295.33 1919.52000 7403.0000
2020 9 29 7076.47 1861.93000 7180.9000
2020 9 30 6864.17 1806.07000 6965.5000
2020 10 1 6658.25 1751.89000 6756.5000
2020 10 2 6458.5 1699.34000 6553.8000
2020 10 3 6264.75 1648.35000 6357.2000
2020 10 4 6076.8 1598.90000 6166.5000
2020 10 5 5894.5 1550.94000 5981.5000
2020 10 6 5717.66 1504.41000 5802.0000
2020 10 7 5546.13 1459.2000 5628.0000
2020 10 8 5379.75 1415.50000 5459.1000
2020 10 9 5218.36 1373.03000 5295.4000
2020 10 10 5061.81 1331.84000 5136.5000
2020 10 11 4909.95 1291.89000 4982.4000
2020 10 12 4762.65 1253.13000 4832.9000
2020 10 13 4619.78 1215.54000 4687.9000
2020 10 14 4481.18 1179.07000 4547.3000
2020 10 15 4346.75 1143.70000 4410.9000
2020 10 16 4216.34 1109.39000 4278.6000
2020 10 17 4089.85 1076.10000 4150.2000
2020 10 18 3967.16 1043.82000 4025.7000
2020 10 19 3848.14 1012.51000 3904.9000
2020 10 20 3732.7 982.135000 3787.8000
2020 10 21 3620.72 952.672000 3674.1000
2020 10 22 3512.1 924.091000 3563.9000
2020 10 23 3406.73 896.368000 3457.0000
2020 10 24 3304.53 869.478000 3353.3000
2020 10 25 3205.4 843.393000 3252.7000
2020 10 26 3109.23 818.091000 3155.14000
2020 10 27 3015.96 793.54000 3060.49000
2020 10 28 2925.48 769.742000 2968.67000
2020 10 29 2837.71 746.650000 2879.6000
2020 10 30 2752.58 724.250000 2793.22000
