2020 6 25 524.5356967789663 502.37051305366316 546.7008805042697
2020 6 26 538.5992473206159 494.0361499010035 585.0863491537228
2020 6 27 552.4399825459375 485.2898085908303 625.5153184700022
2020 6 28 566.482568482854 476.56318509098793 668.5637241326692
2020 6 29 580.8821058100137 467.9934862913142 714.574751453636
2020 6 30 595.4859247413822 459.447580291167 763.5533210080048
2020 7 1 610.1252757035664 450.8018678785832 815.4637786241524
2020 7 2 625.6341760131847 442.6954166315944 871.5845713671479
2020 7 3 640.8404836290196 434.24167422182586 930.5968862750611
2020 7 4 656.4163870888361 425.9493650640085 993.6047438132532
2020 7 5 672.1880942948983 417.69680332120134 1060.6020065048372
2020 7 6 688.9002485541939 409.9530466048318 1133.0027483063213
2020 7 7 707.8501978363428 403.43726844478954 1213.3428816936953
2020 7 8 728.0112520955411 397.4182233894031 1300.5623252133753
2020 7 9 749.1012786438044 391.68263176413603 1394.6851499257639
2020 7 10 770.8022699519204 386.02981694515444 1495.6197251864282
2020 7 11 793.1319252834211 380.4585842867955 1603.8590232969723
2020 7 12 816.108456638334 374.9677563846784 1719.9316933924993
2020 7 13 839.7506036068344 369.5561728268759 1844.404643405029
2020 7 14 864.0776486531987 364.22268994867704 1977.8858088858494
2020 7 15 889.1094328425253 358.966180590889 2121.0271222099464
2020 7 16 862.4361498572495 348.1971951731623 2057.396308543648
2020 7 17 836.5630653615319 337.75127931796743 1995.6744192873387
2020 7 18 811.466173400686 327.6187409384284 1935.8041867087184
2020 7 19 787.1221881986654 317.79017871027554 1877.7300611074568
2020 7 20 763.5085225527055 308.2564733489673 1821.398159274233
2020 7 21 740.6032668761243 299.00877914849826 1766.756214496006
2020 7 22 718.3851688698405 290.03851577404333 1713.7535280611257
2020 7 23 696.8336138037453 281.337360300822 1662.340922219292
2020 7 24 675.9286053896329 272.89723949179734 1612.4706945527132
2020 7 25 655.650747227944 264.7103223070434 1564.0965737161318
2020 7 26 635.9812248111056 256.7690126378321 1517.1736765046478
2020 7 27 616.9017880667724 249.0659422586971 1471.6584662095083
2020 7 28 598.3947344247692 241.59396399093617 1427.508712223223
2020 7 29 580.4428923920261 234.34614507120807 1384.6834508565264
2020 7 30 563.0296056202653 227.31576071907182 1343.1429473308306
2020 7 31 546.1387174516574 220.49628789749966 1302.8486589109057
2020 8 1 529.7545559281076 213.88139926057465 1263.7631991435785
2020 8 2 513.8619192502644 207.4649572827574 1225.8503031692712
2020 8 3 498.4460616727564 201.2410085642747 1189.074794074193
2020 8 4 483.4926798225737 195.20377830734645 1153.4025502519673
2020 8 5 468.9878994278965 189.34766495812605 1118.8004737444082
2020 8 6 454.91826244505955 183.66723500938227 1085.236459532076
2020 8 7 441.27071457170774 178.1572179591008 1052.6793657461137
2020 8 8 428.0325931345565 172.81250142032775 1021.0989847737303
2020 8 9 415.19161534051983 167.6281263777179 990.4660152305183
2020 8 10 402.73586688030423 162.59928258638635 960.7520347736028
2020 8 11 390.6537908738951 157.72130410879475 931.9294737303946
2020 8 12 378.9341771476782 152.9896649855309 903.9715895184828
2020 8 13 367.56615183324783 148.39997503596499 876.8524418329283
2020 8 14 356.5391672782504 143.94797578488604 850.5468685779405
2020 8 15 345.84299225990287 139.62953651133947 825.0304625206022
2020 8 16 335.4677024921058 135.44065041599927 800.2795486449842
2020 8 17 325.4036714173426 131.3774309035193 776.2711621856346
2020 8 18 315.6415612748223 127.43610797641371 752.9830273200655
2020 8 19 306.17231443657766 123.6130247371213 730.3935365004635
2020 8 20 296.98714500348035 119.90463399500766 708.4817304054495
2020 8 21 288.07753065337596 116.30749497515743 687.227278493286
2020 8 22 279.4352047337747 112.8182701259027 666.6104601384874
2020 8 23 271.05214859176147 109.43372202212562 646.6121463343327
2020 8 24 262.9205841340086 106.15071036146185 627.2137819443027
2020 8 25 255.03296660998834 102.96618905061798 608.3973684859736
2020 8 26 247.38197761168868 99.87720337909944 590.1454474313944
2020 8 27 239.96051828333802 96.88088727772646 572.4410840084525
2020 8 28 232.76170273483788 93.97446065939467 555.267851488199
2020 8 29 225.77885165279275 91.15522683961282 538.609815943553
2020 8 30 219.00548610320897 88.42057003442443 522.4515214652464
2020 8 31 212.4353215201127 85.7679529333917 506.777975821289
2020 9 1 206.06226187450932 83.19491434538995 491.5746365466503
2020 9 2 199.88039401827405 80.69906691502824 476.82739745025077
2020 9 3 193.88398219772583 78.2780949075774 462.52257552674325
2020 9 4 188.06746273179405 75.92975206035007 448.64689826094093
2020 9 5 182.42543884984022 73.65185949853957 435.1874913131127
2020 9 6 176.952675684345 71.44230371358337 422.13186657371926
2020 9 7 171.64409541381465 69.29903460217587 409.4679105765077
2020 9 8 166.49477255140022 67.22006356411059 397.1838732592124
2020 9 9 161.4999293748582 65.20346165718728 385.26835706143606
2020 9 10 156.65493149361245 63.24735780747166 373.710306349593
2020 9 11 151.95528354880406 61.34993707324751 362.4989971591052
2020 9 12 147.39662504233993 59.50943896105008 351.62402724433207
2020 9 13 142.97472629106974 57.724155792218575 341.0753064270021
2020 9 14 138.68548450233766 55.99243111845202 330.843047234192
2020 9 15 134.52491996726752 54.31265818489845 320.9177558171662
2020 9 16 130.48917236824948 52.6832784393515 311.2902231426512
2020 9 17 126.57449719720199 51.10278008617095 301.95151644837165
2020 9 18 122.77726228128593 49.569696683585825 292.8929709549205
2020 9 19 119.09394441284735 48.08260578307825 284.10618182627286
2020 9 20 115.52112608046193 46.6401276095859 275.5829963714847
2020 9 21 112.05549229804807 45.24092378129833 267.31550648034016
2020 9 22 108.69382752910661 43.883696067859375 259.29604128592996
2020 9 23 105.43301270323342 42.56718518582359 251.51716004735206
2020 9 24 102.27002232213641 41.29016963024888 243.97164524593148
2020 9 25 99.20192165247232 40.05146454134142 236.65249588855355
2020 9 26 96.22586400289815 38.849920605101175 229.55292101189693
2020 9 27 93.3390880828112 37.68442298694814 222.66633338154
2020 9 28 90.53891544032686 36.5538902973397 215.98634338009379
2020 9 29 87.82274797711705 35.457273588419504 209.50675307869096
2020 9 30 85.18806553780354 34.39355538076692 203.22155048633022
2020 10 1 82.63242357166943 33.36174871934391 197.1249039717403
2020 10 2 80.15345086451934 32.36089625776359 191.2111568525881
2020 10 3 77.74884733858376 31.390069370030684 185.47482214701043
2020 10 4 75.41638191842624 30.448367288929763 179.9105774826001
2020 10 5 73.15389046087346 29.53491627026187 174.5132601581221
2020 10 6 70.95927374704725 28.648868782154015 169.27786235337845
2020 10 7 68.83049553463583 27.789402718689395 164.1995264827771
2020 10 8 66.76558066859675 26.955720637128714 159.27354068829376
2020 10 9 64.76261324853886 26.14704901801485 154.49533446764494
2020 10 10 62.819734851082686 25.362637547474403 149.8604744336156
2020 10 11 60.93514280555021 24.60175842105017 145.36466020060712
2020 10 12 59.1070885213837 23.863705668418664 141.0037203945889
2020 10 13 57.333875865742186 23.147794498366103 136.77360878275124
2020 10 14 55.613859589769916 22.45336066341512 132.6704005192687
2020 10 15 53.94544380207682 21.779759843512664 128.69028850369062
2020 10 16 52.32708048801451 21.126367048207285 124.8295798485799
2020 10 17 50.75726807337407 20.492576036761065 121.0846924531225
2020 10 18 49.234550031172844 19.877798755658233 117.45215167952882
2020 10 19 47.75751353023766 19.281464792988487 113.92858712914295
2020 10 20 46.32478812433053 18.703020849198833 110.51072951526866
2020 10 21 44.93504448060062 18.141930223722866 107.1954076298106
2020 10 22 43.5869931461826 17.59767231701118 103.97954540091628
2020 10 23 42.27938335179712 17.069742147500847 100.86015903888878
2020 10 24 41.01100185124321 16.557649883075822 97.83435426772212
2020 10 25 39.78067179570591 16.060920386583547 94.89932363969045
2020 10 26 38.58725164183473 15.57909277498604 92.05234393049973
2020 10 27 37.42963409257969 15.111719991736459 89.29077361258474
2020 10 28 36.3067450698023 14.658368391984364 86.6120504042072
2020 10 29 35.21754271770823 14.218617340224833 84.01368889208098
2020 10 30 34.16101643617698 13.792058820018088 81.49327822531855
