2020 6 25 509.62493712782253 472.753552875341 546.4963213803042
2020 6 26 494.61841556404704 425.56768604790335 568.858018164252
2020 6 27 480.3585709659276 383.3537156471604 592.4852568736566
2020 6 28 467.9898609366422 346.5082822089339 618.9193360585687
2020 6 29 455.002387370032 312.51023616032677 645.293276127717
2020 6 30 441.3940078917645 281.17393785422814 671.3993456175455
2020 7 1 428.6686225016957 253.2830319438986 699.2855880571543
2020 7 2 415.05538549850394 227.41738416094313 726.2832445383582
2020 7 3 403.0893423618532 204.85883228230304 756.4490627942482
2020 7 4 391.3440850773974 184.47484584290672 787.6347354749786
2020 7 5 379.0970284553104 165.72125177091027 818.4073450575571
2020 7 6 365.8316075965849 148.26141540051447 847.3563349879664
2020 7 7 351.8280719960176 132.1538299180022 874.5444941621472
2020 7 8 337.5764716809184 117.5016986869158 900.6559569149146
2020 7 9 322.9556737898061 104.14462613957828 925.0217912167506
2020 7 10 308.9681182864358 92.30592642453671 950.0468049496072
2020 7 11 295.58637876599573 81.81299764495449 975.7488311791165
2020 7 12 282.784216690588 72.51285852296157 1002.1461854165309
2020 7 13 270.53652994144267 64.26991801461408 1029.2576786705338
2020 7 14 258.8193035993905 56.963998465144385 1057.1026308521446
2020 7 15 247.60956285708556 50.48858348316436 1085.7008845422731
2020 7 16 240.181275971373 48.97392597866943 1053.129858006005
2020 7 17 232.9758376922318 47.50470819930934 1021.5359622658248
2020 7 18 225.98656256146484 46.07956695333006 990.88988339785
2020 7 19 219.20696568462088 44.69717994473015 961.1631868959145
2020 7 20 212.63075671408225 43.356264546388246 932.328291289037
2020 7 21 206.25183401265977 42.0555766099966 904.3584425503659
2020 7 22 200.06427899227998 40.7939093116967 877.2276892738549
2020 7 23 194.0623506225116 39.5700920323458 850.9108585956393
2020 7 24 188.24048010383623 38.38298927137542 825.3835328377701
2020 7 25 182.59326570072113 37.23149959323416 800.622026852637
2020 7 26 177.1154677296995 36.114554605437135 776.6033660470579
2020 7 27 171.80200369780852 35.03111796727402 753.3052650656462
2020 7 28 166.64794358687425 33.9801844282558 730.7061071136767
2020 7 29 161.64850527926802 32.96077889540812 708.7849239002663
2020 7 30 156.79905012088997 31.971955528545873 687.5213761832583
2020 7 31 152.09507861726328 31.012796862689495 666.8957348977606
2020 8 1 147.53222625874537 30.08241295680881 646.8888628508278
2020 8 2 143.106259470983 29.179940568104545 627.4821969653029
2020 8 3 138.8130716868535 28.304542351061407 608.6577310563438
2020 8 4 134.6486795362479 27.455406080529563 590.3979991246534
2020 8 5 130.60921915016047 26.631743898113676 572.6860591509138
2020 8 6 126.69094257565565 25.832791581170266 555.5054773763864
2020 8 7 122.89021429838598 25.057807833735158 538.8403130550947
2020 8 8 119.2035078694344 24.306073598723103 522.6751036634419
2020 8 9 115.62740263335137 23.57689139076141 506.9948505535386
2020 8 10 112.15858055435082 22.86958464903857 491.78500503693243
2020 8 11 108.7938231377203 22.183497109567412 477.0314548858245
2020 8 12 105.53000844358868 21.51799219628039 462.72051123924973
2020 8 13 102.36410819028102 20.872452430391977 448.83889590207224
2020 8 14 99.29318494457259 20.246278857480217 435.37372902501005
2020 8 15 96.31438939623541 19.63889049175581 422.31251715425975
2020 8 16 93.42495771434835 19.049723777003134 409.64314163963195
2020 8 17 90.6222089829179 18.47823206369304 397.353847390443
2020 8 18 87.90354271343035 17.923885101782247 385.4332319687297
2020 8 19 85.26643643202745 17.38616854872878 373.8702350096678
2020 8 20 82.70844333906662 16.864583492266917 362.6541279593778
2020 8 21 80.22719003889462 16.35864598749891 351.7745041205964
2020 8 22 77.82037433772778 15.867886607873942 341.2212689969785
2020 8 23 75.48576310759594 15.391850009637723 330.98463092706913
2020 8 24 73.22119021436806 14.93009450934859 321.05509199925706
2020 8 25 71.02455450793703 14.482191674068133 311.42343923927933
2020 8 26 68.89381787269892 14.04772592384609 302.0807360621009
2020 8 27 66.82700333651795 13.626294146130705 293.0183139802379
2020 8 28 64.82219323642241 13.217505321746783 284.22776456083074
2020 8 29 62.87752743932973 12.82098016209438 275.7009316240058
2020 8 30 60.99120161614984 12.436350757231548 267.42990367528563
2020 8 31 59.16146556766534 12.063260234514601 259.4070065650271
2020 9 1 57.38662160063538 11.701362427479163 251.62479636807626
2020 9 2 55.66502295261632 11.350321554654787 244.07605247703395
2020 9 3 53.99507226403783 11.009811908015143 236.75377090272292
2020 9 4 52.37522009611669 10.679517550774689 229.65115777564122
2020 9 5 50.80396349323319 10.359132024251448 222.76162304237198
2020 9 6 49.27984458843619 10.048358063523905 216.0787743511008
2020 9 7 47.8014492507831 9.746907321618187 209.59641112056778
2020 9 8 46.367405773259605 9.454500101969641 203.30851878695074
2020 9 9 44.976383600061816 9.170865098910552 197.20926322334222
2020 9 10 43.62709209205996 8.895739145943235 191.29298532664194
2020 9 11 42.318279329298164 8.628866971564937 185.55419576684267
2020 9 12 41.048730949419216 8.37000096241799 179.9875698938374
2020 9 13 39.817269020936635 8.11890093354545 174.58794279702227
2020 9 14 38.622750950308536 7.875333905539087 169.35030451311158
2020 9 15 37.464068421799276 7.639073888372914 164.26979537771822
2020 9 16 36.340146369145295 7.409901671721726 159.34170151638668
2020 9 17 35.249941978070936 7.187604621570074 154.56145047089507
2020 9 18 34.1924437187288 6.971976482922972 149.9246069567682
2020 9 19 33.16667040716694 6.762817188435283 145.42686874806515
2020 9 20 32.17167029495193 6.559932672782224 141.06406268562318
2020 9 21 31.206520186103372 6.363134692598757 136.83214080505448
2020 9 22 30.27032458052027 6.172240651820794 132.72717658090284
2020 9 23 29.362214843104663 5.98707343226617 128.74536128347575
2020 9 24 28.481348397811523 5.807461229298185 124.88300044497147
2020 9 25 27.626907945877175 5.63323739241924 121.13651043162233
2020 9 26 26.798100707500858 5.464240270646663 117.50241511867365
2020 9 27 25.99415768627583 5.3003130625272625 113.97734266511344
2020 9 28 25.214332955687556 5.141303670651444 110.55802238516003
2020 9 29 24.457902967016928 4.987064560531901 107.24128171360523
2020 9 30 23.72416587800642 4.837452623715944 104.02404326219707
2020 10 1 23.012440901666228 4.692329045004465 100.90332196433116
2020 10 2 22.32206767461624 4.551559173654331 97.87622230540121
2020 10 3 21.65240564437775 4.415012398444701 94.93993563623917
2020 10 4 21.00283347504642 4.28256202649136 92.091737567152
2020 10 5 20.372748470795027 4.1540851656966185 89.32898544013743
2020 10 6 19.761566016671175 4.029462610725719 86.64911587693331
2020 10 7 19.16871903617104 3.9085787324039476 84.0496424006253
2020 10 8 18.593657465085908 3.791321370431829 81.52815312860655
2020 10 9 18.03584774113333 3.677581729318874 79.08230853474835
2020 10 10 17.494772308899332 3.5672542774393077 76.7098392787059
2020 10 11 16.969929139632352 3.4602366491161285 74.40854410034473
2020 10 12 16.46083126544338 3.3564295496426446 72.17628777733438
2020 10 13 15.96700632748008 3.2557366631533653 70.01099914401435
2020 10 14 15.487996137655678 3.158064563258764 67.91066916969392
2020 10 15 15.023356253526007 3.063322626361001 65.8733490946031
2020 10 16 14.572655565920227 2.9714229475701712 63.897148621765005
2020 10 17 14.13547589894262 2.882280259143066 61.98023416311205
2020 10 18 13.71141162197434 2.7958118513687737 60.12082713821869
2020 10 19 13.30006927331511 2.7119374958277103 58.31720232407213
2020 10 20 12.901067195115656 2.630579370952879 56.567686254349965
2020 10 21 12.514035179262187 2.5516619898242925 54.870655666719465
2020 10 22 12.138614123884322 2.4751121301295638 53.22453599671788
2020 10 23 11.774455700167792 2.4008587662256766 51.62779991681634
2020 10 24 11.421222029162758 2.3288330032389064 50.07896591931185
2020 10 25 11.078585368287875 2.258968013141739 48.57659694173249
2020 10 26 10.746227807239238 2.191198972747487 47.119299033480516
2020 10 27 10.423840973022061 2.1254630035650623 45.7057200624761
2020 10 28 10.1111257438314 2.0616991134581104 44.33454846060181
2020 10 29 9.807791971516457 1.999848140054367 43.004512006783756
2020 10 30 9.513558212370963 1.939852695852736 41.71437664658024
