2020 6 25 5.432028691984655 4.7591753705641695 6.104882013405141
2020 6 26 5.370793931748985 4.122352151117511 6.784134114994549
2020 6 27 5.308835168264308 3.5696564305835277 7.537175883050096
2020 6 28 5.253183101512721 3.0948222360540347 8.381744698447285
2020 6 29 5.198114430635287 2.6831502860371366 9.320950615991116
2020 6 30 5.142254214752124 2.325532208461369 10.362943581603819
2020 7 1 5.086994286484817 2.015578508864919 11.521421376405899
2020 7 2 5.028309503592471 1.7453440467392325 12.800304042452462
2020 7 3 4.972949942937759 1.512259910205783 14.227884663870906
2020 7 4 4.918199867628707 1.3103032839216984 15.814679193325476
2020 7 5 4.862757452508599 1.1349721622993345 17.574279797307817
2020 7 6 4.805379004101491 0.9825042760851563 19.520404464355675
2020 7 7 4.746568587165361 0.8500871449897772 21.673470104870876
2020 7 8 4.687311327712601 0.7353076177876058 24.058688216055856
2020 7 9 4.629225859781374 0.6360934953610589 26.70862277330803
2020 7 10 4.571860190760204 0.5502662083905171 29.650433308778872
2020 7 11 4.515205400854015 0.4760194881801219 32.9162683849406
2020 7 12 4.459252680802412 0.41179078357370963 36.54181755477564
2020 7 13 4.40399333050993 0.3562283764569009 40.566701382755134
2020 7 14 4.349418757693256 0.3081629343227031 45.03490442452162
2020 7 15 4.29552047654521 0.26658290121328415 49.99525589694504
2020 7 16 4.166654862248854 0.25858541417688563 48.495398220036684
2020 7 17 4.041655216381388 0.25082785175157907 47.040536273435585
2020 7 18 3.920405559889946 0.2433030161990317 45.629320185232515
2020 7 19 3.8027933930932476 0.23600392571306072 44.26044057967554
2020 7 20 3.68870959130045 0.2289238079416689 42.932627362285274
2020 7 21 3.5780483035614368 0.2220560937034188 41.644648541416714
2020 7 22 3.4707068544545936 0.21539441089231623 40.39530908517421
2020 7 23 3.366585648820956 0.20893257856554673 39.18344981261898
2020 7 24 3.265588079356327 0.20266460120858032 38.007946318240414
2020 7 25 3.167620436975637 0.1965846631723229 36.8677079286932
2020 7 26 3.0725918238663676 0.1906871232771532 35.7616766908324
2020 7 27 2.9804140691503767 0.1849665095788386 34.68882639010743
2020 7 28 2.8910016470758655 0.17941751429147343 33.64816159840421
2020 7 29 2.8042715976635892 0.17403498886272922 32.63871675045208
2020 7 30 2.7201434497336816 0.16881393919684734 31.65955524793852
2020 7 31 2.638539146241671 0.16374952102094192 30.709768590500364
2020 8 1 2.5593829718544208 0.15883703539031366 29.788475532785352
2020 8 2 2.482601482698788 0.15407192432860425 28.89482126680179
2020 8 3 2.408123438217824 0.14944976659874612 28.027976628797738
2020 8 4 2.3358797350712894 0.14496627360078373 27.187137329933805
2020 8 5 2.265803343019151 0.14061728539276022 26.37152321003579
2020 8 6 2.1978292427285764 0.1363987668309774 25.580377513734714
2020 8 7 2.131894365446719 0.13230680382604806 24.812966188322672
2020 8 8 2.0679375344833173 0.12833759971126663 24.06857720267299
2020 8 9 2.0058994084488178 0.12448747171992862 23.3465198865928
2020 8 10 1.9457224261953532 0.12075284756833075 22.64612428999502
2020 8 11 1.8873507534094924 0.11713026214128083 21.96674056129517
2020 8 12 1.8307302308072075 0.1136163542770424 21.30773834445631
2020 8 13 1.7758083238829914 0.11020786364873113 20.66850619412262
2020 8 14 1.7225340741665016 0.10690162773926919 20.04845100829894
2020 8 15 1.6708580519415066 0.1036945789070911 19.446997478049973
2020 8 16 1.6207323103832614 0.10058374153987837 18.863587553708474
2020 8 17 1.5721103410717634 0.09756622929368201 18.297679927097217
2020 8 18 1.5249470308396105 0.09463924241487155 17.7487495292843
2020 8 19 1.479198619914422 0.0918000651424254 17.21628704340577
2020 8 20 1.4348226613169894 0.08904606318815264 16.6997984321036
2020 8 21 1.3917779814774798 0.08637468129250805 16.19880447914049
2020 8 22 1.3500246420331554 0.08378344085373281 15.712840344766276
2020 8 23 1.3095239027721608 0.08126993762812082 15.241455134423287
2020 8 24 1.270238185688996 0.07883183949927719 14.784211480390589
2020 8 25 1.232131040118326 0.07646688431429888 14.340685135978871
2020 8 26 1.1951671089147762 0.0741728777848699 13.910464581899506
2020 8 27 1.1593120956473328 0.0719476914513238 13.49315064444252
2020 8 28 1.1245327327779129 0.06978926070778409 13.088356125109245
2020 8 29 1.0907967507945755 0.06769558288655056 12.695705441355967
2020 8 30 1.0580728482707382 0.06566471539995404 12.314834278115288
2020 8 31 1.026330662822616 0.06369477393795542 11.945389249771829
2020 9 1 0.9955407429379376 0.061783930719816756 11.587027572278673
2020 9 2 0.9656745206497994 0.059930412798222255 11.239416745110313
2020 9 3 0.9367042850303055 0.05813250041427558 10.902234242757004
2020 9 4 0.9086031564793963 0.056388525401847314 10.575167215474293
2020 9 5 0.8813450617850144 0.054696869639791895 10.257912199010065
2020 9 6 0.854904709931464 0.053055963550598134 9.950174833039762
2020 9 7 0.82925756863352 0.05146428464408019 9.65166958804857
2020 9 8 0.8043798415745144 0.049920356104757785 9.362119500407113
2020 9 9 0.780248446327279 0.04842274542161505 9.0812559153949
2020 9 10 0.7568409929374605 0.0469700630589666 8.808818237933053
2020 9 11 0.7341357631493367 0.0455609611671976 8.54455369079506
2020 9 12 0.7121116902548565 0.04419413233218167 8.28821708007121
2020 9 13 0.6907483395472108 0.042868308362216216 8.039570567669074
2020 9 14 0.6700258893607944 0.04158225911134973 7.798383450639001
2020 9 15 0.6499251126799706 0.04033479133800924 7.5644319471198305
2020 9 16 0.6304273592995714 0.039124747597868964 7.337498988706235
2020 9 17 0.6115145385205842 0.0379510051699329 7.117374019045048
2020 9 18 0.5931691023649667 0.03681247501483491 6.903852798473697
2020 9 19 0.5753740292940177 0.03570810076438986 6.6967372145194854
2020 9 20 0.5581128084151972 0.034636857741458166 6.495835098083901
2020 9 21 0.5413694241627413 0.03359775200921442 6.300960045141383
2020 9 22 0.525128341437859 0.03258981944893799 6.111931243787141
2020 9 23 0.5093744911947232 0.03161212486546985 5.928573306473527
2020 9 24 0.4940932564588815 0.03066376111950575 5.75071610727932
2020 9 25 0.4792704587651151 0.029743848285920575 5.578194624060941
2020 9 26 0.46489234500216164 0.028851532837342958 5.4108487853391125
2020 9 27 0.4509455746520968 0.02798598685222267 5.248523321778939
2020 9 28 0.43741720741253387 0.027146407246655988 5.09106762212557
2020 9 29 0.42429469119015784 0.02633201502925631 4.938335593461803
2020 9 30 0.4115658504544531 0.02554205457837862 4.790185525657948
2020 10 1 0.3992188749408195 0.02477579294102726 4.64647995988821
2020 10 2 0.3872423086925949 0.02403251915279644 4.507085561091563
2020 10 3 0.375625039431817 0.023311543578212548 4.371872994258816
2020 10 4 0.3643562882488625 0.02261219727086617 4.2407168044310515
2020 10 5 0.35342559960139663 0.021933831352740185 4.11349530029812
2020 10 6 0.34282283161335475 0.021275816412157977 3.9900904412891762
2020 10 7 0.3325381466649541 0.020637541919793237 3.870387728050501
2020 10 8 0.3225620022650055 0.02001841566219944 3.7542760962089856
2020 10 9 0.3128851421970553 0.019417863192333455 3.641647813322716
2020 10 10 0.30349858793114365 0.01883532729656345 3.5323983789230344
2020 10 11 0.2943936302932093 0.018270267477666545 3.4264264275553433
2020 10 12 0.285561821384413 0.017722159453336547 3.323633634728683
2020 10 13 0.2769949667428806 0.01719049466973645 3.2239246256868226
2020 10 14 0.26868511774059417 0.016674779829644357 3.127206886916218
2020 10 15 0.2606245642083763 0.016174536434755027 3.0333906803087314
2020 10 16 0.25280582728212503 0.015689300341712377 2.9423889598994695
2020 10 17 0.24522165246366126 0.015218621331461004 2.8541172911024852
2020 10 18 0.2378650028897514 0.014762062691517175 2.7684937723694105
2020 10 19 0.23072905280305886 0.014319200810771659 2.6854389591983283
2020 10 20 0.2238071812189671 0.013889624786448508 2.6048757904223785
2020 10 21 0.21709296578239806 0.013472936042855052 2.526729516709707
2020 10 22 0.2105801768089261 0.0130687479615694 2.450927631208416
2020 10 23 0.20426277150465832 0.012676685522722319 2.3773998022721634
2020 10 24 0.19813488835951856 0.012296384957040649 2.3060778082039985
2020 10 25 0.192190841708733 0.011927493408329428 2.2368954739578784
2020 10 26 0.186425116457471 0.011569668606079546 2.169788609739142
2020 10 27 0.18083236296374688 0.011222578547897159 2.1046949514469677
2020 10 28 0.17540739207483447 0.010885901191460243 2.0415541029035587
2020 10 29 0.17014517031258944 0.010559324155716436 1.980307479816452
2020 10 30 0.16504081520321176 0.010242544431044944 1.9208982554219582
