2020 6 25 139.80091475993086 135.03446417538186 144.56736534447984
2020 6 26 136.15030035536205 127.02459778101642 145.5925357613861
2020 6 27 132.6615742765865 119.55195295303943 146.69615202032134
2020 6 28 129.3757389181294 112.62119104829853 147.93363614144397
2020 6 29 126.04479270786999 105.9821102454385 149.0369182032788
2020 6 30 122.79960602832648 99.73440688670443 150.14842849055114
2020 7 1 119.65297919829969 93.86719838683493 151.2865791936018
2020 7 2 116.52848684314608 88.29925895386597 152.35939756512474
2020 7 3 113.55679353394467 83.11555284804564 153.53292883555585
2020 7 4 110.61924791909193 78.20568734543252 154.65920568635835
2020 7 5 107.71713329264338 73.5571867696633 155.73703823852992
2020 7 6 104.81216636622433 69.13105033835025 156.70817917679412
2020 7 7 101.88306259331463 64.90365419022768 157.53215558197257
2020 7 8 98.96608537003739 60.89034392688479 158.25264629043093
2020 7 9 96.05218848367142 57.0757076932785 158.84781256410864
2020 7 10 93.22408659498193 53.50004941013699 159.44521717566963
2020 7 11 90.47925360853269 50.148397673291946 160.04486854319254
2020 7 12 87.81523780569644 47.00671900168613 160.6467751164152
2020 7 13 85.22965965474961 44.061859078705645 161.25094537685374
2020 7 14 82.72020968544531 41.30148767460404 161.8573878379221
2020 7 15 80.28464642616603 38.71404701940641 162.46611104505197
2020 7 16 77.87610703338105 37.552625608824215 157.59212771370042
2020 7 17 75.53982382237962 36.426046840559486 152.8643638822894
2020 7 18 73.27362910770823 35.3332654353427 148.2784329658207
2020 7 19 71.07542023447698 34.27326747228242 143.8300799768461
2020 7 20 68.94315762744267 33.245069448113945 139.5151775775407
2020 7 21 66.8748628986194 32.24771736467053 135.32972225021447
2020 7 22 64.86861701166082 31.28028584373041 131.26983058270804
2020 7 23 62.92255850131099 30.341877268418497 127.33173566522679
2020 7 24 61.03488174627166 29.43162095036594 123.51178359526997
2020 7 25 59.20383529388351 28.548672321854962 119.80643008741187
2020 7 26 57.427720235067 27.692212152199314 116.21223718478952
2020 7 27 55.70488862801499 26.861445787633333 112.72587006924583
2020 7 28 54.03374196917454 26.055602414004333 109.34409396716845
2020 7 29 52.412729710099306 25.2739343415842 106.06377114815339
2020 7 30 50.840347818796324 24.515716311336675 102.8818580137088
2020 7 31 49.315137384232436 23.780244821996575 99.79540227329753
2020 8 1 47.83568326270546 23.066837477336676 96.8015402050986
2020 8 2 46.400612764824295 22.374832353016576 93.89749399894565
2020 8 3 45.00859438187957 21.70358738242608 91.08056917897727
2020 8 4 43.65833655042318 21.052479760953297 88.34815210360794
2020 8 5 42.348586453910485 20.420905368124696 85.6977075404997
2020 8 6 41.07812886029317 19.808278207080956 83.12677631428471
2020 8 7 39.845784994484376 19.21402986086853 80.63297302485617
2020 8 8 38.65041144464984 18.63760896504247 78.21398383411048
2020 8 9 37.49089910131035 18.078480696091198 75.86756431908717
2020 8 10 36.36617212827104 17.53612627520846 73.59153738951454
2020 8 11 35.27518696442291 17.010042486952205 71.38379126782911
2020 8 12 34.21693135549022 16.49974121234364 69.24227752979424
2020 8 13 33.19042341482551 16.00474897597333 67.16500920390041
2020 8 14 32.19471071238075 15.52460650669413 65.15005892778339
2020 8 15 31.228869391009322 15.058868311493306 63.195557159949885
2020 8 16 30.292003309279043 14.607102262148507 61.299690445151384
2020 8 17 29.38324321000067 14.16888919428405 59.46069973179684
2020 8 18 28.50174591370065 13.743822518455529 57.676878739842934
2020 8 19 27.64669353628963 13.331507842901862 55.94657237764764
2020 8 20 26.81729273020094 12.931562607614806 54.26817520631821
2020 8 21 26.01277394829491 12.543615729386362 52.64012995012867
2020 8 22 25.232390729846063 12.16730725750477 51.060926051624804
2020 8 23 24.47541900795068 11.802288039779627 49.52909827007606
2020 8 24 23.74115643771216 11.448219398586238 48.04322532197378
2020 8 25 23.028921744580796 11.10477281662865 46.60192856231456
2020 8 26 22.33805409224337 10.77162963212979 45.20387070544513
2020 8 27 21.66791246947607 10.448480743165895 43.84775458428177
2020 8 28 21.01787509539179 10.135026320870917 42.53232194675332
2020 8 29 20.387338842530035 9.830975531244789 41.25635228835072
2020 8 30 19.775718677254133 9.536046265307444 40.0186617197002
2020 8 31 19.18244711693651 9.249964877348221 38.81810186810919
2020 9 1 18.606973703428412 8.972465931027774 37.65355881206591
2020 9 2 18.04876449232556 8.70329195309694 36.52395204770393
2020 9 3 17.50730155755579 8.442193194504032 35.42823348627281
2020 9 4 16.982082510829116 8.18892739866891 34.365386481684624
2020 9 5 16.472620035504242 7.943259576708844 33.334424887234086
2020 9 6 15.978441434439114 7.704961789407578 32.33439214061706
2020 9 7 15.49908819140594 7.473812935725351 31.36436037639855
2020 9 8 15.034115545663761 7.249598547653591 30.423429565106595
2020 9 9 14.583092079293849 7.032110591223983 29.510726678153397
2020 9 10 14.145599316915034 6.821147273487263 28.625404877808794
2020 9 11 13.721231337407582 6.616512855282645 27.76664273147453
2020 9 12 13.309594397285354 6.418017469624165 26.933643449530294
2020 9 13 12.910306565366792 6.22547694553544 26.125634146044383
2020 9 14 12.522997368405788 6.038712637169376 25.34186512166305
2020 9 15 12.147307447353613 5.857551258054295 24.58160916801316
2020 9 16 11.782888223933005 5.681824720312666 23.844160892972763
2020 9 17 11.429401577215014 5.511369978703286 23.12883606618358
2020 9 18 11.086519529898563 5.346028879342187 22.434970984198074
2020 9 19 10.753923944001606 5.185648012961921 21.76192185467213
2020 9 20 10.431306225681558 5.030078572573063 21.109064199031966
2020 9 21 10.118367038911112 4.879176215395871 20.475792273061007
2020 9 22 9.814816027743777 4.732800928933995 19.861518504869178
2020 9 23 9.520371546911464 4.590816901065975 19.2656729497231
2020 9 24 9.23476040050412 4.4530923940339955 18.687702761231407
2020 9 25 8.957717588488997 4.319499622212976 18.127071678394465
2020 9 26 8.688986060834326 4.189914633546587 17.583259528042632
2020 9 27 8.428316479009295 4.064217194540189 17.05576174220135
2020 9 28 8.175466984639016 3.9422906787039826 16.54408888993531
2020 9 29 7.930202975099845 3.824021958342863 16.04776622323725
2020 9 30 7.692296885846849 3.709301299592577 15.566333236540132
2020 10 1 7.461527979271444 3.5980222606047993 15.099343239443927
2020 10 2 7.2376821398933 3.4900815927866553 14.646362942260609
2020 10 3 7.020551675696501 3.3853791450030557 14.206972053992791
2020 10 4 6.809935125425605 3.283817770652964 13.780762892373007
2020 10 5 6.605637071662837 3.185303237533375 13.367340005601816
2020 10 6 6.407467959512952 3.0897441404073738 12.966319805433761
2020 10 7 6.215243920727564 2.9970518161951523 12.577330211270748
2020 10 8 6.028786603105736 2.9071402617092974 12.200010304932626
2020 10 9 5.847923005012564 2.819926053858018 11.834009995784646
2020 10 10 5.672485314862187 2.7353282722422776 11.478989695911107
2020 10 11 5.502310755416321 2.653268424075009 11.134620005033772
2020 10 12 5.337241432753832 2.5736703713527587 10.80058140488276
2020 10 13 5.177124189771217 2.4964602602121757 10.476563962736277
2020 10 14 5.02181046407808 2.4215664524058105 10.162267043854188
2020 10 15 4.871156150155738 2.348919458833636 9.857399032538561
2020 10 16 4.725021465651065 2.278451875068627 9.561677061562404
2020 10 17 4.583270821681533 2.210098318816568 9.274826749715531
2020 10 18 4.445772697031087 2.143795369252071 8.996581947224065
2020 10 19 4.312399516120154 2.079481508174509 8.726684488807344
2020 10 20 4.183027530636549 2.017097062929274 8.464883954143122
2020 10 21 4.057536704717452 1.9565841510413957 8.210937435518828
2020 10 22 3.9358106035759284 1.8978866265101537 7.964609312453263
2020 10 23 3.8177362854686505 1.840950027714849 7.7256710330796645
2020 10 24 3.703204196904591 1.7857215268834035 7.493900902087274
2020 10 25 3.592108070997453 1.7321498810769014 7.269083875024656
2020 10 26 3.4843448288675294 1.6801853846445942 7.051011358773915
2020 10 27 3.3798144840015034 1.6297798231052563 6.839481018010698
2020 10 28 3.278420049481458 1.5808864284120985 6.634296587470377
2020 10 29 3.1800674479970144 1.5334598355597355 6.435267689846266
2020 10 30 3.084665424557104 1.4874560404929433 6.242209659150878
