2020 6 25 313.5435808193436 295.9995837666444 331.08757787204286
2020 6 26 308.9474250152227 275.33836886266306 344.4913297796718
2020 6 27 304.4435818033999 256.141563483668 358.46552714587966
2020 6 28 300.34944787547727 238.57264028005653 373.4116864655062
2020 6 29 296.18914820390853 222.1124916613176 388.8303115386075
2020 6 30 291.9908396810353 206.71628217417717 404.7600425733942
2020 7 1 287.8520397342194 192.3872943673615 421.34238818917004
2020 7 2 283.655725571373 178.97390246481913 438.4340278976951
2020 7 3 279.74955663650815 166.6401731672384 456.5728960136501
2020 7 4 275.8294333685642 155.1160507484824 475.3516385730395
2020 7 5 271.8306504343119 144.31376016581657 494.67251999003685
2020 7 6 267.6045854325588 134.11230174533335 514.2596079053833
2020 7 7 263.2606093744403 124.53995979208852 534.2694170197022
2020 7 8 258.82351711729206 115.57344066309577 554.7257282866922
2020 7 9 254.14677515779326 107.11207969158161 575.2913650025238
2020 7 10 249.55453832981937 99.27019175019872 596.6194423118967
2020 7 11 245.04527969061496 92.00242398893253 618.7382265732375
2020 7 12 240.61749988810624 85.26674392993066 641.6770320784452
2020 7 13 236.26972666235858 79.02419637646682 665.4662599034762
2020 7 14 232.00051435604246 73.23867811908212 690.1374381992574
2020 7 15 227.8084434337448 67.87672913593683 715.7232639763257
2020 7 16 220.97419013073244 65.84042726185872 694.2515660570359
2020 7 17 214.34496442681046 63.86521444400296 673.4240190753248
2020 7 18 207.91461549400614 61.94925801068287 653.2212985030651
2020 7 19 201.67717702918594 60.09078027036238 633.6246595479731
2020 7 20 195.62686171831035 58.28805686225151 614.6159197615339
2020 7 21 189.75805586676103 56.53941515638396 596.1774421686878
2020 7 22 184.0653141907582 54.843232701692436 578.2921189036272
2020 7 23 178.54335476503545 53.19793572064166 560.9433553365184
2020 7 24 173.1870541220844 51.60199764902241 544.1150546764228
2020 7 25 167.99144249842186 50.05393771955173 527.7916030361301
2020 7 26 162.9516992234692 48.55231958796518 511.9578549450462
2020 7 27 158.06314824676514 47.09575000032622 496.5991192966948
2020 7 28 153.32125379936218 45.68287750031643 481.70114571779396
2020 7 29 148.72161618538132 44.312391175306935 467.25011134626016
2020 7 30 144.25996769981987 42.98301944004773 453.23260800587235
2020 7 31 139.93216866882526 41.69352885684629 439.6356297656962
2020 8 1 135.73420360876048 40.442722991140904 426.4465608727253
2020 8 2 131.66217750049768 39.22944130140667 413.6531640465435
2020 8 3 127.71231217548274 38.052558062364476 401.2435691251472
2020 8 4 123.88094281021826 36.91098132049354 389.20626205139274
2020 8 5 120.16451452591171 35.80365188087873 377.53007418985095
2020 8 6 116.55957909013436 34.72954232445237 366.2041719641554
2020 8 7 113.06279171743033 33.68765605471879 355.21804680523076
2020 8 8 109.67090796590742 32.677026373077226 344.5615054010738
2020 8 9 106.3807807269302 31.69671558188491 334.2246602390416
2020 8 10 103.18935730512229 30.745814114428363 324.19792043187033
2020 8 11 100.09367658596861 29.82343969099551 314.4719828189142
2020 8 12 97.09086628838955 28.928736500265643 305.0378233343468
2020 8 13 94.17814029973786 28.060874405257675 295.8866886343164
2020 8 14 91.35279609074573 27.219048173099942 287.01008797528687
2020 8 15 88.61221220802335 26.402476727906944 278.39978533602823
2020 8 16 85.95384584178265 25.610402426069733 270.04779177594736
2020 8 17 83.37523046652917 24.84209035328764 261.94635802266896
2020 8 18 80.8739735525333 24.09682764268901 254.08796728198888
2020 8 19 78.44775434595729 23.37392281340834 246.46532826352922
2020 8 20 76.09432171557857 22.672705129006086 239.07136841562334
2020 8 21 73.81149206411122 21.992523975135903 231.89922736315464
2020 8 22 71.59714730218788 21.332748255881825 224.94225054225998
2020 8 23 69.44923288312224 20.69276580820537 218.19398302599217
2020 8 24 67.36575589662857 20.071982833959208 211.6481635352124
2020 8 25 65.3447832197297 19.46982334894043 205.298718629156
2020 8 26 63.38443972313781 18.885728648472217 199.13975707028132
2020 8 27 61.482906531443675 18.31915678901805 193.16556435817287
2020 8 28 59.638419335500366 17.76958208534751 187.37059742742767
2020 8 29 57.84926675543535 17.23649462278708 181.74947950460484
2020 8 30 56.11378875277229 16.71939978410347 176.2969951194667
2020 8 31 54.430375090189116 16.217817790580366 171.00808526588267
2020 9 1 52.79746383748344 15.731283256862953 165.87784270790618
2020 9 2 51.21353992235893 15.259344759157065 160.90150742666899
2020 9 3 49.67713372468816 14.801564416382352 156.0744622038689
2020 9 4 48.18681971294752 14.35751748389088 151.39222833775284
2020 9 5 46.741215121559094 13.926791959374153 146.85046148762024
2020 9 6 45.33897866791232 13.508988200592928 142.44494764299162
2020 9 7 43.978809307874954 13.10371855457514 138.17159921370188
2020 9 8 42.65944502863871 12.710606997937886 134.02645123729081
2020 9 9 41.379661677779545 12.329288787999749 130.0056577001721
2020 9 10 40.13827182744616 11.959410124359756 126.10548796916693
2020 9 11 38.934123672622775 11.600627820628963 122.32232333009192
2020 9 12 37.76609996244409 11.252608986010094 118.65265363018916
2020 9 13 36.633116963570764 10.91503071642979 115.09307402128348
2020 9 14 35.53412345466364 10.587579794936897 111.64028180064497
2020 9 15 34.468099751023736 10.269952401088789 108.29107334662562
2020 9 16 33.43405675849302 9.961853829056125 105.04234114622685
2020 9 17 32.43103505573823 9.66299821418444 101.89107091184003
2020 9 18 31.45810400406608 9.373108267758907 98.83433878448483
2020 9 19 30.514360883944097 9.09191501972614 95.86930862095028
2020 9 20 29.598930057425772 8.819157569134354 92.99322936232177
2020 9 21 28.710962155702997 8.554582842060324 90.20343248145211
2020 9 22 27.849633291031907 8.297945356798513 87.49732950700854
2020 9 23 27.014144292300948 8.049006996094556 84.87240962179828
2020 9 24 26.203719963531917 7.8075367862117195 82.32623733314433
2020 9 25 25.41760836462596 7.573310682625368 79.85645021315
2020 9 26 24.65508011368718 7.3461113621466065 77.46075670675549
2020 9 27 23.915427710276564 7.1257280212822085 75.13693400555282
2020 9 28 23.197964878968268 6.911956180643742 72.88282598538623
2020 9 29 22.50202593259922 6.704597495224429 70.69634120582464
2020 9 30 21.826965154621245 6.5034595703676965 68.57545096964989
2020 10 1 21.172156199982606 6.3083557832566655 66.5181874405604
2020 10 2 20.53699151398313 6.119105109758966 64.52264181734358
2020 10 3 19.920881768563635 5.935531956466196 62.586962562823274
2020 10 4 19.323255315506724 5.7574659977722105 60.709353685938574
2020 10 5 18.74355765604152 5.584742017839044 58.88807307536042
2020 10 6 18.181250926360274 5.417199757303873 57.121430883099606
2020 10 7 17.635813398569464 5.254683764584756 55.40778795660662
2020 10 8 17.10673899661238 5.0970432516472135 53.74555431790842
2020 10 9 16.593536826714008 4.944131954097797 52.133187688371166
2020 10 10 16.095730721912588 4.7958079954748625 50.56919205772003
2020 10 11 15.61285880025521 4.651933755610616 49.05211629598843
2020 10 12 15.144473036247554 4.5123757429422975 47.58055280710877
2020 10 13 14.690138845160126 4.377004470654028 46.15313622289551
2020 10 14 14.249434679805322 4.245694336534407 44.768542136208644
2020 10 15 13.821951639411163 4.118323506438375 43.42548587212239
2020 10 16 13.407293090228828 3.9947738012452234 42.12272129595871
2020 10 17 13.005074297521963 3.8749305872078668 40.85903965707995
2020 10 18 12.614922068596304 3.7586826695916304 39.63326846736755
2020 10 19 12.236474406538415 3.6459221895038816 38.44427041334652
2020 10 20 11.869380174342263 3.536544523818765 37.29094230094613
2020 10 21 11.513298769111994 3.4304481881042017 36.17221403191774
2020 10 22 11.167899806038633 3.3275347424610757 35.087047610960205
2020 10 23 10.832862811857474 3.2277087001872435 34.034436182631396
2020 10 24 10.50787692750175 3.130877439181626 33.013403097152455
2020 10 25 10.192640619676697 3.0369511160061773 32.023001004237884
2020 10 26 9.886861401086396 2.9458425825259917 31.062310974110748
2020 10 27 9.590255559053803 2.857467305050212 30.130441644887423
2020 10 28 9.302547892282188 2.7717432858987054 29.2265283955408
2020 10 29 9.023471455513722 2.6885909873217444 28.349732543674577
2020 10 30 8.75276731184831 2.607933257702092 27.49924056736434
