2020 6 25 40.96402320152243 35.17932386912229 46.74872253392257
2020 6 26 41.51588222475657 30.619153286655155 54.068171742392764
2020 6 27 42.04287859225176 26.626281288810116 62.49156516836514
2020 6 28 42.54385740802973 23.133383470426185 72.17864147806557
2020 6 29 43.06735428808676 20.107690434747862 83.39542721031863
2020 6 30 43.6252128596997 17.490773579514364 96.40940079395325
2020 7 1 44.167672040552944 15.205364289084482 111.40422225277146
2020 7 2 44.76841666249829 13.236318514707524 128.86122987760288
2020 7 3 45.33670021316264 11.510244476763186 148.93679007566774
2020 7 4 45.929832262593905 10.013735254946473 172.1978962586611
2020 7 5 46.542634491100934 8.714392022942016 199.13660038764317
2020 7 6 47.19982055194005 7.5904258431328735 230.44452347413173
2020 7 7 47.93054438025102 6.621760415453396 266.9883550015052
2020 7 8 48.70303233295655 5.780919878658969 309.49692177501
2020 7 9 49.5122820686473 5.049736204629101 358.92798818057764
2020 7 10 50.33497830044611 4.4110342768246875 416.2538999111915
2020 7 11 51.17134445537384 3.8531167971677065 482.7355762072948
2020 7 12 52.02160767291543 3.3657659679995238 559.8353230706236
2020 7 13 52.885998866706196 2.940056361559264 649.2489975982288
2020 7 14 53.76475278724315 2.5681914581490357 752.9433094187401
2020 7 15 54.658108085638254 2.2433608593175673 873.1990796992663
2020 7 16 53.01836484306911 2.1760600335380405 847.0031073082883
2020 7 17 51.427813897777035 2.1107782325318993 821.5930140890397
2020 7 18 49.884979480843725 2.0474548855559425 796.9452236663685
2020 7 19 48.38843009641841 1.986031238989264 773.0368669563775
2020 7 20 46.936777193525856 1.926450301819586 749.8457609476861
2020 7 21 45.52867387772008 1.8686567927649984 727.3503881192555
2020 7 22 44.162813661388476 1.8125970889820484 705.5298764756778
2020 7 23 42.83792925154682 1.758219176312587 684.3639801814074
2020 7 24 41.552791374000414 1.7054726010232093 663.8330607759652
2020 7 25 40.3062076327804 1.654308422992513 643.9180689526862
2020 7 26 39.09702140379699 1.6046791703027374 624.6005268841056
2020 7 27 37.924110761683075 1.5565387951936553 605.8625110775824
2020 7 28 36.786387438832584 1.5098426313378457 587.686635745255
2020 7 29 35.6827958156676 1.4645473523977102 570.0560366728973
2020 7 30 34.612311941197575 1.420610931825779 552.9543555727104
2020 7 31 33.57394258296165 1.3779926038710055 536.3657249055291
2020 8 1 32.566724305472796 1.3366528257548753 520.2747531583632
2020 8 2 31.58972257630861 1.2965532409822291 504.6665105636123
2020 8 3 30.64203089901935 1.2576566437527623 489.5265152467039
2020 8 4 29.72276997204877 1.2199269444401795 474.8407197893028
2020 8 5 28.831086872887305 1.183329136106974 460.5954981956237
2020 8 6 27.966154266700684 1.1478292620237647 446.77763324975496
2020 8 7 27.127169638699662 1.1133943841630518 433.3743042522623
2020 8 8 26.313354549538673 1.0799925526381602 420.3730751246944
2020 8 9 25.523953913052512 1.0475927760590154 407.76188287095357
2020 8 10 24.758235295660935 1.016164992777245 395.52902638482493
2020 8 11 24.015488236791107 0.9856800429939275 383.6631555932802
2020 8 12 23.295023589687375 0.9561096417041097 372.1532609254818
2020 8 13 22.596172881996754 0.9274263524529864 360.98866309771734
2020 8 14 21.91828769553685 0.8996035618793968 350.1590032047858
2020 8 15 21.260739064670744 0.8726154550230149 339.6542331086422
2020 8 16 20.622916892730622 0.8464369913723244 329.46460611538294
2020 8 17 20.0042293859487 0.8210438816311547 319.5806679319214
2020 8 18 19.40410250437024 0.79641256518222 309.99324789396377
2020 8 19 18.821979429239132 0.7725201882267534 300.6934504571448
2020 8 20 18.257320046361958 0.7493445825799507 291.6726469434305
2020 8 21 17.709600444971098 0.7268642451025522 282.92246753512757
2020 8 22 17.178312431621965 0.7050583177494756 274.43479350907376
2020 8 23 16.662963058673306 0.6839065682169913 266.2017497038015
2020 8 24 16.163074166913106 0.6633893711704815 258.2156972126875
2020 8 25 15.678181941905711 0.643487690035367 250.46922629630683
2020 8 26 15.20783648364854 0.624183059334306 242.95514950741762
2020 8 27 14.751601389139084 0.6054575675542767 235.66649502219508
2020 8 28 14.309053347464912 0.5872938405276484 228.59650017152921
2020 8 29 13.879781747040965 0.569675025311819 221.73860516638334
2020 8 30 13.463388294629736 0.5525847745524645 215.08644701139184
2020 8 31 13.059486645790843 0.5360072313158906 208.63385360105008
2020 9 1 12.667702046417118 0.5199270143764139 202.37483799301856
2020 9 2 12.287670985024604 0.5043292039451215 196.303592853228
2020 9 3 11.919040855473867 0.48919932782676784 190.41448506763115
2020 9 4 11.56146962980965 0.4745233479919648 184.7020505156022
2020 9 5 11.21462554091536 0.4602876475522058 179.16098900013412
2020 9 6 10.878186774687899 0.4464790181256396 173.7861593301301
2020 9 7 10.551841171447261 0.43308464758187043 168.5725745502262
2020 9 8 10.235285936303843 0.4200921081544143 163.5153973137194
2020 9 9 9.928227358214727 0.40748934490978184 158.60993539430783
2020 9 10 9.630380537468286 0.3952646645624884 153.8516373324786
2020 9 11 9.341469121344236 0.3834067246256137 149.23608821250423
2020 9 12 9.061225047703909 0.3719045228868453 144.7590055661291
2020 9 13 8.789388296272792 0.3607473872002399 140.41623539914522
2020 9 14 8.525706647384608 0.3499249655842327 136.20374833717085
2020 9 15 8.26993544796307 0.3394272166167057 132.1176358870557
2020 9 16 8.021837384524177 0.32924440011820455 128.15410681044403
2020 9 17 7.781182262988452 0.3193670681146584 124.30948360613071
2020 9 18 7.5477467950987975 0.3097860560712187 120.58019909794679
2020 9 19 7.321314391245833 0.3004924743890821 116.96279312500839
2020 9 20 7.101674959508458 0.29147770015740965 113.45390933125813
2020 9 21 6.888624710723204 0.2827333691526874 110.05029205132038
2020 9 22 6.681965969401507 0.27425136807810674 106.74878328978077
2020 9 23 6.481506990319462 0.26602382703576355 103.54631979108734
2020 9 24 6.2870617806098785 0.2580431122246906 100.43993019735471
2020 9 25 6.098449927191582 0.2503018188579499 97.42673229143406
2020 9 26 5.9154964293758345 0.2427927642922114 94.50393032269103
2020 9 27 5.738031536494559 0.23550898136344503 91.6688124130103
2020 9 28 5.5658905903997224 0.22844371192254168 88.91874804061999
2020 9 29 5.39891387268773 0.22159040056486543 86.25118559940138
2020 9 30 5.2369464565070984 0.21494268854791945 83.66365003141934
2020 10 1 5.079838062811885 0.20849440789148185 81.15374053047675
2020 10 2 4.927442920927528 0.20223957565473738 78.71912831456245
2020 10 3 4.779619633299702 0.19617238838509526 76.35755446512557
2020 10 4 4.636231044300711 0.1902872167335424 74.0668278311718
2020 10 5 4.497144112971689 0.18457860023153613 71.84482299623664
2020 10 6 4.362229789582538 0.17904124222459003 69.68947830634954
2020 10 7 4.231362895895062 0.17367000495785231 67.59879395715906
2020 10 8 4.10442200901821 0.16845990480911674 65.5708301384443
2020 10 9 3.9812893487476635 0.16340610766484323 63.60370523429096
2020 10 10 3.8618506682852334 0.15850392443489794 61.695594077262236
2020 10 11 3.7459951482366765 0.153748806701851 59.84472625494437
2020 10 12 3.633615293789576 0.14913634250079547 58.049384467296036
2020 10 13 3.524606834975889 0.1446622522257716 56.307902933277155
2020 10 14 3.418868629926612 0.14032238465899843 54.61866584527884
2020 10 15 3.3163025710288134 0.13611271311922848 52.98010586992047
2020 10 16 3.216813493897949 0.13202933172565162 51.39070269382285
2020 10 17 3.1203090890810103 0.12806845177388207 49.84898161300816
2020 10 18 3.02669981640858 0.1242263982206656 48.35351216461792
2020 10 19 2.9358988219163225 0.12049960627404563 46.90290679967938
2020 10 20 2.8478218572588325 0.11688461808582426 45.49581959568899
2020 10 21 2.7623872015410673 0.11337807954324954 44.13094500781832
2020 10 22 2.679515585494835 0.10997673715695204 42.807016657583766
2020 10 23 2.59913011792999 0.10667743504224347 41.52280615785625
2020 10 24 2.5211562143920903 0.10347711199097617 40.277121973120565
2020 10 25 2.4455215279603273 0.10037279863124689 39.068808313926944
2020 10 26 2.3721558821215174 0.09736161467230947 37.896744064509136
2020 10 27 2.300991205657872 0.09444076623214018 36.75984174257386
2020 10 28 2.2319614694881356 0.09160754324517598 35.65704649029664
2020 10 29 2.1650026254034915 0.08885931694782069 34.58733509558774
2020 10 30 2.1000525466413866 0.08619353743938607 33.54971504272011
