2020 6 25 25.827006016006923 22.960173953322453 28.693838078691392
2020 6 26 27.034731295980993 21.366051858776192 33.3696165673363
2020 6 27 28.298932357583972 19.88260946802864 38.80733231982568
2020 6 28 29.345554833178767 18.307758343918486 44.75170403831896
2020 6 29 30.43088614034991 16.857647187522286 51.60661386946604
2020 6 30 31.556357906715707 15.522395662021488 59.511534863381826
2020 7 1 32.723454707957075 14.292906027045476 68.62730406520576
2020 7 2 33.93371602607629 13.160801151189602 79.13939497729451
2020 7 3 35.188738280081026 12.11836743440463 91.26169128575181
2020 7 4 36.49017693177227 11.158502251359105 105.2408386332169
2020 7 5 38.19653457632133 10.383768792583991 122.3902645154789
2020 7 6 40.35615507217351 9.764353194474477 143.5309411663172
2020 7 7 42.769408472551156 9.213711095953581 168.79107798017006
2020 7 8 45.52212318888135 8.736162415081093 199.2669409997175
2020 7 9 48.76357507705298 8.343158204019598 236.60918053940105
2020 7 10 52.23583804360369 7.967833644797615 280.9492835823994
2020 7 11 55.95534724035448 7.609393402198959 333.59863622163783
2020 7 12 59.93970810184098 7.267077919885437 396.1143757688105
2020 7 13 64.20777967655663 6.940161810851482 470.34544405771504
2020 7 14 68.77976389188682 6.627952320285653 558.4872710476066
2020 7 15 73.67730117524906 6.329787857581706 663.1467060281108
2020 7 16 71.46698213999159 6.139894221854254 643.2523048472674
2020 7 17 69.32297267579183 5.9556973951986265 623.9547357018494
2020 7 18 67.24328349551807 5.7770264733426675 605.2360936307939
2020 7 19 65.22598499065252 5.603715679142387 587.07901082187
2020 7 20 63.26920544093294 5.435604208768115 569.4666404972139
2020 7 21 61.37112927770495 5.272536082505072 552.3826412822975
2020 7 22 59.5299953993738 5.11436000002992 535.8111620438286
2020 7 23 57.74409553739259 4.960929200029022 519.7368271825137
2020 7 24 56.01177267127081 4.812101324028151 504.1447223670383
2020 7 25 54.331419491132685 4.6677382843073065 489.02038069602713
2020 7 26 52.7014769063987 4.527706135778087 474.3497692751463
2020 7 27 51.120432599206744 4.391874951704744 460.11927619689186
2020 7 28 49.58681962123054 4.260118703153601 446.3156979109851
2020 7 29 48.09921503259362 4.132315142058993 432.9262269736555
2020 7 30 46.65623858161581 4.008345687797223 419.9384401644458
2020 7 31 45.256551424167334 3.888095317163306 407.3402869595124
2020 8 1 43.89885488144231 3.7714524576484068 395.12007835072706
2020 8 2 42.58188923499904 3.6583088839189544 383.2664760002052
2020 8 3 41.30443255794907 3.5485596174013856 371.7684817201991
2020 8 4 40.065299581210596 3.442102828879344 360.61542726859307
2020 8 5 38.863340593774275 3.338839744012964 349.79696445053526
2020 8 6 37.697440375961044 3.238674551692575 339.3030555170192
2020 8 7 36.56651716468221 3.1415143151417975 329.12396385150856
2020 8 8 35.46952164974174 3.0472688856875436 319.2502449359633
2020 8 9 34.40543600024949 2.9558508191169173 309.6727375878844
2020 8 10 33.373272920242 2.8671752945434097 300.3825554602479
2020 8 11 32.372074732634744 2.7811600357071073 291.37107879644043
2020 8 12 31.4009124906557 2.697725234635894 282.62994643254723
2020 8 13 30.458885115936027 2.616793477596817 274.1510480395708
2020 8 14 29.545118562457947 2.5382896732689124 265.92651659838367
2020 8 15 28.658765005584208 2.462140983070845 257.9487211004322
2020 8 16 27.79900205541668 2.3882767535787197 250.2102594674192
2020 8 17 26.965031993754177 2.316628450971358 242.7039516833966
2020 8 18 26.15608103394155 2.247129597442217 235.4228331328947
2020 8 19 25.371398602923303 2.1797157095189506 228.36014813890787
2020 8 20 24.610256644835605 2.114324238233382 221.50934369474064
2020 8 21 23.871948945490537 2.0508945110863803 214.8640633838984
2020 8 22 23.15579047712582 1.9893676757537888 208.41814148238146
2020 8 23 22.461116762812043 1.9296866454811752 202.16559723791002
2020 8 24 21.78728325992768 1.8717960461167398 196.10062932077273
2020 8 25 21.13366476212985 1.8156421647332375 190.21761044114953
2020 8 26 20.499654819265956 1.7611728997912404 184.51108212791505
2020 8 27 19.884665174687978 1.708337712797503 178.9757496640776
2020 8 28 19.288125219447338 1.657087581413578 173.60647717415526
2020 8 29 18.709481462863916 1.6073749539711706 168.3982828589306
2020 8 30 18.148197018978 1.5591537053520355 163.34633437316268
2020 8 31 17.60375110840866 1.5123790941914743 158.4459443419678
2020 9 1 17.0756385751564 1.46700772136573 153.69256601170875
2020 9 2 16.563369417901708 1.4229974897247581 149.0817890313575
2020 9 3 16.066468335364657 1.3803075650330154 144.60933536041676
2020 9 4 15.584474285303717 1.338898338082025 140.27105529960426
2020 9 5 15.116940056744605 1.298731387939564 136.06292364061613
2020 9 6 14.663431855042267 1.259769446301377 131.98103593139766
2020 9 7 14.223528899390999 1.2219763629123357 128.02160485345573
2020 9 8 13.796823032409268 1.1853170720249655 124.18095670785205
2020 9 9 13.382918341436989 1.1497575598642165 120.45552800661648
2020 9 10 12.98143079119388 1.11526483306829 116.84186216641798
2020 9 11 12.591987867458062 1.0818068880762413 113.33660630142543
2020 9 12 12.214228231434321 1.049352681433954 109.93650811238267
2020 9 13 11.84780138449129 1.0178721009909353 106.63841286901119
2020 9 14 11.492367342956552 0.9873359379612072 103.43926048294085
2020 9 15 11.147596322667855 0.957715859822371 100.33608266845262
2020 9 16 10.813168432987819 0.9289843840276998 97.32600018839904
2020 9 17 10.488773379998184 0.9011148525068687 94.40622018274706
2020 9 18 10.174110178598239 0.8740814069316627 91.57403357726464
2020 9 19 9.868886873240292 0.8478589647237128 88.8268125699467
2020 9 20 9.572820267043083 0.8224231957820014 86.16200819284829
2020 9 21 9.28563565903179 0.7977504999085413 83.57714794706284
2020 9 22 9.007066589260836 0.7738179849112851 81.06983350865096
2020 9 23 8.736854591583011 0.7506034453639465 78.63773850339143
2020 9 24 8.47474895383552 0.7280853420030281 76.27860634828969
2020 9 25 8.220506485220454 0.7062427817429372 73.990248157841
2020 9 26 7.973891290663841 0.685055498290649 71.77054071310576
2020 9 27 7.734674551943925 0.6645038333419295 69.61742449171258
2020 9 28 7.502634315385607 0.6445687183416716 67.5289017569612
2020 9 29 7.277555285924039 0.6252316567914215 65.50303470425237
2020 9 30 7.059228627346317 0.6064747070876788 63.5379436631248
2020 10 1 6.847451768525928 0.5882804658750485 61.63180535323105
2020 10 2 6.64202821547015 0.570632051898797 59.78285119263412
2020 10 3 6.442767369006045 0.553513090341833 57.98936565685509
2020 10 4 6.249484347935864 0.5369076976315781 56.24968468714944
2020 10 5 6.061999817497788 0.5208004667026307 54.56219414653496
2020 10 6 5.880139822972854 0.5051764527015518 52.92532832213891
2020 10 7 5.703735628283669 0.4900211591205052 51.33756847247474
2020 10 8 5.532623559435159 0.47532052434689004 49.7974414183005
2020 10 9 5.366644852652104 0.4610609086164833 48.303518175751485
2020 10 10 5.20564550707254 0.4472290813579888 46.85441263047894
2020 10 11 5.049476141860364 0.4338122089172491 45.44878025156457
2020 10 12 4.897991857604553 0.4207978426497316 44.08531684401763
2020 10 13 4.751052101876416 0.4081739073702396 42.76275733869711
2020 10 14 4.608520538820124 0.3959286901491324 41.47987461853619
2020 10 15 4.47026492265552 0.3840508294446584 40.23547837998011
2020 10 16 4.336156974975855 0.37252930456131866 39.028414028580706
2020 10 17 4.206072265726579 0.36135342542447907 37.857561607723284
2020 10 18 4.079890097754782 0.35051282266174466 36.721834759491585
2020 10 19 3.9574933948221385 0.3399974379818923 35.620179716706836
2020 10 20 3.838768592977474 0.3297975148424355 34.55157432520563
2020 10 21 3.72360553518815 0.31990358939716246 33.51502709544946
2020 10 22 3.6118973691325054 0.31030648171524755 32.509576282585975
2020 10 23 3.50354044805853 0.3009972872637901 31.534288994108394
2020 10 24 3.398434234616774 0.2919673686458764 30.58826032428514
2020 10 25 3.2964812075782706 0.2832083475865001 29.670612514556584
2020 10 26 3.1975867713509225 0.2747120971589051 28.780494139119885
2020 10 27 3.1016591682103947 0.2664707342441379 27.91707931494629
2020 10 28 3.008609393164083 0.2584766122168138 27.0795669354979
2020 10 29 2.9183511113691605 0.25072231385030935 26.267179927432963
2020 10 30 2.8308005780280854 0.24320064443480008 25.479164529609974
