2020 7 7 26.84765879725641 24.052995507084034 29.64232208742879
2020 7 8 27.289680720029168 21.90402645462135 33.26672582214818
2020 7 9 27.738980125791677 19.947052947457053 37.334289927148376
2020 7 10 28.19567683158454 18.16492150942909 41.89920017425886
2020 7 11 28.659892627125334 16.542011209018476 47.02226769729014
2020 7 12 29.131751307286944 15.06409673706832 52.77173908331597
2020 7 13 29.61137870511057 13.71822371756313 59.2242055148282
2020 7 14 30.098902725362304 12.49259515852896 66.46562307383805
2020 7 15 30.59445337864215 11.37646804776152 74.5924577998339
2020 7 16 31.098162816054653 10.360059187011938 83.71297075540537
2020 7 17 31.610165364450324 9.434459439237761 93.94866021844582
2020 7 18 32.13059756224729 8.591555637269925 105.43588021299632
2020 7 19 32.659598195842705 7.823959469401074 118.32765693987682
2020 7 20 33.19730833662367 7.1249427185554906 132.7957273045587
2020 7 21 33.743871378587464 6.488378287391993 149.0328266983859
2020 7 22 34.29943307658118 5.908686492406638 167.25525650966225
2020 7 23 34.864141585170955 5.380786156286486 187.70576556752573
2020 7 24 35.43814749815111 4.900050069823834 210.65678390356308
2020 7 25 36.021603888703794 4.462264433000855 236.4140519094947
2020 7 26 36.61466635021983 4.063591919733242 265.32069323650154
2020 7 27 37.2174930377916 3.7005380425239656 297.7617856930381
2020 7 28 37.83024471038912 3.369920522202942 334.1694910320288
2020 7 29 38.45308477373047 3.068841394268953 375.0288119635497
2020 7 30 39.08617932385806 2.794661607337295 420.8840530846399
2020 7 31 39.72969719143235 2.5449778910407237 472.3460717950682
2020 8 1 40.383809986754784 2.31760169062371 530.1004157916244
2020 8 2 41.04869214553204 2.1105399835852365 594.9164555439986
2020 8 3 41.7245209753937 1.9219778102220895 667.6576334098897
2020 8 4 42.411476703175836 1.7502623649474736 749.2929659222158
2020 8 5 43.10974252298302 1.5938885089404529 840.9099524753436
2020 8 6 43.819504645041675 1.451485577140123 943.7290623725032
2020 8 7 44.540952345357745 1.3218053639437497 1059.1199932225777
2020 8 8 45.27427801619191 1.2037111822998163 1188.6199172713707
2020 8 9 46.019677217365846 1.0961679002955547 1333.953958734581
2020 8 10 46.77734872841322 0.9982328679065794 1497.058174919849
2020 8 11 47.54749460158924 0.9090476543787873 1680.105347279292
2020 8 12 48.33032021575302 0.8278305238181274 1885.5339259662353
