2020 7 7 1214.3113401673243 1132.3579565447176 1296.264723789931
2020 7 8 1271.4528228278632 1105.6354818613174 1448.851105032509
2020 7 9 1331.6667545877287 1079.8771673029048 1619.835864854224
2020 7 10 1394.7323199378347 1054.7189517642641 1810.9992254926417
2020 7 11 1461.1884869608878 1030.452304866682 2025.2470167002655
2020 7 12 1531.6751180931535 1007.353256935072 2266.0385759229844
2020 7 13 1605.2108048788525 984.5410515620603 2534.9394922071583
2020 7 14 1681.9282822707605 962.031599320998 2835.199112109855
2020 7 15 1762.0687545675266 939.897474314532 3170.613472785859
2020 7 16 1845.815132336969 918.1591887316432 3545.325979544745
2020 7 17 1933.3635648371812 896.8350399677776 3963.9808757700307
2020 7 18 2024.2246235842745 875.6165524183199 4430.351260922334
2020 7 19 2117.816987585548 854.2344276332528 4948.2230734541545
2020 7 20 2216.043366271508 833.4981384420885 5527.346374928628
2020 7 21 2318.264026222085 813.0540055810368 6172.847663411803
2020 7 22 2425.2278492378746 793.1211396014993 6893.807155228146
2020 7 23 2537.2440015643915 773.715230374224 7699.304060280682
2020 7 24 2655.168738145065 755.0082112006704 8601.147829139281
2020 7 25 2779.247148570327 736.944814932002 9610.806960371088
2020 7 26 2906.977508212031 718.7444564256139 10731.564305252423
2020 7 27 3039.6310740014164 700.759423196361 11979.521576284855
2020 7 28 3179.475033791563 683.4865606319223 13377.083091903536
2020 7 29 3326.40500287784 666.7796605733326 14940.431814319312
2020 7 30 3480.518266115397 650.5599878521366 16688.252258775814
2020 7 31 3640.110588402865 634.4243900962878 18632.578776833136
2020 8 1 3807.0207028654427 618.6889975786955 20803.436243140768
2020 8 2 3981.5841524763173 603.3438841574746 23227.21748320338
2020 8 3 4164.151865872022 588.3793698851503 25933.390316222973
2020 8 4 4355.090862831786 573.7860149023898 28954.85581860639
2020 8 5 4554.784992105237 559.5546134831854 32328.348328287117
2020 8 6 4763.635703071762 545.6761882277327 36094.88205302922
2020 8 7 4982.0628527827785 532.14198439934 40300.24971248262
2020 8 8 5210.505550009344 518.9434644017983 44995.57927637428
2020 8 9 5449.423037991911 506.07230239372655 50237.955567540346
2020 8 10 5699.295617666837 493.5203790364951 56091.114287117336
2020 8 11 5960.62561322563 481.2797763724148 62626.2168997037
2020 8 12 6233.938381948017 469.34277282996027 69922.7157993815
