2020 7 7 600.6466291130616 560.3017240181953 640.991534207928
2020 7 8 604.9568546303375 526.4168675986068 688.955673835253
2020 7 9 609.3149488883055 494.5959743051145 740.5281665987387
2020 7 10 613.6959084030226 464.6916688862029 795.9508045715089
2020 7 11 618.1255502685638 436.6084514903086 855.5436722397147
2020 7 12 622.6001457208137 410.23158644735634 919.6162265114411
2020 7 13 627.0679091362317 385.4223848874174 988.4293055273029
2020 7 14 631.537007010212 362.09466122801587 1062.3430996338543
2020 7 15 636.01585240373 340.1661768694153 1141.7469145353532
2020 7 16 640.5131054269343 319.5585400044165 1227.0617148271901
2020 7 17 645.0287077430525 300.19262550767087 1318.7257282411754
2020 7 18 649.5219629347521 281.9751098535696 1417.1264583104926
2020 7 19 653.9783187327097 264.8335367616319 1522.7208608737035
2020 7 20 658.4789829331365 248.73957997351394 1636.2154004384004
2020 7 21 662.9691367322205 233.607983843764 1758.0660658897748
2020 7 22 667.4991902918734 219.40015988257144 1889.015690083798
2020 7 23 672.064870068165 206.05797857262385 2029.73232550684
2020 7 24 676.6900055114036 193.53581750667234 2181.0164785267198
2020 7 25 681.4132861682269 181.79359561596834 2343.790188907811
2020 7 26 686.1218366347357 170.75107337089253 2518.5479693400457
2020 7 27 690.8389089906339 160.37332071947907 2706.247898049126
2020 7 28 695.6561128310155 150.64201410254014 2908.2017574614697
2020 7 29 700.5312547086517 141.50646671444437 3125.328218158452
2020 7 30 705.4680220912877 132.93048326852346 3358.7878611509936
2020 7 31 710.4032836811247 124.86740710827195 3609.513953702289
2020 8 1 715.3730710130186 117.29340761100592 3878.956195080114
2020 8 2 720.3776256196304 110.17881917794854 4168.511704440804
2020 8 3 725.4171907233177 103.4957756168729 4479.681892798764
2020 8 4 730.4920112479551 97.21810099669234 4814.080248183238
2020 8 5 735.602333830838 91.32120712241147 5173.44070193983
2020 8 6 740.7484068346687 85.7819972288711 5559.626619557953
2020 8 7 745.9304803596272 80.57877551607793 5974.6404626436715
2020 8 8 751.148806255526 75.69116217178949 6420.634172137482
2020 8 9 756.4036381340503 71.10001354851806 6899.920326616348
2020 8 10 761.6952313810832 66.78734718230496 7414.984133538331
2020 8 11 767.0238431691178 62.73627135958132 7968.496315607142
2020 8 12 772.3897324697555 58.930918956245186 8563.326959075326
