2020 7 7 3572.5482158119644 3331.96878644542 3813.1276451785084
2020 7 8 3587.032736332812 3120.0914604128557 4086.5213410070796
2020 7 9 3602.360796379635 2922.369900788554 4380.41092065616
2020 7 10 3616.966188868872 2736.5386520757825 4694.4777031726835
2020 7 11 3627.673983590812 2559.5306072814915 5025.926884088479
2020 7 12 3636.0323614364297 2392.2919937870565 5377.478826874621
2020 7 13 3643.6144632025903 2235.457264340163 5752.444465082302
2020 7 14 3649.6179893143726 2087.9261621672536 6151.038865587142
2020 7 15 3654.832900634734 1949.6746924268095 6575.906596185509
2020 7 16 3656.0570250676283 1818.4446418450068 7022.92723574903
2020 7 17 3651.6821508927687 1693.262487937577 7489.579778047349
2020 7 18 3647.31251173583 1576.6979027459063 7987.239988220252
2020 7 19 3641.352096758484 1467.4677134942858 8514.47314701966
2020 7 20 3634.604724056747 1365.4836833478755 9074.645768688719
2020 7 21 3627.0746322123828 1270.2884407712345 9669.687045976365
2020 7 22 3618.766566638223 1181.4518439362237 10301.630629611216
2020 7 23 3611.269287930104 1099.0864548453928 10977.127569573333
2020 7 24 3598.256727652961 1020.7799037002409 11680.106147958677
2020 7 25 3582.1419786764473 947.1591016890733 12417.881639104811
2020 7 26 3566.883142912071 879.0552180690053 13204.97575076495
2020 7 27 3551.819372648275 815.8802847812349 14042.44050220354
2020 7 28 3537.000545632932 757.287187078563 14933.734484010623
2020 7 29 3521.16013172232 702.6700361497406 15877.025850888524
2020 7 30 3505.3906589126836 651.9919894689242 16879.9003450665
2020 7 31 3489.6918094951657 604.9689505204082 17946.121542872632
2020 8 1 3474.063267183764 561.3373124290632 19079.690747444893
2020 8 2 3458.5047171089586 520.8524802041954 20284.862004777402
2020 8 3 3443.0158458113697 483.28749956229683 21566.15806825725
2020 8 4 3427.5963412354413 448.43178464199565 22928.387371603472
2020 8 5 3412.2458927231546 416.08993747888996 24376.662073904015
2020 8 6 3396.9641910077685 386.08065262234953 25916.41724446991
2020 8 7 3381.7509282075894 358.23570075366626 27553.43125950338
2020 8 8 3366.605797819768 332.3989856078102 29293.847487124232
2020 8 9 3351.5284947141254 308.42566891197936 31144.197342133913
2020 8 10 3336.518715127003 286.18135843542956 33111.42479703686
2020 8 11 3321.5761566551446 265.54135459886425 35202.91244130382
2020 8 12 3306.700518249603 246.3899514199464 37426.509186672134
