2020 7 7 8202.809511352445 7931.464521057253 8474.154501647638
2020 7 8 8505.173104391484 7951.78586397367 9077.173993626595
2020 7 9 8821.752056053228 7975.029467974168 9726.380661157818
2020 7 10 9148.522582294434 7996.901721993543 10420.263735804083
2020 7 11 9495.652557280053 8026.050162632415 11173.051628556577
2020 7 12 9864.522607055442 8062.5473511211085 11990.305220931643
2020 7 13 10242.38096176862 8094.845242647391 12860.84503360613
2020 7 14 10631.016111878313 8124.350684159475 13789.94708681032
2020 7 15 11032.478936100502 8152.497430696992 14783.6812332753
2020 7 16 11447.111257584973 8179.270370299791 15846.357981211291
2020 7 17 11879.392571646846 8207.607385641031 16988.281653862592
2020 7 18 12312.990753185602 8225.673704841245 18191.033168648242
2020 7 19 12733.526867141745 8224.480932389066 19436.258835668574
2020 7 20 13166.127829096446 8221.804020573258 20763.215827603148
2020 7 21 13608.673397384659 8216.160321626283 22173.272671787476
2020 7 22 14066.093998222592 8210.520496687706 23679.08830017651
2020 7 23 14541.428194441736 8206.366335912984 25291.439296616394
2020 7 24 15032.825314605783 8202.214276960158 27013.578123684085
2020 7 25 15554.393409359196 8205.465787518679 28877.35679213118
2020 7 26 16051.949793109576 8186.505378537576 30791.550703798657
2020 7 27 16542.24629727645 8155.769111953638 32788.17400979515
2020 7 28 17047.518593487075 8125.148244803259 34914.26480069998
2020 7 29 17567.19855799526 8094.153548729945 37176.11778241611
2020 7 30 18092.363785328413 8058.505168045943 39562.58329680873
2020 7 31 18611.514946648313 8013.342310644654 42054.76305814162
2020 8 1 19145.56288605082 7968.432562678195 44703.933578045595
2020 8 2 19694.93505899356 7923.774505627239 47519.98423073799
2020 8 3 20260.071186550755 7879.366728922371 50513.42735527371
2020 8 4 20841.423607368815 7835.207829899531 53695.437498188905
2020 8 5 21439.45763972116 7791.296413755709 57077.893128170384
2020 8 6 22054.651953952 7747.631093504889 60673.42097847188
2020 8 7 22687.49895560721 7704.21048993424 64495.44318260776
2020 8 8 23338.50517955893 7661.033231560554 68558.22737928221
2020 8 9 24008.191695439396 7618.097954586921 72876.93997359574
2020 8 10 24697.094524708475 7575.4033028596605 77467.7027533538
2020 8 11 25405.76506968873 7532.947927825477 82347.65307182643
2020 8 12 26134.770554911454 7490.73048848887 87535.00782162162
