2020 7 7 261.5163160881095 248.10585615274738 274.9267760234716
2020 7 8 264.10989818282826 237.72074686308062 291.8877040073884
2020 7 9 266.93227960924446 227.95311963468387 310.11943078264954
2020 7 10 269.7848221048633 218.58683113221613 329.48993749500374
2020 7 11 272.8061420249023 209.71744039229625 350.23925338379
2020 7 12 276.071061898967 201.36918898812684 372.56454125796466
2020 7 13 279.23353962308823 193.25003399744267 396.1219293190301
2020 7 14 282.36067572001184 185.40871046871933 421.0673316108395
2020 7 15 285.5228326105761 177.8855568953137 447.5836469206936
2020 7 16 288.7204024926096 170.6676631964089 475.7698020039676
2020 7 17 292.027782248755 163.7863859943081 505.8528953002331
2020 7 18 295.2233530661068 157.09860183257095 537.5788486672814
2020 7 19 298.1512239305661 150.5228354456596 570.7434471462022
2020 7 20 301.26096679361945 144.2994740007667 606.2466216108118
2020 7 21 304.32593004805426 138.29643263873407 643.8028922747859
2020 7 22 307.5000756260358 132.57857139660487 683.8507395510716
2020 7 23 310.78614141925243 127.13109539392647 726.5650425771415
2020 7 24 314.10732339374266 121.90744888712479 771.9473425468145
2020 7 25 317.7860250972452 117.0234166554401 820.955700216057
2020 7 26 321.26346049788793 112.2450747455831 872.4441912446762
2020 7 27 324.6966071922529 107.63307489783797 926.9383131383274
2020 7 28 328.49932643195154 103.32092324676776 985.7865296989701
2020 7 29 332.4728753322838 99.221253642951 1048.7498149654286
2020 7 30 336.5541385036368 95.30205636401979 1115.9227948868509
2020 7 31 340.77607442876825 91.56331335646915 1187.6985563234816
2020 8 1 345.05097283724683 87.97124293721102 1264.0909094754295
2020 8 2 349.37949812206483 84.52009107391073 1345.396791897091
2020 8 3 353.7623230107565 81.20432946753863 1431.9322400618587
2020 8 4 358.2001286699519 78.01864669674985 1524.0336177978709
2020 8 5 362.69360481124147 74.95793970967416 1622.0589237363133
2020 8 6 367.2434497983696 72.01730564948666 1726.3891828543383
2020 8 7 371.8503707557721 69.19203400066515 1837.4299275215328
2020 8 8 376.5150836784755 66.47759904335337 1955.6127738067757
2020 8 9 381.23831354337534 63.86965260374299 2081.397099172596
2020 8 10 386.02079442190984 61.36401708886143 2215.2718280782415
2020 8 11 390.8632695941473 58.95667879460806 2357.757332432111
2020 8 12 395.7664916643048 56.643781476319255 2509.407454280615
