2020 7 7 78.68497984839993 72.13030896333677 85.23965073346308
2020 7 8 79.21851907437619 66.57073922940558 92.96561487811262
2020 7 9 79.87409647161695 61.53919683019525 101.53081646233814
2020 7 10 80.61900211871999 56.95259118477523 110.99180789448181
2020 7 11 81.43925454929146 52.75615235307153 121.42857619389578
2020 7 12 82.37972184861728 48.941388442763156 133.0135341465683
2020 7 13 83.24118648203101 45.34908036875037 145.55866442998925
2020 7 14 84.08811814505249 42.007623239538155 159.24581921597303
2020 7 15 84.9266804014727 38.9038888912684 174.1878339966428
2020 7 16 85.7358622851417 36.012184483042475 190.45444405255395
2020 7 17 86.54582633388674 33.33250895747158 208.2247295709958
2020 7 18 87.27253104057195 30.817214932812217 227.43433770801994
2020 7 19 87.75146960054951 28.402082156753227 247.75452661219543
2020 7 20 88.27203475817824 26.188844739164693 270.0003352207833
2020 7 21 88.69939720429527 24.11950635805186 293.94906096279533
2020 7 22 89.11449431917626 22.20978100555207 319.9745077170327
2020 7 23 89.5387347417746 20.45305780000112 348.33003135804574
2020 7 24 89.99755235020554 18.842722844068227 379.32502448234436
2020 7 25 90.54234999402256 17.376684065438464 413.43048670588956
2020 7 26 90.9843620531323 16.004349627560043 450.11800863211784
2020 7 27 91.39912466039344 14.735223350968129 489.91567093778775
2020 7 28 91.97087001673414 13.59174099899533 534.0634067891791
2020 7 29 92.60316699650399 12.545415084231145 582.5202716243215
2020 7 30 93.26250829190134 11.582712848127148 635.5165223591185
2020 7 31 93.88829944863981 10.689136065506736 693.0736307130213
2020 8 1 94.51828966220214 9.864496454765478 755.8435393726742
2020 8 2 95.15250710824726 9.103475688749933 824.298358348548
2020 8 3 95.79098015149273 8.401165735695054 898.9529554490176
2020 8 4 96.43373734698326 7.753037205980438 980.3688287449164
2020 8 5 97.08080744136784 7.154910140853674 1069.1583297533166
2020 8 6 97.73221937418538 6.602927054729254 1165.9892691042774
2020 8 7 98.388002279159 6.093528057205433 1271.589939331069
2020 8 8 99.04818548549905 5.623427894354096 1386.7545925616787
2020 8 9 99.71279851921476 5.18959476121661 1512.349414310847
2020 8 10 100.38187110443482 4.789230748861637 1649.3190383031913
2020 8 11 101.05543316473673 4.41975379990261 1798.6936513272226
2020 8 12 101.7335148244851 4.078781056101065 1961.5967415578434
