2020 7 7 29.398224712523188 27.27648719509297 31.51996222995341
2020 7 8 29.154501742932705 25.098090699879684 33.514631577729844
2020 7 9 28.926535248898684 23.1054934028117 35.651319209161045
2020 7 10 28.70195463728596 21.27237386151538 37.92620505552281
2020 7 11 28.516172483526788 19.612151547973784 40.39521334564757
2020 7 12 28.304722518574664 18.063022614333146 42.98689110182096
2020 7 13 28.084054368649912 16.629373325308297 45.72846477371892
2020 7 14 27.849021129909243 15.299987105493061 48.61869622348142
2020 7 15 27.61190283915441 14.074648602525382 51.68452845616515
2020 7 16 27.391725712837207 12.955050790998637 54.97161986764554
2020 7 17 27.17779586172819 11.926638081712365 58.476781480166935
2020 7 18 26.93421573650469 10.966119147893057 62.13805150094032
2020 7 19 26.686784793523692 10.08049951289313 66.01463568002302
2020 7 20 26.447050636201325 9.268450923211836 70.14648358561529
2020 7 21 26.204522591285777 8.520084171717839 74.52382095824744
2020 7 22 25.968515518852215 7.833540226375077 79.18653657807849
2020 7 23 25.73307466319204 7.201847249845169 84.13622835106976
2020 7 24 25.506068100240885 6.622856774214537 89.41590651077674
2020 7 25 25.23358522613306 6.078085802098892 94.86044728339665
2020 7 26 24.993967928362697 5.585340871351382 100.74911474401505
2020 7 27 24.75316258379479 5.131768359920291 106.98937304677493
2020 7 28 24.528854935482162 4.717968691900472 113.67742350979739
2020 7 29 24.289679362021204 4.334285008776049 120.70522852305994
2020 7 30 24.019039057442352 3.9757732212032817 127.99955857815117
2020 7 31 23.707108424217733 3.639582085325998 135.4985820576193
2020 8 1 23.399228774036658 3.331819250952353 143.4369457486498
2020 8 2 23.09534749756272 3.050080822678403 151.84038897877298
2020 8 3 22.79541266868683 2.79216617834579 160.73615904807502
2020 8 4 22.49937303565427 2.556060780268758 170.15309957576514
2020 8 5 22.20717801230699 2.3399204399427442 180.1217440226433
2020 8 6 21.918777669439635 2.142056913328231 190.67441469270537
2020 8 7 21.634122726267815 1.9609247141964976 201.8453275348885
2020 8 8 21.3531645420072 1.7951090425380334 213.67070308476508
2020 8 9 21.075855107561946 1.6433147337439837 226.18888390590288
2020 8 10 20.8021470373211 1.5043561422441247 239.44045891168253
2020 8 11 20.531993561061498 1.3771478805837796 253.46839497067316
2020 8 12 20.265348515955864 1.2606963416038146 268.3181762222831
