2020 7 7 151.80558331772394 138.67083278536492 164.94033385008296
2020 7 8 163.84619265774478 136.7210319893761 193.42431069698074
2020 7 9 177.49434413460745 135.34314807144852 227.59758621638653
2020 7 10 192.5542663133962 134.18876708110417 268.1609296303576
2020 7 11 209.40322365328507 133.40050980815886 316.6656130323081
2020 7 12 227.58751100553957 132.52833674765577 373.7335849059712
2020 7 13 245.78990253303644 130.75287066926703 438.5226835408203
2020 7 14 265.2305887014089 128.88547189634338 514.1552856604711
2020 7 15 286.56103072906933 127.21584169750092 603.5148988448427
2020 7 16 310.14583865984986 125.80709015811489 709.5401186687625
2020 7 17 336.90692331830627 124.91497459087158 837.0175953418114
2020 7 18 366.0516432077243 124.05682308075386 987.5831382956395
2020 7 19 396.4217314029776 122.7653978187876 1161.736810011971
2020 7 20 431.1534328985786 122.05782534930498 1371.9991332589182
2020 7 21 467.68795568500974 121.00325583932648 1616.3704736168645
2020 7 22 506.6974266095405 119.79716297423779 1902.1218373337895
2020 7 23 548.8485368387691 118.57658616397802 2237.9691352700893
2020 7 24 594.6275456405334 117.39468098674172 2633.6103219893907
2020 7 25 644.2249442278346 116.22455638013213 3099.19525644039
2020 7 26 691.9726520269397 113.9860585568546 3618.289204166966
2020 7 27 740.6565239802986 111.36193657643115 4210.718289420596
2020 7 28 796.9443269653452 109.42652720614419 4923.9036474522945
2020 7 29 860.8600596727654 107.98476433277857 5778.58315681896
2020 7 30 932.8351169911051 106.9299353771675 6801.305343178169
2020 7 31 1011.261313841857 105.93509354704729 8008.194067162131
2020 8 1 1096.2810321418358 104.94950740630412 9429.244678987317
2020 8 2 1188.448608666853 103.97309084297198 11102.460114046407
2020 8 3 1288.3649849187964 103.00575854624302 13072.586912362289
2020 8 4 1396.6816253222698 102.04742599901373 15392.311868345207
2020 8 5 1514.1047648355702 101.09800947050068 18123.671025537467
2020 8 6 1641.4000136708348 100.1574260089248 21339.70869687291
2020 8 7 1779.397349146578 99.22559343426373 25126.4308773718
2020 8 8 1928.9965272199806 98.30243033107173 29585.1052890829
2020 8 9 2091.172948982642 97.38785604136625 34834.96956801667
2020 8 10 2266.984020369917 96.48179065758072 41016.420017691395
2020 8 11 2457.5760465497538 95.58415501558297 48294.766205632135
2020 8 12 2664.1917059431184 94.69487068775852 56864.65181141243
