2020 7 7 9970.831506472607 9230.238629681819 10711.424383263393
2020 7 8 10477.247600233934 8979.45465997551 12090.513160626793
2020 7 9 11043.46112088623 8764.689634231123 13686.482438143457
2020 7 10 11645.027953247152 8558.83416751867 15499.014133801433
2020 7 11 12286.604512476275 8363.135415972029 17561.220632765806
2020 7 12 12974.69410421041 8179.51151897633 19913.771182418594
2020 7 13 13666.566420626265 7978.01063644347 22528.137297118818
2020 7 14 14386.834906349794 7776.513038364615 25471.7209221186
2020 7 15 15148.504289773195 7581.964345199001 28806.012230664364
2020 7 16 15944.701623229792 7389.3816006285615 32565.74555415687
2020 7 17 16787.322483603828 7203.811087716042 36825.541429350145
2020 7 18 17629.508280002257 7003.605534673825 41543.90764512775
2020 7 19 18406.855779295925 6766.421173430224 46614.47138174732
2020 7 20 19222.00089042142 6538.563860349267 52312.83156184215
2020 7 21 20018.08119991868 6299.615175044922 58557.65699899288
2020 7 22 20809.790030904303 6057.647621812599 65438.7243417721
2020 7 23 21619.871356340263 5821.207425590216 73087.69164934552
2020 7 24 22438.737678059235 5587.870454543274 81553.82005228341
2020 7 25 23304.717780205712 5367.895574821024 91059.13513856976
2020 7 26 24121.633400752187 5137.581065936616 101350.02295785937
2020 7 27 24915.266616306744 4906.090521930172 112585.77624951034
2020 7 28 25779.104272005203 4693.7129149474495 125266.379614555
2020 7 29 26690.56529737163 4493.746672275523 139461.08510965266
2020 7 30 27620.550168380727 4299.992608439214 155192.68416361941
2020 7 31 28559.357180972725 4110.921325750291 172566.35304638091
2020 8 1 29530.073717506824 3930.163534081672 191884.98713207428
2020 8 2 30533.78436480923 3757.353688058292 213366.3233688446
2020 8 3 31571.610574204224 3592.142315386887 237252.47414277084
2020 8 4 32644.71191451776 3434.1953101203176 263812.65608425124
2020 8 5 33754.28736766999 3283.1932569971577 293346.22436158935
2020 8 6 34901.57666830422 3138.8307854901673 326186.0466607725
2020 8 7 36087.861688949124 3000.815952257345 362702.25487898017
2020 8 8 37314.46787226186 2868.869650746697 403306.4168165026
2020 8 9 38582.765711952285 2742.7250467607646 448456.17488548177
2020 8 10 39894.172284042965 2622.127038839462 498660.40411754895
2020 8 11 41250.152830175895 2506.8317423699555 554484.9476053616
2020 8 12 42652.22239473487 2396.605996380305 616558.9940211991
