2020 7 7 2617.48722496693 2484.507560184635 2750.4668897492247
2020 7 8 2730.7260186731132 2460.3088687979584 3015.2396086490826
2020 7 9 2854.3716010355315 2441.3082500709365 3311.5822421925614
2020 7 10 2984.0270070575175 2422.8060888485343 3637.5270083124556
2020 7 11 3123.870885946726 2407.9346796477266 4000.793684941791
2020 7 12 3274.5439509623284 2396.4502002490794 4405.814224402096
2020 7 13 3426.8232525486765 2380.877426643975 4844.22010859701
2020 7 14 3583.2219393992123 2363.3477761435365 5322.062671326294
2020 7 15 3744.951775407571 2344.7554876069553 5844.356864953704
2020 7 16 3911.553435472366 2324.7893269121 6414.118756548203
2020 7 17 4083.0307907143165 2303.4859908717876 7035.267941190095
2020 7 18 4253.4959962360645 2277.56586433336 7701.873042935039
2020 7 19 4412.69407931125 2242.0935628104735 8398.35207128284
2020 7 20 4582.618576570215 2209.596362241575 9166.888182767021
2020 7 21 4752.154274365108 2174.227654968058 9991.886262371056
2020 7 22 4926.592726741773 2138.7986093667205 10888.253147139663
2020 7 23 5107.789218924206 2104.1009481346737 11865.816969157915
2020 7 24 5300.065250271891 2071.785008358635 12941.404972377988
2020 7 25 5504.542521080736 2041.905523158987 14126.609662639954
2020 7 26 5696.289579961713 2004.8083713114443 15367.442616077326
2020 7 27 5882.406083521549 1964.0527167700805 16684.056352260748
2020 7 28 6086.044552794582 1927.945546997514 18145.92115456074
2020 7 29 6302.724188901453 1894.400187777665 19753.739454653485
2020 7 30 6528.813197314845 1861.9479633016263 21509.330775826948
2020 7 31 6750.008540462846 1826.3431064509891 23378.106811550162
2020 8 1 6978.69795310735 1791.4190988272587 25409.246051786376
2020 8 2 7215.135333349552 1757.1629209799785 27616.854954278948
2020 8 3 7459.583181325337 1723.5618024214334 30016.265575580168
2020 8 4 7712.312890641103 1690.6032168658928 32624.142053661402
2020 8 5 7973.6050496833805 1658.2748775598895 35458.596341957054
2020 8 6 8243.749753136794 1626.5647327017955 38539.313998626436
2020 8 7 8523.046924056203 1595.460960948986 41887.69090465207
2020 8 8 8811.806646850615 1564.9519670109173 45526.9818602948
2020 8 9 9110.349511548535 1535.0263773264755 49482.462091922476
2020 8 10 9419.006969726997 1505.673035823984 53781.602790892546
2020 8 11 9738.121702499418 1476.8809997622907 58454.261903623155
2020 8 12 10068.048000970824 1448.6395356513822 63532.89149790813
