2020 7 7 17.166986487203996 14.453861917007938 19.880111057400057
2020 7 8 17.572190204431195 12.456405336094704 23.56593684121025
2020 7 9 17.989790299944012 10.73699555967719 27.93892267947348
2020 7 10 18.41248227120541 9.252038999843158 33.11587178093921
2020 7 11 18.850546350034456 7.975189846888971 39.26186980128499
2020 7 12 19.30561530373863 6.87734015739588 46.562218134145496
2020 7 13 19.770632872935998 5.930248928178612 55.21749108328317
2020 7 14 20.247382465654834 5.1137426784047975 65.4831428961809
2020 7 15 20.73671615959027 4.4099318065758375 77.66083122425026
2020 7 16 21.236761911638197 3.802750400743787 92.09899270547209
2020 7 17 21.752858932917015 3.279883791022431 109.23871411742651
2020 7 18 22.277407980152365 2.8282930321292508 129.54761590955584
2020 7 19 22.80802357865984 2.438043848574224 153.5939292312108
2020 7 20 23.35434095564525 2.101968875260573 182.12428951623062
2020 7 21 23.911862201215076 1.812051159416445 215.9395413385122
2020 7 22 24.485904284023874 1.5623642208036976 256.062316846622
2020 7 23 25.08227760587438 1.3476278288940469 303.72954530992223
2020 7 24 25.698566037157466 1.1626950951800625 360.3355259196022
2020 7 25 26.344493407163114 1.0037962393284703 427.69440733075953
2020 7 26 26.98118055897901 0.8656424934773425 507.2313532038339
2020 7 27 27.633255007222367 0.7465030223812851 601.559527698058
2020 7 28 28.31222266906094 0.6440616497005072 713.6719892160785
2020 7 29 29.015097843768537 0.5558424909333164 846.8609327477569
2020 7 30 29.738150353571726 0.47975924660895286 1004.985863501919
2020 7 31 30.479221239006378 0.41409021163587706 1192.6357053236884
2020 8 1 31.238759515677856 0.357409897953274 1415.32331674456
2020 8 2 32.017225388602704 0.30848793708578953 1679.5909111048777
2020 8 3 32.815090531047346 0.26626237234170674 1993.2022565380068
2020 8 4 33.63283837031539 0.22981660675217203 2365.370763321622
2020 8 5 34.47096438065674 0.19835950635676639 2807.0301594453495
2020 8 6 35.32997638347592 0.17120822693431478 3331.1557064191256
2020 8 7 36.210394855021626 0.14777339139608087 3953.1453921397547
2020 8 8 37.11275324174376 0.1275462960846923 4691.272299665221
2020 8 9 38.03759828350923 0.110087868263917 5567.2214417830255
2020 8 10 38.98549034487216 0.09501913509778563 6606.726832731595
2020 8 11 39.95700375459936 0.08201299722769281 7840.327513244408
2020 8 12 40.9527271536567 0.07078712837522237 9304.264739748858
