2020 7 7 431.5733272776706 408.9795095982076 454.1671449571336
2020 7 8 438.70262737669987 393.98597700190214 485.822363686088
2020 7 9 446.4903573152358 380.0276695747013 520.2826641777946
2020 7 10 454.49494095541087 366.63078993578483 557.2788987901152
2020 7 11 463.2031501737402 354.15801921766433 597.5926522849319
2020 7 12 472.975265267549 342.79544629742594 641.980035233373
2020 7 13 482.53718642765926 331.49566392340927 689.0992519263768
2020 7 14 491.7826903846511 320.2181893531693 738.9489365922324
2020 7 15 501.2053399499464 309.32437419849197 792.4047651543966
2020 7 16 510.72028824277135 298.74670745905377 849.5880984384868
2020 7 17 520.5057857726543 288.5833516056547 911.0476032697984
2020 7 18 530.020580215289 278.5117163712256 976.1511261037795
2020 7 19 538.4962199897475 268.1541404034772 1043.67278594904
2020 7 20 547.486620482588 258.3705947973115 1116.5999942194476
2020 7 21 556.4343407590516 248.8530234998644 1194.2298592642874
2020 7 22 565.4303315100806 239.64223753388472 1277.0465657629327
2020 7 23 574.6713106553257 230.81456082633304 1365.8312272973917
2020 7 24 584.3668434010999 222.4339783404905 1461.509898337959
2020 7 25 594.8432471977594 214.59265131615092 1565.4348737599016
2020 7 26 603.9365693379393 206.4610396245491 1672.615640023308
2020 7 27 611.9992963310362 198.23772162452798 1783.8955169770636
2020 7 28 620.8161459230665 190.5513449568729 1904.463305102216
2020 7 29 630.3793800117011 183.35310169806033 2035.0798907900632
2020 7 30 640.5042658694724 176.54729301683707 2175.9923653693822
2020 7 31 650.6339014153835 169.9505908632752 2326.1255249262704
2020 8 1 660.9237381055505 163.60037495461236 2486.6171608993695
2020 8 2 671.3763095362219 157.48743531478624 2658.1819590648392
2020 8 3 681.9941893727112 151.6029060991448 2841.583915129964
2020 8 4 692.7799919830915 145.9382527359517 3037.639736884685
2020 8 5 703.7363730819147 140.48525954835014 3247.2224810854605
2020 8 6 714.8660303841096 135.23601783883316 3471.265441266876
2020 8 7 726.1717042692216 130.18291441893828 3710.7663037938287
2020 8 8 737.6561784561576 125.31862056753117 3966.7915906616117
2020 8 9 749.3222806886027 120.63608140166362 4240.48140882815
2020 8 10 761.1728834312757 116.12850564459028 4533.054527227645
2020 8 11 773.2109045771965 111.78935577610416 4845.813804074102
2020 8 12 785.4393081661391 107.61233855090552 5180.151988623076
