2020 7 7 357.49999962291173 328.35667399518394 386.6433252506396
2020 7 8 376.81195748439177 317.88078765790885 440.75131732473307
2020 7 9 397.84148454827874 308.30800746223645 503.22011359791287
2020 7 10 420.04465008023124 299.02350552757446 574.5427699831996
2020 7 11 444.9903885784479 291.0888733029962 658.0305849535531
2020 7 12 473.01033338726376 284.4066606230889 756.0054006801707
2020 7 13 502.7946248589305 277.8778442780976 868.5677822983376
2020 7 14 534.454359541566 271.4989029141396 997.8896867243502
2020 7 15 569.0640959836194 265.75227400761804 1148.2522921182806
2020 7 16 604.896655453224 259.6516862560572 1319.2166960538448
2020 7 17 644.0680336002243 254.15581916469728 1517.9970443596412
2020 7 18 683.4707730285143 247.86659811005785 1741.2964777535562
2020 7 19 721.6146451464108 240.40225124267138 1988.0948210466495
2020 7 20 761.8872915112286 233.16268849134366 2269.8725162366663
2020 7 21 803.044033565443 225.72386962096905 2587.5250815256695
2020 7 22 846.4240407080634 218.522378714791 2949.6308711754737
2020 7 23 893.6621840791695 211.9417145775064 3367.689496821702
2020 7 24 943.5366445700994 205.5592230060818 3845.000626293117
2020 7 25 999.5716836889995 200.10467911647805 4403.724393469301
2020 7 26 1055.3568554621208 194.0786524307475 5027.87536288361
2020 7 27 1112.366665652348 187.88677005291024 5731.490872366627
2020 7 28 1176.4375270749101 182.56492264786164 6554.08668612057
2020 7 29 1244.5496807757063 177.44826871549296 7496.698088216919
2020 7 30 1317.1250155198309 172.5491148397146 8578.006688122894
2020 7 31 1390.6325452312365 167.35290665900504 9793.789219376267
2020 8 1 1468.2424622336014 162.31317902287753 11181.88767635018
2020 8 2 1550.1837169698408 157.42521961804883 12766.72482997087
2020 8 3 1636.6980373954725 152.68445803958937 14576.184952109552
2020 8 4 1728.0406420797851 148.08646151744256 16642.10442284513
2020 8 5 1824.4809931045233 143.62693077163684 19000.831872732113
2020 8 6 1926.3035909811533 139.30169599231584 21693.867715445493
2020 8 7 2033.808813931725 135.1067129408271 24768.594323000954
2020 8 8 2147.3138040092244 131.03805916822415 28279.109690551413
2020 8 9 2267.1534026714844 127.0919303476461 32287.17925859858
2020 8 10 2393.6811385686083 123.2646367171452 36863.32263936812
2020 8 11 2527.270270457899 119.55259962963646 42088.05436765593
2020 8 12 2668.3148883229064 115.95234820674345 48053.300506422434
