2020 7 7 777.8314272399049 722.0558382652074 833.6070162146026
2020 7 8 786.3647160524081 677.6699092256029 903.1405374631537
2020 7 9 796.2338374368633 637.0829667499919 979.9007340155624
2020 7 10 805.9752578874353 598.7255741411828 1062.875384606968
2020 7 11 816.4724564145135 563.150499666113 1153.7155554535402
2020 7 12 827.6867729584221 530.0895478168379 1253.1396458323013
2020 7 13 837.813000302289 498.1739984070612 1359.2512351451037
2020 7 14 847.0043238359989 467.5504446999166 1472.6302288467955
2020 7 15 856.4302827669986 438.88322864894144 1595.6991161999138
2020 7 16 865.6905593875028 411.8350433312962 1728.5488251268496
2020 7 17 875.3244696641177 386.58394091363425 1873.0050344839594
2020 7 18 883.6828452116728 362.27039022310174 2026.5747864743646
2020 7 19 890.7250837507116 338.9137225924471 2189.5345201257255
2020 7 20 899.0194568214997 317.5180034956239 2368.5380545129565
2020 7 21 906.965013330055 297.32252762232895 2561.053399781947
2020 7 22 915.0524293137757 278.4350526217598 2769.418723105664
2020 7 23 923.7178874782559 260.90135332590785 2996.2676817687134
2020 7 24 932.9761243836865 244.61604231390066 3243.3549367082464
2020 7 25 943.9483551736733 229.77231182678202 3516.454111558525
2020 7 26 952.5146671203707 215.21227528078842 3803.1055905033686
2020 7 27 960.0302055079878 201.31989055365594 4108.61828138871
2020 7 28 969.3490822434288 188.69001501597612 4446.137470061117
2020 7 29 978.9115436715937 176.88228653494295 4812.085902189134
2020 7 30 988.1353500062191 165.73521720860074 5206.026010884234
2020 7 31 995.9709668087506 155.04322125982873 5624.444298298316
2020 8 1 1003.8687177011876 145.0409928770211 6076.491665335993
2020 8 2 1011.8290953882178 135.68403341863927 6564.870945573971
2020 8 3 1019.8525964815287 126.93071496249492 7092.50220450327
2020 8 4 1027.9397215307902 118.74209510842022 7662.540198874492
2020 8 5 1036.0909750548803 111.08174372848401 8278.393239284112
2020 8 6 1044.3068655733607 103.9155808939875 8943.743568782995
2020 8 7 1052.5879056382 97.2117252581972 9662.569379352712
2020 8 8 1060.9346118657509 90.94035222028958 10439.168597888274
2020 8 9 1069.3475049689782 85.07356123949629 11278.184583905868
2020 8 10 1077.8271097899446 79.58525170914803 12184.633892624608
2020 8 11 1086.3739553325527 74.45100683839611 13163.936269420385
2020 8 12 1094.988574795547 69.64798502501642 14221.947054991444
