2020 7 7 512.9621739552914 464.9854420827491 560.9389058278335
2020 7 8 532.8503352687975 437.84226700477603 637.1798460913036
2020 7 9 553.8909675155738 412.5969361065431 724.2392559003333
2020 7 10 575.781308284743 388.8212757737077 823.2184857552426
2020 7 11 598.9685125773592 366.7072217357739 936.3421276728169
2020 7 12 623.5794356139234 346.15085848798833 1065.7767208853213
2020 7 13 648.7977782845411 326.52265646522943 1212.4134429401158
2020 7 14 674.6821759633696 307.82939411256376 1378.5642690638608
2020 7 15 701.6452463094283 290.2272953323071 1567.5786066944495
2020 7 16 729.4945587391089 273.5525738930089 1782.0811954082983
2020 7 17 758.4492505708241 257.8358820379365 2025.9356522635264
2020 7 18 788.0103424934532 242.83763335082278 2301.7083500331123
2020 7 19 817.9715833800536 228.48008381868814 2612.8229753592063
2020 7 20 849.5738114314787 215.1115818856847 2967.5929262068385
2020 7 21 881.9916041948622 202.4226359158553 3369.1176369067416
2020 7 22 915.4359598315527 190.4338881094205 3824.1661056713383
2020 7 23 950.148496388145 179.155189716758 4340.675506122227
2020 7 24 986.5011405040747 168.60554843812082 4928.426462185498
2020 7 25 1024.7489778972717 158.7633264969893 5598.281705943035
2020 7 26 1063.1175990860384 149.28460327920672 6351.740009403899
2020 7 27 1102.0894316479055 140.25476757323236 7201.625149663843
2020 7 28 1143.729456061393 131.92887266365406 8173.327837989438
2020 7 29 1187.61843886947 124.17516464668472 9280.96923231261
2020 7 30 1233.8338416541258 116.94430836372578 10543.736088700478
2020 7 31 1281.5974736188746 110.11079725894771 11976.176556691134
2020 8 1 1331.2101102562503 103.67659480520622 13603.224104854848
2020 8 2 1382.7433294203395 97.61836784384424 15451.317469390273
2020 8 3 1436.2714798555733 91.91414666348163 17550.487274166135
2020 8 4 1491.871788462214 86.54324532848406 19934.844013843325
2020 8 5 1549.6244717142558 81.48618666294948 22643.13233292529
2020 8 6 1609.6128513904848 76.72463161817224 25719.360607503382
2020 8 7 1671.9234747856701 72.24131276744127 29213.516060096215
2020 8 8 1736.6462395753172 68.019971686996 33182.377027853465
2020 8 9 1803.8745235141303 64.0452999960567 37690.43558308985
2020 8 10 1873.7053191553055 60.30288384211543 42810.94549828701
2020 8 11 1946.2393737850161 56.77915163016745 48627.11258448794
2020 8 12 2021.5813347739816 53.46132480632709 55233.446745507645
