2020 7 7 435.2183200042579 400.39665079513014 470.0399892133857
2020 7 8 460.4023535143315 389.67636985012996 537.0229103820001
2020 7 9 487.73152828598097 379.8253077398187 614.353548706888
2020 7 10 515.2255629194805 369.0883325584657 700.9839652541887
2020 7 11 544.2694705806363 358.6548722659204 799.8301964361655
2020 7 12 575.7637803456265 349.0521920603082 913.8097816323506
2020 7 13 607.7901955447472 338.9243681485752 1041.9840930423245
2020 7 14 640.6899919762703 328.5840383736888 1186.5798366979682
2020 7 15 675.8492690103634 318.80464333194453 1352.1274770780196
2020 7 16 712.937988952948 309.3163049339004 1540.7717691858375
2020 7 17 752.5946134660892 300.3414262749027 1756.8860683811772
2020 7 18 793.3326999965952 291.17823328967364 2000.68849230695
2020 7 19 832.720132447246 280.98950600047715 2269.3559568351
2020 7 20 874.6851335847992 271.36720120187954 2575.797359868532
2020 7 21 916.1513339156709 261.26353869271765 2915.9222393680707
2020 7 22 958.2145550296466 251.14572178326137 3296.602892590495
2020 7 23 1001.4932173793287 241.23212131779192 3724.519689967202
2020 7 24 1046.7266012524383 231.70984535305902 4207.982390639906
2020 7 25 1092.4391412280547 222.21726297678046 4747.914254381083
2020 7 26 1127.0908454309726 210.45755507400514 5300.376878402102
2020 7 27 1154.4220883356347 197.74800846456745 5877.528612148125
2020 7 28 1185.0032272281296 186.24915766410436 6530.697613094641
2020 7 29 1216.689547539545 175.46533095382011 7258.0793894799635
2020 7 30 1248.3748431244037 165.1835500675747 8061.415661230897
2020 7 31 1276.3157428597472 154.8996151108214 8924.158518942537
2020 8 1 1304.8820107545982 145.2559334852955 9879.233203942536
2020 8 2 1334.0876436858878 136.21264454136514 10936.521184682595
2020 8 3 1363.9469518061119 127.73236925864052 12106.961456814184
2020 8 4 1394.4745655550091 119.7800557456395 13402.663721081459
2020 8 5 1425.6854428281715 112.32283435827664 14837.033673654823
2020 8 6 1457.5948763061024 105.32988183833052 16424.9117051938
2020 8 7 1490.2185009473117 98.77229391032694 18182.726443658306
2020 8 8 1523.57230164912 92.62296581023716 20128.664729464985
2020 8 9 1557.6726210799259 86.85648025217526 22282.859781598858
2020 8 10 1592.5361676867735 81.44900237002241 24667.599501499244
2020 8 11 1628.1800238821438 76.3781811997358 27307.557069889925
2020 8 12 1664.6216544139813 71.62305729513469 30230.04622237251
