2020 7 7 257.82416108646163 250.1871052035265 265.46121696939684
2020 7 8 262.62326160661024 247.29626542406987 278.4110557821036
2020 7 9 267.68821032626585 244.60504510064396 292.17974898130825
2020 7 10 272.8148570213409 241.91023063170582 306.5900898076622
2020 7 11 278.1497081510392 239.3426628358579 321.83479247784453
2020 7 12 283.64496774663684 236.8506077104155 337.9024086379644
2020 7 13 289.0390816521961 234.20938475240584 354.52237335937
2020 7 14 294.36093001133526 231.45593677715928 371.74534417779927
2020 7 15 299.7807653616999 228.73485930559858 389.8050202258637
2020 7 16 305.19964519012103 225.9689013516622 408.611048364168
2020 7 17 310.69596390613543 223.22120234709357 428.29690357346266
2020 7 18 315.99890366674833 220.29686545508633 448.5281508333368
2020 7 19 321.0737624854852 217.1887351328886 469.26284378912464
2020 7 20 326.33802475619547 214.1974470292886 491.11377045092655
2020 7 21 331.4911897566162 211.11778444893983 513.6850860850511
2020 7 22 336.636604954754 208.0256403590143 537.1556604027029
2020 7 23 341.9523936122643 205.0347140466239 561.8430356812943
2020 7 24 347.4900262945319 202.1694770037325 587.8916098330709
2020 7 25 353.3275406933745 199.4665767105832 615.5034954846942
2020 7 26 359.0018875502274 196.65233732475073 643.9571744084759
2020 7 27 364.67084372960903 193.82493273615006 673.5530878463888
2020 7 28 370.7969801364863 191.23359464062483 705.1882915656478
2020 7 29 377.17556555025635 188.7540223319271 738.5937156842328
2020 7 30 383.66387772573245 186.30660064428324 773.5815857592943
2020 7 31 389.99303634326037 183.75942823229357 809.6809143724442
2020 8 1 396.4266047088295 181.24708060522278 847.4648248710861
2020 8 2 402.96630523076357 178.7690816407483 887.0119285822984
2020 8 3 409.6138887313085 176.32496172606287 928.4045052453625
2020 8 4 416.371134915366 173.9142576688766 971.7286741989002
2020 8 5 423.2398528469596 171.53651260963616 1017.0745735564911
2020 8 6 430.22188143356146 169.1912759349441 1064.5365477435544
2020 8 7 437.31908991840834 166.8781031921616 1114.2133437856724
2020 8 8 444.5333783809391 164.5965560051791 1166.208316756747
2020 8 9 451.8666782454883 162.3462019913383 1220.6296448144315
2020 8 10 459.3209527983708 160.12661467949 1277.5905542702305
2020 8 11 466.89819771349715 157.93737342917248 1337.2095551625398
2020 8 12 474.60044158665926 155.77806335089457 1399.6106878227436
