2020 7 7 1363.8857446242346 1262.4041154693068 1465.3673737791623
2020 7 8 1435.8591649077011 1230.134695063682 1657.4823020496713
2020 7 9 1514.1498968553044 1200.8484109683625 1877.6922377414166
2020 7 10 1595.4833479686563 1171.2869473780913 2125.6383492819014
2020 7 11 1682.2623166166657 1143.2435954309467 2407.759724876343
2020 7 12 1775.8045920898544 1117.2603109262882 2730.2497244493215
2020 7 13 1869.5153231767947 1088.7010387930568 3088.1952740492306
2020 7 14 1963.3773137465769 1058.0800753245712 3485.1498146796444
2020 7 15 2059.0370129196094 1026.7495617205923 3927.954656445522
2020 7 16 2153.52174397516 993.4367642057131 4415.887388604082
2020 7 17 2248.854465834306 959.5958898707513 4957.279705818966
2020 7 18 2341.123198310103 923.7995842102941 5548.990280355277
2020 7 19 2425.803037818158 884.8502241071988 6184.368198729562
2020 7 20 2516.8196962958905 848.7372584330923 6900.8455213407215
2020 7 21 2608.8736048362575 813.296326363464 7693.8094230129445
2020 7 22 2704.998624536372 779.5548373210787 8579.968132953187
2020 7 23 2809.046255305727 748.4757102676682 9582.088536179082
2020 7 24 2919.749862714184 719.3427466402651 10710.30676662366
2020 7 25 3034.422210038296 691.2466435381558 11969.918656322632
2020 7 26 3140.9028541049292 661.3558782513138 13327.590499863827
2020 7 27 3243.0658880854867 631.0617512088918 14805.078938653736
2020 7 28 3353.3665191577957 603.0921385238222 16468.34008990322
2020 7 29 3465.985454955639 576.104433243032 18311.420377288752
2020 7 30 3577.6932320370197 549.5442874740334 20335.97617609118
2020 7 31 3681.50947798245 522.4434631405771 22519.051041851784
2020 8 1 3788.33822729896 496.67911831622246 24936.47983428146
2020 8 2 3898.26689575157 472.18534439773754 27613.420537564176
2020 8 3 4011.385435705273 448.89948307039134 30577.731855164322
2020 8 4 4127.786409731205 426.76196601969355 33860.26313308046
2020 8 5 4247.565066348689 405.7161625477639 37495.17540647183
2020 8 6 4370.8194179651355 385.7082347045135 41520.296910763805
2020 8 7 4497.650321077578 366.68699956304465 45977.516757007186
2020 8 8 4628.161558801467 348.6037982869514 50913.220868438846
2020 8 9 4762.459925794255 331.4123716545771 56378.7747149998
2020 8 10 4900.655315643262 315.06874172180454 62431.057869589575
2020 8 11 5042.860810789341 299.53109932065564 69133.05594914003
2020 8 12 5189.192775059903 284.75969710590755 76554.51610079125
