2020 7 7 203.7083372685138 189.0911992272111 218.32547530981648
2020 7 8 203.59788875859695 175.43227755594157 233.85937483906184
2020 7 9 203.71598953076537 162.95688254324648 250.7609649039989
2020 7 10 203.97009617782 151.47738100283584 269.0514042449012
2020 7 11 204.31113328810048 140.8708763142249 288.79019297135096
2020 7 12 204.73330190698331 131.06258954103842 310.090977615655
2020 7 13 205.01351681694493 121.84578344036298 332.7465544537252
2020 7 14 205.28167859822133 113.26974575529471 357.0371865739723
2020 7 15 205.556417601148 105.30076262694077 383.1118739980281
2020 7 16 205.80658512590793 97.87965394219209 411.0443338275188
2020 7 17 206.07578425639772 90.99045698265567 441.05073528976095
2020 7 18 206.32658386393132 84.5778721760716 473.20748318087954
2020 7 19 206.32736254059375 78.5146022828838 507.13464054414425
2020 7 20 206.41575570703938 72.91934006811748 543.7095934202197
2020 7 21 206.34766527440868 67.66752498471959 582.5100754308181
2020 7 22 206.2858560962313 62.79600989468854 624.0971255670513
2020 7 23 206.27412078181266 58.29044201065575 668.8046308577008
2020 7 24 206.34372145061783 54.13112965965301 716.9784946339162
2020 7 25 206.45089764687702 50.27845609483737 768.7527935307813
2020 7 26 206.38279562196317 46.65728846163936 823.6129234548363
2020 7 27 206.30219634390787 43.294095123468296 882.3380475158199
2020 7 28 206.4594102862374 40.22323088248071 946.2673550499635
2020 7 29 206.63448688578347 37.373640772149066 1014.9099456230045
2020 7 30 206.72927912116924 34.71138037088957 1088.1368401504994
2020 7 31 206.62659824089963 32.20559796025069 1165.6074923724727
2020 8 1 206.52396836145203 29.880705661799144 1248.5937210681439
2020 8 2 206.42138945749477 27.723645185817418 1337.4882115056068
2020 8 3 206.31886150370866 25.722300908432402 1432.7116064512359
2020 8 4 206.21638447478713 23.865431821440847 1534.7144966230426
2020 8 5 206.1139583454362 22.14260839461395 1643.9795528557313
2020 8 6 206.01158309037444 20.54415399585371 1761.0238100667143
2020 8 7 205.90925868433297 19.061090540173932 1886.4011138306632
2020 8 8 205.80698510205545 17.685088062231024 2020.7047411396197
2020 8 9 205.70476231829812 16.408417929167044 2164.57020774993
2020 8 10 205.60259030782973 15.223909430974333 2318.678275400177
2020 8 11 205.50046904543154 14.12490950456152 2483.7581731300684
2020 8 12 205.3983985058974 13.105245365301908 2660.591047943341
