2020 7 7 381.0730987526003 353.9264666486843 408.2197308565163
2020 7 8 386.4133100336908 333.31927790138093 443.4293847398424
2020 7 9 391.9358963546543 314.0046954867963 481.7993388641159
2020 7 10 397.59876644439254 295.8584752734969 523.5648690031635
2020 7 11 403.38495090166515 278.79179539356903 569.005550344384
2020 7 12 409.17816013064044 262.65626991395914 618.2812015242491
2020 7 13 414.83393591705226 247.31298739924998 671.4907214099447
2020 7 14 420.42357632719006 232.77996092936726 729.0458771605347
2020 7 15 426.13241049790196 219.12524250745037 791.6103152675105
2020 7 16 432.08924141932744 206.35916370604775 859.8605281632362
2020 7 17 438.22704582994754 194.38348937836022 934.1894966322068
2020 7 18 444.39868026387245 183.07913374566934 1014.8299439994804
2020 7 19 450.44079660632826 172.34301739658142 1101.9371291224497
2020 7 20 456.76093491879084 162.31143045540517 1197.0002686486218
2020 7 21 463.09030287467226 152.83552089007415 1300.056216659276
2020 7 22 469.53154207724674 143.92079993788698 1412.052623493221
2020 7 23 476.0542071353387 135.5235611170108 1533.6726637362397
2020 7 24 482.78340987399946 127.64927153476017 1666.1413039451643
2020 7 25 489.75888662166494 120.27246531297419 1810.5733718884119
2020 7 26 496.4688403935219 113.23200611092602 1966.1715683939092
2020 7 27 503.14119155967484 106.57413526997782 2134.628671753177
2020 7 28 510.2270241948442 100.37632531095744 2318.892583597346
2020 7 29 517.5368952534649 94.5633914902446 2519.6270772341777
2020 7 30 525.039711812807 89.10321206321726 2738.1676086812067
2020 7 31 532.5777816474679 83.94583227845938 2975.279912477574
2020 8 1 540.224076623111 79.08696660591282 3232.925015081936
2020 8 2 547.9801505434816 74.50933676107881 3512.8809593041333
2020 8 3 555.8475795205063 70.19666454321678 3817.079758012504
2020 8 4 563.8279622945748 66.13361394953266 4147.620727209323
2020 8 5 571.92292055942 62.3057366398537 4506.784973687219
2020 8 6 580.1340992916627 58.699420557860506 4897.051137247785
2020 8 7 588.4631670850866 55.301841526171664 5321.1124961215355
2020 8 8 596.9118164897142 52.100917643151504 5781.8955536359335
2020 8 9 605.4817643557491 49.08526631927461 6282.580234400559
2020 8 10 614.1747521824577 46.24416380026691 6826.621829385942
2020 8 11 622.9925464720591 43.56750703308642 7417.774841341949
2020 8 12 631.9369390886959 41.04577773913773 8060.118895116086
