2020 7 7 24.71423397063678 22.605539119317427 26.822928821956133
2020 7 8 24.58279131603407 20.566795258434926 28.95671428902562
2020 7 9 24.451466158204653 18.711434652581197 31.25955903919926
2020 7 10 24.32055332308423 17.023227495768722 33.74517268233869
2020 7 11 24.19005370512255 15.487134571188903 36.42803150150038
2020 7 12 24.059682034535037 14.089284775903698 39.323325129355396
2020 7 13 23.930012998703894 12.817603190831758 42.44873619276695
2020 7 14 23.801042810797227 11.660702027870164 45.82255438561536
2020 7 15 23.67276770439217 10.608221346720585 49.4645230634795
2020 7 16 23.5451839333649 9.650736282605516 53.39595478041653
2020 7 17 23.41828777178122 8.779672647497192 57.639856008584935
2020 7 18 23.292075513787772 7.987230149076199 62.22106177056149
2020 7 19 23.167094518672055 7.266501502170895 67.16785300141869
2020 7 20 23.042784148599218 6.610807889035092 72.50793137308234
2020 7 21 22.919413378828473 6.014359065211642 78.27342228198314
2020 7 22 22.796432020217523 5.471652671359452 84.49643211073688
2020 7 23 22.673840897363593 4.977852728120424 91.21319339548016
2020 7 24 22.551640816600695 4.52855783854752 98.46280219202917
2020 7 25 22.429299038134662 4.119655050044163 106.28511448143159
2020 7 26 22.30762095908101 3.747673837107886 114.72886520434112
2020 7 27 22.186339101451242 3.409236061982478 123.84206699585792
2020 7 28 22.064929299455066 3.1012402955917007 133.67475849112188
2020 7 29 21.943748874509602 2.82100821173351 144.2855010196234
2020 7 30 21.822991703229278 2.5660671162596977 155.7369027567935
2020 7 31 21.702537659978 2.334123146832063 168.09458041041106
2020 8 1 21.582748474081427 2.1231443363486195 181.43283616907286
2020 8 2 21.463620475797224 1.9312356672728483 195.8294786184245
2020 8 3 21.34515001563854 1.7566734106081017 211.36849043261003
2020 8 4 21.22733346426221 1.5978896433158711 228.14051828638725
2020 8 5 21.110167212357563 1.4534581651875016 246.24340164162612
2020 8 6 20.993647670535864 1.3220816886742979 265.78274349286085
2020 8 7 20.877771269220336 1.202580186614726 286.87252640133477
2020 8 8 20.76253445853682 1.0938802931976686 309.6357774111661
2020 8 9 20.647933708205017 0.9950056629608907 334.205285726417
2020 8 10 20.53396550743034 0.9050682012289786 360.7243773356281
2020 8 11 20.42062636479637 0.8232600872222936 389.3477511025829
2020 8 12 20.307912808157873 0.7488465181882892 420.2423812006298
