2020 7 7 434.11576337347356 396.5283199637334 471.70320678321366
2020 7 8 446.3149670296219 372.4039028552869 526.9121116379891
2020 7 9 461.62416788352834 352.0561233416295 591.8496478970497
2020 7 10 477.5947854030882 332.9240678535783 664.9649340560106
2020 7 11 495.6689951401838 315.91294308232216 749.2722351272731
2020 7 12 515.59794573876 300.51718533814807 846.0381317872185
2020 7 13 535.2625819191056 285.2506513236639 953.5525080189823
2020 7 14 554.5709951957599 270.170145814342 1072.7590946999003
2020 7 15 575.2308461040906 256.2059714993112 1208.1349620165747
2020 7 16 596.4905220158225 242.88791515724748 1360.2377734250738
2020 7 17 619.0642500602031 230.4772875423422 1532.694950667734
2020 7 18 641.0300762532703 218.15642315922855 1723.3969185489611
2020 7 19 661.1256796229311 205.59248463808152 1930.70307617914
2020 7 20 683.8031754873059 194.35911539837647 2168.64617569362
2020 7 21 706.0472176329034 183.39522911594997 2432.072138368519
2020 7 22 728.5979472371114 172.94152891441556 2726.0604179503352
2020 7 23 752.0840460809799 163.13475894181755 3056.3907741693683
2020 7 24 776.5492574426189 153.93225283819035 3427.651282693186
2020 7 25 801.8103194410166 145.24886429808313 3844.008892789961
2020 7 26 822.921840791513 136.15475651693666 4287.1084352800735
2020 7 27 841.4307365691533 127.10745477227057 4764.829618895083
2020 7 28 863.3370311509891 119.11166279486748 5312.665544039905
2020 7 29 886.1535040313896 111.66574117833983 5925.58022192063
2020 7 30 908.2299459316407 104.51604229964285 6600.225348005355
2020 7 31 927.3838656370316 97.4245178982026 7326.445703252617
2020 8 1 946.9417278040468 90.81416095421395 8132.57181573813
2020 8 2 966.9120512901741 84.65232374498649 9027.395686393405
2020 8 3 987.3035346095104 78.90857373046606 10020.676696762463
2020 8 4 1008.1250597215908 73.55454325074172 11123.248049533022
2020 8 5 1029.385695900122 68.56378942173637 12347.134920680006
2020 8 6 1051.0947036833038 63.91166353712358 13705.685611845716
2020 8 7 1073.2615389074606 59.57518933146281 15213.717133367913
2020 8 8 1095.8958568257392 55.53294950331028 16887.67680575467
2020 8 9 1119.0075163136664 51.76497993785707 18745.821642109757
2020 8 10 1142.6065841634002 48.252671106673624 20808.417467939995
2020 8 11 1166.7033394685416 44.978676157586115 23097.95995004139
2020 8 12 1191.3082781014214 41.92682524075236 25639.419945111924
