2020 7 7 359.4623313893969 322.54461857814493 396.3800442006489
2020 7 8 355.9878727802898 286.6210157498866 432.86452338857225
2020 7 9 352.7339600596677 254.84895771485762 472.93452478041394
2020 7 10 349.50978977917634 226.59884544204075 516.713781435249
2020 7 11 346.49865060527975 201.59927819629152 564.8170319208988
2020 7 12 343.75609215618067 179.49896538724158 617.7939523239615
2020 7 13 340.8547025095407 159.72712666361218 675.4153724193633
2020 7 14 337.918129694279 142.10519643617582 738.2928802557175
2020 7 15 335.0660139491958 126.45228713018463 807.1531920904806
2020 7 16 332.23797079302847 112.52354819857965 882.4360804836666
2020 7 17 329.43379704694803 100.12906200868325 964.7405768446565
2020 7 18 326.480274515008 89.047243177931 1054.214907835197
2020 7 19 323.15314534001254 79.08278527700594 1150.6955950902482
2020 7 20 319.97306806604576 70.26104741914891 1256.408990195287
2020 7 21 316.7122532080676 62.39877988455418 1371.394276351396
2020 7 22 313.4846690016635 55.41630639027282 1496.9029001591618
2020 7 23 310.39973702434895 49.23458016106505 1634.4220567402672
2020 7 24 307.34516316736915 43.74242964814108 1784.5749776255018
2020 7 25 304.21303807746307 38.84761670213961 1947.8974833307543
2020 7 26 300.68677634814674 34.44613046377352 2123.439034942401
2020 7 27 296.99083039043836 30.51921721240176 2313.3131663096283
2020 7 28 293.54828431883635 27.061349626957494 2521.7854221920447
2020 7 29 290.0856873033434 23.989735932504733 2748.529824945108
2020 7 30 286.4387925077394 21.24814855347685 2993.5285868286924
2020 7 31 282.59203354939564 18.80164736367825 3257.7981755367277
2020 8 1 278.79693503255163 16.63683509640493 3545.3975616695143
2020 8 2 275.0528031780429 14.721278230101975 3858.3863066413664
2020 8 3 271.358953523883 13.026277622653405 4199.005790557182
2020 8 4 267.7147108001374 11.526438536802617 4569.695263220203
2020 8 5 264.11940880547826 10.19929017263073 4973.109312127486
2020 8 6 260.57239028539607 9.024949006874937 5412.136872545182
2020 8 7 257.0730068120479 7.985820895189256 5889.921915798874
2020 8 8 253.62061866571852 7.066337474201871 6409.885963932311
2020 8 9 250.21459471787398 6.25272291410767 6975.752591966867
2020 8 10 246.85431231578514 5.532787527250528 7591.57409322771
2020 8 11 243.53915716870122 4.895745140510137 8261.76049869285
2020 8 12 240.2685232355517 4.332051495340808 8991.111158178903
