2020 7 7 377.862531652705 350.218290331014 405.5067729743961
2020 7 8 377.09154831861173 323.9378573735269 434.28128574082035
2020 7 9 376.6191551614016 299.8846624843578 465.4396830599724
2020 7 10 376.1473537843466 277.61747738443427 498.83360319665053
2020 7 11 375.9454828828434 257.2024737348403 534.9806269385699
2020 7 12 376.0129152090379 238.47288620573877 574.1300473079906
2020 7 13 375.8111164580792 220.93643681470223 615.7332839744867
2020 7 14 375.4748766711582 204.61045514093155 660.1307724866125
2020 7 15 375.19270930160224 189.52017545518 707.8240818177138
2020 7 16 374.8570228061658 175.51568187367957 758.8617833014786
2020 7 17 374.5753197504979 162.57117849097153 813.688237814751
2020 7 18 374.02561460774854 150.46493988027623 871.8931695019185
2020 7 19 373.0214218909953 139.07706219418864 933.2002905464905
2020 7 20 372.2068960386696 128.62078145671745 999.285969617049
2020 7 21 371.12763089571854 118.85854041984297 1069.336047592387
2020 7 22 369.91862269272417 109.79469349784779 1143.913797458979
2020 7 23 368.7665289029013 101.43775590227978 1223.8565761556902
2020 7 24 367.7764559024331 93.76048066536728 1309.9119850980896
2020 7 25 367.26306292775195 86.78510343049247 1403.7067024324474
2020 7 26 366.1192397513182 80.17952286472718 1501.8051907249373
2020 7 27 364.5857407136969 73.99060237883778 1605.1462768338718
2020 7 28 363.4502559287551 68.3588652972041 1717.3224336997318
2020 7 29 362.65662957885905 63.21941616615674 1838.9366470297448
2020 7 30 362.1192220299198 58.510730839149126 1970.4535452704345
2020 7 31 361.4646317908273 54.133693187601374 2110.7342795794034
2020 8 1 360.8112248315914 50.08409049248469 2261.001894556276
2020 8 2 360.15899901323854 46.33742818481699 2421.967377251172
2020 8 3 359.5079522006617 42.871044071475374 2594.3923313784376
2020 8 4 358.8580822626134 39.66397125985948 2779.0925808234842
2020 8 5 358.20938707169876 36.69681133680908 2976.942029690862
2020 8 6 357.56186450436854 33.95161703468141 3188.8767971572793
2020 8 7 356.9155124409121 31.411783674878322 3415.8996466935073
2020 8 8 356.2703287654506 29.061948732204502 3659.0847306119144
2020 8 9 355.62631136592995 26.887898912558473 3919.582672388323
2020 8 10 354.983458134114 24.876484181903066 4198.626010805054
2020 8 11 354.34176696557756 23.01553822650804 4497.53503167397
2020 8 12 353.7012357596995 21.293804863357874 4817.724014732155
