2020 7 7 643.1583628692915 615.4318479992145 670.8848777393684
2020 7 8 653.7648491721242 598.6123296110213 711.3473688087524
2020 7 9 665.0209026386607 582.6870928086148 754.7666981753944
2020 7 10 676.4171075062796 567.1385191003966 800.7753761665598
2020 7 11 688.4451372884614 552.3708561144433 850.1054157905493
2020 7 12 701.2424178903291 538.4333244277062 903.1601061841546
2020 7 13 713.6553214059344 524.369677705543 958.7244783060509
2020 7 14 725.5971025184095 510.16575652081775 1016.7792076143746
2020 7 15 737.5045728855351 496.1819653105398 1078.0212963661684
2020 7 16 749.1314957766606 482.2612578509172 1142.2563732114454
2020 7 17 760.5186925839971 468.4587767537418 1209.673946494964
2020 7 18 771.5268214038992 454.71121220393223 1280.1923398695742
2020 7 19 782.1341357367385 441.03695476138967 1353.8921711399464
2020 7 20 793.3289477857086 428.0229642354731 1432.5993826686224
2020 7 21 804.1080123240814 415.0822292297558 1514.8420515816006
2020 7 22 814.9037986301823 402.46577166920673 1601.5617031996655
2020 7 23 825.9102652040829 390.2652592617759 1693.374963435945
2020 7 24 837.3318949375355 378.56052899325783 1790.9980512434506
2020 7 25 849.0465711406548 367.2679207947584 1894.5380709315607
2020 7 26 857.4320190955933 354.80117272180337 1996.2694268885962
2020 7 27 864.7935795993317 342.29965392451817 2100.886844923368
2020 7 28 873.2647870029231 330.65282937594395 2213.5290700366154
2020 7 29 882.1477246002439 319.5267682885698 2333.04408360407
2020 7 30 891.5859510377521 308.94349015379606 2460.2416849606184
2020 7 31 900.8230766025042 298.6060740718595 2593.5405372186315
2020 8 1 910.1559018455652 288.6145535166352 2734.0616815473472
2020 8 2 919.5854182472785 278.95735463693535 2882.1964304139847
2020 8 3 929.1126275600524 269.62329084888535 3038.3572980656827
2020 8 4 938.7385419147813 260.6015498777504 3202.979149267426
2020 8 5 948.4641839283711 251.88168123334958 3376.5204102799707
2020 8 6 958.290586812377 243.45358410454898 3559.4643454500147
2020 8 7 968.2187944827681 235.30749565881212 3752.320402967551
2020 8 8 978.2498616708283 227.43397973325335 3955.62563353798
2020 8 9 988.3848540352069 219.82391590409492 4169.946185919575
2020 8 10 998.6248482751294 212.46848892186583 4395.878883490975
2020 8 11 1008.9709322447817 205.35917850010466 4634.052886238986
2020 8 12 1019.4242050688791 198.4877494457379 4885.131442794895
