2020 7 7 48.20890601990122 42.3486168923257 54.06919514747674
2020 7 8 50.51029915406328 38.976590796831545 63.53677947574076
2020 7 9 52.92155602078509 35.873063670680445 74.66214977193542
2020 7 10 55.4479212866787 33.01665617264055 87.7355864518647
2020 7 11 58.48037722154018 30.61723100459867 103.70815721638468
2020 7 12 61.67867867023675 28.392179677048954 122.58859042469841
2020 7 13 65.05189575119718 26.32882988970342 144.9062726180638
2020 7 14 68.60959462911889 24.41543027854603 171.28696701149207
2020 7 15 72.36186464382 22.641083488471622 202.4703592047166
2020 7 16 76.3193469227727 20.99568410974854 239.33079715128918
2020 7 17 80.49326455846081 19.46986112483545 282.9018069116815
2020 7 18 84.89545443614199 18.054924537770578 334.40507158509337
2020 7 19 89.53840080227549 16.742815882172614 395.28468595728117
2020 7 20 94.43527066881275 15.526062325982208 467.24764732698355
2020 7 21 99.59995115375443 14.397734111557543 552.3117178290973
2020 7 22 105.04708886386872 13.3514050887332 652.8620002614016
2020 7 23 110.79213143125693 12.381116116066869 771.7178137386666
2020 7 24 116.85137132156073 11.48134112183359 912.2117442937921
2020 7 25 123.24199203804739 10.64695563147524 1078.2830869177192
2020 7 26 129.98211685260407 9.873207582260122 1274.5882990499424
2020 7 27 137.09086020183827 9.15569025893385 1506.63156251378
2020 7 28 144.58838189403932 8.49031719622237 1780.9191147091888
2020 7 29 152.6634797929275 7.883136691810249 2107.2052390697118
2020 7 30 161.43721184725212 7.332166316724364 2496.689250574453
2020 7 31 171.10800214717486 6.837545757775807 2964.2384584671195
2020 8 1 181.35811479759488 6.376291803834088 3519.344522604816
2020 8 2 192.22225372398026 5.946153577313267 4178.40401247392
2020 8 3 203.73720176769424 5.545032042563552 4960.884045116438
2020 8 4 215.94194522208855 5.170969762767131 5889.897299452307
2020 8 5 228.8778058288497 4.822141347823511 6992.8847122007965
2020 8 6 242.5885806814997 4.496844546610883 8302.426020684401
2020 8 7 257.12069050972457 4.193491940154581 9857.202094104554
2020 8 8 272.5233368465778 3.910603195166024 11703.137478364373
2020 8 9 288.84866861068264 3.6467978401501324 13894.756902611605
2020 8 10 306.1519586674313 3.4007885288292616 16496.795815617083
2020 8 11 324.49179096696776 3.171374758009774 19586.11252356708
2020 8 12 343.93025889254795 2.9574370092350137 23253.958409467145
