2020 7 7 1613.6694573026507 1583.2015462165741 1644.137368388727
2020 7 8 1643.2987204493072 1581.83899939416 1705.929752792875
2020 7 9 1673.3045726497903 1580.3164414439439 1769.8706811277073
2020 7 10 1703.955748161705 1578.8873653521623 1836.31126939973
2020 7 11 1735.1931881185071 1577.482564857653 1905.272754463425
2020 7 12 1766.5991452271605 1575.7116088591108 1976.3802938417311
2020 7 13 1799.087846130342 1574.4013822011404 2050.7170585436993
2020 7 14 1832.3311635715504 1573.2297529350224 2128.028930100909
2020 7 15 1865.8153307545117 1571.7383825225077 2207.8217759530235
2020 7 16 1899.8027503313274 1570.1569089912082 2290.47799076805
2020 7 17 1934.3539703082758 1568.5313143261458 2376.1619975303383
2020 7 18 1970.1248757513627 1567.3868859526806 2465.7777065731157
2020 7 19 2007.962513229428 1567.361270653171 2560.532003194766
2020 7 20 2046.4099325051734 1567.2443937471505 2658.7784035997515
2020 7 21 2086.1297220915517 1567.5381740456287 2761.4911234756105
2020 7 22 2126.833022062078 1567.9917359830972 2868.4531806342593
2020 7 23 2168.361459707968 1568.4682538409354 2979.6000014913025
2020 7 24 2210.5113953169134 1568.807926792719 3094.7933015451704
2020 7 25 2253.094535844658 1568.8736345285122 3213.8994531822455
2020 7 26 2297.2851344897153 1569.487445525501 3338.712327220301
2020 7 27 2342.7103043616025 1570.3528076904013 3468.9069560966905
2020 7 28 2388.112931477893 1570.6014525557478 3602.8152030883484
2020 7 29 2433.9899119412808 1570.5834056124202 3741.2807773818654
2020 7 30 2480.5663371593528 1570.4479985065307 3884.7883807330395
2020 7 31 2528.4510965634595 1570.576641141163 4034.4537777928263
2020 8 1 2577.2602215645834 1570.7052943135066 4189.885185477067
2020 8 2 2627.0115560814907 1570.8339580244246 4351.304745170308
2020 8 3 2677.7232884912855 1570.9626322747804 4518.9431564783545
2020 8 4 2729.4139582788202 1571.0913170654371 4693.0400069423995
2020 8 5 2782.1024628144664 1571.2200123972582 4873.8441144557055
2020 8 6 2835.8080642627233 1571.3487182711071 5061.613882872248
2020 8 7 2890.550396624191 1571.4774346878473 5256.617671315535
2020 8 8 2946.3494729134786 1571.6061616483425 5459.134177715422
2020 8 9 3003.225692475679 1571.7348991534566 5669.452837121075
2020 8 10 3061.199848444075 1571.863647204053 5887.874235359336
2020 8 11 3120.2931353418144 1571.9924058009958 6114.710538629699
2020 8 12 3180.5271568303233 1572.1211749451488 6350.285939649867
