2020 7 7 49.427135767302524 44.85912876441158 53.99514277019347
2020 7 8 51.837099120936266 42.69838710157487 61.861320831644164
2020 7 9 54.4032179554592 40.67355919126086 70.91959282609365
2020 7 10 57.09636870312084 38.74475195865144 81.30425569649506
2020 7 11 59.965412030397374 36.93630076973403 93.27015311867548
2020 7 12 62.978622312609176 35.21226090202438 106.99712319186986
2020 7 13 66.14324381501278 33.56869237019599 122.74435056163605
2020 7 14 69.46688482095148 32.00183909179403 140.8091651939162
2020 7 15 72.90574009135919 30.484259122782678 161.42766639128163
2020 7 16 76.5148307998651 29.03864529783381 185.0653076498803
2020 7 17 80.30258419975718 27.661584863750242 212.16417768518627
2020 7 18 84.2179695871404 26.32920190131929 243.07290603202975
2020 7 19 88.26146642276426 25.04136463139374 278.3032729683573
2020 7 20 92.49910076538158 23.81651919996088 318.6398394179483
2020 7 21 96.94019359956437 22.65158449436047 364.82268491265586
2020 7 22 101.66679388587224 21.56051956077086 417.9711729645042
2020 7 23 106.6996579747257 20.538084177821467 479.1741430862617
2020 7 24 111.98166654791595 19.564134366351944 549.3389837723389
2020 7 25 117.44165747131959 18.621783469509545 629.3683723571764
2020 7 26 123.08029935123747 17.710938284212975 720.5874187668196
2020 7 27 128.80612326081385 16.81823394061798 823.9529536676199
2020 7 28 134.79831847121 15.970525578166665 942.1458828956947
2020 7 29 140.9687686601455 15.153637285832671 1076.5906580756116
2020 7 30 147.12736862808345 14.346895866966042 1227.9731480710661
2020 7 31 153.28625623611902 13.556894895026348 1398.3987423330723
2020 8 1 159.70296057072366 12.81039472921592 1592.477038793968
2020 8 2 166.3882740783145 12.105000030540113 1813.490703556412
2020 8 3 173.35344098708876 11.438447357534688 2065.177991122686
2020 8 4 180.61017621902653 10.808597903428044 2351.795973728223
2020 8 5 188.1706850935675 10.213430633226118 2678.1925460272373
2020 8 6 196.04768385610177 9.651035798698503 3049.8884230272706
2020 8 7 204.25442106580232 9.119608810456974 3473.1705181966304
2020 8 8 212.8046998787718 8.617444447463354 3955.198281154428
2020 8 9 221.7129012639825 8.142931385386461 4504.124793553051
2020 8 10 230.99400819105708 7.694547026250946 5129.234671384916
2020 8 11 240.66363083057198 7.270852612787597 5841.101106211445
2020 8 12 250.73803280926907 6.870488611808258 6651.764701530498
