2020 7 7 154.442514311432 141.7087996640239 167.1762289588401
2020 7 8 155.39069154326805 130.8217142897977 182.0726127545193
2020 7 9 156.28368501984474 120.71969342599341 198.22487180351226
2020 7 10 157.18181031829113 111.39774814892752 215.8100507652739
2020 7 11 158.00281942675628 102.73732957562933 234.84230195715003
2020 7 12 158.7247328391833 94.68297686739747 255.39934257002284
2020 7 13 159.42917337909523 87.2476749498096 277.72243173734716
2020 7 14 160.13674031566504 80.39625533540608 301.9966626145829
2020 7 15 160.82649145569042 74.07234574332989 328.35305368539923
2020 7 16 161.5192135356402 68.24587017180492 357.0096666999407
2020 7 17 162.1937823681804 62.86876993160294 388.1205311617471
2020 7 18 162.93484425130796 57.94001375842391 422.09485970174586
2020 7 19 163.78590323164283 53.435571077771414 459.3193326498612
2020 7 20 164.61997394460232 49.274325461606104 499.7665172770054
2020 7 21 165.5013776380204 45.45002942461078 543.9062415635306
2020 7 22 166.38750051861942 41.92254597797703 591.9444168121289
2020 7 23 167.256593788279 38.66335266518011 644.1478929359105
2020 7 24 168.08645100407466 35.64742025368447 700.7865936140688
2020 7 25 168.83244003917454 32.848085664316 762.038597863936
2020 7 26 169.69220996354346 30.290071410643723 829.1429274008522
2020 7 27 170.64518434541023 27.9471156180545 902.590413160509
2020 7 28 171.53651681180435 25.774417128268727 982.1897061764496
2020 7 29 172.4212810406682 23.76894472796384 1068.7445806931714
2020 7 30 173.32640334180968 21.921692754688333 1163.0249530649362
2020 7 31 174.29978698812636 20.22603623652938 1266.0485161388394
2020 8 1 175.27863705908837 18.66153980074865 1378.19815558838
2020 8 2 176.26298425358667 17.21805813370199 1500.2822813299786
2020 8 3 177.2528594429141 15.88623066804209 1633.1809141855615
2020 8 4 178.24829367173353 14.657420882106141 1777.8520293497575
2020 8 5 179.2493181590516 13.523660294533496 1935.3384617767622
2020 8 6 180.25596429919767 12.477596790934356 2106.7754232630705
2020 8 7 181.26826366280858 11.512446947522646 2293.398685411577
2020 8 8 182.28624799781863 10.621952042545429 2496.553487462427
2020 8 9 183.30994923045537 9.800337470255524 2717.7042332010674
2020 8 10 184.3393994662408 9.042275294238475 2958.4450468418654
2020 8 11 185.3746309909983 8.342849697262896 3220.5112639774247
2020 8 12 186.4156762718652 7.697525103606287 3505.791940423985
