2020 7 7 21.147044653736824 20.140298639020678 22.153790668452967
2020 7 8 20.6465179169435 18.72761079317189 22.658999011048127
2020 7 9 20.144841227510028 17.402223273890765 23.16146472649453
2020 7 10 19.649718438638534 16.165767163099343 23.6685926724098
2020 7 11 19.15851859664854 15.01037909107924 24.176891529734778
2020 7 12 18.67021754025206 13.93021890642526 24.68426928508642
2020 7 13 18.20350307132321 12.93460832990704 25.214380476958734
2020 7 14 17.75100188308239 12.01196470615047 25.75940333866799
2020 7 15 17.307265788473075 11.15345421277331 26.312603753396537
2020 7 16 16.87825372854221 10.358642907058885 26.88320572480539
2020 7 17 16.462237065791086 9.621920051457485 27.469942110619193
2020 7 18 16.063383002981183 8.941632035468858 28.081012352692635
2020 7 19 15.691045548098543 8.318822845083943 28.73513725930384
2020 7 20 15.321851148677618 7.736484773645176 29.394450268143245
2020 7 21 14.967773527127783 7.198158513596152 30.081226627616978
2020 7 22 14.62083149758667 6.696787034840145 30.781944939029767
2020 7 23 14.277840786165143 6.228463860386822 31.490373907038485
2020 7 24 13.936904432792213 5.790277851074368 32.20189163307213
2020 7 25 13.591436803598352 5.377654262770113 32.90020575740326
2020 7 26 13.263088343590583 4.997820029671882 33.63437365135223
2020 7 27 12.94359995377353 4.6451637973312385 34.38727701220331
2020 7 28 12.620038358123727 4.313167994727637 35.12576678444041
2020 7 29 12.296915086274625 4.002285803930281 35.85882360556757
2020 7 30 11.976445786479914 3.711982303318784 36.5907926873934
2020 7 31 11.660516787732128 3.4415544836856706 37.326058300189956
2020 8 1 11.352921741646863 3.1908280525980075 38.07609854566473
2020 8 2 11.053440805261758 2.9583677113089966 38.84121030941522
2020 8 3 10.761859934894819 2.7428427264169577 39.621696442741076
2020 8 4 10.477970733164081 2.5430193120008084 40.41786588252061
2020 8 5 10.201570300042755 2.357753566737308 41.23003377349606
2020 8 6 9.93246108784342 2.1859849255681665 42.0585215930162
2020 8 7 9.670450760027624 2.0267300884306834 42.90365727828547
2020 8 8 9.415352053739966 1.8790773912965646 43.76577535617014
2020 8 9 9.166982645968426 1.7421815872955915 44.645217075612784
2020 8 10 8.925165023235268 1.6152590080483589 45.54233054270761
2020 8 11 8.689726354725398 1.4975830775088403 46.45747085848994
2020 8 12 8.460498368761497 1.3884801526354984 47.39100025949453
