2020 7 7 338.07000754449894 321.5879225435247 354.5520925454732
2020 7 8 342.90430148606373 310.2664884026835 377.1739883167193
2020 7 9 348.8554683078049 300.29164211254584 402.3917100038883
2020 7 10 355.9373190046287 291.52185692064523 430.48054752445864
2020 7 11 363.9360223521732 283.6413666776261 461.46511415958054
2020 7 12 372.54319972673727 276.30804011505114 495.22346444618984
2020 7 13 380.35277858941066 268.42176981848337 530.1205500056203
2020 7 14 388.71812534113684 261.0372675777036 568.0231736230468
2020 7 15 398.2548450715284 254.51898351243906 610.0786073979868
2020 7 16 408.94918293480634 248.7537548543608 656.6626668122316
2020 7 17 421.13507574913723 243.85171182434735 708.7376781370367
2020 7 18 434.66079564811747 239.6118198200872 766.5860987031203
2020 7 19 447.0047961643548 234.55473767947328 826.305936386827
2020 7 20 461.5259385256846 230.56284099914424 894.0546758286935
2020 7 21 476.077059405041 226.41820061625234 966.5023879899535
2020 7 22 490.68385544825566 222.1563556911447 1044.0023955881632
2020 7 23 505.4859197177343 217.86023484037764 1127.1787588760249
2020 7 24 523.0233612129517 214.63367118537025 1222.0857371559825
2020 7 25 543.460499208158 212.39515592968635 1330.3374437571279
2020 7 26 564.9362969436955 210.27381467168877 1448.7657176696705
2020 7 27 587.9262571265039 208.42136835601676 1579.4433028348867
2020 7 28 612.998893002118 206.99189291246358 1724.9895639223064
2020 7 29 641.6005201252889 206.40280647649988 1890.8697341073296
2020 7 30 674.6449702112725 206.81534047469611 2081.861991320744
2020 7 31 708.2091260809666 206.86629426335895 2288.4978533939643
2020 8 1 743.4431269935909 206.91726060567748 2515.6434224855902
2020 8 2 780.4300491474037 206.96823950474462 2765.334395970513
2020 8 3 819.2571018515443 207.019230963654 3039.808525002277
2020 8 4 860.0158331517835 207.07023498550004 3341.5256694239774
2020 8 5 902.8023456863268 207.1212515733779 3673.189843235602
2020 8 6 947.7175232806279 207.1722807303835 4037.773448191118
2020 8 7 994.867268815483 207.22332245961357 4438.543912708805
2020 8 8 1044.3627539292647 207.27437676416557 4879.092974834953
2020 8 9 1096.3206811430516 207.3254436471377 5363.368871697266
2020 8 10 1150.8635590267052 207.37652311162896 5895.711723932514
2020 8 11 1208.1199910546895 207.4276151607391 6480.892432206608
2020 8 12 1268.2249788327122 207.47871979756863 7124.155434420907
