2020 7 7 239.23877440667587 226.62017636739773 251.857372445954
2020 7 8 247.12121913216072 221.7400016449884 273.8774252534934
2020 7 9 255.26337483051947 216.96491953040865 297.8227055059863
2020 7 10 263.6737984649508 212.29266689644504 323.8615370829073
2020 7 11 272.5135167781957 207.84356091720647 352.36388767007554
2020 7 12 281.8068784389203 203.60766032859 383.578046429799
2020 7 13 291.4171659240154 199.45808838887396 417.5573117772596
2020 7 14 301.35518716088336 195.3930856999174 454.5466307091201
2020 7 15 311.63211865305925 191.4109287205267 494.8126488543637
2020 7 16 322.2595180495374 187.50992903568255 538.6456326478702
2020 7 17 333.24933714274135 183.68843264066035 586.3615617797594
2020 7 18 344.4215896970997 179.83879753113877 637.9659695004818
2020 7 19 355.76960027683975 175.96604106307782 693.7437464278904
2020 7 20 367.49150537414226 172.17668285427354 754.3982104321971
2020 7 21 379.5996240743025 168.46892695661907 820.3557334155472
2020 7 22 392.10668135212563 164.8410160970307 892.079965250986
2020 7 23 405.02582144518396 161.2912308445966 970.0750930195406
2020 7 24 418.3706216676961 157.817888795661 1054.8893852045069
2020 7 25 432.15510667954675 154.41934377645683 1147.1190457569319
2020 7 26 446.1443309550896 151.00485695379078 1246.7503083367712
2020 7 27 460.32889158360337 147.57871319060231 1354.3152889928865
2020 7 28 474.9644312927955 144.23030507991427 1471.160576207727
2020 7 29 490.06528835767756 140.95786888030557 1598.0868403230581
2020 7 30 505.64625691948436 137.75968086782078 1735.9638305405003
2020 7 31 521.7226014793291 134.63405642801516 1885.7363347886926
2020 8 1 538.3100718526653 131.57934916860052 2048.430653785635
2020 8 2 555.4249185992046 128.59395005222405 2225.161633659054
2020 8 3 573.0839089434096 125.67628654892346 2417.1403053151053
2020 8 4 591.3043432011559 122.8248218078122 2625.6821829033993
2020 8 5 610.1040717286592 120.03805384755812 2852.2162782427363
2020 8 6 629.5015124102698 117.31451476522948 3098.294892977968
2020 8 7 649.515668702269 114.65276996309127 3365.6042555677486
2020 8 8 670.1661482503423 112.05141739294488 3655.9760759920305
2020 8 9 691.4731820989723 109.50908681761281 3971.400097356761
2020 8 10 713.4576445115665 107.02443908917951 4314.037730404358
2020 8 11 736.1410734207408 104.5961654436083 4686.236864359053
2020 8 12 759.5456915287915 102.22298681136263 5090.547955596893
