2020 7 7 798.643398262079 727.3801652482275 869.9066312759304
2020 7 8 830.3537964828765 688.7795938132863 985.1506460824858
2020 7 9 864.5999415713655 653.2864791411164 1117.176703316062
2020 7 10 900.9231591909817 620.1245566359578 1267.7552128624698
2020 7 11 940.1575489264875 589.5994352864691 1440.5786092862193
2020 7 12 981.8233104831002 561.0301446784546 1638.069150999183
2020 7 13 1025.335609025003 533.8451911593123 1862.6338931859445
2020 7 14 1071.5645096409182 508.38789155221355 2119.416375128259
2020 7 15 1119.8777143942743 484.1445657974936 2411.5988587959114
2020 7 16 1169.5082873485576 460.6851356000424 2742.2076585850127
2020 7 17 1222.2374444259524 438.7165954394785 3120.2480728331752
2020 7 18 1275.4647810247789 417.1211318015399 3545.6076881283943
2020 7 19 1328.0685652565683 395.62669686735006 4020.77623765138
2020 7 20 1382.8418787114863 375.23987959603124 4559.625027718678
2020 7 21 1437.748069316404 355.32666987489137 5163.677779260556
2020 7 22 1494.834328237992 336.4702132947689 5847.754595155786
2020 7 23 1554.187215804202 318.6144301368898 6622.456951615316
2020 7 24 1615.8967292492139 301.7062167179756 7499.790793602833
2020 7 25 1685.0253455079528 286.6230385348295 8516.41456445574
2020 7 26 1758.40667714031 272.5142551634736 9677.392390024024
2020 7 27 1836.3354811082634 259.3094613922429 11004.076996580636
2020 7 28 1920.54130152417 247.14320171524477 12529.557137645153
2020 7 29 2013.7758912416652 236.2127304688637 14300.225005642793
2020 7 30 2119.122325477688 226.65547232681212 16374.989783183604
2020 7 31 2236.251706022676 218.1557371271621 18799.239307208994
2020 8 1 2359.8551308556735 209.97474780963222 21582.38894858119
2020 8 2 2490.290437175581 202.10055118568403 24777.572385560197
2020 8 3 2627.935240770263 194.5216423195228 28445.78951775561
2020 8 4 2773.1880292304004 187.22694771831334 32657.071027669223
2020 8 5 2926.469315588097 180.2058091527737 37491.815350758414
2020 8 6 3088.2228557200856 173.4479680845082 43042.32357838879
2020 8 7 3258.916933039963 166.9435506773258 49414.56159682186
2020 8 8 3439.04571419869 160.6830533706443 56730.18310359318
2020 8 9 3629.1306797181705 154.657328993902 65128.85212309964
2020 8 10 3829.722133699658 148.85757340168806 74770.90936101553
2020 8 11 4041.4007969776517 143.2753126100648 85840.43330145406
2020 8 12 4264.779488331539 137.90239041528673 98548.7544869055
