2020 7 7 693.462430599201 670.0488595935104 716.8760016048915
2020 7 8 699.0804756905685 652.6776482147468 747.076677766025
2020 7 9 706.4843964172651 637.3816320378203 780.4095011897989
2020 7 10 715.5848216030336 623.9039111719961 817.016961292494
2020 7 11 726.227631101796 611.953750174258 856.968776134973
2020 7 12 737.8965430975262 600.9637412255955 899.8982630613001
2020 7 13 748.4303136642783 589.0939088424441 943.365270271913
2020 7 14 759.2635154781741 577.5758453987398 989.1197074086216
2020 7 15 771.085205477987 566.9156502956886 1038.1767562667605
2020 7 16 783.7820207155902 556.9602894554587 1090.5973066986317
2020 7 17 798.2488845388093 548.2889928562588 1147.8367567603964
2020 7 18 812.9827743250487 539.7526993912766 1208.0803905142072
2020 7 19 824.9932153530033 529.3606093655466 1267.0347557980215
2020 7 20 839.0706058033837 520.3810188492371 1331.768037433434
2020 7 21 852.8033250971677 511.1910130123249 1398.8802442341826
2020 7 22 866.8457242715369 502.21420845565757 1469.51375817907
2020 7 23 881.6372710306115 493.6951047225535 1544.5917681073813
2020 7 24 897.7347370701485 485.91045737614525 1625.351267706497
2020 7 25 912.8745700395725 477.57114164862276 1708.0673694800194
2020 7 26 926.7243591629205 468.56648599624003 1792.1014744152042
2020 7 27 939.7691564327961 459.2183555889226 1878.3068863733665
2020 7 28 954.3077268136625 450.6969306407082 1971.2776210782906
2020 7 29 967.9625309180191 441.8100275624754 2066.559971759155
2020 7 30 979.0238396796736 431.8254224505471 2160.4936903011458
2020 7 31 983.9331157980259 419.2971860515064 2244.841939248471
2020 8 1 988.8670092862823 407.13242224835767 2332.4832443766218
2020 8 2 993.8256435872652 395.32058587546413 2423.5461705241737
2020 8 3 998.8091427627965 383.8514377063976 2518.1643018542477
2020 8 4 1003.8176314968008 372.7150355779469 2616.4764378149243
2020 8 5 1008.8512350984257 361.90172577163935 2718.6267967501835
2020 8 6 1013.9100795051762 351.4021346453037 2824.7652274600605
2020 8 7 1018.9942912860662 341.2071605074203 2935.0474290203615
2020 8 8 1024.1039976447846 331.30796572721505 3049.6351791844036
2020 8 9 1029.239326422878 321.6959690736573 3168.6965717018297
2020 8 10 1034.4004061029502 312.36283827672094 3292.406262902635
2020 8 11 1039.5873658118749 303.30048280446005 3420.9457279081244
2020 8 12 1044.8003353240279 294.50104684963827 3554.5035268446554
