2020 7 7 1034.2017694418857 981.2592765040488 1087.1442623797227
2020 7 8 1065.2856400168305 958.9967699787385 1177.1592649387749
2020 7 9 1099.9865186249813 939.654430680292 1277.5919550712351
2020 7 10 1135.531185755495 920.4574166721353 1386.2605098087429
2020 7 11 1174.4924370907115 903.4910303570002 1506.9409078346127
2020 7 12 1214.8924815377518 886.915836588617 1638.2579552975517
2020 7 13 1254.044688372355 868.7192457476624 1777.4615300662138
2020 7 14 1293.1518432494172 849.9907203182516 1926.6410559662306
2020 7 15 1333.4785476184227 831.665959012264 2088.3409827701844
2020 7 16 1374.0206466341867 813.0862648246376 2261.9799753883585
2020 7 17 1415.6760386234016 794.8510392638308 2449.860075810847
2020 7 18 1453.9226878125994 774.4018515737669 2645.2612147460723
2020 7 19 1487.7735444369314 751.5870721414224 2846.369918016948
2020 7 20 1523.316912857531 729.9013142365876 3064.4983565597468
2020 7 21 1557.4605965893022 707.7637304928371 3294.8188025905374
2020 7 22 1591.4228355696284 685.867337428096 3540.446747839962
2020 7 23 1626.2638588563577 664.7079228659512 3804.6936472957022
2020 7 24 1661.7264329596765 644.1435659693558 4088.332638961649
2020 7 25 1698.5395230143315 624.4391656475517 4394.536962277156
2020 7 26 1727.7606440332306 602.2466468950814 4701.922826347333
2020 7 27 1753.1333825534787 579.3261851521166 5018.96844015401
2020 7 28 1782.6847543666445 558.5357448227812 5368.288204695697
2020 7 29 1813.8437055801974 538.839020996613 5745.261543215737
2020 7 30 1844.9224717434035 519.651290676143 6146.727772397813
2020 7 31 1873.6178901662154 500.3255268410347 6566.532815716694
2020 8 1 1902.7596292616147 481.71848564649633 7015.0094190788495
2020 8 2 1932.3546309790042 463.80343789111197 7494.115773240675
2020 8 3 1962.4099452409646 446.5546484289857 8005.943808142363
2020 8 4 1992.9327316226402 429.94733920094643 8552.728326935952
2020 8 5 2023.9302610572445 413.9576536406173 9136.856763843014
2020 8 6 2055.409917568093 398.56262240421853 9760.879608447898
2020 8 7 2087.3792000275766 383.74013037487464 10427.521541942273
2020 8 8 2119.8457239434915 369.46888489402704 11139.693333945352
2020 8 9 2152.817223273154 355.72838517431643 11900.504551845066
2020 8 10 2186.301552265734 342.49889284999585 12713.277138153207
2020 8 11 2220.306687333238 329.7614036225704 13581.559915157559
2020 8 12 2254.840728950601 317.4976199609315 14509.14408020291
