2020 7 7 455.33577736593855 413.747940505288 496.92361422658917
2020 7 8 459.9494845385766 379.74590936232204 547.8312625857774
2020 7 9 465.1457212930831 348.980537999503 604.5923284057258
2020 7 10 470.2200507336408 320.5721384119581 666.9996790888958
2020 7 11 474.98457337523524 294.22734544322725 735.3308755678496
2020 7 12 480.25845183333496 270.3331955716424 811.3761075321203
2020 7 13 484.84496980319415 247.9596148782778 894.0254633680943
2020 7 14 488.91050849168164 227.1488978486103 984.0523231755611
2020 7 15 493.0101376747746 208.08477952817813 1083.1447362797537
2020 7 16 496.9527124238467 190.53987445685877 1191.7950146393457
2020 7 17 500.7338540779008 174.40030334878037 1310.881243622921
2020 7 18 504.252120395612 159.5262486056994 1441.1032729217748
2020 7 19 505.93504547198637 145.33230245330134 1578.9455943254668
2020 7 20 507.7218119534958 132.4294869177129 1730.2791538544009
2020 7 21 508.43060112372245 120.38938674865383 1892.4220591240219
2020 7 22 509.239088973613 109.46731012281641 2070.126634448749
2020 7 23 510.048862451477 99.53611617395217 2264.518246335478
2020 7 24 510.9589469755115 90.52523355992798 2477.603506310996
2020 7 25 512.4658557436214 82.4355451681554 2713.6256175894587
2020 7 26 511.9873562394884 74.74869414697368 2961.5949985242273
2020 7 27 510.41590657256177 67.61898457023248 3225.898900110317
2020 7 28 510.13751041365765 61.339986211722476 3521.9320708856008
2020 7 29 509.95830668476214 55.65595514808173 3845.8152760135195
2020 7 30 510.1949902376533 50.544013569464646 4202.6192733840635
2020 7 31 510.01576631694957 45.860384489107716 4589.099697424078
2020 8 1 509.83660535494664 41.61076093805481 5011.121556090855
2020 8 2 509.6575073295281 37.75492606816642 5471.953303610674
2020 8 3 509.4784722185852 34.25638970012423 5975.163967136641
2020 8 4 509.2995000000171 31.08204299401953 6524.65078797542
2020 8 5 509.12059065173054 28.201845119673397 7124.669404750871
2020 8 6 508.94174415164025 25.58853896145365 7779.866812265686
2020 8 7 508.7629604776685 23.217393167125312 8495.317351319192
2020 8 8 508.5842396077455 21.06596809958135 9276.5620082135
2020 8 9 508.405581519809 19.113903476508412 10129.651328312899
2020 8 10 508.2269861918047 17.342725688288727 11061.192276011327
2020 8 11 508.04845360168594 15.73567297066691 12078.399404026684
2020 8 12 507.86998372741385 14.277536777681105 13189.150728315464
