2020 7 7 302.8078938915681 286.1342599939817 319.48152778915454
2020 7 8 316.4386889820923 282.5497405345972 352.24650812294766
2020 7 9 331.36017855733206 279.6147197864262 389.1254873163182
2020 7 10 346.9852826364121 276.71018693315074 429.86556683284743
2020 7 11 364.08965157291817 274.4279239120331 475.790807684159
2020 7 12 382.03716703856014 272.1644846449496 526.6225307242873
2020 7 13 400.86939128402565 269.9197138764749 582.884926290026
2020 7 14 420.6299353387408 267.69345763170656 645.1581872671667
2020 7 15 441.36456000382026 265.4855632057035 714.0844921948684
2020 7 16 462.6490705253376 263.01183894277443 789.6106360991464
2020 7 17 484.96001232202724 260.5611641882823 873.1249081246734
2020 7 18 507.30917712777654 257.5757808779033 963.6038894999855
2020 7 19 529.6027636766794 254.07344740529098 1061.3970023991988
2020 7 20 552.8760368222792 250.61873618858942 1169.1148292132561
2020 7 21 576.5805324159165 246.94286534554888 1286.5137741338458
2020 7 22 601.9182329373269 243.58511074542798 1417.0779905418433
2020 7 23 629.6573649187262 240.79423081310333 1563.9249902328568
2020 7 24 659.3485061531644 238.29295064155139 1727.662474763601
2020 7 25 691.8505766193499 236.32754707087042 1912.2395178793713
2020 7 26 723.7342003510962 233.61982077940215 2110.39843204316
2020 7 27 756.3128509873402 230.69317091335927 2326.8339912470606
2020 7 28 791.9763609011552 228.29681676413585 2570.4453837542537
2020 7 29 829.604006090081 226.0067724971038 2840.4787357423925
2020 7 30 868.1909687153491 223.51401753671556 3136.043540129581
2020 7 31 907.2722919989498 220.71396715015084 3457.665906309316
2020 8 1 948.1128478530727 217.94899412586392 3812.272810204614
2020 8 2 990.7918275378174 215.21865903556798 4203.247038097513
2020 8 3 1035.3919870811153 212.52252795587185 4634.318303764643
2020 8 4 1081.99980774555 209.860172399318 5109.598828226129
2020 8 5 1130.7056637185367 207.23116924628434 5633.622568437142
2020 8 6 1181.6039973510196 204.6351006777392 6211.388469145728
2020 8 7 1234.7935022844792 202.07155410883868 6848.4081505196755
2020 8 8 1290.3773148213397 199.54012212335596 7550.7584864603905
2020 8 9 1348.463213909852 197.0404024089318 8325.13957517664
2020 8 10 1409.1638301312269 194.57199769313644 9178.938655030686
2020 8 11 1472.5968640942556 192.1345156803323 10120.300575384515
2020 8 12 1538.885314660888 189.72756898932772 11158.205494705504
