2020 7 7 603.8918375583189 574.2195635558218 633.5641115608162
2020 7 8 613.530474511815 554.7199558107915 675.3034326281189
2020 7 9 624.4526188077801 536.9039057241475 721.0359540444325
2020 7 10 635.7608299151563 519.8248201034841 770.0868162676231
2020 7 11 648.0542201321664 503.927112544057 823.4198104578342
2020 7 12 661.3808104278825 489.1341740423213 881.4571757347056
2020 7 13 673.6621968361292 473.79981416756067 941.8269705928768
2020 7 14 685.4480826814829 458.43729445895303 1005.319825988908
2020 7 15 697.2298179929726 443.4322068460161 1072.7845161641583
2020 7 16 709.1070806127719 428.85021065590684 1144.6119999189339
2020 7 17 721.1866715950412 414.74773446819154 1221.248639049096
2020 7 18 732.5867783177699 400.59990520364084 1301.5173397883482
2020 7 19 742.1437722868073 385.82827498707223 1383.4672022480586
2020 7 20 753.4196647848363 372.430140346991 1473.5488959842855
2020 7 21 764.2888636793738 359.21153993902004 1568.3655869853671
2020 7 22 775.7839506139735 346.6825718330307 1670.2459216074935
2020 7 23 788.0470999192971 334.8565739367957 1780.0257532942321
2020 7 24 801.2295960988665 323.7422614348712 1898.6597973237238
2020 7 25 815.6161220693882 313.39424180624917 2027.5311008146402
2020 7 26 827.2574508668318 302.2229060559553 2157.683122919608
2020 7 27 837.2878792233284 290.8005722450569 2291.5549246528435
2020 7 28 848.7246431064236 280.2561371575717 2437.2488151423695
2020 7 29 860.4695561488261 270.1442124332465 2592.6420157653683
2020 7 30 871.4836047790387 260.116655297926 2755.250872512329
2020 7 31 881.0473816293686 249.98636376794533 2923.027608488331
2020 8 1 890.7161126373456 240.25059832613408 3101.020849035873
2020 8 2 900.4909495838384 230.89399408059492 3289.8527123828076
2020 8 3 910.3730568895118 221.90178452800382 3490.1831996832575
2020 8 4 920.3636117535376 213.25977824925573 3702.7125018397587
2020 8 5 930.4638042938278 204.95433651270264 3928.1834467957638
2020 8 6 940.6748376888065 196.9723517496378 4167.384095852234
2020 8 7 950.9979283207376 189.30122686805612 4421.150498082912
2020 8 8 961.4343059206255 181.9288553720441 4690.369612475447
2020 8 9 971.9852137147062 174.84360225542375 4975.982408011776
2020 8 10 982.6519085725454 168.0342856394971 5278.987152523108
2020 8 11 993.4356611567623 161.49015912591236 5600.442901814633
2020 8 12 1004.3377560743967 155.20089483680053 5941.4732012550785
