2020 7 7 34.62646844502172 33.59068859663068 35.66224829341277
2020 7 8 33.588036519917644 31.608573037014512 35.62761323723134
2020 7 9 32.5958470446045 29.757628362696927 35.60902911394368
2020 7 10 31.647322034300355 28.02817715238872 35.606136911940304
2020 7 11 30.742659095819768 26.413638921898198 35.62153939080733
2020 7 12 29.875421268188916 24.902040888587674 35.65034847443693
2020 7 13 29.02579518509029 23.471236580900452 35.67100355313478
2020 7 14 28.20086421280922 22.12307313878265 35.69232516233422
2020 7 15 27.404035662713262 20.856000432099705 35.719554107717734
2020 7 16 26.628213281124165 19.660349684342176 35.744837462675875
2020 7 17 25.876797971521682 18.535048070338334 35.773418305074046
2020 7 18 25.13993892037177 17.469393812356454 35.792831802529
2020 7 19 24.395460692759457 16.445133348759683 35.77153430201727
2020 7 20 23.675267256915717 15.482435871530353 35.75353151454556
2020 7 21 22.968732369993784 14.571122867093399 35.724056426508895
2020 7 22 22.27906765590609 13.710776933753687 35.68805026868605
2020 7 23 21.610519802525694 12.90148136374825 35.652735277531335
2020 7 24 20.969171620537143 12.144216828215384 35.629231338921095
2020 7 25 20.352821268814257 11.434854765338203 35.61587674642212
2020 7 26 19.758508888155383 10.76913082505429 35.60938945336796
2020 7 27 19.18626411660282 10.144733535979526 35.61139796775452
2020 7 28 18.646083664946122 9.56472984412275 35.64215925829326
2020 7 29 18.130150363433504 9.022523103287527 35.69022452087359
2020 7 30 17.638467940261176 8.516017196937918 35.75799116899864
2020 7 31 17.160516238650157 8.038136920891404 35.826690284239376
2020 8 1 16.695515652172638 7.587073119372021 35.89552138587757
2020 8 2 16.2431152428936 7.161320973407089 35.96448472748868
2020 8 3 15.80297358228575 6.759460107642281 36.033580563135324
2020 8 4 15.374758493551935 6.380149851748602 36.10280914736825
2020 8 5 14.958146800929905 6.022124767737728 36.17217073522723
2020 8 6 14.552824085790167 5.6841904282641265 36.24166558224206
2020 8 7 14.158484449342907 5.365219431829722 36.311293944433416
2020 8 8 13.77483028177486 5.064147641597216 36.3810560783139
2020 8 9 13.401572037641904 4.779970635264144 36.450952240888896
2020 8 10 13.038428017347885 4.5117403541539085 36.52098268965757
2020 8 11 12.68512415454471 4.258561940344632 36.5911476826138
2020 8 12 12.341393809293312 4.019590751283997 36.66144747824712
