2020 7 7 1756.602624643295 1665.0706419185606 1848.1346073680293
2020 7 8 1820.0302202436915 1635.2876249100457 2014.6573628210024
2020 7 9 1886.9840397402174 1607.147850615784 2197.552487411865
2020 7 10 1956.4009029243218 1579.492301166907 2397.0512425834972
2020 7 11 2029.4111782161208 1553.152090046137 2615.934893713221
2020 7 12 2106.3445023695576 1528.1683016170598 2856.350379044966
2020 7 13 2184.4529397816414 1502.323024926356 3116.499650206376
2020 7 14 2264.2323706204575 1476.0720681587884 3398.5943384197703
2020 7 15 2346.858610055345 1450.2362271870486 3706.1229083315206
2020 7 16 2432.222869361368 1424.6813156412813 4041.041106663928
2020 7 17 2520.907595063423 1399.7029073308263 4406.583435232062
2020 7 18 2609.4765405926673 1373.3027010349804 4799.3369260152
2020 7 19 2695.301668446596 1344.3187919149298 5216.3265140239155
2020 7 20 2783.949566483188 1315.9465957021982 5669.546172808688
2020 7 21 2872.7183247913454 1286.8521500744637 6156.452204189449
2020 7 22 2962.7059848082217 1257.6790443942116 6681.720472157934
2020 7 23 3055.5125007099336 1229.1672968155735 7251.804608776688
2020 7 24 3151.4066062563024 1201.374498734556 7870.956533950467
2020 7 25 3253.1947380892284 1175.3097462738356 8550.175342116045
2020 7 26 3355.773163624784 1148.908235709152 9281.44313681605
2020 7 27 3460.0998188523113 1122.5909563846835 10071.143170785457
2020 7 28 3570.836891395004 1097.9040192821328 10937.251986488407
2020 7 29 3687.98223231279 1074.6406236991293 11886.618326672073
2020 7 30 3810.825433357379 1052.4106168062585 12924.368847798687
2020 7 31 3937.0909435311632 1030.4555732747813 14050.448705400971
2020 8 1 4067.5400562703894 1008.9585486275413 15274.64212356707
2020 8 2 4202.311388449939 987.9099878254872 16605.49758196432
2020 8 3 4341.5481497896635 967.300535163644 18052.308375800363
2020 8 4 4485.398295030844 947.1210301126714 19625.177510425547
2020 8 5 4634.014681154763 927.3625032471738 21335.088250099583
2020 8 6 4787.555229810469 908.016172258953 23193.980813560916
2020 8 7 4946.183095124314 889.0734380534308 25214.835751959963
2020 8 8 5110.066837069586 870.5258809275065 27411.76459138009
2020 8 9 5279.380600580468 852.3652568271516 29800.108372898376
2020 8 10 5454.3043006006465 834.5834936830764 32396.544778286294
2020 8 11 5635.023813263199 817.172687822841 35219.204589403664
2020 8 12 5821.731173404924 800.1251004578157 38287.79829451572
