2020 7 7 53.289366724012844 51.108092706736876 55.470640741288804
2020 7 8 53.38358620074506 49.10449316457735 57.84141827662436
2020 7 9 53.52199487168764 47.219934954100644 60.36121997928149
2020 7 10 53.660762397505955 45.40770331538534 62.99079424301844
2020 7 11 53.88839206822045 43.739913101920514 65.83881351893348
2020 7 12 54.25030402874068 42.24158949484381 68.97848235087072
2020 7 13 54.6146465733281 40.794591404264864 72.26787320614612
2020 7 14 54.98143602567343 39.397160659497914 75.71412590920373
2020 7 15 55.350688819096526 38.0475993165119 79.32472076274158
2020 7 16 55.722421497282674 36.74426759484869 83.10749478416716
2020 7 17 56.1426020355546 35.51588293051106 87.13919305185223
2020 7 18 56.5659509875458 34.32856396110625 91.3664764585656
2020 7 19 56.945845310513846 33.15262889099954 95.72348812218546
2020 7 20 57.37525119941782 32.04431503477535 100.3672115582156
2020 7 21 57.80789506672777 30.973052828600913 105.23621060604553
2020 7 22 58.29147242853073 29.963145442916947 110.42819651400887
2020 7 23 58.827164915094585 29.010876112404826 115.96740108187609
2020 7 24 59.41629199661307 28.112794918743344 121.88009063718212
2020 7 25 60.060316374989526 27.26569848988337 128.1947513757101
2020 7 26 60.661792902919146 26.421642248667744 134.7308620450271
2020 7 27 61.219268384764774 25.581926684655844 141.48911609636286
2020 7 28 61.832351285636626 24.789994473987704 148.70305045315507
2020 7 29 62.50256378564516 24.04302086815911 156.4074204572041
2020 7 30 63.252200406272536 23.34631291868734 164.69153048260057
2020 7 31 64.02908419429689 22.67653222421162 173.46194224320527
2020 8 1 64.81550991787792 22.02596681997273 182.69940973050797
2020 8 2 65.61159477412487 21.3940654398892 192.42880532881574
2020 8 3 66.41745739959941 20.78029263311258 202.67632596566634
2020 8 4 67.23321788799548 20.184128310305354 213.46956364848228
2020 8 5 68.05899780803621 19.605067302935655 224.83757975755353
2020 8 6 68.89492022159077 19.042618935215337 236.8109832953868
2020 8 7 69.7411097020136 18.496306608318704 249.42201330311175
2020 8 8 70.597692352709 17.965667396529536 262.70462566585513
2020 8 9 71.46479582592369 17.450251654974235 276.6945845408107
2020 8 10 72.34254934177014 16.949622638608687 291.4295586541804
2020 8 11 73.23108370748368 16.46335613213598 306.9492227262712
2020 8 12 74.13053133691596 15.991040090541388 323.29536429784025
