2020 7 7 1490.158223161682 1402.880730734451 1577.4357155889131
2020 7 8 1583.4719518625323 1403.4620638159006 1774.3401424823758
2020 7 9 1684.7092806673315 1405.8874421380199 1998.1543380196279
2020 7 10 1792.6265897113865 1408.4901672301362 2250.446422822747
2020 7 11 1908.7814779530447 1412.1385664037405 2536.2566026833856
2020 7 12 2032.0709055625161 1415.5065405020507 2857.8444900583886
2020 7 13 2160.6540349493866 1417.0229194468575 3216.4540178117904
2020 7 14 2295.599399657549 1417.3774103455232 3617.4217537557925
2020 7 15 2438.8786389267184 1417.6737997478892 4068.2261857653425
2020 7 16 2590.399720531378 1417.562834706089 4574.04089009313
2020 7 17 2751.1217095235943 1417.3354827689732 5142.369473469316
2020 7 18 2917.9755422799635 1415.129759773168 5774.135332453878
2020 7 19 3091.594641859793 1411.3007281985465 6476.879222269725
2020 7 20 3278.336398493148 1408.7567525622678 7271.00084856174
2020 7 21 3472.185590371127 1404.4244386265484 8153.234881866057
2020 7 22 3675.929104003326 1399.4712053911448 9138.833622878008
2020 7 23 3891.477117920301 1394.4779865617957 10243.200663111053
2020 7 24 4121.26200980537 1390.0750836610985 11485.22841618017
2020 7 25 4367.830052060566 1386.7703988448645 12886.815801017643
2020 7 26 4619.64585185507 1380.456088937837 14431.403886716576
2020 7 27 4879.910352256427 1372.356949505406 16142.16390611122
2020 7 28 5162.8515511488595 1366.5590025781728 18082.233244030725
2020 7 29 5467.178971390714 1362.1039910462862 20272.918151497986
2020 7 30 5793.687338012325 1358.720408664807 22744.73773315456
2020 7 31 6137.281021378093 1354.7790438358318 25508.461407636878
2020 8 1 6501.251472139348 1350.8491120850792 28608.00643290839
2020 8 2 6886.807131165615 1346.9305802475715 32084.178617699967
2020 8 3 7295.228105715242 1343.0234152545352 35982.742103565164
2020 8 4 7727.870419598912 1339.1275841331228 40355.021854210674
2020 8 5 8186.170515398404 1335.2430540061341 45258.57935358592
2020 8 6 8671.650023688708 1331.3697920917386 50757.97040836216
2020 8 7 9185.92081509808 1327.5077657031993 56925.595031343786
2020 8 8 9730.69035197969 1323.6569422485964 63842.650594608676
2020 8 9 10307.767357463297 1319.8172892305524 71600.20080073061
2020 8 10 10919.067820709093 1315.9887742459584 80300.37454519267
2020 8 11 11566.621358302164 1312.1713649857 90057.71045313087
2020 8 12 12252.5779529084 1308.365029234384 101000.66479136368
