2020 7 7 6464.746265967752 6035.4462141057975 6894.046317829707
2020 7 8 6606.894285116205 5758.421681249575 7513.655341006975
2020 7 9 6758.524099590896 5499.652400569328 8196.180895205422
2020 7 10 6911.466489638249 5250.747911276366 8938.077315715904
2020 7 11 7072.302721216913 5016.476081040395 9752.860855698329
2020 7 12 7244.441726445618 4798.0191034253585 10652.344365314688
2020 7 13 7408.380215955248 4580.86928966034 11616.56614808366
2020 7 14 7564.941656939098 4366.691857151142 12650.682110399679
2020 7 15 7717.533797467214 4158.327225551461 13764.685202378916
2020 7 16 7864.954180334485 3955.4600306888938 14962.072186226942
2020 7 17 8006.783315039061 3758.261663738099 16247.625839235736
2020 7 18 8128.061080309724 3560.047564204618 17596.741829060404
2020 7 19 8212.946326211257 3355.543137167945 18975.116734034404
2020 7 20 8294.328439072297 3160.992862593957 20451.31971544549
2020 7 21 8364.104211129896 2972.9918364343694 22011.76041070281
2020 7 22 8429.996548793491 2794.5832337485217 23679.498334196513
2020 7 23 8492.803474680393 2625.685980818304 25463.468784918867
2020 7 24 8554.262654829756 2466.4350857289005 27376.39647857005
2020 7 25 8620.738647772063 2318.1611945092354 29447.6637610461
2020 7 26 8667.45785348747 2173.3494212012597 31606.388762157134
2020 7 27 8701.459091303526 2034.331310282947 33876.0637109862
2020 7 28 8745.825315607257 1906.59754799815 36348.5586112897
2020 7 29 8794.001489304348 1787.6653274985313 39016.40662064716
2020 7 30 8843.539751563125 1676.374957708387 41884.93046411745
2020 7 31 8886.73973684555 1570.7585468567424 44933.00980570356
2020 8 1 8930.150750605351 1471.7962715789388 48202.90610077758
2020 8 2 8973.773823699787 1379.0689023264804 51710.76156722191
2020 8 3 9017.609992021766 1292.1836222099441 55473.89313564518
2020 8 4 9061.660296524455 1210.77236292601 59510.877936395234
2020 8 5 9105.92578324599 1134.4902455258436 63841.64500769257
2020 8 6 9150.407503334323 1063.0141194195241 68487.57367761192
2020 8 7 9195.106513072178 996.0411934273657 73471.59910558593
2020 8 8 9240.023873902137 933.2877530789167 78818.3255044488
2020 8 9 9285.160652451843 874.4879587257861 84554.14760195318
2020 8 10 9330.51792055933 819.392719376795 90707.38094136935
2020 8 11 9376.096755298477 767.7686374847293 97308.40166441031
2020 8 12 9421.898239004578 719.3970202145432 104389.7964665373
