2020 7 7 52019.6 976.499000 976.499000
2020 7 8 53737.5 1961.69000 2101.22000
2020 7 9 55605.3 2963.12000 3399.9000
2020 7 10 57558.6 3984.0000 4897.7000
2020 7 11 59640.6 5029.4000 6625.7000
2020 7 12 61863.3 6105.000 8620.8000
2020 7 13 64106 7199.6000 10899.000
2020 7 14 66408.5 8317.9000 13504.000
2020 7 15 68807.8 9466.7000 16488.000
2020 7 16 71283.4 10644.000 19894.000
2020 7 17 73866 11857.000 23780.00
2020 7 18 76440.6 13082.000 28180.00
2020 7 19 78873.1 14276.000 33030.00
2020 7 20 81430 15498.000 38540.00
2020 7 21 83985.5 16715.000 44680.00
2020 7 22 86596.5 17937.000 51560.00
2020 7 23 89311.7 19177.000 59300.00
2020 7 24 92125 20430.000 67000
2020 7 25 95119.1 21726.000 77840.00
2020 7 26 97986.7 22985.000 88740.00
2020 7 27 100820 24227.000 100800.0
