2020 7 7 547.0805181204302 510.1701861794505 583.9908500614097
2020 7 8 546.3908897765646 475.1431629666736 622.6139053457755
2020 7 9 545.9319579125382 442.7208669291228 664.0532393262168
2020 7 10 545.4734115206342 412.5109678327026 708.2506524083269
2020 7 11 545.4741327660261 384.7095256771531 755.9855338852886
2020 7 12 545.7042955602199 358.9435991033987 807.2556531349471
2020 7 13 545.8197862912466 334.8278550537278 861.8330792261263
2020 7 14 545.8205079946282 312.2619162782086 919.9191533439458
2020 7 15 545.9360233204019 291.2824964801255 982.1136011703722
2020 7 16 545.9367451774765 271.65132517003195 1048.306376552034
2020 7 17 546.0522851032347 253.40034132488668 1119.1809050424727
2020 7 18 545.8233223792798 236.2156750300869 1194.1410235247997
2020 7 19 545.1352788072863 219.9976909991849 1273.117217696468
2020 7 20 544.4481025561594 204.89319364097338 1357.3166134188464
2020 7 21 543.6472875470446 190.7826418346496 1446.799191959271
2020 7 22 542.7333138735258 177.603729026298 1541.8767251813065
2020 7 23 541.9350211039194 165.37254372000038 1643.5266304404513
2020 7 24 541.1379025230531 153.98369373412186 1751.8779166014826
2020 7 25 540.5695740129937 143.44393906606342 1868.1092679478722
2020 7 26 539.433396002254 133.4747599824403 1990.0877416515832
2020 7 27 538.2996060291215 124.19842670497968 2120.030818016589
2020 7 28 537.5078346887774 115.64514924787014 2259.7961625985386
2020 7 29 536.7737506204543 107.69307842879995 2409.013323236987
2020 7 30 535.9616454298387 100.27195879681271 2567.728824967489
2020 7 31 534.8351524390907 93.30317976843759 2735.3890621540527
2020 8 1 533.7110271298159 86.818722396177 2913.996699572341
2020 8 2 532.5892645255824 80.7849269147225 3104.2665493557774
2020 8 3 531.469859660418 75.1704728714648 3306.960097402813
2020 8 4 530.352807578788 69.94621654710987 3522.888550947388
2020 8 5 529.2381033355732 65.08503967536436 3752.9160851209576
2020 8 6 528.1257419960484 60.561708676418526 3997.963301499275
2020 8 7 527.01571863586 56.35274367353075 4259.010912475498
2020 8 8 525.9080283410048 52.43629661279992 4537.103666204992
2020 8 9 524.8026662078075 48.792037853465175 4833.354527829988
2020 8 10 523.6996273428999 45.40105064004174 5148.949133717932
2020 8 11 522.5989068631985 42.24573290851482 5485.150536539989
2020 8 12 521.5004998958832 39.3097059168834 5843.304260180158
