2020 7 7 592.1063281725541 561.0338446877223 623.178811657386
2020 7 8 595.9400252073184 535.0372642732736 660.1247610765944
2020 7 9 599.7395746578335 510.1923422521206 699.1957774057655
2020 7 10 603.5435671535566 486.4842876487257 740.5562402286532
2020 7 11 607.3119654668985 463.8297805712684 784.2900742032215
2020 7 12 611.0638296547108 442.1996462756641 830.5548884722197
2020 7 13 614.959804316568 421.665720018354 879.7132075100443
2020 7 14 618.9211863601548 402.113121016214 931.8391087664567
2020 7 15 622.8162210575662 383.407489231925 986.9153299415344
2020 7 16 626.6741392485769 365.5340732562442 1045.1491661530067
2020 7 17 630.5456194666017 348.4878390010529 1106.8019061862026
2020 7 18 634.5138097955945 332.2767659050486 1172.2192792161927
2020 7 19 638.726725714434 316.9348831187525 1241.9091145668426
2020 7 20 642.8938764339772 302.2647774646076 1315.598722673496
2020 7 21 647.1518299978017 288.3036232470454 1393.7909401983445
2020 7 22 651.4486572762846 274.9920683970605 1476.653475269938
2020 7 23 655.7632700507664 262.29059948063235 1564.4179339587492
2020 7 24 660.0091252025937 250.13686093898065 1657.166443338942
2020 7 25 664.173622049168 238.50503658457524 1755.1403659653065
2020 7 26 668.5506064689481 227.4809817802849 1859.3987182816836
2020 7 27 673.0446417509042 216.99648802894632 1970.0955177408264
2020 7 28 677.3912883305934 206.93796039832534 2086.862648417653
2020 7 29 681.6915293467985 197.32292767579057 2210.321097518214
2020 7 30 685.9770974235822 188.1424924548541 2340.9472381074866
2020 7 31 690.3846378924779 179.41524027144663 2479.6174552800903
2020 8 1 694.8204976931092 171.09281386492245 2626.502052007119
2020 8 2 699.2848587828638 163.15643482643242 2782.08762182567
2020 8 3 703.7779042882421 155.588195809839 2946.889582515595
2020 8 4 708.299818512369 148.37102012625613 3121.453883555326
2020 8 5 712.8507869425541 141.48862321285299 3306.358814721916
2020 8 6 717.4309962579001 134.92547588898097 3502.2169218267586
2020 8 7 722.0406343369602 128.66676931671657 3709.677035933348
2020 8 8 726.6798902654452 122.6983815867584 3929.4264227794088
2020 8 9 731.3489543439795 117.006845854284 4162.193059523901
2020 8 10 736.0480180959071 111.5793199528694 4408.748046361235
2020 8 11 740.777274275148 106.40355741790955 4669.9081609917785
2020 8 12 745.5369168741047 101.46787985415772 4946.538564411025
