2020 7 7 5.79009978188254 5.192316870165067 6.387882693600012
2020 7 8 5.8460752624182355 4.701369779667771 7.115382678017798
2020 7 9 5.900294792145889 4.254995712778 7.9229399781487935
2020 7 10 5.953857984279392 3.8501669153063003 8.820594071845631
2020 7 11 6.007907425939843 3.4838543388428196 9.819950674226495
2020 7 12 6.062447531326489 3.152393473130336 10.932532486903568
2020 7 13 6.118673809537476 2.853087789683884 12.173315564670192
2020 7 14 6.175421559372774 2.5821998443487826 13.554920784782725
2020 7 15 6.232695617230302 2.3370314997890933 15.09333069578671
2020 7 16 6.290500864363239 2.1151407947605527 16.80634177870844
2020 7 17 6.3500780864729185 1.9147331711005096 18.717072165591784
2020 7 18 6.411467127373687 1.7336901602565713 20.848712704710803
2020 7 19 6.475968893020852 1.570446454487959 23.23131251144525
2020 7 20 6.538574976573216 1.4219566498608875 25.877068593818823
2020 7 21 6.603070897992705 1.287786306996128 28.829227141117205
2020 7 22 6.666905733392768 1.1660227558856757 32.112515720751354
2020 7 23 6.7313576886562245 1.0557722658308357 35.76972982549198
2020 7 24 6.795110257929158 0.9557388252932332 39.83642742144122
2020 7 25 6.856796632785935 0.8648079230179243 44.34981919920765
2020 7 26 6.917695883749343 0.7823584646195628 49.3658565586608
2020 7 27 6.980495097482806 0.7079233164306679 54.95891460920111
2020 7 28 7.04112156894823 0.640291913638266 61.16406060866677
2020 7 29 7.102044033989914 0.5791007062601611 68.0677969579309
2020 7 30 7.163168053752821 0.5237308531475862 75.74765448524232
2020 7 31 7.2243255822727726 0.473619093170156 84.28879556134927
2020 8 1 7.286005260108028 0.4283021404356894 93.79301716288919
2020 8 2 7.348211545252787 0.38732121687477666 104.36891415911938
2020 8 3 7.41094893376261 0.35026144134781245 116.13732634100165
2020 8 4 7.4742219600793725 0.31674762948684854 129.23271913199065
2020 8 5 7.5380351973590045 0.28644049541813627 143.80471998477333
2020 8 6 7.602393257802018 0.25903321691250103 160.01982801876932
2020 8 7 7.667300792986864 0.23424832918994604 178.06331643264437
2020 8 8 7.732762494206129 0.21183491593210094 198.1413494287287
2020 8 9 7.798783092805608 0.19156606906499238 220.48333783723697
2020 8 10 7.865367360526271 0.17323659159558016 245.34456035556175
2020 8 11 7.932520109849146 0.15666092024612183 273.0090803528186
2020 8 12 8.000246194343147 0.14167124685560892 303.79299156694
