2020 7 7 656.2180893053778 577.0715834070388 735.3645952037169
2020 7 8 703.2216184726102 543.8379946257347 883.059544167694
2020 7 9 754.4997153168509 513.2203819235464 1061.5583747319574
2020 7 10 809.7117507574685 484.4590199003322 1276.4124652214634
2020 7 11 870.2183662197797 458.0599498580289 1536.7292423702786
2020 7 12 935.4710826853349 433.2176778737104 1850.5328464869428
2020 7 13 1005.1336810094116 409.4989936296813 2227.460303498584
2020 7 14 1080.502928135049 387.2903605016241 2682.312760257022
2020 7 15 1161.5236856215574 366.28618304522763 3230.047122517539
2020 7 16 1248.0199541359025 346.2320006738124 3887.9621928874585
2020 7 17 1341.2796399235312 327.3651771423707 4680.889099593355
2020 7 18 1439.0841804332397 308.9347984174965 5627.069043852872
2020 7 19 1541.0481242825185 290.90393779025163 6752.884216399354
2020 7 20 1650.6344298718095 274.0005481758367 8105.686212160287
2020 7 21 1766.3089161857297 257.7963838674381 9721.123333642341
2020 7 22 1890.0897321277241 242.55052034596014 11658.511863698193
2020 7 23 2024.4969240332753 228.45677525013755 13994.055849260987
2020 7 24 2169.5074041901053 215.29993519549478 16804.70430573593
2020 7 25 2331.6262694840416 203.56784262242527 20231.924412873468
2020 7 26 2504.0536816844315 192.31737958197385 24342.435118389032
2020 7 27 2689.2323709086054 181.68868919968892 29288.076378732443
2020 7 28 2891.5768992242583 171.8819539872853 35276.329859588725
2020 7 29 3112.5058491096374 162.80423941210677 42529.92942709308
2020 7 30 3350.8772435547166 154.23537556753874 51282.71710133489
2020 7 31 3605.384720617648 146.0199543711895 61804.4159264318
2020 8 1 3879.2226747983336 138.24213152207463 74484.85657379389
2020 8 2 4173.859304005583 130.87859813451124 89766.94910316182
2020 8 3 4490.87431943814 123.90728688178308 108184.47563641734
2020 8 4 4831.967415296949 117.30730586390712 130380.73462067048
2020 8 5 5198.967381793167 111.05887599796527 157131.01034344165
2020 8 6 5593.8419103118495 105.14327174337018 189369.65252868275
2020 8 7 6018.708143302252 99.54276498442796 228222.71186605914
2020 8 8 6475.844025458588 94.24057190202336 275047.27138689306
2020 8 9 6967.700517051252 89.22080267520984 331478.8474767304
2020 8 10 7496.914734890993 84.46841386196874 399488.51617561467
2020 8 11 8066.324091382051 79.96916331643003 481451.7601078528
2020 8 12 8678.981507471624 75.70956750744894 580231.4407682555
