2020 7 7 636.0209150808188 595.6286538683643 676.4131762932732
2020 7 8 660.5175855251296 579.3017418885253 747.0592891574065
2020 7 9 687.0832035553509 564.4094339685171 826.3567437727985
2020 7 10 714.424597044706 549.659545549127 913.7193123932677
2020 7 11 743.310484636153 535.6463292653996 1010.9016930345002
2020 7 12 774.3141839670578 522.6748806001592 1119.7121509647227
2020 7 13 805.7864679239311 509.46094319529413 1239.0422308886627
2020 7 14 837.8514707851617 496.1470408862357 1370.0339759616982
2020 7 15 871.1924499123376 483.18107495397464 1514.8741895126582
2020 7 16 905.4890778982814 470.34813145765673 1674.3816411294808
2020 7 17 941.52158902797 458.05637650152676 1851.3975390722783
2020 7 18 977.9853045180812 445.59804879229495 2045.1559814128261
2020 7 19 1013.1533468077581 432.24478817133536 2253.5296051035484
2020 7 20 1050.8807431443395 419.84405688929854 2486.0134875458502
2020 7 21 1089.3415497144586 407.5308297244375 2740.892959916945
2020 7 22 1129.6739976199 395.7523224651727 3023.0715879184395
2020 7 23 1172.4621558706176 384.6513972672594 3336.8763690813375
2020 7 24 1217.620134735415 374.1076306681922 3685.3872391321165
2020 7 25 1266.332745005809 364.41063837975634 4075.791908557238
2020 7 26 1314.5667763149786 354.26646738031434 4499.74060893117
2020 7 27 1362.398149451213 343.80105246033435 4960.119835588607
2020 7 28 1414.871610134191 334.37704391803135 5478.165902705268
2020 7 29 1470.822624725187 325.5555768835145 6055.957255953599
2020 7 30 1529.7902632183634 317.1448051859158 6697.99980090804
2020 7 31 1591.236047081076 308.97496844103506 7408.609933801058
2020 8 1 1655.149871462337 301.01559149668253 8194.610746894123
2020 8 2 1721.6308680456932 293.2612527845918 9064.000655067537
2020 8 3 1790.7821502526779 285.70667039928423 10025.626648123965
2020 8 4 1862.7109731738913 278.34669850027336 11089.274318551385
2020 8 5 1937.5288999238987 271.17632380695085 12265.767440591286
2020 8 6 2015.3519746779639 264.19066218376594 13567.078113937647
2020 8 7 2096.300902659 257.3849553133727 15006.448592898872
2020 8 8 2180.5012373539057 250.75456745547922 16598.52604076718
2020 8 9 2268.08357524966 244.29498228919053 18359.511580668026
2020 8 10 2359.1837583912143 238.00179983669466 20307.325159644355
2020 8 11 2453.9430850753565 231.8707334661964 22461.787903647462
2020 8 12 2552.5085290073366 225.89760697205728 24844.82381909521
