2020 7 7 101.85737531485164 92.37752106019667 111.33722956950659
2020 7 8 109.44748855944572 90.01557148435967 130.77699784142342
2020 7 9 117.74490253951875 87.83056143620428 153.78032416482915
2020 7 10 126.62054167562229 85.66068327856077 180.7635051441007
2020 7 11 136.27452371823114 83.61835231344506 212.63734008415267
2020 7 12 146.78218640410407 81.69689169361473 250.3149963783784
2020 7 13 157.78331398665216 79.6432883679935 294.1286744535334
2020 7 14 169.4727674270464 77.57256046173214 345.3573602517058
2020 7 15 182.10138163068063 75.58915070818631 405.65764866603894
2020 7 16 195.7496354232906 73.68907681238413 476.66159922644323
2020 7 17 210.58977276160175 71.90037102938157 560.5051075943134
2020 7 18 226.37319317851833 70.09302147178661 658.6126548804359
2020 7 19 243.04646182114053 68.24034968703118 773.0396331424809
2020 7 20 261.4722579418682 66.5839046153948 909.0152499223132
2020 7 21 280.73070960765256 64.82398445773057 1066.9470289003696
2020 7 22 301.1653029495332 63.05462769570121 1251.396826011693
2020 7 23 322.95736679205135 61.306351706813224 1467.193527358982
2020 7 24 346.04751854120934 59.5536312452536 1718.9367798455069
2020 7 25 370.788523197347 57.8510202573593 2013.8745148530743
2020 7 26 395.53811510622506 55.92244208751827 2349.8573645758443
2020 7 27 421.0861642283557 53.93748040947517 2736.822777596928
2020 7 28 449.37478468352754 52.16264644525346 3194.59918893112
2020 7 29 479.8224294574149 50.47623092017753 3730.784186387927
2020 7 30 512.139793148531 48.824004645515366 4355.460248535539
2020 7 31 545.9375698315204 47.15948439223299 5078.8097733084605
2020 8 1 581.9657721209455 45.55171138231386 5922.292304728645
2020 8 2 620.3715930831584 43.998750974456385 6905.859385987666
2020 8 3 661.3119395354287 42.4987344836371 8052.776088231111
2020 8 4 704.9540730880752 41.04985693251263 9390.171317238948
2020 8 5 751.4762934910591 39.65037487948142 10949.679514368047
2020 8 6 801.0686670768495 38.298604320791746 12768.188930404402
2020 8 7 853.9338032756123 36.99291866417158 14888.71417182391
2020 8 8 910.2876823751701 35.73174677154198 17361.4136584717
2020 8 9 970.3605379075447 34.513571068458766 20244.776059371627
2020 8 10 1034.397797267067 33.336925718007635 23607.003770347645
2020 8 11 1102.6610844029472 32.200394856955235 27527.626157920837
2020 8 12 1175.4292886827996 31.102610892033898 32099.380728784807
