2020 7 7 23.63431227651721 20.34643485809505 26.92218969493937
2020 7 8 23.240036141014397 17.223741733690453 30.155853171902532
2020 7 9 22.85233746243981 14.580307625286101 33.777916686185506
2020 7 10 22.471106513280805 12.342577689268818 37.835031532848745
2020 7 11 22.09623539653875 10.44828599853682 42.37945236205493
2020 7 12 21.727618015191716 8.84472296270291 47.46971020622416
2020 7 13 21.36515004216663 7.487268658028635 53.17136634546258
2020 7 14 21.008728890812332 6.338151256279311 59.557856720867306
2020 7 15 20.658253685865244 5.365396005177162 66.71143777154519
2020 7 16 20.313625234899376 4.541935515320942 74.72424587749566
2020 7 17 19.974746000252622 3.844856596871557 83.6994840537237
2020 7 18 19.641520071421386 3.2547626888670482 93.75275117991376
2020 7 19 19.31385313791575 2.755234140451597 105.01353088581891
2020 7 20 18.991652462567455 2.3323713260804633 117.6268592688459
2020 7 21 18.674826855283186 1.9744078816585444 131.7551929236322
2020 7 22 18.363286647235707 1.6713832997194444 147.5805013433805
2020 7 23 18.056943665485555 1.414865773446184 165.30661064256975
2020 7 24 17.755711208026092 1.1977175775332294 185.1618287876201
2020 7 25 17.459504019244875 1.0138964574978682 207.40188614784225
2020 7 26 17.168238265794393 0.8582875010016342 232.31322924025113
2020 7 27 16.881831512865322 0.7265608129192809 260.21671009087373
2020 7 28 16.600202700855608 0.6150510338946683 291.47171873062564
2020 7 29 16.359808386764406 0.5220090482875499 327.12232757696773
2020 7 30 16.17330535578268 0.44465049456325056 368.1414215395952
2020 7 31 16.063681508316826 0.38081118124653257 416.00560339457815
2020 8 1 15.954800699312736 0.32613739900327743 470.0928825991226
2020 8 2 15.846657892401334 0.2793132351850855 531.212359802634
2020 8 3 15.739248085350416 0.2392117052137737 600.2783314796983
2020 8 4 15.63256630983328 0.20486762782065568 678.3239670438554
2020 8 5 15.526607631198903 0.1754543946390715 766.5167642015329
2020 8 6 15.42136714824369 0.15026407503049752 866.1760137453639
2020 8 7 15.316839992984757 0.12869037729843708 978.7925350456524
2020 8 8 15.213021330434772 0.11021405619309095 1106.0509774664981
2020 8 9 15.109906358378296 0.09439041548820866 1249.8550213171957
2020 8 10 15.007490307149661 0.08083860483664132 1412.3558553241496
2020 8 11 14.905768439412338 0.06923245329660609 1595.9843566225677
2020 8 12 14.804736049939814 0.05929261890593865 1803.4874546538072
