2020 6 26 15.516414166959853 13.51658790013104 17.516240433788663
2020 6 27 16.06273427724321 12.189079070552875 20.47003305362545
2020 6 28 16.628289866786687 10.991949276396136 23.921928612502285
2020 6 29 17.213758200906724 9.912393561114639 27.95592303356358
2020 6 30 17.81984039087143 8.938864585321433 32.670176611516126
2020 7 1 18.447262233496822 8.060949112045613 38.17940257405266
2020 7 2 19.096775080304557 7.269256622780842 44.61765843034213
2020 7 3 19.769156737281982 6.55531887292035 52.14160802923659
2020 7 4 20.465212396321984 5.911499312185072 60.93433370375332
2020 7 5 21.185775599458083 5.330911401171313 71.2097912637914
2020 7 6 21.931709237049436 4.807344950300585 83.21801624164472
2020 7 7 22.703906581111113 4.335199693264958 97.25120807531384
2020 7 8 23.503292355027064 3.909425384444165 113.65084027772139
2020 7 9 24.330823840926822 3.525467779553635 132.81596960553188
2020 7 10 25.187492026052 3.179219921711834 155.21294641686424
2020 7 11 26.074322789485404 2.866978211864163 181.38676250269953
2020 7 12 26.99237813066392 2.585402793675894 211.9743125218834
2020 7 13 27.942757441146302 2.331481829155882 247.71989173386547
2020 7 14 28.926598821158855 2.1024992828894917 289.49330713976457
2020 7 15 29.945080442495613 1.896005870288631 338.3110427351321
2020 7 16 30.99942195940509 1.7097928591102858 395.3609938943249
2020 7 17 32.090885969153206 1.5418684440146244 462.03137275505867
2020 7 18 33.220779524011405 1.3904364414559376 539.9444879658074
2020 7 19 34.390455696480636 1.2538770770188443 630.9962207679239
2020 7 20 35.60131519962558 1.130729659693793 737.402157994835
2020 7 21 36.85480806445949 1.0196769577693028 861.751504555257
2020 7 22 38.15243537638838 0.9195311092195347 1007.0700872677006
2020 7 23 39.495751072793965 0.8292209158793278 1176.8939831358803
2020 7 24 40.88636380390802 0.7477803855003534 1375.3555636820877
2020 7 25 42.32593885920657 0.6743383991298539 1607.2840490789347
2020 7 26 43.81620016163087 0.6081093932903102 1878.3230188907844
2020 7 27 45.358932332023166 0.5483849572930805 2195.067738846031
2020 7 28 46.95598282624966 0.49452625580767445 2565.225645250312
2020 7 29 48.60926414756968 0.44595719563557634 2997.803892151981
2020 7 30 50.320756136900634 0.40215826359782403 3503.3285248965462
2020 7 31 52.09250834372123 0.3626609696240425 4094.100613280405
2020 8 1 53.92664248045229 0.32704283560409303 4784.495576862282
2020 8 2 55.82535496325425 0.2949228764011862 5591.312985997422
2020 8 3 57.79091954228406 0.2659575246896519 6534.185350399225
2020 8 4 59.825690024561226 0.23983695602787872 7636.05584239271
2020 8 5 61.93210309270376 0.21628177485800135 8923.736579431015
2020 8 6 64.11268122290943 0.1950400259845264 10428.561050716811
2020 8 7 66.37003570567677 0.1758844995655325 12187.146563604863
2020 8 8 68.70686977288317 0.15861030078960345 14242.28526260359
2020 8 9 71.12598183496472 0.14303265824283276 16643.98540238578
2020 8 10 73.63026883207465 0.1289849475233578 19450.688212390807
2020 8 11 76.22272970323311 0.11631690896325095 22730.68996331902
2020 8 12 78.90646897762294 0.10489304039384238 26563.803839053107
2020 8 13 81.68470049233194 0.09459114776287929 31043.302052792566
2020 8 14 84.5607512409939 0.08530103810037062 36278.18546544675
2020 8 15 87.53806535793686 0.07692334085258166 42395.83593353462
2020 8 16 90.62020824261019 0.0693684449767177 49545.1159269013
2020 8 17 93.81087082922917 0.06255554042705638 57899.99084010123
2020 8 18 97.1138740067503 0.056411753779899224 67663.76214014595
2020 8 19 100.53317319447022 0.05087136875165703 79074.01435696399
2020 8 20 104.0728630787278 0.045875123272433926 92408.396293051
2020 8 21 107.73718251638144 0.041369575596340885 107991.37712807306
2020 8 22 111.53051961093387 0.03730653266821318 126202.141816573
2020 8 23 115.45741696738305 0.03364253463232433 147483.81789966155
2020 8 24 119.5225771320921 0.030338389969205112 172354.25824923758
2020 8 25 123.73086822419236 0.02735875628821415 201418.6421242154
2020 8 26 128.08732976526377 0.024671762291857323 235384.20116372273
2020 8 27 132.59717871427324 0.02224866686824256 275077.42864890845
2020 8 28 137.26581571499833 0.02006355166519277 321464.1907910562
2020 8 29 142.0988315634175 0.018093043857672585 375673.2294195039
2020 8 30 147.10201390281188 0.016316066143143574 439023.62796673196
2020 8 31 152.28135415459596 0.014713611290703007 513056.9090879832
2020 9 1 157.64305469317716 0.013268538832497793 599574.5449556117
2020 9 2 163.19353627343625 0.011965391722747498 700681.7929764602
2020 9 3 168.93944571972315 0.010790231003291458 818838.9235988228
2020 9 4 174.88766388557607 0.00973048670717967 956921.0867492949
2020 9 5 181.0453138936956 0.008774823405515443 1118288.2736459696
2020 9 6 187.41976966604162 0.00791301895938759 1306867.0763880045
2020 9 7 194.01866475426772 0.007135855179976618 1527246.234800117
2020 9 8 200.84990148106806 0.006435019227293752 1784788.2954996326
2020 9 9 207.92166040338338 0.00580301469287609 2085760.10021684
2020 9 10 215.2424101087988 0.005233081415344551 2437485.278576816
2020 9 11 222.82091735686447 0.004719123171141224 2848522.455991475
2020 9 12 230.666257577484 0.004255642466998713 3328873.5130434525
2020 9 13 238.78782573894222 0.003837681736656862 3890226.9639946353
2020 9 14 247.19534759858732 0.003460770312844536 4546242.376615459
2020 9 15 255.89889134964028 0.0031208766073185603 5312882.754200837
2020 9 16 264.9088796780787 0.0028143649874592933 6208802.967715641
2020 9 17 274.2361022440335 0.002537956888158461 7255803.689895866
2020 9 18 283.89172860264546 0.0022886957430371824 8479361.877008699
2020 9 19 293.8873215798545 0.0020639153598851325 9909250.706629904
2020 9 20 304.23485111913874 0.0018612114020524796 11580264.056554845
2020 9 21 314.94670861578703 0.0016784156707487037 13533063.153787516
2020 9 22 326.03572175586805 0.0015135729131619566 15815165.99535011
2020 9 23 337.51516987766814 0.001364919908329771 18482103.616761528
2020 9 24 349.3987998739923 0.0012308666070556216 21598771.343983456
2020 9 25 361.70084265437214 0.0011099791241366956 25241007.9092189
2020 9 26 374.43603018689447 0.0010009644009812597 29497440.855621804
2020 9 27 387.6196131400586 0.0009026563745611336 34471643.13565766
2020 9 28 401.26737914578905 0.0008140035047571128 40284653.38021557
2020 9 29 415.3956717054735 0.0007340575266850757 47077921.164872624
2020 9 30 430.0214097616669 0.0006619633076933656 55016748.941283844
2020 10 1 445.1621079588992 0.0005969497005380279 64294314.38716006
2020 10 2 460.83589761784896 0.000538321294897978 75136371.05178091
2020 10 3 477.06154844800085 0.00048545097900116145 87806741.67914191
2020 10 4 493.8584910247873 0.0004377732317980261 102613737.87927718
2020 10 5 511.24684005813214 0.00039477807393283634 119917662.35938418
2020 10 6 529.24741848026 0.00035600561281011315 140139576.26860166
2020 10 7 547.881782381618 0.00032104112340815185 163771544.99465075
2020 10 8 567.1722468247706 0.0002895106122221237 191388611.72612378
2020 10 9 587.1419125671796 0.00026107681688700634 223662790.1364025
2020 10 10 607.8146937248722 0.0002354355986907852 261379416.6770279
2020 10 11 629.2153464101233 0.00021231268939087168 305456260.38537025
2020 10 12 651.3694983774467 0.0001914607575364474 356965855.2107992
2020 10 13 674.303679713398 0.00017265676291699955 417161598.27798456
2020 10 14 698.0453546069391 0.00015569957083922092 487508249.1435385
2020 10 15 722.6229542384116 0.00014040780071367077 569717572.1927925
2020 10 16 748.0659108265035 0.00012661788593885972 665789989.4729438
2020 10 17 774.4046928739814 0.00011418232433053935 778063257.5124044
2020 10 18 801.6708416543961 0.00010296810038212119 909269352.5927752
2020 10 19 829.8970089834545 9.285526248012142e-05 1062600948.6783966
2020 10 20 859.1169963202905 8.373563985598533e-05 1241789105.6292048
2020 10 21 889.3657952454591 7.551168555031918e-05 1451194058.1055224
2020 10 22 920.679629364128 6.809543301343398e-05 1695911314.3561513
2020 10 23 953.0959976846444 6.140755518160294e-05 1981895646.6207323
2020 10 24 986.6537195244271 5.53765159645535e-05 2316105990.238901
2020 10 25 1021.3929809969559 4.993780506818088e-05 2706674777.3360825
2020 10 26 1057.3553831355316 4.503324796785524e-05 3163105825.5290213
2020 10 27 1094.583991711432 4.0610383651533874e-05 3696505596.9313083
2020 10 28 1133.123388806125 3.6621903476781684e-05 4319853454.747817
2020 10 29 1173.0197261992962 3.302514513950075e-05 5048317493.686031
2020 10 30 1214.3207806366252 2.9781636341665564e-05 5899623629.372445
2020 10 31 1257.076011043494 2.6856683276960255e-05 6894486927.928221
2020 11 1 1301.3366177531434 2.4218999532603194e-05 8057115671.365191
2020 11 2 1347.1556038202034 2.184037143795155e-05 9415800424.363997
2020 11 3 1394.5878384930224 1.969535628032687e-05 11003602436.35812
2020 11 4 1443.690122920805 1.7761010160063175e-05 12859158130.000916
2020 11 5 1494.5212581742421 1.6016642573811415e-05 15027619251.854525
2020 11 6 1547.1421156610945 1.4443595101029763e-05 17561751562.245754
2020 11 7 1601.6157100210473 1.302504182640614e-05 20523218799.01105
2020 11 8 1658.0072745871337 1.1745809363455087e-05 23984083158.173218
2020 11 9 1716.3843395040935 1.0592214554192807e-05 28028558803.15845
2020 11 10 1776.8168125972131 9.55191810886425e-06 32755061071.175316
2020 11 11 1839.3770630884917 8.613792620196957e-06 38278601240.65757
2020 11 12 1904.1400082603832 7.767803540411827e-06 44733585132.30502
2020 11 13 1971.183203170898 7.004901847875558e-06 52277083642.85061
2020 11 14 2040.586933527499 6.3169272553163625e-06 61092654794.35046
