2020 6 26 703.4198374990211 658.925291995776 747.9143830022662
2020 6 27 718.0720962751188 630.094271954077 811.797249431421
2020 6 28 732.967152258338 602.4699785751601 881.0660945736627
2020 6 29 748.241588317785 576.1146506715374 956.3301322596107
2020 6 30 763.8514448065871 550.9254255889922 1038.045385127876
2020 7 1 779.685624910946 526.7644547055814 1126.6052328706485
2020 7 2 795.9479020207657 503.7305384275078 1222.864777482235
2020 7 3 812.3818850431506 481.597834494736 1327.0916255878767
2020 7 4 829.2072073817917 460.46843024762103 1440.2868940359406
2020 7 5 846.4796212857858 440.32081305595324 1563.3085357671994
2020 7 6 864.2512161729128 421.12725788931965 1697.0954729631674
2020 7 7 882.6344426948148 402.8865741922915 1842.8001864044593
2020 7 8 901.5858048231099 385.51681068915224 2001.384208667334
2020 7 9 921.1721460650635 368.99343611953486 2174.121613935862
2020 7 10 940.648626172734 352.96380937537356 2360.5042637872116
2020 7 11 960.0448880823758 337.44591359754793 2561.63041009141
2020 7 12 979.389160815443 322.4514022240437 2778.687567351224
2020 7 13 998.7082645094695 307.98656167576644 3012.959580453365
2020 7 14 1018.0276347986724 294.05316131529645 3265.8342738196893
2020 7 15 1037.371361898247 280.64919960328723 3538.811727769876
2020 7 16 1056.7622405512932 267.76955569940304 3833.513231603526
2020 7 17 1076.2218276910942 255.40655570467644 4151.690966924465
2020 7 18 1095.7705052639612 243.55046243472546 4495.2384790823635
2020 7 19 1115.4275461596853 232.18989713657183 4866.2019993186495
2020 7 20 1135.2111816184504 221.31220098241658 5266.792685300161
2020 7 21 1155.1386688350694 210.90374354099225 5699.399853233034
2020 7 22 1175.226357773129 200.95018477675532 6166.605280702123
2020 7 23 1195.4897564417126 191.4366964843832 6671.198665811791
2020 7 24 1215.9435940835824 182.34814844787516 7216.194335149807
2020 7 25 1236.6064639208546 173.66995117317464 7804.876493369767
2020 7 26 1257.6204636888156 165.40476115179507 8441.582120375551
2020 7 27 1278.9915602366589 157.53292280483035 9130.228871088446
2020 7 28 1300.7258218099166 150.03571598920274 9875.053994587972
2020 7 29 1322.8294197735156 142.89531147899498 10680.640405940072
2020 7 30 1345.3086303641144 136.0947285654867 11551.944884910923
2020 7 31 1368.1698364722176 129.61779467506267 12494.32857507331
2020 8 1 1391.4195294545748 123.44910690896033 13513.589970966797
2020 8 2 1415.064310977378 117.57399541339288 14616.000596281974
2020 8 3 1439.1108948907802 111.97848849293834 15808.343592596924
2020 8 4 1463.5661091352695 106.64927938423008 17097.955456102736
2020 8 5 1488.4368976804378 101.57369461093273 18492.771179124466
2020 8 6 1513.730322496696 96.73966384474795 20001.3730741937
2020 8 7 1539.453565560495 92.1356912007761 21633.043581087622
2020 8 8 1565.6139308936213 87.75082789897085 23397.822381756763
2020 8 9 1592.218846637148 83.57464622667246 25306.56817456999
2020 8 10 1619.2758671606293 79.5972147402996 27371.025487974253
2020 8 11 1646.7926752071348 75.80907464722662 29603.896944673972
2020 8 12 1674.7770840747382 72.20121731167934 32018.921420972278
2020 8 13 1703.237039835074 68.76506283115614 34630.95858218905
2020 8 14 1732.180623589596 65.4924396324263 37456.08031430297
2020 8 15 1761.6160537641774 62.375565038582664 40511.66961439716
2020 8 16 1791.5516884427018 59.4070267609348 43816.52754838213
2020 8 17 1821.9960277403125 56.579765271728206 47390.98893410789
2020 8 18 1852.9577162169878 53.88705701576989 51257.047461664115
2020 8 19 1884.445545332134 51.32249842103558 55438.49102073492
2020 8 20 1916.4684559408877 48.879990670234 59961.04806767822
2020 8 21 1949.035540832839 46.55372519711313 64852.545932927824
2020 8 22 1982.1560473138968 44.338169873017094 70143.08204278475
2020 8 23 2015.839379832028 42.22805585084365 75865.20910912698
2020 8 24 2050.0951026476155 40.218365035115696 82054.13542651146
2020 8 25 2084.9329425491965 38.304318148369155 88747.94150909792
2020 8 26 2120.3627916153478 36.48136336547779 95987.81440036338
2020 8 27 2156.3947100235064 34.74516548888598 103818.30109731703
2020 8 28 2193.0389289065206 33.09159563900697 112287.58264853644
2020 8 29 2230.305853257743 31.5167214352691 121447.77061255283
2020 8 30 2268.20606488549 30.01679764445951 131355.22770069624
2020 8 31 2306.7503254177086 28.588257274125844 142070.9145773184
2020 9 1 2345.9495793577025 27.22770308985523 153660.76495125837
2020 9 2 2385.814957191783 25.931899536257426 166196.0912664911
2020 9 3 2426.35777854973 24.69776504243949 179754.02348817763
2020 9 4 2467.5895554189615 23.52236469367335 194417.98368397035
2020 9 5 2509.52199541332 22.40290325182877 210278.19932067642
2020 9 6 2552.167005097406 21.336718507973398 227432.25843459758
2020 9 7 2595.5366933674063 20.321274951331656 245985.71009151434
2020 9 8 2639.6433748893683 19.354157739546547 266052.7138309495
2020 9 9 2684.4995735959073 18.433066955904902 287756.7420907468
2020 9 10 2730.1180262423313 17.555812139869122 311231.33993398916
2020 9 11 2776.511686023196 16.72030707790839 336620.94675286196
2020 9 12 2823.6937262503175 15.924564842241335 364081.7850054126
2020 9 13 2871.677544093287 15.166693065691685 393782.8214536102
2020 9 14 2920.4767643835485 14.444889441420015 425906.8068172117
2020 9 15 2970.10524348312 13.757437436829386 460651.4002404323
2020 9 16 3020.577073219058 13.10270221145207 498230.38549027377
2020 9 17 3071.9065848847804 12.479126729109625 538874.9863697882
2020 9 18 3124.1083533093856 11.885228055100558 582835.2894400259
2020 9 19 3177.1972009961223 11.319593829609909 630381.7828046876
2020 9 20 3231.1882023311855 10.780878908954064 681807.0204256345
2020 9 21 3286.0966878640343 10.267802166673318 737427.4222098043
2020 9 22 3341.938248660446 9.779143446864822 797585.2209434822
2020 9 23 3398.728740729542 9.313740662510547 862650.5680534289
2020 9 24 3456.484289526046 8.87048703189981 933023.8111516311
2020 9 25 3515.2212945290453 8.4483284465742 1009137.9573774273
2020 9 26 3574.956433898568 8.046260964535616 1091461.3376939709
2020 9 27 3635.7066692112817 7.663328422755942 1180500.4885324705
2020 9 28 3697.489250276675 7.2986201633106536 1276803.2685149868
2020 9 29 3760.3217200350778 6.951268867728826 1380962.2294330061
2020 9 30 3824.2219195389134 6.620448494409386 1493618.2622234523
2020 10 1 3889.2079930186046 6.30537231419853 1615464.540375854
2020 10 2 3955.2983930345595 6.005291039456705 1747250.785034484
2020 10 3 4022.51188571671 5.719491042165842 1889787.8780386825
2020 10 4 4090.867556093087 5.447292656839292 2043952.851285434
2020 10 5 4160.384813508944 5.1880485641986045 2210694.28311379
2020 10 6 4231.083397137972 4.941142251773325 2391038.134915134
2020 10 7 4302.983381587164 4.705986547762959 2586094.063881998
2020 10 8 4376.105182596932 4.482022224674436 2797062.25073783
2020 10 9 4450.469562838073 4.268716669414382 3025240.784458782
2020 10 10 4526.097637807267 4.065562616673507 3272033.64942578
2020 10 11 4603.010881822736 3.872076942590966 3538959.3641518806
2020 10 12 4681.231134121802 3.687799515829876 3827660.3247390813
2020 10 13 4760.780605062059 3.5122921033317174 4139912.910554945
2020 10 14 4841.681882427928 3.345137328147376 4477638.414309351
2020 10 15 4923.957937844369 3.1859376768664323 4842914.863784226
2020 10 16 5007.632133299596 3.03431455428424 5237989.80795545
2020 10 17 5092.728227778628 2.889907383058694 5665294.146180061
2020 10 18 5179.270384009567 2.7523727462155576 6127457.085539835
2020 10 19 5267.283175324517 2.6213835704631334 6627322.318373935
2020 10 20 5356.791592637091 2.4966283483741045 7167965.519541089
2020 10 21 5447.821051538492 2.3778103975848013 7752713.2710721055
2020 10 22 5540.39739951418 2.264647155250188 8385163.530656267
2020 10 23 5634.546923283169 2.1568695060766987 9069207.769904371
2020 10 24 5730.296356262047 2.0542211423349084 9809054.918605322
2020 10 25 5827.672886155833 1.9564579543300744 10609257.262305481
2020 10 26 5926.704162677826 1.8633474498810163 11474738.452558808
2020 10 27 6027.418305400645 1.7746682014267883 12410823.802195065
2020 10 28 6129.843911740674 1.6902093194463002 13423273.052013136
2020 10 29 6234.0100650782 1.6097699509386172 14518315.810513193
2020 10 30 6339.94634301553 1.533158801771267 15702689.88472865
2020 10 31 6447.682825775449 1.4601936817606418 16983682.738007855
2020 11 1 6557.250104742383 1.3907010714026462 18369176.329835575
2020 11 2 6668.67929114872 1.3245157092232247 19867695.613594044
2020 11 3 6782.002024908726 1.26148019876744 21488460.990670737
2020 11 4 6897.2504836025855 1.2014446342924785 23241445.043663383
2020 11 5 7014.457391613111 1.1442662442744358 25137433.8977621
2020 11 6 7133.656029417712 1.0898090518811017 27188093.587865774
2020 11 7 7254.880243038263 1.0379435516033075 29406041.83979001
2020 11 8 7378.164453651566 0.9885464012758305 31804925.70723711
2020 11 9 7503.543667363111 0.9415001287554424 34399505.54222892
2020 11 10 7631.05348514694 0.8966928525585512 37205745.81567333
2020 11 11 7760.730112954409 0.8540180157940778 40240913.3468841
2020 11 12 7892.610371994741 0.8133741327588307 43523683.5464611
2020 11 13 8026.731709190273 0.7746645475927532 47074255.32624415
2020 11 14 8163.132207809375 0.7377972044200954 50914475.38338256
