2020 6 26 594.0582500435689 558.3248088588916 629.7916912282465
2020 6 27 614.9943697973041 543.2246689692242 691.2155981089155
2020 6 28 636.5167562639431 528.3990325398801 758.4598489462289
2020 6 29 659.0080514105756 514.1570855924127 832.5029277748553
2020 6 30 682.4768016386674 500.4415646249927 914.0051412096392
2020 7 1 706.4659376819208 486.86064931689805 1003.064055009134
2020 7 2 731.5594743923297 473.82828300839094 1101.1715310447848
2020 7 3 757.2513338066385 460.9549975017565 1208.433654912856
2020 7 4 783.9154622275353 448.47406574098835 1326.2555797547627
2020 7 5 811.6150849907375 436.38633760701214 1455.728546023343
2020 7 6 840.5185129082397 424.7454089276993 1598.244679844303
2020 7 7 870.908733336088 413.6461907679402 1755.5830649052527
2020 7 8 902.9486918754611 403.0986824467372 1929.521122655682
2020 7 9 936.4886731499619 392.9635604036025 2121.3790486119983
2020 7 10 969.9365028634942 382.52182597754455 2329.2830845071367
2020 7 11 1003.3317600476914 371.8656773967174 2554.5674555858272
2020 7 12 1036.7156981713983 361.0760333624857 2798.6846208491675
2020 7 13 1070.1306351941416 350.223372270519 3063.2149203418535
2020 7 14 1103.6194552029901 339.3686070462976 3349.8770616143806
2020 7 15 1137.2252076522202 328.5639634034324 3660.539520758185
2020 7 16 1170.9907909827014 317.8538379987199 3997.2329383413226
2020 7 17 1204.9587084123366 307.2756199747954 4362.163596243715
2020 7 18 1239.1708848375802 296.86046495401627 4757.728067816814
2020 7 19 1273.6685349806164 286.63401488702925 5186.529140990465
2020 7 20 1308.492074095953 276.6170604691254 5651.393121944051
2020 7 21 1343.6810636735042 266.826145302403 6155.388635781501
2020 7 22 1379.274185617948 257.2741127657982 6701.847050340166
2020 7 23 1415.309239332933 247.97059779916972 7294.384659870001
2020 7 24 1451.9491353862327 238.94453879522467 7937.576058954022
2020 7 25 1489.5375746592667 230.24702576352703 8637.481656033606
2020 7 26 1528.0991132871943 221.86609972443432 9399.10229573892
2020 7 27 1567.6589431208295 213.79023700175065 10227.879778367302
2020 7 28 1608.2429081842138 206.00833337780554 11129.73574169519
2020 7 29 1649.8775215582486 198.5096888252832 12111.113971241964
2020 7 30 1692.5899827014134 191.283992794809 13179.026441293685
2020 7 31 1736.4081952188883 184.32131003806353 14341.103415651116
2020 8 1 1781.3607850916883 177.6120669469313 15605.64796607323
2020 8 2 1827.477119377718 171.14703838990047 16981.695297951974
2020 8 3 1874.787325396964 164.91733502761394 18479.077307101863
2020 8 4 1923.3223104133585 158.91439109013072 20108.492828924434
2020 8 5 1973.113781826173 153.12995259909152 21881.584081879748
2020 8 6 2024.1942678841303 147.55606601859415 23811.019851455643
2020 8 7 2076.5971389357715 142.18506731917375 25910.586008986484
2020 8 8 2130.3566292299543 137.0095714398512 28195.28401208081
2020 8 9 2185.507859280733 132.02246213375966 30681.43809044618
2020 8 10 2242.0868588112226 127.2168821833878 33386.811882956805
2020 8 11 2300.1305902914405 122.586223971985 36330.73535933908
2020 8 12 2359.676973085504 118.124120398165 39534.24293333382
2020 8 13 2420.764908223953 113.82443612121516 43020.223754157676
2020 8 14 2483.4343038173897 109.68125912507412 46813.58525010015
2020 8 15 2547.726101128029 105.68889258937826 50941.43109277986
2020 8 16 2613.682301316199 101.84184705639962 55433.25485361937
2020 8 17 2681.3459928792604 98.1348328831052 60321.15073621956
2020 8 18 2750.7613798008724 94.56275296795907 65640.04289032193
2020 8 19 2821.9738104289936 91.12069574246676 71427.93494581353
2020 8 20 2895.0298071014845 87.80392841782557 77726.18154970171
2020 8 21 2969.977096538666 84.60789047739475 84579.78384619785
2020 8 22 3046.8646410226875 81.52818740603794 92037.71101112332
2020 8 23 3125.7426703840747 78.56058464771588 100153.25013800975
2020 8 24 3206.662714816354 75.7010017830208 108984.38697583953
2020 8 25 3289.6776385401895 72.94550691864708 118594.22023880786
2020 8 26 3374.841674339028 70.2903112810835 129051.41244836112
2020 8 27 3462.2104589888104 67.73176400709356 140430.68052879022
2020 8 28 3551.841069604895 65.26634712382082 152813.32966169782
2020 8 29 3643.792060929944 62.89067071161701 166287.83421374415
2020 8 30 3738.123503587124 60.60146824294178 180950.46988841612
2020 8 31 3834.8970233236187 58.395592090925156 196906.00161856148
2020 9 1 3934.175841270085 56.27000920141711 214268.43211469878
2020 9 2 4036.024815242359 54.22179692257321 233161.81641750148
2020 9 3 4140.5104821123905 52.248138986242225 253721.14827445583
2020 9 4 4247.701101276086 50.34632163563001 276093.32467387815
2020 9 5 4357.666699246461 48.51372989391541 300438.1954279131
2020 9 6 4470.479115401229 46.74784396868739 326929.70530381287
2020 9 7 4586.212048914721 45.046235787259675 355757.1368640555
2020 9 8 4704.94110690478 43.406565658098955 387126.46289542975
2020 9 9 4826.743853826109 41.826579053776115 421261.81809022935
2020 9 10 4951.699862142317 40.30410351101715 458407.10049475805
2020 9 11 5079.890764309779 38.83704564359136 498827.7141675401
2020 9 12 5211.400306107269 37.42338826392949 542812.4654985759
2020 9 13 5346.3144013462015 36.06118760951423 590675.6267388961
2020 9 14 5484.721187997231 34.74857067022927 642759.1814843889
2020 9 15 5626.711085769866 33.48373261299209 699435.2681579442
2020 9 16 5772.376855182723 32.26493430012938 761108.8389486616
2020 9 17 5921.813658163005 31.090499898082896 828220.5532063148
2020 9 18 6075.119120214796 29.95881457315772 901249.9259644558
2020 9 19 6232.393394196782 28.868322271144667 980718.7540884417
2020 9 20 6393.739225751072 27.81752357776375 1067194.8445283067
2020 9 21 6559.262020425852 26.804973656986938 1161296.071314947
2020 9 22 6729.06991253573 25.829280264405348 1263694.7902869664
2020 9 23 6903.2738358047545 24.88910183290932 1375122.64309153
2020 9 24 7081.987595838261 23.98314562804918 1496375.78478394
2020 9 25 7265.327944470883 23.11016597054035 1628320.5723772757
2020 9 26 7453.414656039313 22.26896252346878 1771899.7549869434
2020 9 27 7646.37060562962 21.458378641841573 1928139.209798886
2020 9 28 7844.321849350265 20.677299782213545 2098155.271990129
2020 9 29 8047.397706683245 19.92465197020289 2283162.710974145
2020 9 30 8255.730844967151 19.199400323788854 2484483.4099615356
2020 10 1 8469.457366067365 18.50054763036094 2703555.8108517127
2020 10 2 8688.716895289985 17.827132975563135 2941945.191939608
2020 10 3 8913.65267259758 17.178230422047793 3201354.8518718923
2020 10 4 9144.411646186365 16.55294773632252 3483638.279762381
2020 10 5 9381.144568485925 15.950425161939446 3790812.3984224396
2020 10 6 9624.006094644199 15.36983423734009 4125071.975329621
2020 10 7 9873.15488356208 14.810376656730302 4488805.304301311
2020 10 8 10128.753701543616 14.271283172419052 4884611.269919361
2020 10 9 10390.96952862954 13.751812537111766 5315317.916631491
2020 10 10 10659.973667683584 13.251250484703883 5784002.655206204
2020 10 11 10935.941856302863 12.768908748173242 6294014.25091688
2020 10 12 11219.054381625401 12.304124113220897 6848996.7505612215
2020 10 13 11509.496198109844 11.856257506359144 7452915.519275277
2020 10 14 11807.457048364275 11.424693116192875 8110085.573175767
2020 10 15 12113.131587103084 11.00883754668605 8825202.410268236
2020 10 16 12426.719508312855 10.608119001249023 9603375.559908697
2020 10 17 12748.425675710374 10.221986496524849 10450165.090530606
2020 10 18 13078.460256577946 9.849909104793564 11371621.336485857
2020 10 19 13417.038859063494 9.491375223952714 12374328.127849173
2020 10 20 13764.382673035112 9.145891874070392 13465449.83206403
2020 10 21 14120.718614582096 8.812984019543547 14652782.543543948
2020 10 22 14486.27947425686 8.492193915929533 15944809.78698026
2020 10 23 14861.304069154572 8.183080480552801 17350763.13235802
2020 10 24 15246.037398929871 7.885218686021338 18880688.154775973
2020 10 25 15640.730805852587 7.598198975818917 20545516.210355356
2020 10 26 16045.642139007019 7.321626701169644 22357142.541078284
2020 10 27 16461.035922742056 7.055121578400456 24328511.266616993
2020 10 28 16887.183529482172 6.7983171660554795 26473707.870422862
2020 10 29 17324.363357012197 6.550860361043274 28808059.840890843
2020 10 30 17772.861010351688 6.3124109131241735 31348246.18668317
2020 10 31 18232.96948833771 6.082640957070149 34112416.60870235
2020 11 1 18704.98937503791 5.861234561853919 37120321.180200405
2020 11 2 19189.229036118963 5.647887296247445 40393451.46159234
2020 11 3 19686.00482029864 5.442305810232527 43955194.05824299
2020 11 4 20195.64126601312 5.244207431647918 47830997.71840188
2020 11 5 20718.47131343457 5.053319777518386 52048555.16520532
2020 11 6 21254.83652197748 4.8693803795312744 56638000.96194055
2020 11 7 21805.08729343587 4.692136323145616 61632126.824324384
2020 11 8 22369.583100897125 4.521343899837565 67066615.91820876
2020 11 9 22948.692723582008 4.356768272004008 72980297.8167765
2020 11 10 23542.794487764277 4.198183150063573 79415425.93890347
2020 11 11 24152.2765139273 4.045370481311083 86417979.45099191
2020 11 12 24777.536970319106 3.898120150097607 94037991.7893717
2020 11 13 25418.984333071556 3.7562296889238835 102329908.15057106
2020 11 14 26077.03765305353 3.6195040000498513 111352974.50373459
