2020 6 26 3242.601750775361 3093.006909035974 3392.196592514748
2020 6 27 3363.74640053625 3060.376183513541 3681.450843913284
2020 6 28 3485.598453287791 3024.6154992755437 3991.1906803558236
2020 6 29 3613.4473807335758 2990.6461253529246 4328.802915161716
2020 6 30 3746.806116550489 2957.7372702390885 4695.956381073895
2020 7 1 3885.086621123054 2925.190541802736 5094.250481053562
2020 7 2 4031.998888316077 2895.658548710216 5530.952937319191
2020 7 3 4179.889341058151 2863.1374867712934 5998.812664233584
2020 7 4 4333.204295794915 2830.9816679892706 6506.248342444084
2020 7 5 4491.158888741292 2798.5442315626037 7055.130468256932
2020 7 6 4658.950036842339 2769.020039936737 7656.724870721029
2020 7 7 4837.9462646684115 2742.741213811175 8317.730133416382
2020 7 8 5026.382504269113 2718.164804851417 9040.206485801245
2020 7 9 5226.152509999954 2695.9686186059175 9832.620839109033
2020 7 10 5411.851376259225 2662.5991395797555 10653.082034285426
2020 7 11 5583.634944986577 2619.5500905228287 11501.624201949808
2020 7 12 5741.822956497745 2568.260578726623 12378.517384759556
2020 7 13 5886.863354130051 2510.0899313759373 13284.259716707502
2020 7 14 6019.3004693532375 2446.3007574389476 14219.567539884758
2020 7 15 6139.747318589748 2378.048831661997 15185.364405958908
2020 7 16 6248.8619907533775 2306.3784542928356 16182.769710063685
2020 7 17 6347.327930252303 2232.2220604811814 17213.08752685198
2020 7 18 6435.837809204129 2156.403006234788 18277.79606577078
2020 7 19 6515.0806207828455 2079.6406220124472 19378.538035810412
2020 7 20 6590.617864258542 2004.1165017275634 20531.645872624773
2020 7 21 6667.0309027526 1931.3351114530628 21753.368673110057
2020 7 22 6744.329890420492 1861.1968463490416 23047.789327945913
2020 7 23 6822.525099147149 1793.605718819763 24419.233677679047
2020 7 24 6901.626919911941 1728.4692271500076 25872.284969303757
2020 7 25 6981.645864169483 1665.698228912017 27411.799173072275
2020 7 26 7062.592565246451 1605.206818969787 29042.921210722376
2020 7 27 7144.477779754597 1546.9122119137492 30771.102149355578
2020 7 28 7227.312389020135 1490.7346287649477 32602.11741842633
2020 7 29 7311.107400529714 1436.5971877936627 34542.086110721815
2020 7 30 7395.873949393145 1384.4257993030578 36597.49143183453
2020 7 31 7481.6232998230935 1334.1490642338606 38775.202366468
2020 8 1 7568.366846631924 1285.698176451308 41082.496633982504
2020 8 2 7656.116116745904 1239.0068285806358 43527.08500989627
2020 8 3 7744.882770736956 1194.0111212622412 46117.13709462245
2020 8 4 7834.67860437218 1150.6494757023293 48861.30861555873
2020 8 5 7925.515550181331 1108.8625493993668 51768.77035377079
2020 8 6 8017.405679042473 1068.5931549310087 54849.238791940035
2020 8 7 8110.361201786027 1029.7861816903553 58113.00858599836
2020 8 8 8204.3944708174 992.3885204644303 61570.986968967365
2020 8 9 8299.517981758441 956.3489907516639 65234.730201976534
2020 8 10 8395.744375107919 921.6182707189104 69116.4821942766
2020 8 11 8493.086437921262 888.1488297021418 73229.2154213127
2020 8 12 8591.557105509763 855.8948631584445 77586.6742776021
2020 8 13 8691.169463159493 824.8122299802945 82203.42100929769
2020 8 14 8791.936747870137 794.8583920863249 87094.88437994031
2020 8 15 8893.872350113996 765.9923562059113 92277.41123203625
2020 8 16 8996.989815615383 738.1746177779058 97768.32111677424
2020 8 17 9101.302847150646 711.3671068867415 103585.96417444987
2020 8 18 9206.825306369064 685.5331361619176 109749.78245902846
2020 8 19 9313.571215634856 660.6373505695661 116280.37491178799
2020 8 20 9421.55475989054 636.6456790273836 123199.56620117812
2020 8 21 9530.790288541903 613.5252877767131 130530.47965895214
2020 8 22 9641.292317364823 591.2445354479634 138297.61455631803
2020 8 23 9753.075530434202 569.7729297578697 146526.9279783588
2020 8 24 9866.154782075258 549.0810857793352 155245.9215703392
2020 8 25 9980.545098837445 529.1406857267415 164483.73344579732
2020 8 26 10096.261681491256 509.92444020169467 174271.23556357002
2020 8 27 10213.319907048182 491.4060508461687 184641.13689917768
2020 8 28 10331.735330804086 473.56017435193485 195628.09275535773
2020 8 29 10451.523688406272 456.36238777702346 207268.82057705362
2020 8 30 10572.700897944516 439.7891551217506 219602.22265790234
2020 8 31 10695.283062066346 423.8177951185684 232669.5161482954
2020 9 1 10819.28647011684 408.4264501916576 246514.37079948813
2020 9 2 10944.727600303242 393.59405654378133 261183.05490408672
2020 9 3 11071.62312188467 379.300315329464 276724.58992063283
2020 9 4 11199.989897387206 365.5256648750427 293190.91429902794
2020 9 5 11329.844984844685 352.2512539075743 310637.0570542876
2020 9 6 11461.205640065446 339.45891575596 329121.32166869345
2020 9 7 11594.089318925375 327.13114348898034 348705.48093692894
2020 9 8 11728.51367968753 315.2510659562164 369454.9834053528
2020 9 9 11864.496585348665 303.8024246990672 391439.17209531326
2020 9 10 12002.05610601295 292.7695517002658 414731.51624145696
2020 9 11 12141.210521293222 282.1373479414425 439409.85681948124
2020 9 12 12281.978322740079 271.89126273939064 465556.6666838628
2020 9 13 12424.37821629912 262.0172738327555 493259.3261849196
2020 9 14 12568.429124796698 252.5018681918938 522610.41518629465
2020 9 15 12714.150190454475 243.33202352564152 553708.0224587579
2020 9 16 12861.560777433142 234.4951904596808 586656.0734842941
2020 9 17 13010.680474405626 225.97927536211657 621564.6777659685
2020 9 18 13161.529097160133 217.77262379275845 658550.4968042496
2020 9 19 13314.126691233374 209.8640045534577 697737.1339695343
2020 9 20 13468.493534574312 202.24259431767138 739255.5475737944
2020 9 21 13624.65014023881 194.89796281821833 783244.4885217943
2020 9 22 13782.617259115497 187.820058572956 829850.9640044721
2020 9 23 13942.415882683266 180.99919512884264 879230.7287841062
2020 9 24 14104.067245800723 174.42603780555967 931548.8057130997
2020 9 25 14267.59282952798 168.0915909205517 986980.0372259114
2020 9 26 14433.014363981172 161.98718547800152 1045709.6696471702
2020 9 27 14600.35383122007 156.10446730489156 1107933.9722686803
2020 9 28 14769.633468169164 150.43538561791547 1173860.8932642173
2020 9 29 14940.875769572618 144.9721820055933 1243710.7546341268
2020 9 30 15114.10349098349 139.70737981051147 1317716.9885021679
2020 10 1 15289.33965178761 134.63377389715677 1396126.9172252417
2020 10 2 15466.607538262502 129.74442079134124 1479202.5799230637
2020 10 3 15645.930706671797 125.03262917772312 1567221.6081899696
2020 10 4 15827.332986395504 120.49195074241936 1660478.153915406
2020 10 5 16010.838483096577 116.11617134817732 1759283.8723138024
2020 10 6 16196.471581924201 111.89930253002849 1863968.9634490234
2020 10 7 16384.25695075422 107.83557329978561 1974883.2757340847
2020 10 8 16574.219543467123 103.9194222481672 2092397.475093931
2020 10 9 16766.38460326405 100.14548993374098 2216904.28369852
2020 10 10 16960.77766602123 96.50861154827001 2348819.792405944
2020 10 11 17157.42456368333 93.0038098484237 2488584.851301663
2020 10 12 17356.35142769612 89.62628834418047 2636666.5429809107
2020 10 13 17557.584692478977 86.37142473460003 2793559.743497849
2020 10 14 17761.151098937597 83.23476458198175 2959788.776198033
2020 10 15 17967.077698017485 80.21201521575209 3135909.1639611446
2020 10 16 18175.391854298614 77.29903985773798 3322509.485709841
2020 10 17 18386.12124963177 74.49185196078658 3520213.343389002
2020 10 18 18599.29388681707 71.78660975298337 3729681.445988858
2020 10 19 18814.938093325098 69.17961098000215 3951613.8175766105
2020 10 20 19033.082525061214 66.66728783839164 4186752.1367156035
2020 10 21 19253.756170173503 64.24620209286444 4435882.215090173
2020 10 22 19476.988352904857 61.9130403709064 4699836.623619528
2020 10 23 19702.808737489737 59.66460962826667 4979497.474836892
2020 10 24 19931.24733209611 57.49783277912274 5275799.370832403
2020 10 25 20162.334492813083 55.40974448494024 5589732.526611495
2020 10 26 20396.100927684776 53.39748709626424 5922346.0793067925
2020 10 27 20632.577700790967 51.45830674188826 6274751.594302593
2020 10 28 20871.796236375045 49.58954956004881 6648126.779989099
2020 10 29 21113.788323019824 47.78865806648771 7043719.423560793
2020 10 30 21358.586117871768 46.0531676544116 7462851.561012039
2020 10 31 21606.222150914204 44.3807032215588 7906923.895265679
2020 11 1 21856.72932929007 42.76897591975738 8377420.477199616
2020 11 2 22110.140941674785 41.21578002252619 8875913.665214973
2020 11 3 22366.490662699816 39.71898990643182 9404069.379920261
2020 11 4 22625.812557427536 38.27655714207054 9963652.671492264
2020 11 5 22888.141085877967 36.886507690693904 10556533.618319253
2020 11 6 23153.511107608 35.54693920264165 11184693.576639304
2020 11 7 23421.957886343713 34.25601841388448 11850231.80205945
2020 11 8 23693.5170946664 33.0119786371139 12555372.465084191
2020 11 9 23968.22481875291 31.813117343945486 13302472.084098686
2020 11 10 24246.11756317099 30.657793834926782 14094027.40064695
2020 11 11 24527.232255730163 29.544426994161004 14932683.723323599
2020 11 12 24811.606252388923 28.47149312547375 15821243.768163668
2020 11 13 25099.277342218757 27.437523867161364 16762677.025074318
2020 11 14 25390.28375242576 26.44110418246718 17760129.681610227
