2020 6 26 5744.501148289256 5512.626875512919 5976.375421065593
2020 6 27 5895.968750704131 5429.389553826085 6381.778116153759
2020 6 28 6042.427087794771 5339.118452706181 6804.936083731794
2020 6 29 6188.974775481931 5247.212552716985 7252.155920092086
2020 6 30 6340.530622837694 5158.121373485462 7730.470692446959
2020 7 1 6495.0530128796645 5069.936976190432 8239.424612533125
2020 7 2 6656.392854354961 4985.642270696938 8785.757955622352
2020 7 3 6818.612989245326 4900.406614740872 9364.189222014853
2020 7 4 6986.388359348038 4817.779376158675 9982.902733068413
2020 7 5 7159.933176941809 4737.677139078979 10644.84126401822
2020 7 6 7347.881042247232 4665.5845978445 11365.675293882497
2020 7 7 7548.098765196077 4599.2472688937405 12146.66952290698
2020 7 8 7759.357700267707 4537.256604722485 12990.318455613382
2020 7 9 7983.547352888819 4480.20518464637 13904.312214795722
2020 7 10 8183.6906352910055 4406.741767710911 14829.453265821698
2020 7 11 8360.691253022518 4319.319318378508 15765.121473347599
2020 7 12 8515.627831575459 4220.254651872834 16711.0027822311
2020 7 13 8649.700722599524 4111.699292696782 17667.058219840284
2020 7 14 8764.186768408756 3995.6220667584944 18633.492941696048
2020 7 15 8860.401703882306 3873.801113294446 19610.726367463
2020 7 16 8939.669621905987 3747.8232074488296 20599.364128274396
2020 7 17 9010.971739004031 3622.3053185261765 21617.85280111445
2020 7 18 9082.84255630216 3500.9911338786574 22686.69832818768
2020 7 19 9155.286609709412 3383.739867760237 23808.390489533736
2020 7 20 9228.308471312892 3270.415449463091 24985.54216669933
2020 7 21 9301.912749666317 3160.8863654068386 26220.895429212032
2020 7 22 9376.104090080873 3055.0255065163433 27517.327921985932
2020 7 23 9450.887174918393 2952.710020710967 28877.859568538064
2020 7 24 9526.266723886865 2853.8211703340876 30305.659605630066
2020 7 25 9602.24749433831 2758.2441943574263 31804.05396572172
2020 7 26 9678.834281569014 2665.8681752002753 33376.533024433076
2020 7 27 9756.031919122186 2576.585910009064 35026.75973106224
2020 7 28 9833.845279092999 2490.2937862478857 36758.578141098056
2020 7 29 9912.279272436082 2406.8916614556097 38576.02237060353
2020 7 30 9991.338849275464 2326.28274703003 40483.3259933283
2020 7 31 10071.028999216976 2248.3734959041853 42484.93190243993
2020 8 1 10151.354751663168 2173.0734939844997 44585.50265984616
2020 8 2 10232.321176130714 2100.2953552247536 46789.93135721574
2020 8 3 10313.933382570365 2029.954620214119 49103.35301399773
2020 8 4 10396.196521689444 1961.9696581615724 51531.15653898997
2020 8 5 10479.115785276921 1896.2615721629343 54078.99728332005
2020 8 6 10562.696406531073 1832.7541076405987 56752.81021407985
2020 8 7 10646.943660389767 1771.3735638496976 59558.82373930044
2020 8 8 10731.862863863365 1712.048708348 62503.574216471425
2020 8 9 10817.4593763703 1654.710694330291 65593.921178401
2020 8 10 10903.738600075307 1599.2929807312935 68837.06331188399
2020 8 11 10990.705980230377 1545.7312550044137 72240.55522639876
2020 8 12 11078.36700551841 1493.9633584866947 75812.32505189421
2020 8 13 11166.727208399618 1443.9292142633624 79560.6929066592
2020 8 14 11255.792165460689 1395.5707574482522 83494.39027829387
2020 8 15 11345.56749776674 1348.831867799204 87622.58036292891
2020 8 16 11436.05887121607 1303.6583045902285 91954.87941007123
2020 8 17 11527.271996897745 1259.9976436648599 96501.37912279689
2020 8 18 11619.212631452043 1217.7992165976489 101272.67016547073
2020 8 19 11711.886577433756 1177.014051893189 106279.86683375156
2020 8 20 11805.299683678408 1137.5948181544406 111534.6329443496
2020 8 21 11899.457845671386 1099.4957691543966 117049.20900484422
2020 8 22 11994.367005920018 1062.672690747347 122836.44072685119
2020 8 23 12090.033154328608 1027.0828495581309 128909.80894895887
2020 8 24 12186.46232857648 992.6849433898316 135283.46103913573
2020 8 25 12283.660614499018 959.4390532923605 141972.24384975838
2020 8 26 12381.63414647177 927.3065972363073 148991.73830202612
2020 8 27 12480.389107797582 896.2502853382922 156358.29568032298
2020 8 28 12579.931731096854 866.2340765858617 164089.075721072
2020 8 29 12680.268298700885 837.2231370117047 172202.08658480618
2020 8 30 12781.405143048363 809.1837992686516 180716.2268045674
2020 8 31 12883.348647085022 782.0835235585413 189651.32930834868
2020 9 1 12986.10524466648 755.8908598696156 199028.20761812557
2020 9 2 13089.681420964293 730.5754114786156 208868.70433309386
2020 9 3 13194.083712875243 706.1077996752255 219195.7420100503
2020 9 4 13299.318709433903 682.4596296679256 230033.37655943815
2020 9 5 13405.393052228474 659.6034576316881 241406.85328143855
2020 9 6 13512.313435819955 637.5127588592748 253342.66567263895
2020 9 7 13620.086608164649 616.1618969791749 265868.6171402633
2020 9 8 13728.71937104004 595.5260942044628 279013.8857677222
2020 9 9 13838.218580474066 575.5814025780454 292809.09228234773
2020 9 10 13948.591147177814 556.3046761809339 307286.3713836387
2020 9 11 14059.844036981674 537.6735442712828 322479.44659816846
2020 9 12 14171.98427127496 519.6663853230273 338423.70883552317
2020 9 13 14285.018927449048 502.26230193398897 355156.29882825975
2020 9 14 14398.955139344045 485.4410965743316 372716.19364792
2020 9 15 14513.800097699017 469.1832481472217 391144.29749863176
2020 9 16 14629.56105060581 453.46988933449376 410483.53699979343
2020 9 17 14746.245303966492 438.2827847010285 430778.96117979375
2020 9 18 14863.86022195445 423.60430953243537 452077.84641369345
2020 9 19 14982.413227479143 409.417429381479 474429.8065493117
2020 9 20 15101.911802654591 395.70568029951426 497886.90847824636
2020 9 21 15222.363489271578 382.45314972998756 522503.7934210403
2020 9 22 15343.77588927363 369.64445804183174 548337.8042090165
2020 9 23 15466.156665236787 357.26474068132376 575449.1188592738
2020 9 24 15589.513540853215 345.2996309216924 603900.8907539948
2020 9 25 15713.854301418645 333.73524319045663 633759.3957505997
2020 9 26 15839.186794323732 322.55815695514593 665094.1865654273
2020 9 27 15965.518929549315 311.7554011487024 697978.2547905665
2020 9 28 16092.858680165631 301.3144391164894 732488.2009212393
2020 9 29 16221.214082835511 291.2231540674383 768704.4127898029
2020 9 30 16350.593238321593 281.4698350124491 806711.2528220135
2020 10 1 16481.00431199757 272.04316317372616 846597.2545517503
2020 10 2 16612.455534363537 262.93219884927754 888455.328851963
2020 10 3 16744.955201565408 254.12636871733338 932382.9803622387
2020 10 4 16878.511675918537 245.61545356595082 978482.534617137
2020 10 5 17013.133386435446 237.38957643356503 1026861.3764043697
2020 10 6 17148.828829357823 229.43919114672363 1077632.1999080568
2020 10 7 17285.60656869272 221.75507124170247 1130913.2712197471
2020 10 8 17423.47523675306 214.32829925714614 1186828.7038287
2020 10 9 17562.443534702415 207.15025638530747 1245508.7477331539
2020 10 10 17702.52023310418 200.21261246987603 1307090.0928460471
2020 10 11 17843.714172475084 193.50731633878814 1371716.1874019413
2020 10 12 17986.034263843136 187.02658646079954 1439537.5721068515
2020 10 13 18129.48948931002 180.7629019149777 1510712.230809354
2020 10 14 18274.088902617976 174.70899366263376 1585405.958509829
2020 10 15 18419.841629721188 168.857836111565 1663792.747565082
2020 10 16 18566.756869361754 163.2026389628184 1746055.192987975
2020 10 17 18714.84389365023 157.73683933051316 1832384.9177861735
2020 10 18 18864.112048650815 152.45409412557729 1922983.0193308017
2020 10 19 19014.570754971188 147.34827269455954 2018060.5377947786
2020 10 20 19166.229508357083 142.41344970497406 2117838.9477520217
2020 10 21 19319.09788029156 137.64389826892094 2222550.674082655
2020 10 22 19473.185518599097 133.03408329700292 2332439.633385975
2020 10 23 19628.50214805448 128.57865507482518 2447761.8021623483
2020 10 24 19785.057570996538 124.27244305462375 2568785.8130875705
2020 10 25 19942.861667946818 120.11044985481779 2695793.580768654
2020 10 26 20101.92439823314 116.08784546052213 2829080.9584386856
2020 10 27 20262.255800618146 112.19996161828973 2968958.427120466
2020 10 28 20423.865993932894 108.4422864185791 3115751.8188642785
2020 10 29 20586.765177715446 104.81045905965969 3269803.0757445022
2020 10 30 20750.9636328546 101.30026478687869 3431471.0463830857
2020 10 31 20916.471722238733 97.90763000141612 3601132.3218553085
2020 11 1 21083.299891409824 94.62861753285219 3779182.112925004
2020 11 2 21251.458669222688 91.45942207006036 3966035.1706526796
2020 11 3 21420.958668509473 88.39636574512387 4162126.7525210083
2020 11 4 21591.810586749463 85.43589386515082 4367913.636328199
2020 11 5 21764.02520674422 82.57457078703442 4583875.184211015
2020 11 6 21937.61339729809 79.80907593037121 4810514.459275989
2020 11 7 22112.586113904174 77.13619992391014 5048359.397439929
2020 11 8 22288.95439943574 74.55284088106043 5297964.037209406
2020 11 9 22466.729384843165 72.05600080013596 5559909.8102638945
2020 11 10 22645.92228985643 69.64278208515859 5834806.895848858
2020 11 11 22826.544423693216 67.31038418318289 6123295.642133714
2020 11 12 23008.607185772657 65.05610033423983 6426048.05784561
2020 11 13 23192.12206643478 62.877314430127626 6743769.3776536435
2020 11 14 23377.10064766567 60.7714979784045 7077199.7049499275
