2020 6 26 210.62059837497446 195.82548111920264 225.41571563074626
2020 6 27 207.52946605261886 179.3981347017195 237.70877836462634
2020 6 28 204.49711014602892 164.3604325969866 250.68760430517597
2020 6 29 201.50685973437646 150.5814667330693 264.3723703403172
2020 6 30 198.55599385147045 137.95440106608763 278.79847864799984
2020 7 1 195.65047880185762 126.38766846030103 294.01478446689606
2020 7 2 192.78115960366455 115.78666058892485 310.05206890775924
2020 7 3 189.96222518717303 106.07982045384341 326.9774770605651
2020 7 4 187.18041889986026 97.18445711416527 344.8197821856297
2020 7 5 184.43531767258898 89.03292455253491 363.62826808464433
2020 7 6 181.7205433863652 81.56032317486411 383.4430981220977
2020 7 7 179.03790070090295 74.71138946300812 404.3211597322968
2020 7 8 176.38946157833868 68.43533412458227 426.32381698003525
2020 7 9 173.77222132320836 62.68339704130479 449.5045480588966
2020 7 10 171.22263563342963 57.4253019591632 474.0202482403719
2020 7 11 168.7360152068866 52.6168453087104 499.94377474177173
2020 7 12 166.30817522287728 48.218089028151724 527.3521860820905
2020 7 13 163.93537554233117 44.19289760738281 556.3269682473664
2020 7 14 161.61426838378873 40.5085334560142 586.9542744880908
2020 7 15 159.3418524758805 37.13530207768786 619.3251793883117
2020 7 16 157.11543283266116 34.046239933001765 653.5359479001094
2020 7 17 154.93258542037577 31.216839022833284 689.6883200913281
2020 7 18 152.79112608719637 28.624803170569688 727.8898124092865
2020 7 19 150.68908321450525 26.249831763871853 768.2540363191152
2020 7 20 148.6246736221296 24.07342736469446 810.9010352327591
2020 7 21 146.59459857823492 22.078451573014405 855.9484595952418
2020 7 22 144.59225247451826 20.248800325658532 903.4983723669435
2020 7 23 142.61725655940307 18.57077310301654 953.689792555652
2020 7 24 140.66923725470764 17.031804753722195 1006.6694619959446
2020 7 25 138.74782608498137 15.620371406174495 1062.5922743700428
2020 7 26 136.85265960780623 14.325904177213515 1121.6217280617666
2020 7 27 134.9833793450501 13.138710031797242 1183.9304041675712
2020 7 28 133.13963171505935 12.049899201072721 1249.7004710622
2020 7 29 131.3210679657774 11.051318615344394 1319.1242169941245
2020 7 30 129.52734410877693 10.135490853482407 1392.40461226789
2020 7 31 127.75812085419324 9.295558151621005 1469.7559026569886
2020 8 1 126.01306354654605 8.52523105188136 1551.404235782188
2020 8 2 124.29184210143826 7.818741306597918 1637.5883222866198
2020 8 3 122.59413094311915 7.170798685392775 1728.5601337406736
2020 8 4 120.91960894290045 6.57655136166728 1824.5856393171157
2020 8 5 119.2679593584136 6.031549581882973 1925.945583390214
2020 8 6 117.63886977369671 5.531712345585597 2032.9363063322871
2020 8 7 116.03203204009985 5.073296846670575 2145.870610907398
2020 8 8 114.44714221799752 4.652870447064594 2265.0786767952145
2020 8 9 112.88390051929733 4.267284972960864 2390.909025918788
2020 8 10 111.34201125073383 3.913653141136943 2523.729541398508
2020 8 11 109.82118275793708 3.5893269388342612 2663.9285431113126
2020 8 12 108.32112737026497 3.2918777953067786 2811.9159229996862
2020 8 13 106.84156134638933 3.0190783965623575 2968.1243434496987
2020 8 14 105.38220482062502 2.768886007124727 3133.0105022417088
2020 8 15 103.94278174999233 2.5394271739285594 3307.056467771999
2020 8 16 102.52301986200236 2.328983697809667 3490.7710884490552
2020 8 17 101.12265060315556 2.135979767544137 3684.6914803850623
2020 8 18 99.7414090881439 1.958970160095454 3889.3845977320966
2020 8 19 98.37903404974664 1.796629418712465 4105.44889025412
2020 8 20 97.03526778941072 1.6477419278432532 4333.516052980921
2020 8 21 95.70985612850608 1.5111928105453791 4574.252873059378
2020 8 22 94.40254836024667 1.3859595802318425 4828.363179201563
2020 8 23 93.1130972022684 1.2711044842406252 5096.589899429201
2020 8 24 91.84125874985469 1.165767481896082 5379.717233130569
2020 8 25 90.58679242980088 1.0691598044815527 5678.572943780184
2020 8 26 89.34946095490893 0.9805580488999518 5994.03077902435
2020 8 27 88.12903027910362 0.8992987607953699 6327.013025208051
2020 8 28 86.92526955316177 0.8247734665738337 6678.49320381171
2020 8 29 85.73795108104628 0.7564241171227476 7049.498917681231
2020 8 30 84.56685027683649 0.6937389091113626 7441.114855372687
2020 8 31 83.41174562224688 0.63624845258196 7854.4859623953
2020 9 1 82.27241862472606 0.5835222561344847 8290.820788624278
2020 9 2 81.14865377612799 0.5351655033855144 8751.395021670174
2020 9 3 80.0402385119478 0.4908160965635281 9237.55521653506
2020 9 4 78.94696317111443 0.45014194510277006 9750.72273245971
2020 9 5 77.86862095633236 0.4128384789325637 10292.397888471738
2020 9 6 76.8050078949651 0.37862636784146253 10864.164349784029
2020 9 7 75.755922800453 0.3472494298387232 11467.693757867717
2020 9 8 74.72116723425803 0.31847271285080764 12104.75061773642
2020 9 9 73.70054546832831 0.2920807353885615 12777.197456730379
2020 9 10 72.69386444807543 0.26787587301109816 13487.00026988298
2020 9 11 71.7009337558574 0.2456768785041486 14236.234267789947
2020 9 12 70.72156557496044 0.2253175246918993 15027.089943785939
2020 9 13 69.75557465407266 0.20664535971962605 15861.879478166811
2020 9 14 68.8027782722431 0.18952056548661747 16743.04349818121
2020 9 15 67.86299620431934 0.1738149106812775 17673.158213555307
2020 9 16 66.9360506868572 0.15941079057868152 18654.942948412383
2020 9 17 66.02176638449609 0.1462003464105424 19691.26809160797
2020 9 18 65.11997035679364 0.1340846577133849 20785.16348872442
2020 9 19 64.23049202551337 0.12297300160719155 21939.82730026018
2020 9 20 63.35316314235911 0.11278217345796122 23158.635351911904
2020 9 21 62.4878177571502 0.10343586383726841 24445.15100428633
2020 9 22 61.63429218643137 0.09486408711346479 25803.13557089744
2020 9 23 60.792424982511356 0.08700265739578603 27236.559314907397
2020 9 24 59.96205690292447 0.07979270790720684 28749.61305676184
2020 9 25 59.14303088030925 0.07318025018708461 30346.7204266561
2020 9 26 58.33519199269853 0.06711576982287883 32032.550797654218
2020 9 27 57.5383874342154 0.0615538556837654 33812.032937272554
2020 9 28 56.752466486169325 0.056452859879828766 35690.36941744039
2020 9 29 55.97728048854715 0.051774585900589164 37673.05182496714
2020 9 30 55.21268281189347 0.04748400259763097 39765.87681698602
2020 10 1 54.45852882957511 0.04354898186961969 41974.96306831483
2020 10 2 53.71467589042438 0.039940058085480006 44306.76916028161
2020 10 3 52.98098329175613 0.03663020744428365 46768.112463315956
2020 10 4 52.25731225275323 0.03359464561968294 49366.18906851179
2020 10 5 51.54352588821565 0.030810642173641493 52108.594826434506
2020 10 6 50.83948918266809 0.028257350349782762 55003.3475546824
2020 10 7 50.1450689648213 0.025915650971840693 58058.910479129394
2020 10 8 49.46013388238218 0.023768009278316175 61284.21697738293
2020 10 9 48.784554377207996 0.02179834362131015 64688.69669679803
2020 10 10 48.118202660799945 0.019991905046343697 68282.30312340736
2020 10 11 47.46095269013147 0.01833516685145276 72075.54268236895
2020 10 12 46.81268014380673 0.016815723298570562 76079.50545501105
2020 10 13 46.173262398544715 0.01542219671874347 80305.89760227964
2020 10 14 45.54257850598457 0.014144152315579554 84767.07558938333
2020 10 15 44.920509169807765 0.012972020028973809 89476.08231169629
2020 10 16 44.3069367231727 0.011897022874021751 94446.6852275385
2020 10 17 43.70174510645758 0.010911111218519575 99693.41660931992
2020 10 18 43.1048198453073 0.010006902506917553 105231.61603072866
2020 10 19 42.51604802898013 0.009177625979376608 111077.47521418057
2020 10 20 41.93531828899025 0.008417071971981629 117248.08536964805
2020 10 21 41.36252077804196 0.007719545418468994 123761.48716327024
2020 10 22 40.7975471492516 0.007079823205286917 130636.72346183474
2020 10 23 40.24029053565336 0.0064931150606611894 137893.8950073371
2020 10 24 39.690645529984955 0.005955027684801709 145554.21918439053
2020 10 25 39.14850816474943 0.005461531852654971 153640.09205230098
2020 10 26 38.6137758925493 0.005008932242866318 162175.15382316714
2020 10 27 38.08634756668932 0.004593839767029701 171184.35797744
2020 10 28 37.566123422044186 0.004213146192025005 180694.0442190113
2020 10 29 37.05300505618758 0.0038640008654137366 190732.01548312567
2020 10 30 36.54689541077895 0.003543789369611671 201327.61922225985
2020 10 31 36.04769875320457 0.003250113944999853 212511.83320762028
2020 11 1 35.55532065846931 0.0029807755353812204 224317.35609711194
2020 11 2 35.06966799133583 0.0027337573213383455 236778.70303456686
2020 11 3 34.59064888870762 0.00250720961818925 249932.30655973044
2020 11 4 34.11817274225281 0.0022994360254564384 263816.62312403054
2020 11 5 33.652150181265185 0.002108880724135686 278472.2455235434
2020 11 6 33.192493055759414 0.0019341168266458946 293942.0215778702
2020 11 7 32.739114419797104 0.0017738356922238627 310271.1794018994
2020 11 8 32.29192851504067 0.0016268371277571136 327507.4596367045
2020 11 9 31.85085075453177 0.0014920204006781297 345701.25502617337
2020 11 10 31.415797706691396 0.0013683759966240988 364905.7577474418
2020 11 11 30.986687079538427 0.0012549780601431172 385177.11492587236
2020 11 12 30.563437705123803 0.0011509774618424817 406574.5927892495
2020 11 13 30.145969524177282 0.0010555954400655319 429160.7499411192
2020 11 14 29.734203570963917 0.0009681177694856028 453001.62025986257
