2020 6 26 55.905639847810974 52.028486949014145 59.782792746607804
2020 6 27 52.44436566132384 45.419543010504654 59.97409207634594
2020 6 28 49.2916514275762 39.73173988501792 60.27380018449723
2020 6 29 46.287407126323146 34.723115574929004 60.52480184460486
2020 6 30 43.40336195222872 30.29869493159871 60.69459557551033
2020 7 1 40.708527694002235 26.44467540395546 60.878169499812515
2020 7 2 38.095349466466054 23.025243997187484 60.93419529840784
2020 7 3 35.69834889828677 20.077235018590173 61.067739660707794
2020 7 4 33.46312498169729 17.512831886489014 61.22031661374186
2020 7 5 31.316513547088576 15.249101141841027 61.279341107356046
2020 7 6 29.256807769353212 13.253248560073931 61.239025459493334
2020 7 7 27.29174125817374 11.50012440540186 61.113275316235665
2020 7 8 25.428789675729256 9.966314497074645 60.92089453103773
2020 7 9 23.674666464742376 8.62988675243669 60.68518645045222
2020 7 10 22.172135366408806 7.520269084098758 60.7851301109548
2020 7 11 20.87503501172489 6.590658017006269 61.1870003213878
2020 7 12 19.747085707263068 5.805406778065501 61.86490872326928
2020 7 13 18.759489685028623 5.137059678645655 62.79909701816648
2020 7 14 17.88917709625028 4.564247277023904 63.97466509196034
2020 7 15 17.11750873918257 4.070173248644808 65.3806140148827
2020 7 16 16.429305899096907 3.641513544563674 67.00911974559064
2020 7 17 15.812117227737918 3.267606489181664 68.85497778080158
2020 7 18 15.255659293284964 2.9398506431591906 70.91517583404553
2020 7 19 14.751385697914746 2.651252704161742 73.18856338842006
2020 7 20 14.270059744921676 2.3921142283382486 75.56598367866981
2020 7 21 13.804439073979324 2.158304439420651 78.02063088764585
2020 7 22 13.354011234257316 1.9473476634344922 80.5550136155315
2020 7 23 12.918280495787256 1.757010203482553 83.17172195061012
2020 7 24 12.49676730387434 1.5852766884456482 85.8734301162834
2020 7 25 12.089007751311069 1.4303287334063315 88.66289920407394
2020 7 26 11.69455306781222 1.2905256858433283 91.5429799954054
2020 7 27 11.312969126109142 1.1643872537295004 94.51661587504393
2020 7 28 10.943835964159794 1.0505778315925156 97.58684583917824
2020 7 29 10.586747322948707 0.9478923585761242 100.75680760121284
2020 7 30 10.241310199368144 0.8552435587613902 104.02974079844806
2020 7 31 9.907144413688407 0.7716504286431657 107.40899030292438
2020 8 1 9.583882191141232 0.6962278498624836 110.89800963981457
2020 8 2 9.271167757155789 0.6281772172102197 114.50036451685705
2020 8 3 8.968656945801813 0.5667779826674799 118.21973646843765
2020 8 4 8.676016821008913 0.5113800259475441 122.05992661804387
2020 8 5 8.392925310145202 0.46139677075553326 126.02485956293683
2020 8 6 8.11907084955196 0.41629897387793446 130.1185873850108
2020 8 7 7.8541520416442205 0.37560912133831365 134.34529379193975
2020 8 8 7.597877323199887 0.33889637228341474 138.7092983928424
2020 8 9 7.349964644472316 0.30577199706343655 143.21506111283628
2020 8 10 7.1101411587731995 0.2758852612030096 147.86718675099146
2020 8 11 6.878142922184108 0.24891971168066848 152.670429686343
2020 8 12 6.65371460306621 0.22458982619442375 157.62969873677073
2020 8 13 6.436609201048455 0.202637989934482 162.7500621757127
2020 8 14 6.226587775184948 0.18283176785194355 168.03675291183896
2020 8 15 6.023419180982333 0.16496144354113917 173.495173836979
2020 8 16 5.826879816007767 0.14883779867628277 179.130903347769
2020 8 17 5.636753373797495 0.13429010949020398 184.94970104666103
2020 8 18 5.452830605795198 0.12116433908105534 190.95751362812138
2020 8 19 5.2749090910581 0.10932150640639599 197.16048095603273
2020 8 20 5.102793013477385 0.09863621469489209 203.564942338512
2020 8 21 4.936292946267727 0.0889953236938531 210.17744300655588
2020 8 22 4.775225643488765 0.08029675169381617 217.0047408031356
2020 8 23 4.619413838369055 0.07244839464552341 224.0538130895769
2020 8 24 4.468686048210557 0.06536715092445919 231.33186387628305
2020 8 25 4.322876385658935 0.0589780414167541 238.84633118508918
2020 8 26 4.1818243761319485 0.053213415609564295 246.60489465077112
2020 8 27 4.04537478120502 0.04801223527968528 254.61548336947806
2020 8 28 3.913377427759581 0.04331942819580137 262.8862840021097
2020 8 29 3.7856870427061815 0.039085304991105 271.4257491409193
2020 8 30 3.6621630931004403 0.03526503303189404 280.2426059478936
2020 8 31 3.5426696314758965 0.03181816171125184 289.3458650737368
2020 9 1 3.4270751462235185 0.028708194141424805 298.744829866575
2020 9 2 3.3152524168532143 0.025902200709800597 308.4491058797913
2020 9 3 3.2070783739780406 0.02337047040665917 318.46861068870845
2020 9 4 3.102433963867019 0.021086196232811782 328.8135840261518
2020 9 5 3.001204017417483 0.019025191356094987 339.4945982472507
2020 9 6 2.903277123402753 0.01716563301126812 350.52256913417347
2020 9 7 2.80854550585564 0.015487831431621305 361.9087670518376
2020 9 8 2.7169049054528274 0.013974021365647038 373.6648284659962
2020 9 9 2.6282544647695847 0.012608173971268373 385.802767835473
2020 9 10 2.542496617278529 0.011375827095882553 398.33498989069767
2020 9 11 2.45953697997027 0.010263932145155606 411.2743023110916
2020 9 12 2.3792842494777555 0.009260715919151855 424.6339288142592
2020 9 13 2.301650101589997 0.008355555952862586 438.42752267036184
2020 9 14 2.226549094044583 0.007538868041188273 452.6691806554859
2020 9 15 2.1538985724919972 0.006802004757442691 467.37345745826514
2020 9 16 2.0836185795282396 0.006137163890851229 482.5553805544802
2020 9 17 2.0156317666956483 0.005537305833542051 498.2304655648376
2020 9 18 1.9498633093550588 0.004996079042289682 514.4147321116221
2020 9 19 1.88624082433562 0.0045077527857693735 531.1247201904298
2020 9 20 1.8246942902716292 0.004067156465222587 548.3775070737113
2020 9 21 1.7651559705387136 0.0036696248660358986 566.1907247634015
2020 9 22 1.7075603387045426 0.0033109487605345947 584.5825780104717
2020 9 23 1.6518440064120234 0.002987330338953052 603.57186291982
2020 9 24 1.5979456536156114 0.0026953429966667442 623.1779861595127
2020 9 25 1.5458059610939527 0.0024318950518965815 643.4209847940099
2020 9 26 1.4953675451645874 0.002194197009713753 664.3215467616435
2020 9 27 1.4465748945288577 0.0019797320257229243 685.9010320172746
2020 9 28 1.3993743091775184 0.0017862292566811475 708.1814943617386
2020 9 29 1.3537138412898064 0.0016116398158779045 731.1857039803875
2020 9 30 1.3095432380609293 0.0014541150786819826 754.9371707137619
2020 10 1 1.2668138863950442 0.0013119871085454096 779.4601680841764
2020 10 2 1.225478759402863 0.00118375099620695 804.7797581027721
2020 10 3 1.1854923646449977 0.0010680489250954 830.9218168823893
2020 10 4 1.1468106940640825 0.0009636557942106355 857.9130610824351
2020 10 5 1.1093911755505732 0.0008694662462515784 885.7810752127734
2020 10 6 1.0731926260889137 0.0007844829636395777 914.5543398245404
2020 10 7 1.038175206432508 0.0007078061085106992 944.2622606166958
2020 10 8 1.0043003772576096 0.0006386237948632291 974.9351984880576
2020 10 9 0.9715308567478753 0.0005762034919755808 1006.6045005655309
2020 10 10 0.9398305795629023 0.0005198842680704659 1039.3025322402427
2020 10 11 0.9091646571455874 0.0004690697920980637 1073.062710244322
2020 10 12 0.8794993393246265 0.0004232220195381985 1107.9195368021292
2020 10 13 0.850801977169894 0.00038185549536420604 1143.9086348908374
2020 10 14 0.8230409870598208 0.00034453221384593525 1181.0667846463996
2020 10 15 0.7961858159212256 0.0003108569807653685 1219.4319609521099
2020 10 16 0.7702069076033432 0.0002804732289380978 1259.0433722481716
2020 10 17 0.7450756703490404 0.0002530592427336811 1299.9415006019367
2020 10 18 0.7207644453274211 0.0002283247516185509 1342.168143079766
2020 10 19 0.6972464761931869 0.00020600785665251018 1385.766454462792
2020 10 20 0.674495879639252 0.00018587225739529977 1430.780991350239
2020 10 21 0.6524876169102017 0.0001677047498605855 1477.257757695374
2020 10 22 0.6311974662452459 0.00015131296902467576 1525.244251820623
2020 10 23 0.6106019962203348 0.0001365233519867256 1574.789514959903
2020 10 24 0.5906785399601023 0.00012317930021353178 1625.9441813777796
2020 10 25 0.5714051701912514 0.00011113952141001271 1678.7605301166684
2020 10 26 0.5527606751099283 0.0001002765334584175 1733.2925384249675
2020 10 27 0.5347245350365256 9.047531458535884e-05 1789.5959369207221
2020 10 28 0.5172768998322197 8.16320854640843e-05 1847.7282665471978
2020 10 29 0.5003985670523887 7.365321035638523e-05 1907.748937378569
2020 10 30 0.48407096081286743 6.645420565898298e-05 1969.7192893358233
2020 10 31 0.468276111345779 5.9958845356474726e-05 2033.7026548749293
2020 11 1 0.4529966352224439 5.4098353909007815e-05 2099.764423711335
2020 11 2 0.43821571622159916 4.8810678028645946e-05 2167.9721096469457
2020 11 3 0.4239170868218731 4.4039829633696814e-05 2238.395419567874
2020 11 4 0.4100850102981451 3.973529302393187e-05 2311.106324683478
2020 11 5 0.3967042634020871 3.5851489999626336e-05 2386.179134079493
2020 11 6 0.3837601196078254 3.234729726088029e-05 2463.6905706604266
2020 11 7 0.37123833290428326 2.918561097724695e-05 2543.7198495588264
2020 11 8 0.35912512211636577 2.6332953917152613e-05 2626.3487590915556
2020 11 9 0.3474071557377328 2.375912097723346e-05 2711.6617443458126
2020 11 10 0.3360715372584659 2.1436859358308333e-05 2799.745993480313
2020 11 11 0.3251057909714819 1.9341580001559503e-05 2890.69152682984
2020 11 12 0.3144978482420721 1.7451097229489308e-05 2984.5912889042193
2020 11 13 0.3042360342254551 1.5745393834864287e-05 3081.541243375743
2020 11 14 0.2943090550177255 1.4206409130312168e-05 3181.6404711521154
