2020 6 26 31.56914922040701 28.66914922217309 34.46914921864093
2020 6 27 30.056572121803345 24.783703272020087 35.837601791035645
2020 6 28 28.646725202432894 21.44979012679311 37.296460620626064
2020 6 29 27.18765490550882 18.47798248685321 38.66452099977293
2020 6 30 25.799487444452467 15.915591197687764 40.07791000037127
2020 7 1 24.49629729753631 13.717231320291807 41.564867990070866
2020 7 2 23.242216422314847 11.813161013397744 43.07862818009182
2020 7 3 22.105150187160806 10.20023468710384 44.74540413280705
2020 7 4 21.039375952967553 8.814759483140046 46.50837716020891
2020 7 5 20.026307118930518 7.618023467843742 48.343730126068856
2020 7 6 19.122395188295375 6.606729627744145 50.39726098346097
2020 7 7 18.220431509117194 5.716262331598291 52.43562913731488
2020 7 8 17.365413772698275 4.947194962854125 54.569109980269815
2020 7 9 16.555858736708498 4.28311937415389 56.80617708653441
2020 7 10 15.165315860918277 3.5481150208133854 57.011983018172465
2020 7 11 13.891566050360224 2.939241030004794 57.21853457438288
2020 7 12 12.724799740493888 2.434852811080282 57.4258344565261
2020 7 13 11.656031281762832 2.017020091617284 57.63388537574945
2020 7 14 10.677029738163913 1.6708895221402582 57.842690053022636
2020 7 15 9.780255498112872 1.384156661007539 58.05225121917327
2020 7 16 8.958802209425727 1.1466285692889249 58.262571614922635
2020 7 17 8.206343591238257 0.9498614665138729 58.473653990921505
2020 7 18 7.517084713244726 0.786860566475683 58.685501107786116
2020 7 19 6.885717367041326 0.6518314226881946 58.898115736134294
2020 7 20 6.307379185874415 0.5399739441852515 59.11150065662166
2020 7 21 5.777616197961357 0.44731175922221733 59.32565865997801
2020 7 22 5.2923485249948135 0.37055086100567447 59.54059254704383
2020 7 23 4.8478389616634265 0.30696251051123 59.75630512880689
2020 7 24 4.4406641942095 0.2542862337537898 59.97279922643906
2020 7 25 4.067688436368358 0.21064946520341093 60.19007767133313
2020 7 26 3.7260392796511135 0.17450098078627002 60.408143305139916
2020 7 27 3.413085571985964 0.14455575411010874 60.626998979805386
2020 7 28 3.126417154354186 0.11974927563264662 60.84664755760796
2020 7 29 2.8638262993660217 0.09919971088539871 61.06709191119595
2020 7 30 2.6232907088288546 0.08217655253243056 61.288334923625136
2020 7 31 2.4029579393663707 0.06807465189003184 61.51037948839645
2020 8 1 2.201131136145303 0.05639270676535339 61.733228509493856
2020 8 2 2.0162559648405134 0.046715440887752833 61.95688490142228
2020 8 3 1.8469086411971902 0.03869884143738092 62.18135158924577
2020 8 4 1.6917849660019078 0.03205792988647935 62.406631508625736
2020 8 5 1.5496902810172581 0.026556631424467254 62.63272760585933
2020 8 6 1.419530268527425 0.0219993828395154 62.859642837917995
2020 8 7 1.3003025236389814 0.018224180528923144 63.087380172486135
2020 8 8 1.1910888344324433 0.015096821505111704 63.315942587999935
2020 8 9 1.0910481105114926 0.012506132673317549 63.54533307368629
2020 8 10 0.9994099054903156 0.01036001878870088 63.77555462960191
2020 8 11 0.9154684835336053 0.008582188603454452 64.0066102666726
2020 8 12 0.8385773842537126 0.0071094428231726695 64.23850300673253
2020 8 13 0.7681444441074361 0.005889427463248318 64.47123588256389
2020 8 14 0.7036272359505976 0.0048787727403629055 64.70481193793646
2020 8 15 0.6445288916289191 0.004041551339352082 64.93923422764743
2020 8 16 0.5903942754336046 0.0033480012490607627 65.1745058175614
2020 8 17 0.5408064789521551 0.002773467765847905 65.41062978465041
2020 8 18 0.4953836103201156 0.002297527054494168 65.64760921703423
2020 8 19 0.4537758531467279 0.0019032601103690363 65.88544721402074
2020 8 20 0.4156627724643144 0.0015766513132614566 66.12414688614646
2020 8 21 0.38075084695362493 0.0013060901923316625 66.36371135521722
2020 8 22 0.3487712084400073 0.0010819586906480913 66.60414375434898
2020 8 23 0.31947757125151927 0.000896289257160019 66.84544722800887
2020 8 24 0.2926443354922919 0.0007424816117695424 67.0876249320562
2020 8 25 0.2680648496238305 0.0006150681149104467 67.33068003378385
2020 8 26 0.2455498189738225 0.0005095194008614898 67.57461571195962
2020 8 27 0.22492584791585785 0.00042208336533922016 67.81943515686784
2020 8 28 0.20603410449290974 0.00034965178361189025 68.06514157035107
2020 8 29 0.18872909720040412 0.0002896498176011297 68.311738165852
2020 8 30 0.1728775545084835 0.0002399444841084881 68.55922816845545
2020 8 31 0.15835739849429897 0.00019876883034454894 68.80761481493055
2020 9 1 0.1450568046799367 0.00016465912131022992 69.0569013537731
2020 9 2 0.13287334083548247 0.00013640280613242818 69.30709104524804
2020 9 3 0.12171317811486483 0.00011299541363242323 69.55818716143207
2020 9 4 0.11149036844917545 9.360484482677357e-05 69.81019298625647
2020 9 5 0.102126182632436 7.754179301070502e-05 70.06311181555003
2020 9 6 0.0935485040021931 6.423523990069384e-05 70.31694695708218
2020 9 7 0.08569127304547712 5.321215675951746e-05 70.57170173060621
2020 9 8 0.07849397865285339 4.408068890809692e-05 70.82737946790273
2020 9 9 0.07190119210254636 3.651622585782294e-05 71.08398351282321
2020 9 10 0.06586214018569621 3.024986187669598e-05 71.34151722133373
2020 9 11 0.06033031418524528 2.505883677907943e-05 71.59998396155888
2020 9 12 0.05526311169707297 2.075861712295299e-05 71.85938711382578
2020 9 13 0.050621508534926044 1.7196336312670115e-05 72.1197300707083
2020 9 14 0.04636975819237692 1.4245360412350551e-05 72.38101623707146
2020 9 15 0.042475116547268016 1.1800786492425537e-05 72.64324903011592
2020 9 16 0.03890758968850083 9.775713482059573e-06 72.90643187942268
2020 9 17 0.0356397029231013 8.09815296164035e-06 73.17056822699796
2020 9 18 0.032646289184609156 6.70847007847327e-06 73.43566152731816
2020 9 19 0.02990429521325501 5.55726361393096e-06 73.70171524737512
2020 9 20 0.027392604015255177 4.603609841507926e-06 73.96873286672138
2020 9 21 0.025091872233925148 3.8136077474715094e-06 74.23671787751576
2020 9 22 0.022984381180153335 3.15917389880523e-06 74.50567378456896
2020 9 23 0.021053900374972026 2.6170441177411097e-06 74.77560410538946
2020 9 24 0.019285562553322137 2.167946473853035e-06 75.0465123702295
2020 9 25 0.017665749166374842 1.7959161947749607e-06 75.31840212213119
2020 9 26 0.016181985500625943 1.4877281416098371e-06 75.59127691697299
2020 9 27 0.01482284460604075 1.2324266743500267e-06 75.86514032351607
2020 9 28 0.013577859293368692 1.0209361947041788e-06 76.13999592345107
2020 9 29 0.012437441522890084 8.45738521690758e-07 76.41584731144489
2020 9 30 0.011392808563781453 7.006056311667182e-07 76.69269809518777
2020 10 1 0.010435915355428448 5.803782585677148e-07 76.97055189544038
2020 10 2 0.00955939254977869 4.807824945071531e-07 77.24941234608126
2020 10 3 0.008756489757578397 3.9827785347260964e-07 77.5292830941543
2020 10 4 0.008021023561413482 3.2993141468130035e-07 77.81016779991643
2020 10 5 0.007347329895186508 2.73313560983853e-07 78.09207013688554
2020 10 6 0.006730220423288264 2.2641160948505507e-07 78.37499379188847
2020 10 7 0.006164942583525665 1.875582635749332e-07 78.65894246510926
2020 10 8 0.005647142986083478 1.5537234294324532e-07 78.94391987013752
2020 10 9 0.005172833886643295 1.2870968461503593e-07 79.229929734017
2020 10 10 0.004738362475458246 1.0662246961000865e-07 79.51697579729438
2020 10 11 0.004340382745868567 8.832552934722336e-08 79.80506181406811
2020 10 12 0.003975829725608244 7.31684340364866e-08 80.09419155203759
2020 10 13 0.003641895872449584 6.061237083907712e-08 80.38436879255237
2020 10 14 0.0033360094524008343 5.021098984982755e-08 80.67559733066165
2020 10 15 0.0030558147339402758 4.159453700289993e-08 80.96788097516391
2020 10 16 0.0027991538457560945 3.4456709848980467e-08 81.26122354865673
2020 10 17 0.002564050158272543 2.8543768945764503e-08 81.55562888758675
2020 10 18 0.0023486930609780826 2.3645517787395403e-08 81.85110084229986
2020 10 19 0.002151424018320721 1.9587830622381653e-08 82.14764327709157
2020 10 20 0.001970723796782432 1.622646253471516e-08 82.44526007025755
2020 10 21 0.0018052007647641674 1.3441921745517971e-08 82.7439551141443
2020 10 22 0.0016535801751750507 1.1135221852949642e-08 83.04373231520015
2020 10 23 0.0015146943481874524 9.224363008641315e-09 83.34459559402625
2020 10 24 0.001387473678552135 7.641416941562847e-09 83.64654888542792
2020 10 25 0.0012709383982178514 6.3301122061331725e-09 83.94959613846608
2020 10 26 0.0011641910308166346 5.243833813633112e-09 84.2537413165089
2020 10 27 0.0010664094799042961 4.343966136707609e-09 84.5589883972836
2020 10 28 0.0009768406977264115 3.5985201796066447e-09 84.86534137292857
2020 10 29 0.0008947948857508821 2.9809964156053128e-09 85.17280425004546
2020 10 30 0.0008196401823034797 2.4694427671163126e-09 85.48138104975166
2020 10 31 0.0007507977963941096 2.045674241048961e-09 85.79107580773287
2020 11 1 0.0006877375502577991 1.6946264785792201e-09 86.10189257429586
2020 11 2 0.0006299737962820551 1.4038202389590902e-09 86.41383541442148
2020 11 3 0.0005770616768755149 1.1629177805385217e-09 86.7269084078178
2020 11 4 0.0005285936984739102 9.633553689861368e-10 87.04111564897346
2020 11 5 0.00048419659329864377 7.980388489069749e-10 87.35646124721121
2020 11 6 0.0004435284446993532 6.61091456868119e-10 87.6729493267417
2020 11 7 0.0004062760539417827 5.476449109496381e-10 87.99058402671737
2020 11 8 0.00037215252816173445 4.536663503562217e-10 88.30936950128661
2020 11 9 0.00034089507090914235 3.758149730427438e-10 88.62930991964808
2020 11 10 0.0003122629582665243 3.1132327502848327e-10 88.95040946610524
2020 11 11 0.0002860356849552384 2.5789866962920893e-10 89.27267234012106
2020 11 12 0.00026201126615209996 2.136419893129758e-10 89.59610275637297
2020 11 13 0.00024000468193809303 1.769799730383575e-10 89.92070494480795
2020 11 14 0.00021984645239936577 1.4660933909753373e-10 90.24648315069788
