2020 6 26 62.481080288961394 55.16100065707375 69.80115992084905
2020 6 27 61.84622105445083 48.2065700804411 77.1828760010418
2020 6 28 61.188063450468725 42.105732111163654 85.30810805051198
2020 6 29 60.75652141663225 36.92811541803495 94.59488475148551
2020 6 30 60.5618221140951 32.529279163472474 105.2566484933577
2020 7 1 60.41480490639745 28.67970354196594 117.20188397498315
2020 7 2 60.44474317928523 25.36952756139788 130.845338435832
2020 7 3 60.427729096618584 22.42169520110532 145.97535512113853
2020 7 4 60.457673774028144 19.833810818349622 162.96832522071986
2020 7 5 60.61066891566627 17.584980058843456 182.2710965488452
2020 7 6 61.00177450203149 15.660100719984408 204.57507519945472
2020 7 7 61.43565619320208 13.956255089342653 229.74331632481648
2020 7 8 61.99621011098756 12.465865674712381 258.4700885982754
2020 7 9 62.70479107065803 11.163371107103897 291.3846349909075
2020 7 10 63.017879290145416 9.925115919082593 326.6151825056689
2020 7 11 62.96748486678198 8.766715984995034 364.21336720685144
2020 7 12 62.58885215500228 7.6978125950889735 404.240840351165
2020 7 13 61.91882207646103 6.723118849799162 446.77063457666554
2020 7 14 60.994487591826164 5.843449323699355 491.8882784011847
2020 7 15 59.85213523620553 5.0566692436555805 539.6927017514648
2020 7 16 58.526450381879464 4.358527063531902 590.2969761843631
2020 7 17 57.04995505100309 3.7433552233325753 643.8289317420888
2020 7 18 55.452643180835025 3.204638535990699 700.431688988984
2020 7 19 53.761777858995146 2.73545903794679 760.2641404817322
2020 7 20 52.001817008633296 2.3288314235005934 823.5014113011935
2020 7 21 50.1944373638451 1.9779454676737844 890.3353237206195
2020 7 22 48.35863062020788 1.6763320858498922 960.974886857644
2020 7 23 46.51084986866771 1.4179686457817826 1035.6468284023176
2020 7 24 44.6666814703187 1.1973829280592214 1114.6294261650353
2020 7 25 42.895634872389856 1.0111125381176567 1199.6355549020823
2020 7 26 41.194810774740546 0.85381922589777 1291.1245933427795
2020 7 27 39.56142483530361 0.7209951840472948 1389.590954288299
2020 7 28 37.99280311196514 0.6088338604378459 1495.5667564510684
2020 7 29 36.48637768517495 0.5141208676802135 1609.6247000594076
2020 7 30 35.039682454121895 0.4341418632566992 1732.381161767356
2020 7 31 33.65034909959193 0.36660476024333205 1864.4995255947852
2020 8 1 32.316103206900024 0.30957403928955723 2006.6937678984207
2020 8 2 31.03476054254898 0.2614152793281833 2159.7323157471887
2020 8 3 29.804223478519685 0.22074831734295663 2324.442199552807
2020 8 4 28.62247755833936 0.18640769481791 2501.7135223967043
2020 8 5 27.487588199306124 0.15740925731878863 2692.5042702058136
2020 8 6 26.397697525471322 0.13292194999705548 2897.8454887717367
2020 8 7 25.35102132619497 0.11224400071488556 3118.8468555902436
2020 8 8 24.34584613529537 0.09478280823266827 3356.7026766316876
2020 8 9 23.38052642601126 0.08003795908247022 3612.6983404492826
2020 8 10 22.453481917184508 0.06758688641469508 3888.217264503668
2020 8 11 21.56319498625342 0.05707275982045085 4184.748371242159
2020 8 12 20.708208184821633 0.04819425906879252 4503.8941343339075
2020 8 13 19.887121852735344 0.040696938688386385 4847.379238543359
2020 8 14 19.098591826763123 0.03436593591452793 5217.059900040533
2020 8 15 18.341327240127175 0.02901981302142674 5614.933897515697
2020 8 16 17.614088409283827 0.02450535756957391 6043.151368307247
2020 8 17 16.915684804493768 0.020693191550520528 6504.026427885771
2020 8 18 16.244973100859752 0.017474063593269154 7000.049675486765
2020 8 19 15.600855306641225 0.014755717972075396 7533.901653473256
2020 8 20 14.98227696578178 0.012460250685781918 8108.467333163624
2020 8 21 14.38822543170693 0.010521876837599364 8726.851705406989
2020 8 22 13.817728209566285 0.008885045331546845 9392.396560158657
2020 8 23 13.269851364206295 0.00750284685537661 10108.698545733572
2020 8 24 12.74369799126732 0.006335669524989851 10879.628605331152
2020 8 25 12.23840674890215 0.0053500636629841255 11709.352895867785
2020 8 26 11.75315044771229 0.004517783177465995 12602.355302163734
2020 8 27 11.28713469659367 0.003814976068380161 13563.461668152604
2020 8 28 10.83959660227497 0.0032215008623934565 14597.865876060416
2020 8 29 10.409803520419606 0.0027203493863090763 15711.157914487905
2020 8 30 9.997051856246886 0.0022971593365006945 16909.354087077816
2020 8 31 9.60066591270887 0.0019398026752850208 18198.929525016792
2020 9 1 9.219996784337352 0.0016380380582458507 19586.85317907163
2020 9 2 8.854421294950116 0.0013832173315605882 21080.62548025909
2020 9 3 8.503340977477446 0.0011680376879512231 22688.318872670072
2020 9 4 8.166181094238802 0.0009863323783943483 24418.621437490212
2020 9 5 7.842389696065803 0.0008328939816791921 26280.88384396392
2020 9 6 7.531436718731253 0.0007033251669652309 28285.16988102804
2020 9 7 7.232813115205012 0.0005939126724020463 30442.31084269139
2020 9 8 6.946030022316165 0.0005015208882141108 32763.964061062343
2020 9 9 6.670617960457277 0.0004235019944898619 35262.67590334082
2020 9 10 6.4061260650206 0.0003576200783492007 37951.9495732146
2020 9 11 6.15212134830805 0.000301987055793075 40846.31808306311
2020 9 12 5.908187990706666 0.0002550085618445635 43961.42279131538
2020 9 13 5.673926659969162 0.00021533825826823327 47314.09792938319
2020 9 14 5.448953857485198 0.0001818392493906177 50922.46157495851
2020 9 15 5.2329012904731815 0.00015355150025294457 54806.01356330098
2020 9 16 5.025415269064843 0.0001296643233457308 58985.74086563446
2020 9 17 4.826156127295575 0.00010949314543335968 63484.23100412449
2020 9 18 4.634797667052675 9.245988863817709e-05 68325.79411633861
2020 9 19 4.451026624071192 7.807640353328917e-05 73536.59432883406
2020 9 20 4.274542155103192 6.593047945956508e-05 79144.79114982425
2020 9 21 4.1050553454209116 5.567403114200555e-05 85180.69164501943
2020 9 22 3.9422887358475442 4.701312305034844e-05 91676.91421900978
2020 9 23 3.7859758685413945 3.969954561597396e-05 98668.56488727634
2020 9 24 3.6358608507898174 3.3523701891213035e-05 106193.42699141534
2020 9 25 3.4916979360988543 2.8308600792617635e-05 114292.16538280953
2020 9 26 3.353251121892782 2.3904784782907354e-05 123008.54617816856
2020 9 27 3.2202937631649875 2.0186046626018326e-05 132389.67327451185
2020 9 28 3.0926082014476997 1.704581246341711e-05 142486.2429017365
2020 9 29 2.9699854084931707 1.4394087555681956e-05 153352.81758838915
2020 9 30 2.852224644083005 1.2154877158557192e-05 165048.1210211709
2020 10 1 2.7391331274054402 1.0264008619378982e-05 177635.3553916154
2020 10 2 2.630525721462619 8.667292278187967e-06 191182.5429449027
2020 10 3 2.526224629991195 7.318968467514982e-06 205762.8935765611
2020 10 4 2.426059106400126 6.180396104015739e-06 221455.20046357365
2020 10 5 2.329865174249169 5.2189452888163755e-06 238344.26586790633
2020 10 6 2.2374853588104773 4.407062180037463e-06 256521.35941352777
2020 10 7 2.148768429273858 3.7214793380448306e-06 276084.71131348016
2020 10 8 2.063569151173666 3.142548913021432e-06 297140.04321243294
2020 10 9 1.9817480486320411 2.653679564944347e-06 319801.1395134271
2020 10 10 1.9031711760292676 2.2408609788773696e-06 344190.462276298
2020 10 11 1.827709898727468 1.8922623488493994e-06 370439.8130107282
2020 10 12 1.7552406824886675 1.5978933234255746e-06 398691.04494030325
2020 10 13 1.6856448912424888 1.349317696143219e-06 429096.82958669314
2020 10 14 1.6188085928724179 1.1394116355790917e-06 461821.4818166302
2020 10 15 1.5546223727026969 9.621595262582409e-07 497041.84781029244
2020 10 16 1.4929811543805172 8.124815694891349e-07 534948.2607497311
2020 10 17 1.4337840278602823 6.860882034050057e-07 575745.569391947
2020 10 18 1.3769340842083446 5.793571700924636e-07 619654.2450850914
2020 10 19 1.3223382569577813 4.89229706722427e-07 666911.5732101806
2020 10 20 1.2699071697534978 4.1312288566569925e-07 717772.9354869532
2020 10 21 1.2195549900382463 3.4885559138293974e-07 772513.1900735372
2020 10 22 1.1711992885400357 2.945860126897471e-07 831428.1569180738
2020 10 23 1.1247609043309053 2.487588590121928e-07 894836.2163892391
2020 10 24 1.0801638152361552 2.100607879241706e-07 963080.0298247664
2020 10 25 1.0373350133818906 1.7738276658183497e-07 1036528.3912959282
2020 10 26 0.9962043856771376 1.4978828838623657e-07 1115578.2205950336
2020 10 27 0.9567045990348797 1.2648653400795477e-07 1200656.7082161796
2020 10 28 0.9187709901441113 1.0680970760605584e-07 1292223.623920872
2020 10 29 0.8823414596124618 9.019389872896408e-08 1390773.8013641569
2020 10 30 0.8473563703060932 7.616292142596782e-08 1496839.8122083466
2020 10 31 0.8137584497204511 6.431466742079455e-08 1610994.8441754286
2020 11 1 0.7814926962220421 5.430958224820811e-08 1733855.7985913395
2020 11 2 0.7505062890077518 4.5860934095746005e-08 1866086.6241614406
2020 11 3 0.7207485016343015 3.872659646914799e-08 2008401.9049931362
2020 11 4 0.6921706189762856 3.2702109184107093e-08 2161570.7222555457
2020 11 5 0.6647258574768479 2.7614818822026722e-08 2326420.8103448944
2020 11 6 0.6383692885604397 2.3318930723403214e-08 2503843.030015813
2020 11 7 0.6130577650822852 1.9691330715852564e-08 2694796.182651645
2020 11 8 0.5887498506941449 1.662805683332335e-08 2900312.1916903933
2020 11 9 0.5654057520107479 1.40413199108804e-08 3121501.6792070777
2020 11 10 0.5429872534658439 1.1856987669453463e-08 3359559.9677887186
2020 11 11 0.5214576547512307 1.0012460187922354e-08 3615773.5401364784
2020 11 12 0.5007817107363433 8.454875876526153e-09 3891526.991303073
2020 11 13 0.48092557377004674 7.139596537291944e-09 4188310.5111358087
2020 11 14 0.4618567382701808 6.028928095423997e-09 4507727.937360857
