2020 6 26 4874.43035923407 4532.6083645600265 5216.252353908115
2020 6 27 5190.430108633045 4486.950840833371 5945.115104267405
2020 6 28 5490.955004593458 4410.666600838088 6734.632132700877
2020 6 29 5807.082945397836 4334.235605729534 7626.793418936356
2020 6 30 6143.311920930421 4260.547731520026 8639.638951947547
2020 7 1 6486.273317998829 4179.28047635879 9769.08125860059
2020 7 2 6874.919573274613 4116.662763340372 11086.143194431857
2020 7 3 7258.349231141756 4037.9154467157973 12534.807208055056
2020 7 4 7680.190101777666 3970.146538006774 14202.176958271813
2020 7 5 8158.808786472646 3920.191925688421 16150.996253249446
2020 7 6 8735.352699870224 3903.5861776910415 18502.038104618037
2020 7 7 9419.750878380608 3917.0415565785247 21337.461523289574
2020 7 8 10203.693698398663 3949.6397525199977 24711.436255783014
2020 7 9 11106.065982316632 4003.096886109947 28747.72826644759
2020 7 10 11923.156116857042 3997.7742007652864 33015.98047195435
2020 7 11 12640.854081872412 3938.9767890083244 37476.267191678984
2020 7 12 13249.555670381014 3833.61844609024 42087.897165932896
2020 7 13 13743.994937707343 3689.536736833044 46810.94132802688
2020 7 14 14122.84729289915 3514.8880032245925 51607.47578524389
2020 7 15 14388.183112452769 3317.655476188531 56442.521364822336
2020 7 16 14544.844338727555 3105.2824852700846 61284.68840817913
2020 7 17 14599.803850243414 2884.4269228044864 66106.55451252685
2020 7 18 14561.552644577117 2660.8228571920754 70884.8142265476
2020 7 19 14439.545385573743 2439.22983309282 75600.24460670687
2020 7 20 14243.722096112911 2223.4488380815183 80237.53060518485
2020 7 21 13985.287342459163 2016.5682065565413 84791.60378355933
2020 7 22 13731.541568374478 1828.936767982234 89604.15428990695
2020 7 23 13482.399698113088 1658.7634826342837 94689.85262390111
2020 7 24 13237.77819952361 1504.4239579461203 100064.20194455277
2020 7 25 12997.595056042423 1364.4449428365367 105743.58532978484
2020 7 26 12761.769739195208 1237.4902647614415 111745.31571833706
2020 7 27 12530.223181597401 1122.3480752515825 118087.68868624323
2020 7 28 12302.87775044452 1017.9192821882644 124790.03821876369
2020 7 29 12079.657221483487 923.2070583971099 131872.7956477875
2020 7 30 11860.48675345619 837.3073264139322 139357.55193436798
2020 7 31 11645.292863006765 759.4001285948594 147267.12348625253
2020 8 1 11434.003400044117 688.7418001939191 155625.62171104422
2020 8 2 11226.54752355149 624.6578706960354 164458.52651701943
2020 8 3 11022.855677834921 566.5366256449697 173792.76398566045
2020 8 4 10822.85956920265 513.8232675105004 183656.78845267865
2020 8 5 10626.492143067646 466.01461985728093 194080.6692477426
2020 8 6 10433.687561465578 422.65432426391243 205096.18235732728
2020 8 7 10244.381180980707 383.32848414432306 216736.90729010772
2020 8 8 10058.509531072265 347.6617138894627 229038.32944017992
2020 8 9 9876.010292794095 315.3135556163147 242037.94826015172
2020 8 10 9696.822277900388 285.9752293202286 255775.39157385612
2020 8 11 9520.885408330514 259.3666854090869 270292.5363771567
2020 8 12 9348.14069606609 235.2339314842113 285633.6364950918
2020 8 13 9178.530223353504 213.34660785073962 301845.45748450555
2020 8 14 9011.997123285288 193.4957886144598 318977.4191934011
2020 8 15 8848.485560733805 175.49198737542483 337081.7464115909
2020 8 16 8687.940713630882 159.1633484816568 356213.62807188544
2020 8 17 8530.308754587095 144.3540065775154 376431.3854871269
2020 8 18 8375.536832844551 130.92259878776613 397796.6501359183
2020 8 19 8223.573056557118 118.74091533537126 420374.5515390074
2020 8 20 8074.3664753921485 107.69267571244777 444233.9157990447
2020 8 21 7927.867063447886 97.67241872230743 469447.4754089409
2020 8 22 7784.025702480802 88.58449579745256 496092.09096839995
2020 8 23 7642.794165437262 80.34215798422389 524248.9854845046
2020 8 24 7504.125100283983 72.86672787889384 554003.9919705933
2020 8 25 7367.972014131871 66.08684861090435 585447.815098204
2020 8 26 7234.289257647911 59.93780270440341 618676.3076996998
2020 8 27 7103.032009749877 54.36089431625914 653790.7629644646
2020 8 28 6974.156262578754 49.3028889536919 690898.2232193926
2020 8 29 6847.618806743797 44.71550532333753 730111.8062349536
2020 8 30 6723.377216835318 40.55495446117671 771551.0500515411
2020 8 31 6601.389837200311 36.781521744085644 815342.2773772652
2020 9 1 6481.615767976174 33.35918779309094 861618.9806680147
2020 9 2 6364.014851377816 30.255284649652864 910522.2290636604
2020 9 3 6248.547658233585 27.44018394300074 962201.0984208963
2020 9 4 6135.175474765474 24.88701407191536 1016813.1257536259
2020 9 5 6023.860289609185 22.57140370131142 1074524.789466199
2020 9 6 5914.564781069702 20.47124912516133 1135512.0168434372
2020 9 7 5807.252304608089 18.566503275118418 1199960.72034447
2020 9 8 5701.886880555333 16.838984360817125 1268067.3643352133
2020 9 9 5598.433182049099 15.272202315222184 1340039.5639871038
2020 9 10 5496.856523189357 13.851201388357348 1416096.718167768
2020 9 11 5397.122847408916 12.562417386888928 1496470.678252916
2020 9 12 5299.198716054951 11.393548196841637 1581406.4548982545
2020 9 13 5203.051297177714 10.33343635351869 1671162.964925933
2020 9 14 5108.6483545226565 9.37196253769495 1766013.8206023187
2020 9 15 5015.958236722269 8.499948981448835 1866248.163713122
2020 9 16 4924.949866684036 7.709071861591423 1972171.546978451
2020 9 17 4835.592731170919 6.991781844442402 2084106.8654946906
2020 9 18 4747.856870570898 6.341232023511428 2202395.341042593
2020 9 19 4661.712868852127 5.75121256221256 2327397.562262134
2020 9 20 4577.1318437003465 5.216091417742451 2459494.583864981
2020 9 21 4494.085436835231 4.730760580300889 2599089.0882353964
2020 9 22 4412.545804502446 4.29058731447905 2746606.6129605873
2020 9 23 4332.485608138206 3.8913699373891544 2902496.848032472
2020 9 24 4253.878005203214 3.52929771141475 3067235.006675244
2020 9 25 4176.696640182916 3.200914468737065 3241323.273977533
2020 9 26 4100.915635751028 2.9030856204145916 3425292.3377451585
2020 9 27 4026.5095840934114 2.632968235100403 3619703.0062410915
2020 9 28 3953.453538389346 2.387983901782991 3825147.917744124
2020 9 29 3881.7230044473777 2.165794117511359 4042253.3471376337
2020 9 30 3811.2939324929193 1.9642779651674016 4271681.115035621
2020 10 1 3742.1427091048536 1.7815118682082909 4514130.6052657645
2020 10 2 3674.246149298439 1.615751229127348 4770340.896859556
2020 10 3 3607.58148875186 1.4654137763629556 5041093.0170486495
2020 10 4 3542.1263761738187 1.3290644606930915 5327212.322135398
2020 10 5 3477.8588658096046 1.205401756943706 5629571.013495414
2020 10 6 3414.757410083135 1.0932452402536252 5949090.796381868
2020 10 7 3352.8008523724943 0.9915243183049579 6286745.689636603
2020 10 8 3291.968419916555 0.899268011962288 6643564.994873116
2020 10 9 3232.2397168502953 0.8155956867715305 7020636.434182643
2020 10 10 3173.594717366486 0.7397086468457864 7419109.465928262
2020 10 11 3116.0137590014483 0.670882510897462 7840198.788734825
2020 10 12 3059.4775360426343 0.6084602976419121 8285188.044356237
2020 10 13 3003.9670930558163 0.5518461545691857 8755433.730707826
2020 10 14 2949.4638185297217 0.5004996702217381 9252369.336992241
2020 10 15 2895.949438635973 0.45393071568583904 9777509.71352432
2020 10 16 2843.40601110225 0.4116947660560288 10332455.689575829
2020 10 17 2791.8159191966147 0.3733886572135656 10918898.953317042
2020 10 18 2741.161865820982 0.3386467374151063 11538627.20873109
2020 10 19 2691.4268677117575 0.30713737695653137 12193529.625221321
2020 10 20 2642.5942497457004 0.2785598025948394 12885602.59652419
2020 10 21 2594.6476393490952 0.2526412265110211 13616955.826483034
2020 10 22 2547.570961008365 0.229134242408368 14389818.760234505
2020 10 23 2501.348430880281 0.2078144638906208 15206547.380412398
2020 10 24 2455.9645514999647 0.1884783825770467 16069631.38908629
2020 10 25 2411.404106584907 0.17094142550903968 16981701.797328312
2020 10 26 2367.65215593326 0.15503619330517937 17945538.945543956
2020 10 27 2324.694030414695 0.1406108622470208 18964080.979015954
2020 10 28 2282.515327052144 0.12752773504269307 20040432.804497954
2020 10 29 2241.101904192778 0.11566192643459099 21177875.555161107
2020 10 30 2200.4398767666 0.10490017110460109 22379876.592746377
2020 10 31 2160.5156116310673 0.09513974249769723 23650100.077412933
2020 11 1 2121.315723000179 0.086287472243514 24992418.137503617
2020 11 2 2082.827067956496 0.078258860815767 26410922.673277188
2020 11 3 2045.0367420445923 0.07097727094030094 27909937.830589645
2020 11 4 2007.932074944454 0.06437319605242602 29494033.182549223
2020 11 5 1971.5006262233826 0.05838359682058671 31168037.659327764
2020 11 6 1935.7301811649738 0.05295129940313663 32937054.26859189
2020 11 7 1900.6087466737733 0.04802444969426673 34806475.6514275
2020 11 8 1866.1245472542385 0.04355601834958061 36782000.521178015
2020 11 9 1832.2660210626561 0.03950335186652823 38869651.035308234
2020 11 10 1799.0218160306945 0.035827765434527266 41075791.153249934
2020 11 11 1766.3807860592879 0.032494173668314565 43407146.03619096
2020 11 12 1734.3319872815778 0.029470755699685446 45870822.54794577
2020 11 13 1702.8646743936604 0.026728651430747145 48474330.91940202
2020 11 14 1671.9682970519057 0.02424168604926567 51225607.64258464
