2020 6 26 1646.7720145383432 1582.1389028909002 1711.405126185786
2020 6 27 1688.6559367354637 1558.650985057965 1823.8676836406312
2020 6 28 1729.9337883272246 1533.969089047627 1941.9153884343202
2020 6 29 1775.1313824801998 1512.2590548444693 2070.871005617657
2020 6 30 1824.4087839427934 1493.3259265774082 2211.772009267259
2020 7 1 1873.1581285093635 1473.0779190158994 2359.961292680179
2020 7 2 1926.5472051576696 1455.728811627902 2522.2836772796522
2020 7 3 1976.5956546702243 1434.909979559506 2689.4050014392674
2020 7 4 2028.8246280250266 1415.0279739676535 2868.797265802151
2020 7 5 2084.8433150128985 1397.102077775237 3063.5628558549433
2020 7 6 2146.6388700362486 1382.2379686547802 3277.7672016392758
2020 7 7 2215.471417745013 1370.883768176538 3514.8969203898864
2020 7 8 2290.501920896933 1362.092265534317 3775.513294388833
2020 7 9 2373.0722325955894 1356.3297662679906 4063.6930525913654
2020 7 10 2443.3699001975383 1341.8759512568345 4347.756126238516
2020 7 11 2501.619144839744 1319.8156304362508 4626.531391802974
2020 7 12 2548.2360772581806 1291.2483231216054 4899.100392762492
2020 7 13 2583.7844629836964 1257.250486246899 5164.77772530075
2020 7 14 2608.9353659533863 1218.8471500214628 5423.087680420635
2020 7 15 2624.4316065870344 1176.992003503433 5673.739032329464
2020 7 16 2631.057434010744 1132.5547229483045 5916.599449592474
2020 7 17 2629.6134146155855 1086.3142544590175 6151.670623562425
2020 7 18 2620.8962647642056 1038.956797677399 6379.064875699833
2020 7 19 2605.683183218122 991.077345558628 6598.983728882463
2020 7 20 2584.720146667904 943.183782798299 6811.698707800145
2020 7 21 2558.7135989718145 895.7027075929935 7017.534465742576
2020 7 22 2528.3249735032464 848.9863014343888 7216.854212842978
2020 7 23 2497.4080630598314 804.4078600096724 7419.29713610612
2020 7 24 2466.8692113554566 762.1701364934775 7627.418868441835
2020 7 25 2436.7037954052207 722.1502248318424 7841.378708441364
2020 7 26 2406.907248755093 684.2316725028801 8061.340423245755
2020 7 27 2377.4750607906403 648.3041416557141 8287.472373894972
2020 7 28 2348.402776054209 614.2630880422787 8519.947644193235
2020 7 29 2319.6859935704556 582.0094568077183 8758.944173189202
2020 7 30 2291.3203661801244 551.4493942541778 9004.644891372418
2020 7 31 2263.3015998819747 522.4939747392553 9257.237860690255
2020 8 1 2235.6254531827503 495.05894191442815 9516.916418492534
2020 8 2 2208.2877364551023 469.064463550492 9783.879325513992
2020 8 3 2181.284311303361 444.4348992365882 10058.330918007865
2020 8 4 2154.611089937063 421.09858027685397 10340.481264147033
2020 8 5 2128.2640345521404 398.9876011442258 10630.546324812436
2020 8 6 2102.2391567196764 378.0376218845539 10928.74811889184
2020 8 7 2076.5325167821347 358.18768089605135 11235.314893215449
2020 8 8 2051.1402232569726 339.38001753929035 11550.481297258471
2020 8 9 2026.0584322475463 321.5599040615658 11874.488562744316
2020 8 10 2001.2833468612205 304.6754863465484 12207.584688285935
2020 8 11 1976.811216634593 288.67763302582995 12550.024629206597
2020 8 12 1952.6383369657478 273.519792513297 12902.070492685409
2020 8 13 1928.7610485534515 259.1578575463205 13263.991738376948
2020 8 14 1905.1757368432052 245.5500368395968 13636.065384658545
2020 8 15 1881.8788314800731 232.65673347816812 14018.576220663108
2020 8 16 1858.8668057682 220.4404296957638 14411.817024259753
2020 8 17 1836.1361761369383 208.86557770318268 14816.08878614911
2020 8 18 1813.6835016135037 197.89849624904164 15231.700940244807
2020 8 19 1791.5053833020795 187.5072726118966 15658.97160051749
2020 8 20 1769.5984638692896 177.66166973854595 16098.227804482636
2020 8 21 1747.959427035965 168.3330382583016 16549.80576351856
2020 8 22 1726.5849970751228 159.49423311720102 17014.05112020619
2020 8 23 1705.4719383160857 151.1195345895774 17491.31921288756
2020 8 24 1684.6170546546646 143.18457343714178 17981.975347645588
2020 8 25 1664.0171890693316 135.66625999780072 18486.39507791323
2020 8 26 1643.6692231433076 128.5427169978673 19004.96449192607
2020 8 27 1623.570076592496 121.79321589215816 19538.080508238407
2020 8 28 1603.7167067991868 115.39811654673485 20086.15117952889
2020 8 29 1584.106108351465 109.33881008877457 20649.59600492843
2020 8 30 1564.7353125882496 103.59766475727088 21228.84625110928
2020 8 31 1545.6013871498956 98.15797459699765 21824.345282381157
2020 9 1 1526.701435534293 93.00391084644228 22436.548900046993
2020 9 2 1508.032596658393 88.12047587825384 23065.92569127812
2020 9 3 1489.5920444250953 83.49345955817903 23712.957387775874
2020 9 4 1471.3769872954329 79.10939789549641 24378.139234494178
2020 9 5 1453.3846678659875 74.95553386462724 25061.980368705306
2020 9 6 1435.6123624514726 71.01978028391902 25765.00420969897
2020 9 7 1418.0573806724205 67.29068464358426 26487.74885941303
2020 9 8 1400.7170650479122 63.757395780448334 27230.767514302435
2020 9 9 1383.588790593286 60.40963230253452 27994.6288887617
2020 9 10 1366.6699644227663 57.237652671606035 28779.91765042496
2020 9 11 1349.9580253569516 54.23222685660937 29587.234867676787
2020 9 12 1333.450443535102 51.3846094755342 30417.198469716364
2020 9 13 1317.1447200321682 48.68651434753636 31270.443719527055
2020 9 14 1301.0383864805017 46.13009038127406 32147.623700113472
2020 9 15 1285.129004696194 43.707898729295536 33049.40981437817
2020 9 16 1269.414166309982 41.41289114200066 33976.492299020545
2020 9 17 1253.8914924026685 39.23838945818933 34929.58075285142
2020 9 18 1238.5586331450002 37.178066172517 35909.40467992748
2020 9 19 1223.4132674419495 35.22592602331123 36916.71404792148
2020 9 20 1208.4531025813465 33.376288547172365 37952.27986215547
2020 9 21 1193.6758738868064 31.623771549594473 39016.894755736495
2020 9 22 1179.0793443749026 29.96327544350841 40111.373596246434
2020 9 23 1164.6613044165308 28.389968410174248 41236.5541094503
2020 9 24 1150.4195714024142 26.89927233924323 42393.29752050048
2020 9 25 1136.3519894126996 25.486849507076816 43582.48921312764
2020 9 26 1122.4564288905926 24.148589954558478 44805.03940732288
2020 9 27 1108.7307863199853 22.88059952766939 46061.88385602978
2020 9 28 1095.1729839070242 21.67918854602774 47353.98456137971
2020 9 29 1081.7809692655735 20.540861066418614 48682.33051101847
2020 9 30 1068.5527151065235 19.462304710072804 50047.93843508801
2020 10 1 1055.486218930899 18.44038102409327 51451.85358444249
2020 10 2 1042.5795027267197 17.472116348982347 52895.15053069443
2020 10 3 1029.8306126695688 16.55469316569541 54378.933988703255
2020 10 4 1017.237618826821 15.685441897042123 55904.33966213584
2020 10 5 1004.798614865489 14.861833139578417 57472.535112746176
2020 10 6 992.5117177636423 14.08147030338511 59084.72065403959
2020 10 7 980.375067525354 13.342082638315878 60742.13027000549
2020 10 8 968.386826899134 12.641518626421918 62446.03255962183
2020 10 9 956.5451810998051 11.977739721326166 64197.731707854335
2020 10 10 944.8483375337797 11.348814416329473 65998.56848389351
2020 10 11 933.2945255276967 10.752912623987752 67849.92126739373
2020 10 12 921.8819960603757 10.18830035080542 69753.20710349963
2020 10 13 910.60902149805 9.653334651549203 71709.88278746762
2020 10 14 899.4738953328356 9.146458848500068 73721.44597971249
2020 10 15 888.4749319244005 8.666198001731917 75789.4363521326
2020 10 16 877.6104662447909 8.211154617236206 77915.43676659121
2020 10 17 866.8788536263788 7.780004580403672 80101.0744864558
2020 10 18 856.2784695128915 7.3714933030301895 82348.02242212274
2020 10 19 845.8077092134856 6.984432072635042 84658.0004114808
2020 10 20 835.4649876598279 6.61769459346862 87032.77653629336
2020 10 21 825.2487391661473 6.270213709144362 89474.16847550702
2020 10 22 815.1574171922207 5.940978297358219 91984.04489652245
2020 10 23 805.1894941092568 5.629030327659722 94564.32688549232
2020 10 24 795.343460968643 5.333462073713138 97216.98941774112
2020 10 25 785.6178272735203 5.053413471936797 99944.06286943227
2020 10 26 776.0111207531513 4.788069618834573 102747.6345716397
2020 10 27 766.5218871400466 4.536658399737092 105629.85040801334
2020 10 28 757.1486899498177 4.298448242052638 108592.91645726124
2020 10 29 747.8901102637213 4.0727459864900055 111639.10068170574
2020 10 30 738.7447465138627 3.85889487005886 114770.73466320605
2020 10 31 729.7112142710254 3.656272614978397 117990.21538777578
2020 11 1 720.7881460350964 3.4642896179332965 121300.00708026161
2020 11 2 711.9741910280528 3.2823872344079397 124702.64309048722
2020 11 3 703.2680149894809 3.110036153106542 128200.72783230626
2020 11 4 694.6682999745946 2.9467348557289843 131796.93877704843
2020 11 5 686.1737441547249 2.7920081576204914 135494.02850288458
2020 11 6 677.7830616202484 2.6454058250486576 139294.82680167936
2020 11 7 669.4949821859257 2.506501265084272 143202.24284494406
2020 11 8 661.3082511986199 2.3748902842736803 147219.2674105475
2020 11 9 653.2216293473673 2.2501899124905864 151348.97517188924
2020 11 10 645.2338924757693 2.1320372885448613 155594.52705128738
2020 11 11 637.3438313966792 2.0200886043056334 159959.17263938222
2020 11 12 629.5502517091554 1.914018104266199 164446.25268240742
2020 11 13 621.8519736176519 1.8135171376396233 169059.20163923292
2020 11 14 614.2478317534205 1.7182932602267615 173801.55031013628
