2020 6 26 12.239373251704409 9.804015810817265 14.674730692591552
2020 6 27 13.311226368021039 8.543786948636068 19.131306625000462
2020 6 28 14.542609475856946 7.487696452989661 25.035675589616805
2020 6 29 15.89986055458958 6.568304482549505 32.78285420014095
2020 6 30 17.328226259297658 5.738851224408782 42.812814355019825
2020 7 1 18.902717457709922 5.020040084621801 55.95545331615606
2020 7 2 20.65523849762976 4.400548860543742 73.23611677559171
2020 7 3 22.49382229474876 3.8412244137946123 95.58259784674263
2020 7 4 24.54692072672309 3.361676693718637 124.96374897813931
2020 7 5 26.77227739201274 2.939924003668895 163.29932253304426
2020 7 6 29.243400714954337 2.575918141260934 213.663750917992
2020 7 7 32.0317705894813 2.2648350831581747 280.21289193522597
2020 7 8 35.13978008045275 1.9951219239685245 367.96022938364956
2020 7 9 38.65047269355459 1.7632692309138887 484.24405009121466
2020 7 10 41.955814595762185 1.5329906858984972 630.3090467089215
2020 7 11 45.000542126386726 1.312935341071158 812.2705387965757
2020 7 12 47.741786805376535 1.1091671498318039 1037.2955569101114
2020 7 13 50.149270241316756 0.9253902245872324 1313.7799104715807
2020 7 14 52.20475840619146 0.7633276596446006 1651.5575744816488
2020 7 15 53.90097459933619 0.6231618545167447 2062.1478229507798
2020 7 16 55.24016495606774 0.503969120396096 2559.0464155530058
2020 7 17 56.23248748757403 0.4041063767247953 3158.0682004101322
2020 7 18 56.89436353206617 0.32152887856935636 3877.7497556630537
2020 7 19 57.3166265481242 0.2544275977565035 4744.574837523759
2020 7 20 57.742023548704786 0.2013299794039546 5805.168411393392
2020 7 21 58.17057779385822 0.15931353738437243 7102.845131267448
2020 7 22 58.60231271626804 0.1260656920994216 8690.60212960476
2020 7 23 59.03725192253229 0.09975648639426368 10633.283420838665
2020 7 24 59.475419194454325 0.07893786494965488 13010.228131686958
2020 7 25 59.91683849034312 0.06246397350226106 15918.51071201753
2020 7 26 60.36153394632329 0.049428091172463745 19476.905456519475
2020 7 27 60.80952987765483 0.0391127246630404 23830.737248291163
2020 7 28 61.260850780062626 0.030950117519793263 29157.81662877037
2020 7 29 61.71552133107583 0.024491000888879302 35675.701582331945
2020 7 30 62.1735663913772 0.019379865816518984 43650.58260692121
2020 7 31 62.63501100616246 0.015335396081620385 53408.15393711195
2020 8 1 63.099880406509705 0.012134984586927338 65346.91490046611
2020 8 2 63.568200010759014 0.009602481092839458 79954.44463474507
2020 8 3 64.03999542590228 0.007598496930739562 97827.31482561416
2020 8 4 64.51529244898336 0.006012733068489245 119695.4537012818
2020 8 5 64.99411706850861 0.004757909265798087 146451.95630990018
2020 8 6 65.47649546586794 0.0037649601809539874 179189.55853180602
2020 8 7 65.9624540167663 0.0029792340232430627 219245.26442568912
2020 8 8 66.45201929266591 0.002357484525374193 268254.9494900297
2020 8 9 66.94521806223914 0.0018654906744549327 328220.1698376419
2020 8 10 67.44207729283218 0.0014761731918159445 401589.9057707953
2020 8 11 67.94262415193957 0.0011681040929742352 491360.5781654815
2020 8 12 68.44688600868967 0.0009243272941060755 601198.4223351314
2020 8 13 68.95489043534117 0.0007314253513606209 735589.2171238139
2020 8 14 69.46666520879069 0.0005787809664653409 900021.4841668362
2020 8 15 69.9822383120916 0.00045799261198617154 1101210.6391787
2020 8 16 70.50163793598404 0.0003624121123314043 1347373.2496096396
2020 8 17 71.02489248043642 0.00028677872901686924 1648562.5993566543
2020 8 18 71.55203055619823 0.0002269296102921788 2017079.2649957659
2020 8 19 72.08308098636444 0.00017957066831247073 2467973.471473646
2020 8 20 72.6180728079515 0.00014209527296446748 3019659.743470946
2020 8 21 73.15703527348509 0.00011244078327821373 3694668.954806222
2020 8 22 73.69999785259954 8.897501993173085e-05 4520568.489586927
2020 8 23 74.24699023364917 7.040643030975571e-05 5531088.094499669
2020 8 24 74.7980423253317 5.57130016128793e-05 6767497.402060476
2020 8 25 75.35318425832352 4.40860094036979e-05 8280291.382890762
2020 8 26 75.91244638692721 3.4885505517147343e-05 10131252.560909709
2020 8 27 76.47585929073131 2.76050953952942e-05 12395974.212335719
2020 8 28 77.04345377628229 2.184406619559305e-05 15166947.595973723
2020 8 29 77.61526087876906 1.728533160725075e-05 18557339.29730952
2020 8 30 78.19131186371993 1.3677979461209471e-05 22705612.953188244
2020 8 31 78.77163822871212 1.0823461556432617e-05 27781184.108367004
2020 9 1 79.35627170509403 8.564665592297655e-06 33991339.14834969
2020 9 2 79.94524425972024 6.77726772765149e-06 41589700.877802
2020 9 3 80.53858809669943 5.362889812484123e-06 50886586.47886849
2020 9 4 81.13633565915524 4.2436846671265155e-06 62261680.86853076
2020 9 5 81.7385196310002 3.358051383431813e-06 76179543.03506991
2020 9 6 82.34517293872288 2.6572448186645934e-06 93208578.63259634
2020 9 7 82.95632875318819 2.1026926690751765e-06 114044253.67462987
2020 9 8 83.57202049145114 1.663872455231444e-06 139537497.3742483
2020 9 9 84.19228181858408 1.3166315686521916e-06 170729454.10312924
2020 9 10 84.81714664951738 1.041857915323443e-06 208894003.73990005
2020 9 11 85.4466491508939 8.244279884867726e-07 255589786.93932092
2020 9 12 86.08082374293716 6.523744727603668e-07 312723860.0349052
2020 9 13 86.71970510133333 5.162275646300367e-07 382629579.2419459
2020 9 14 87.36332815912732 4.084937556742007e-07 468161894.9527142
2020 9 15 88.01172810863284 3.2324339081815933e-07 572813947.9439623
2020 9 16 88.66494040335662 2.55784300876696e-07 700859729.2872139
2020 9 17 89.32300075993703 2.024035461618621e-07 857528630.1942506
2020 9 18 89.98594516009692 1.6016305675712987e-07 1049219010.4155314
2020 9 19 90.65380985261112 1.267379215247224e-07 1283759507.3274415
2020 9 20 91.32663135528844 1.0028842529375394e-07 1570728757.5745585
2020 9 21 92.0044464569684 7.93587911723716e-08 1921846588.702555
2020 9 22 92.68729221953278 6.279705477370098e-08 2351452657.0526147
2020 9 23 93.37520597993213 4.9691660243233415e-08 2877092079.494581
2020 9 24 94.0682253522273 3.932128834110634e-08 3520231976.2056932
2020 9 25 94.76638822964608 3.11151551233382e-08 4307138188.110389
2020 9 26 95.46973278665519 2.462159606650771e-08 5269947974.131705
2020 9 27 96.17829748104755 1.948320651011523e-08 6447982497.222603
2020 9 28 96.89212105604516 1.541717014975129e-08 7889352701.122125
2020 9 29 97.61124254241744 1.2199692863850697e-08 9652924161.861942
2020 9 30 98.33570126061547 9.653685113846304e-09 11810721158.581865
2020 10 1 99.06553682292183 7.639014958601359e-09 14450868145.934618
2020 10 2 99.8007891356167 6.044795210280606e-09 17681188757.847378
2020 10 3 100.54149840115976 4.783280217705117e-09 21633609325.99592
2020 10 4 101.28770512038844 3.785036356926806e-09 26469546752.737484
2020 10 5 102.03945009473243 2.995120413441134e-09 32386500779.296158
2020 10 6 102.79677442844468 2.3700555146834652e-09 39626119877.51074
2020 10 7 103.55971953084884 1.8754381685202e-09 48484070176.2587
2020 10 8 104.32832711860353 1.4840446994390992e-09 59322110469.62709
2020 10 9 105.1026392179833 1.1743328609287418e-09 72582866450.30582
2020 10 10 105.88269816717659 9.292561529840066e-10 88807907548.06816
2020 10 11 106.66854661860067 7.353255849246251e-10 108659864631.63432
2020 10 12 107.4602275412339 5.818672430722641e-10 132949491861.12123
2020 10 13 108.2577842229651 4.604347999059797e-10 162668777897.45032
2020 10 14 109.06126027296052 3.6434462927505023e-10 199031458730.8936
2020 10 15 109.87069962404834 2.883079404699223e-10 243522586673.151
2020 10 16 110.68614653512078 2.2813968385755562e-10 297959179911.17706
2020 10 17 111.5076455935542 1.8052820628454143e-10 364564429551.24615
2020 10 18 112.33524171764698 1.4285297811082507e-10 446058494769.8062
2020 10 19 113.16898015907564 1.1304035959326599e-10 545769594146.14703
2020 10 20 114.00890650536914 8.944946801922212e-11 667769930148.2119
2020 10 21 114.85506668240147 7.078186373177891e-11 817041997929.1473
2020 10 22 115.70750695690286 5.601008417699573e-11 999682070487.7921
2020 10 23 116.56627393898957 4.4321092496264287e-11 1223149170529.4473
2020 10 24 117.43141458471244 3.507152808153089e-11 1496569697040.6401
2020 10 25 118.30297619862439 2.7752296089661692e-11 1831110147530.7686
2020 10 26 119.18100643636696 2.19605469273477e-11 2240433157921.3457
2020 10 27 120.065553307276 1.7377503460980096e-11 2741255484757.27
2020 10 28 120.95666517700685 1.375091556396163e-11 3354030717740.174
2020 10 29 121.85439077017878 1.0881176301980583e-11 4103784604571.718
2020 10 30 122.75877917303926 8.610335592859454e-12 5021137102783.2295
2020 10 31 123.66987983614789 6.8134066542206316e-12 6143552899160.393
2020 11 1 124.58774257708026 5.3914867469597985e-12 7516871467990.963
2020 11 2 125.51241758315196 4.2663135811270874e-12 9197179155732.285
2020 11 3 126.44395541416267 3.375957769491509e-12 11253099748058.393
2020 11 4 127.38240700516076 2.671414241983396e-12 13768597066071.758
2020 11 5 128.32782366922828 2.1139050129014566e-12 16846404049741.844
2020 11 6 129.2802571002867 1.67274484553627e-12 20612218372378.31
2020 11 7 130.23975937592348 1.3236523406638978e-12 25219835935083.164
2020 11 8 131.20638296023958 1.0474134914361782e-12 30857431893155.496
2020 11 9 132.1801807067181 8.28824146899684e-13 37755245731640.805
2020 11 10 133.1612058611142 6.558531774705965e-13 46194984248600.516
2020 11 11 134.1495120643666 5.189802831001977e-13 56521326464048.66
2020 11 12 135.14515335553045 4.106719971770458e-13 69156000315171.66
2020 11 13 136.1481841747322 3.249670454875885e-13 84615006030229.06
2020 11 14 137.15865936614625 2.5714823844540197e-13 103529689583927.31
