2020 6 26 325.08026773755773 299.2703938179734 350.890141657142
2020 6 27 323.38183677496585 274.070500347726 376.7700895695781
2020 6 28 321.6987461480455 250.9980301427858 404.566350622064
2020 6 29 320.0136938091129 229.85953751044372 434.3998009136466
2020 6 30 318.32893537888395 210.49515281187453 466.42164129862994
2020 7 1 316.6541075340892 192.76281111960554 500.8055304972252
2020 7 2 314.9838700857914 176.5216914991979 537.7174709938313
2020 7 3 313.3308408021053 161.6536645674825 577.3643480338442
2020 7 4 311.6854423112571 148.03739950080663 619.9325364360623
2020 7 5 310.0455679562012 135.5665671984148 665.6330137639875
2020 7 6 308.4050215774923 124.14222507493399 714.6824944312083
2020 7 7 306.7673313155083 113.67828015021696 767.3328590029462
2020 7 8 305.1302264806951 104.09333518178038 823.8416656935973
2020 7 9 303.48619736930954 95.3112157812662 884.4696748202443
2020 7 10 301.8814712450239 87.27958534214972 949.6481375261918
2020 7 11 300.31248597586443 79.9326398099586 1019.7154804346684
2020 7 12 298.77605786434106 73.21063422259901 1095.0354211809004
2020 7 13 297.2693402335478 67.05927561126393 1175.9988518013936
2020 7 14 295.78978672695473 61.42918478488898 1263.0258629434566
2020 7 15 294.3351187514631 56.275417947634075 1356.5679193582725
2020 7 16 292.9032965685245 51.55704046095391 1457.1101979269217
2020 7 17 291.49249360234927 47.2367461965439 1565.1741003127026
2020 7 18 290.1010735892365 43.28051687464194 1681.319953239307
2020 7 19 288.7275702393216 39.65731657691345 1806.149910367648
2020 7 20 287.37066912276424 36.33881729132426 1940.3110707894807
2020 7 21 286.029191527596 33.29915190990572 2084.4988302788606
2020 7 22 284.7020800669497 30.51469157701548 2239.460482648786
2020 7 23 283.3883858398866 27.96384469023012 2405.999089856353
2020 7 24 282.08725697311786 25.626875200378944 2584.977640892143
2020 7 25 280.7952747620902 23.48549707620171 2777.299203788089
2020 7 26 279.5092099329801 21.523052209975372 2983.9294334088945
2020 7 27 278.229035383705 19.724588963575197 3205.9328902768443
2020 7 28 276.9547241363118 18.0764050556767 3444.453337898498
2020 7 29 275.6862493364087 16.565943165675364 3700.7196354430175
2020 7 30 274.4235842525991 15.181695260928242 3976.0520688340007
2020 7 31 273.1667022759184 13.913114918397984 4271.869152872648
2020 8 1 271.9155769192731 12.750536972688053 4589.69493943686
2020 8 2 270.67018181688286 11.685103878276939 4931.166869408165
2020 8 3 269.4304907237245 10.708698224913833 5298.04420877965
2020 8 4 268.1964775149794 9.813880892018446 5692.217112407806
2020 8 5 266.9681161854825 8.99383437089056 6115.716362104796
2020 8 6 265.7453808491745 8.242310822907873 6570.72382924187
2020 8 7 264.5282457385565 7.553584477973584 7059.583715767348
2020 8 8 263.3166852041466 6.92240801054309 7584.814631552973
2020 8 9 262.11067371393966 6.343972560863802 8149.122570291222
2020 8 10 260.91018585286923 5.813871096834606 8755.414850795487
2020 8 11 259.71519632227177 5.328064837343249 9406.815095528831
2020 8 12 258.5256799393537 4.882852481264969 10106.679323530781
2020 8 13 257.34161163666073 4.474842007681724 10858.613240653078
2020 8 14 256.1629664615494 4.100924832471176 11666.490816183777
2020 8 15 254.98971957566138 3.758252124367493 12534.474241566637
2020 8 16 253.82184625440007 3.444213100048829 13467.035374043238
2020 8 17 252.65932188640943 3.1564151328842587 14468.978775695683
2020 8 18 251.50212197305544 2.892665523791053 15545.466466587153
2020 8 19 250.35022212790977 2.6509547953165864 16702.044519528736
2020 8 20 249.2035980762359 2.4294413816644322 17944.671633488928
2020 8 21 248.06222565447752 2.226437598019745 19279.749832856276
2020 8 22 246.92608080974935 2.040396782275862 20714.157450717943
2020 8 23 245.79513959933027 1.8699015111964394 22255.284566084352
2020 8 24 244.6693781901587 1.7136528012334395 23911.071077632732
2020 8 25 243.54877285833044 1.5704602117232656 25690.047610125785
2020 8 26 242.4332999885986 1.4392327750584466 27601.37946425566
2020 8 27 241.3229360738761 1.318970684732917 29654.913836343178
2020 8 28 240.2176577147401 1.2087576779330724 31861.230551168526
2020 8 29 239.1174416189391 1.1077540546384588 34231.6965693094
2020 8 30 238.02226460090188 1.015190280045435 36778.524549808775
2020 8 31 236.93210358124904 0.9303611215714239 39514.83576988763
2020 9 1 235.84693558630656 0.8526202757702713 42454.72772586548
2020 9 2 234.7667377476217 0.7813754442218108 45613.34676356917
2020 9 3 233.6914873014811 0.71608382087941 49006.96611242233
2020 9 4 232.62116158843094 0.6562479564941283 52653.069725247726
2020 9 5 231.5557380527996 0.6014119686070152 56570.44235572588
2020 9 6 230.49519424222217 0.5511580682339262 60779.26633758954
2020 9 7 229.43950780716744 0.5051033767800708 65301.225564161396
2020 9 8 228.3886565004668 0.4628970089327376 70159.61720393815
2020 9 9 227.3426181768454 0.42421739930709823 75379.47172778069
2020 9 10 226.30137079245563 0.38876985247711465 80987.6818660913
2020 9 11 225.2648924044124 0.3562842977255235 87013.14116036618
2020 9 12 224.23316117033082 0.326513231406599 93486.89282294214
2020 9 13 223.20615534786583 0.2992298312447966 100442.28967186375
2020 9 14 222.18385329425408 0.2742262282023399 107915.16596485686
2020 9 15 221.1662334658578 0.25131192274931136 115944.0220176983
2020 9 16 220.1532744177108 0.23031233346999352 124570.22255813697
2020 9 17 219.14495480306658 0.2110674669474624 133838.20983728743
2020 9 18 218.14125337294843 0.1934306987924392 143795.73259644723
2020 9 19 217.14214897570162 0.17726765652920146 154494.09206897704
2020 9 20 216.14762055654774 0.16245519582739174 165988.40628464712
2020 9 21 215.15764715714093 0.14888046227975418 178337.8940381478
2020 9 22 214.17220791512622 0.13644003157759255 191606.17998477243
2020 9 23 213.19128206369993 0.1250391215330473 205861.6224351278
2020 9 24 212.21484893117196 0.11459086994468172 221177.6655376727
2020 9 25 211.24288794053024 0.10501567280451883 237633.2176635322
2020 9 26 210.27537860900702 0.0962405778044064 255313.0579430288
2020 9 27 209.3123005476473 0.08819872852090556 274308.2730484098
2020 9 28 208.35363346087917 0.0808288550440128 294716.7264730788
2020 9 29 207.39935714608595 0.07407480716887498 316643.56272506184
2020 9 30 206.44945149318062 0.06788512659393972 340201.7490323164
2020 10 1 205.503896484182 0.062212654866168754 365512.6573507529
2020 10 2 204.56267219279283 0.05701417408629466 392706.68967347976
2020 10 3 203.6257587839799 0.05225007763669637 421923.94986286806
2020 10 4 202.69313651355603 0.04788406842320751 453314.9654667215
2020 10 5 201.76478572776398 0.04388288233179727 487041.4632373532
2020 10 6 200.84068686286233 0.04021603479317248 523277.2023490496
2020 10 7 199.92082044471312 0.0368555885244063 562208.8696066645
2020 10 8 199.00516708837154 0.03377594067804405 604037.0412574646
2020 10 9 198.09370749767734 0.03095362777700015 648977.2163614881
2020 10 10 197.18642246484828 0.02836714694906789 697260.9270443495
2020 10 11 196.28329287007523 0.025996792099048694 749136.93135252
2020 10 12 195.38429968111936 0.023824503770315458 804872.4948566846
2020 10 13 194.48942395291104 0.02183373155192275 864754.7676060045
2020 10 14 193.59864682715053 0.020009307982959718 929092.2635273654
2020 10 15 192.71194953191062 0.018337332993437733 998216.4498914867
2020 10 16 191.82931338124104 0.01680506800128136 1072483.4550348336
2020 10 17 190.95071977477465 0.015400838858560027 1152275.9031355286
2020 10 18 190.07615019733552 0.014113946907519057 1238004.8854960413
2020 10 19 189.2055862185487 0.012934587468756375 1330112.0784887213
2020 10 20 188.33900949245177 0.011853775140515815 1429072.0190758435
2020 10 21 187.47640175710833 0.010863275339961079 1535394.5496276654
2020 10 22 186.61774483422315 0.00995554156485132 1649627.4446342147
2020 10 23 185.76302062875897 0.009123657897622374 1772359.232843649
2020 10 24 184.9122111285553 0.008361286313818958 1904222.2293668645
2020 10 25 184.06529840394876 0.007662618393426945 2045895.7933697798
2020 10 26 183.2222646073953 0.007022331067199988 2198109.828136951
2020 10 27 182.38309197309397 0.00643554606081693 2361648.5415388737
2020 10 28 181.54776281661273 0.005897792727879774 2537354.4862769227
2020 10 29 180.71625953451556 0.005404973988581174 2726132.9007213125
2020 10 30 179.88856460399163 0.004953335114532123 2928956.3727060966
2020 10 31 179.06466058248594 0.004539435121925097 3146869.850309124
2020 11 1 178.24453010733183 0.004160120555080503 3380996.0254325224
2020 11 2 177.42815589538503 0.0038125014606363353 3632541.117919957
2020 11 3 176.61552074265947 0.0034939293693312013 3902801.090010486
2020 11 4 175.8066075239647 0.0032019771176264927 4193168.323145922
2020 11 5 175.00139919254497 0.002934420355430997 4505138.791530659
2020 11 6 174.1998787797201 0.0026892205990374667 4840319.769402212
2020 11 7 173.40202939452783 0.002464509700153452 5200438.111720369
2020 11 8 172.6078342233678 0.0022585756126977503 5587349.150937143
2020 11 9 171.81727652964733 0.002069849348921368 6003046.255683745
2020 11 10 171.03033965342863 0.001896893025473195 6449671.100621012
2020 11 11 170.24700701107778 0.0017383889083347698 6929524.700363619
2020 11 12 169.46726209491527 0.0015931293731587695 7445079.2643249715
2020 11 13 168.69108847286802 0.0014600077045202173 7998990.933558988
2020 11 14 167.91846978812322 0.0013380096639809798 8594113.46521912
