2020 6 26 185.25843560317668 162.90047471531133 207.616396491042
2020 6 27 194.21986749534196 150.10949853294406 244.00436444258028
2020 6 28 202.72239936216704 137.6331596737676 285.6487495854562
2020 6 29 211.9076388215196 126.40458642899807 334.838102212915
2020 6 30 221.18450361984844 115.89847942674115 391.98514104117186
2020 7 1 230.5287287936874 106.08807926964097 458.28514727959697
2020 7 2 240.62078522470117 97.27057712072312 536.500974370109
2020 7 3 250.7861212308344 89.0369636187483 627.2442557434285
2020 7 4 261.3809049923687 81.50029664784797 733.3357722696574
2020 7 5 272.82360394349683 74.72640606770727 858.4946701820451
2020 7 6 285.18509009534364 68.62997606611104 1006.329369692064
2020 7 7 299.9265966190804 63.46888012156681 1186.0434947950457
2020 7 8 316.18039543935254 58.85467991091379 1400.8186284170647
2020 7 9 334.50145315760227 54.79677706687463 1659.7427774025916
2020 7 10 350.38757671098 50.445866596699716 1949.1765733184047
2020 7 11 363.73181882403594 45.965842075632075 2270.745917913554
2020 7 12 374.5045714268455 41.494492126769636 2626.140550285304
2020 7 13 382.7425675546953 37.141896787884754 3017.1461939615906
2020 7 14 388.5368426745598 32.99114285618544 3445.676353410338
2020 7 15 392.0206324111182 29.10061764418174 3913.8032603089628
2020 7 16 393.3579227714895 25.507229359647727 4423.787728921174
2020 7 17 392.7331261338809 22.23003107599481 4978.107890383773
2020 7 18 390.3421493087438 19.27386303131554 5579.486936529546
2020 7 19 386.38495628619523 16.63275511588349 6230.9201190296235
2020 7 20 381.05960793872686 14.292937598256787 6935.701325870775
2020 7 21 374.55767958808383 12.23538994359944 7697.449602306883
2020 7 22 367.0609083937301 10.437915895832663 8520.136005184588
2020 7 23 358.73889877825013 8.876771083411686 9408.11118492779
2020 7 24 349.74770875090644 7.527891442722654 10366.13408436801
2020 7 25 340.2291471209491 6.367780918164879 11399.402132734847
2020 7 26 330.5970375511287 5.379479403153985 12523.179525183647
2020 7 27 321.23761929993907 4.54456568479083 13757.741291503467
2020 7 28 312.14317229788577 3.8392334491083764 15114.008791722074
2020 7 29 303.3061950356886 3.243371204003407 16603.980036848665
2020 7 30 294.7193983766989 2.7399888301664874 18240.835827425566
2020 7 31 286.3756995444917 2.31473313328129 20039.056355444878
2020 8 1 278.2682162806727 1.955478584189942 22014.549301130945
2020 8 2 270.3902611680818 1.6519815775932967 24184.79055777702
2020 8 3 262.73533611471044 1.395588350990888 26568.978829536725
2020 8 4 255.29712699378277 1.1789882356066832 29188.205469795703
2020 8 5 248.06949843557962 0.996005203620416 32065.641062572482
2020 8 6 241.0464887667094 0.8414217679860646 35226.740397512054
2020 8 7 234.22230509265148 0.7108302136046014 38699.46765175179
2020 8 8 227.59131851951608 0.6005069179307606 42514.543770696335
2020 8 9 221.14805951107914 0.5073061774541978 46705.71823611729
2020 8 10 214.88721337726264 0.4285705126761987 51310.06762573216
2020 8 11 208.80361589033902 0.3620548940627137 56368.3236054239
2020 8 12 202.89224902524364 0.30586272839027906 61925.23325563343
2020 8 13 197.14823682048183 0.25839178023137266 68029.95491949703
2020 8 14 191.56684135621632 0.2182884866113682 74736.49307453801
2020 8 15 186.14345884621775 0.18440936218796974 82104.17607493783
2020 8 16 180.8736158404545 0.15578839447963247 90198.1809906601
2020 8 17 175.75296553518973 0.13160949946675146 99090.11018633544
2020 8 18 170.77728418754197 0.11118325217834749 108858.62474052362
2020 8 19 165.94246763155184 0.09392722877178751 119590.14030879833
2020 8 20 161.2445278928813 0.07934939958939087 131379.59158650012
2020 8 21 156.67958989935286 0.0670340996698076 144331.27213385917
2020 8 22 152.24388828461554 0.056630176684317295 158559.75699287112
2020 8 23 147.93376428230127 0.047840978354206615 174190.91625771363
2020 8 24 143.74566270810968 0.04041589385543091 191363.02856509807
2020 8 25 139.67612902733202 0.034143208026384986 210228.00435487644
2020 8 26 135.72180650539548 0.028844064627222162 230952.72972228995
2020 8 27 131.8794334390773 0.02436736652210408 253720.54275004045
2020 8 28 128.1458404661053 0.02058546737071785 278732.8553803283
2020 8 29 124.51794795092506 0.01739053198409797 306210.9351744978
2020 8 30 120.99276344447789 0.01469146156575158 336397.8627223506
2020 8 31 117.56737921589422 0.012411296165943669 369560.68201704783
2020 9 1 114.23896985406623 0.010485020284017446 405992.76281855925
2020 9 2 111.00478993712159 0.008857709048787212 446016.39590394334
2020 9 3 107.8621717678759 0.007482962118114708 489985.6441629391
2020 9 4 104.80852317339604 0.006321580642661377 538289.4747606468
2020 9 5 101.84132536685911 0.005340449569419888 591355.2000754907
2020 9 6 98.95813086994377 0.004511593415584431 649652.25785219
2020 9 7 96.15656149403995 0.003811378589566163 713696.3640102784
2020 9 8 93.43430637861178 0.0032198395145324903 784054.0748453502
2020 9 9 90.78912008509582 0.002720109339892395 861347.7989818437
2020 9 10 88.21882074476225 0.0022979390083186025 946261.303414826
2020 9 11 85.72128825901135 0.0019412909652231753 1039545.7623491294
2020 9 12 83.29446255062065 0.0016399959259208593 1142026.40234596
2020 9 13 80.93634186450063 0.0013854629137100092 1254609.802562242
2020 9 14 78.6449811165569 0.0011704343010413413 1378291.9146631374
2020 9 15 76.41849028929735 0.0009887788691403904 1514166.87335466
2020 9 16 74.2550328728606 0.0008353169854888046 1663436.6754773983
2020 9 17 72.15282435018 0.0007056729143622446 1827421.813285956
2020 9 18 70.11013072503366 0.0005961500492811157 2007572.9559797756
2020 9 19 68.12526709176625 0.0005036255098143685 2205483.782824203
2020 9 20 66.19659624550303 0.00042546109732212537 2422905.081388015
2020 9 21 64.32252733170952 0.0003594280706735213 2661760.235615295
2020 9 22 62.5015145339831 0.00030364359703204195 2924162.2407444906
2020 9 23 60.73205579899402 0.0002565170656976996 3212432.395594507
2020 9 24 59.01269159752423 0.00021670473422567935 3529120.8375762575
2020 9 25 57.34200372058197 0.00018307141362346974 3877029.102089485
2020 9 26 55.718614109599145 0.00015465810013726974 4259234.90587307
2020 9 27 54.14118371974659 0.0001306546306965498 4679119.373550904
2020 9 28 52.608411415429615 0.00011037658232773096 5140396.9482287755
2020 9 29 51.11903289705279 9.324575685836818e-05 5647148.250741727
2020 9 30 49.67181965816874 7.877369446241177e-05 6203856.17823615
2020 10 1 48.2655779721507 6.654774595998702e-05 6815445.56142716
2020 10 2 46.8991479075531 5.6219306744184156e-05 7487326.731353031
2020 10 3 45.57140237134783 4.7493876842906776e-05 8225443.381033276
2020 10 4 44.28124617924723 4.012266369333242e-05 9036325.14543114
2020 10 5 43.02761515234678 3.389548819467839e-05 9927145.364861004
2020 10 6 41.8094752393424 2.8634791765994006e-05 10905784.542835793
2020 10 7 40.62582166359841 2.4190573529210032e-05 11980900.05972441
2020 10 8 39.47567809436254 2.043611325880384e-05 13162002.75893032
2020 10 9 38.35809584144437 1.7264358144397266e-05 14459541.083099084
2020 10 10 37.27215307269292 1.4584870340235237e-05 15884993.50465279
2020 10 11 36.21695405362807 1.232124826549119e-05 17450970.068323866
2020 10 12 35.191628408598355 1.0408948127640405e-05 19171323.94396858
2020 10 13 34.195330402856 8.793443552903644e-06 21061273.976495024
2020 10 14 33.227238244956816 7.428670848380075e-06 23137539.317024514
2020 10 15 32.286553408909604 6.275715564848257e-06 25418487.32628027
2020 10 16 31.372499975516014 5.301702909540949e-06 27924296.0586078
2020 10 17 30.48432399235742 4.478860370676248e-06 30677132.764016837
2020 10 18 29.621292851901046 3.7837258258877243e-06 33701349.98733552
2020 10 19 28.782694687212288 3.1964785549517204e-06 37023700.99923777
2020 10 20 27.967837784774826 2.700374081641883e-06 40673576.464921124
2020 10 21 27.17605001393417 2.28126673007302e-06 44683264.444087975
2020 10 22 26.406678272494045 1.927206281943649e-06 49088236.02227989
2020 10 23 25.6590879480083 1.6280972339627204e-06 53927459.100358486
2020 10 24 24.932662394323994 1.3754109396964734e-06 59243743.11802309
2020 10 25 24.22680242294389 1.1619424279914064e-06 65084117.7609085
2020 10 26 23.540925808788813 9.816049640149786e-07 71500249.00143674
2020 10 27 22.874466809952185 8.29256495129872e-07 78548896.15386397
2020 10 28 22.22687570105065 7.00553032965903e-07 86292413.98678942
2020 10 29 21.597618319785806 5.918247910990003e-07 94799304.33498713
2020 10 30 20.98617562634313 4.999715465887118e-07 104144822.0903094
2020 10 31 20.392043275264545 4.223742417652343e-07 114411640.93246685
2020 11 1 19.814731199441592 3.568203057233426e-07 125690584.68896978
2020 11 2 19.253763205886024 3.0144056617748863e-07 138081430.7940934
2020 11 3 18.70867658294439 2.546559528141242e-07 151693792.95454276
2020 11 4 18.179021718632622 2.1513247246717908e-07 166648090.83018285
2020 11 5 17.66436172977586 1.8174317230127043e-07 183076615.30796474
2020 11 6 17.1642721016475 1.535360064397924e-07 201124698.79282886
2020 11 7 16.678340337810386 1.2970668980292246e-07 220952000.86838347
2020 11 8 16.206165619871136 1.0957576512340019e-07 242733920.70075685
2020 11 9 15.747358476867122 9.256922924038754e-08 266663148.68023574
2020 11 10 15.301540464013264 7.820216625920208e-08 292951371.0270482
2020 11 11 14.86834385054375 6.606492090099076e-08 321831142.4408227
2020 11 12 14.447411316391138 5.581141779612256e-08 353557943.35982823
2020 11 13 14.038395657452686 4.714929366344905e-08 388412440.02922034
2020 11 14 13.640959499200772 3.9831561009306614e-08 426702967.3716393
