2020 6 26 627.4316419106559 589.37892432809 665.4843594932217
2020 6 27 604.1305457182303 533.0684233311255 679.637593475384
2020 6 28 582.9603925224553 483.2546805871118 695.5156173760413
2020 6 29 562.0267446339401 437.6769763740879 711.1616748909297
2020 6 30 541.3576075455535 396.01848403981955 726.5432207433036
2020 7 1 521.3312794995504 358.23926145501304 742.099997081214
2020 7 2 501.2925768487948 323.5465132390956 756.9177112214699
2020 7 3 482.78457870187924 292.70431703412754 773.179546164824
2020 7 4 464.5762737920998 264.56957518292717 789.176367899226
2020 7 5 446.5512935243289 238.85246314847797 804.6490240511367
2020 7 6 428.3869463209618 215.1865334184844 818.9137446529227
2020 7 7 410.043403224225 193.40430505657176 831.6763532303014
2020 7 8 392.04299184348133 173.61834258720202 843.7406833658606
2020 7 9 374.00015065506705 155.48782293021392 854.1880713379533
2020 7 10 359.07604743643196 140.20199572682384 869.9912609981835
2020 7 11 346.72481586748 127.19095705695119 890.8776427334308
2020 7 12 336.51682539658213 116.01773734663944 916.6807081857099
2020 7 13 328.1103912597224 106.34353341541645 947.3199452210372
2020 7 14 321.23112787778405 97.90292568138392 982.7862088033008
2020 7 15 315.65669738403363 90.48597947974737 1023.1310593758573
2020 7 16 311.20541570559215 83.92515877709064 1068.459019222882
2020 7 17 307.7276502266836 78.08564796750255 1118.9220078619799
2020 7 18 305.0992605224989 72.8581167862801 1174.7154306370005
2020 7 19 303.2165502367421 68.15325674268074 1236.0755428381158
2020 7 20 301.38505816021143 63.76111695861453 1300.802173109295
2020 7 21 299.5646286830797 59.65202882614601 1368.9181889973454
2020 7 22 297.75519498490746 55.807751068491854 1440.6010744035877
2020 7 23 295.9566906488647 52.21121796879503 1516.0376071069911
2020 7 24 294.1690496592933 48.84646361111095 1595.4243454345765
2020 7 25 292.3922063992836 45.69855100368675 1678.9681404161315
2020 7 26 290.62609564826596 42.753505769894204 1766.886674757715
2020 7 27 288.87065257961666 39.998254112453445 1859.4090300383045
2020 7 28 287.12581275827864 37.4205647755552 1956.776283607485
2020 7 29 285.39151213839614 35.00899474723673 2059.2421367394577
2020 7 30 283.66768706096394 32.75283846097067 2167.0735756800987
2020 7 31 281.9542742514907 30.642080270959855 2280.5515673094974
2020 8 1 280.2512108176762 28.667349990163896 2399.9717912326014
2020 8 2 278.5584342471033 26.81988129367976 2525.645410205513
2020 8 3 276.8758824049429 25.091472802818394 2657.899880904868
2020 8 4 275.2034935316734 23.474451677119813 2797.079807152848
2020 8 5 273.54120624081384 21.96163955268248 2943.547837820998
2020 8 6 271.8889595166705 20.546320675598622 3097.6856117524426
2020 8 7 270.2466927120975 19.222212089031768 3259.8947521645923
2020 8 8 268.6143455462704 17.983435741589474 3430.5979131233794
2020 8 9 266.9918581024737 16.824492393173244 3610.239880815719
2020 8 10 265.3791708259016 15.740237202467167 3799.288732489689
2020 8 11 263.7762245214719 14.725856887691974 3998.237056082177
2020 8 12 262.18296035165315 13.776848359235357 4207.603233711866
2020 8 13 260.5993198343051 12.888998729303427 4427.932792381853
2020 8 14 259.02524484053197 12.058366609851086 4659.7998254112945
2020 8 15 257.4606775925488 11.281264615768164 4903.808488299792
2020 8 16 255.90556066156068 10.55424299564852 5160.594572922147
2020 8 17 254.35983696565475 9.874074317474996 5430.827164155231
2020 8 18 252.82344976770497 9.237739141236101 5715.210383253507
2020 8 19 251.29634267328956 8.642412614871592 6014.485222515739
2020 8 20 249.77845962862094 8.085451934042942 6329.431476023347
2020 8 21 248.26974491848827 7.5643846100595 6660.869771481137
2020 8 22 246.77014316421239 7.076897493878679 7009.663708454614
2020 8 23 245.27959932161303 6.620826507454965 7376.722108575282
2020 8 24 243.79805867898847 6.194147036852614 7763.0013835771
2020 8 25 242.32546685510715 5.794964944474645 8169.508027334272
2020 8 26 240.86176979721174 5.421508160509152 8597.301238393662
2020 8 27 239.4069137790349 5.072118816265244 9047.495679835125
2020 8 28 237.9608453988274 4.745245884476525 9521.264383650889
2020 8 29 236.52351157739776 4.439438293900538 10019.841807211667
2020 8 30 235.09485955616412 4.153338487648188 10544.527049783474
2020 8 31 233.6748368952176 3.8856763966469083 11096.687237476119
2020 9 1 232.26339147139743 3.635263801484275 11677.761085443271
2020 9 2 230.8604714763778 3.4009890576028745 12289.26264661577
2020 9 3 229.46602541476608 3.181812160430229 12932.785256735959
2020 9 4 228.08000210221275 2.9767601285366525 13610.005685972246
2020 9 5 226.70235066353254 2.7849226843257124 14322.688507931409
2020 9 6 225.3330205308371 2.605448213082795 15072.69069745257
2020 9 7 223.9719614416788 2.437539982442971 15861.96646916293
2020 9 8 222.6191234372058 2.280452605495433 16692.57236940265
2020 9 9 221.27445686032829 2.1334887318233267 17566.672634786453
2020 9 10 219.93791235389583 1.9959959517896777 18486.54483136431
2020 9 11 218.6094408588856 1.8673639003267513 19454.585789074616
2020 9 12 217.2889936126016 1.747021547371843 20473.317846952803
2020 9 13 215.9765221468848 1.6344346629210593 21545.39542536793
2020 9 14 214.67197828633422 1.5291034454478256 22673.611942411975
2020 9 15 213.37531414653841 1.4305603031580718 23860.90709246325
2020 9 16 212.08648213231788 1.3383677782325307 25110.374505889045
2020 9 17 210.8054349359781 1.2521166048413384 26425.26980984571
2020 9 18 209.53212553557302 1.1714238923099718 27809.01911117951
2020 9 19 208.2665071931791 1.0959314253711432 29265.22792353137
2020 9 20 207.00853345317972 1.025304073957039 30797.69056190612
2020 9 21 205.75815814056003 0.959228305472571 32410.400029184817
2020 9 22 204.515335359212 0.8974107929452484 34107.55842034053
2020 9 23 203.28001949024986 0.8395771128728939 35893.58787146701
2020 9 24 202.05216519033547 0.785470526988625 37773.1420821491
2020 9 25 200.8317273900141 0.7348508425350468 39751.11844119772
2020 9 26 199.61866129206004 0.6874933459881283 41832.67078734444
2020 9 27 198.4129223698323 0.6431878054972913 44023.22283814496
2020 9 28 197.2144663656402 0.601737537613295 46328.48232208212
2020 9 29 196.02324928911887 0.5629585341608851 48754.45585069112
2020 9 30 194.83922741561457 0.5266786453801753 51307.464569458
2020 10 1 193.6623572845797 0.4927368157105198 53994.160628271515
2020 10 2 192.49259569797758 0.4609823688243305 56821.544514344
2020 10 3 191.32989971869674 0.43127433873692217 59796.98329276418
2020 10 4 190.174226668975 0.4034808440230146 62928.229802209535
2020 10 5 189.02553412883287 0.3774785023618817 66223.44285583506
2020 10 6 187.88377993451653 0.3531518828121651 69691.20849997383
2020 10 7 186.7489221769501 0.33039299338486305 73340.56238604149
2020 10 8 185.62091920019742 0.3091008016397015 77181.01331393706
2020 10 9 184.49972959993298 0.2891807861766944 81222.56800828507
2020 10 10 183.38531222192213 0.2705445170318511 85475.75719207633
2020 10 11 182.27762616051052 0.25310926311430176 89951.66302564494
2020 10 12 181.1766307571226 0.23679762494215534 94661.94798247718
2020 10 13 180.08228559876923 0.2215371910467124 99618.88523709112
2020 10 14 178.99455051656423 0.20726021651972415 104835.39064416615
2020 10 15 177.91338558425002 0.19390332227668827 110325.0563922476
2020 10 16 176.83875111673206 0.1814072137011356 116102.18641971488
2020 10 17 175.77060766862212 0.16971641742089874 122181.83368529355
2020 10 18 174.7089160327905 0.15877903504784624 128579.83939022354
2020 10 19 173.6536372389269 0.14854651278787098 135312.87425428166
2020 10 20 172.60473255210982 0.13897342589837355 142398.48195320732
2020 10 21 171.56216347138496 0.13001727703639307 149855.1248307127
2020 10 22 170.5258917283519 0.12163830760220197 157702.23200418527
2020 10 23 169.49587928575946 0.11379932124087169 165960.24998942701
2020 10 24 168.47208833610946 0.10646551871828804 174650.69597633946
2020 10 25 167.4544813002691 0.09960434343858934 183796.21389436946
2020 10 26 166.44302082609136 0.0931853369172406 193420.63341380126
2020 10 27 165.43766978704417 0.08718000356815188 203549.03203662884
2020 10 28 164.43839128084755 0.08156168420459724 214207.80043879338
2020 10 29 163.44514862811909 0.07630543769237275 225424.71123404254
2020 10 30 162.45790537102758 0.0713879302298222 237228.99133858315
2020 10 31 161.47662527195484 0.06678733176321675 249651.39812508182
2020 11 1 160.50127231216558 0.06248321907765009 262724.299564441
2020 11 2 159.5318106904853 0.05845648513324552 276481.75856416917
2020 11 3 158.56820482198606 0.05468925424419522 290959.6217230976
2020 11 4 157.61041933668056 0.051164802724090304 306195.6127337049
2020 11 5 156.6584190782236 0.04786748464526628 322229.43067541893
2020 11 6 155.71216910262177 0.0447826623825909 339102.8534550103
2020 11 7 154.77163467695078 0.0418966416333608 356859.84666360327
2020 11 8 153.83678127808054 0.03919661062484394 375546.6781339432
2020 11 9 152.90757459140792 0.03667058323959477 395212.0384964116
2020 11 10 151.9839805095973 0.034307345806061075 415907.16804791224
2020 11 11 151.0659651313286 0.032096407318272666 437685.99026419816
2020 11 12 150.1534947600528 0.03002795286362448 460605.25230352156
2020 11 13 149.24653590275526 0.02809280005200842 484724.67286770453
2020 11 14 148.34505526872613 0.026282358252871733 510107.0978058988
