2020 6 26 291.6998639305778 283.4522729710675 299.94745489008807
2020 6 27 288.57498823415875 272.4905236427545 305.1206523830839
2020 6 28 285.75635044010914 262.21024942835396 310.6714733389426
2020 6 29 282.9258542126464 252.2816763825593 316.28045237627254
2020 6 30 280.0621104814331 242.6744015269963 321.9221887484974
2020 7 1 277.27147254727316 233.4712159663245 327.71527477822065
2020 7 2 274.4103622272227 224.53429785117237 333.49644995221223
2020 7 3 271.735480134616 216.06769390457666 339.57005668851434
2020 7 4 269.0545664262943 207.89481504956922 345.71415502122954
2020 7 5 266.3471207784551 199.99014168600763 351.90134601340213
2020 7 6 263.4938398981806 192.2560643462236 357.97059291414837
2020 7 7 260.48692794319834 184.68668353911005 363.89427429822723
2020 7 8 257.39583981336267 177.33130930091127 369.7504524789744
2020 7 9 254.18354622151764 170.16009721222156 375.4740703869905
2020 7 10 251.46419819550528 163.58204538387275 381.95523682142345
2020 7 11 249.1771530057127 157.52058361734518 389.16072265707123
2020 7 12 247.27049708412324 151.91104542657104 397.0637378775298
2020 7 13 245.6995840853752 146.69857231587568 405.6429504881376
2020 7 14 244.42585305624922 141.8364312252982 414.8816931854598
2020 7 15 243.415866923402 137.28465499565982 424.7673186632928
2020 7 16 242.64052542686272 133.00893715092013 435.2906733348479
2020 7 17 242.07441705899484 128.97972825216243 446.4456659689656
2020 7 18 241.69528244636274 125.17149304217774 458.2289128469313
2020 7 19 241.48356760274513 121.56209663687656 470.6394449584455
2020 7 20 241.42205006797295 118.13229489388291 483.67846577080985
2020 7 21 241.49552448098578 114.86530935262337 497.3491504445467
2020 7 22 241.69053687470102 111.74647119720794 511.6564791940937
2020 7 23 241.99515911593952 108.76292183957244 526.6070989248651
2020 7 24 242.39879658797383 105.90336017478225 542.2092084084735
2020 7 25 242.81391802105122 103.12370440530341 558.2977530143629
2020 7 26 243.22975037269183 100.41700653049425 574.8636802679861
2020 7 27 243.64629486038328 97.78135161741484 591.9211551667335
2020 7 28 244.06355270369824 95.21487499455593 609.4847630147493
2020 7 29 244.4815251242979 92.71576093262226 627.5695218943616
2020 7 30 244.9002133459356 90.28224135994158 646.1908955075662
2020 7 31 245.31961859446054 87.91259461159034 665.3648063985465
2020 8 1 245.7397420978211 85.60514421135129 685.1076495685347
2020 8 2 246.16058508606875 83.3582576856411 705.4363064946556
2020 8 3 246.58214879136136 81.17034540856899 726.3681595647403
2020 8 4 247.004434447967 79.03985947730914 747.9211069404538
2020 8 5 247.42744329226747 76.96529261699138 770.113577861443
2020 8 6 247.851176562762 74.94517711433531 792.9645484035937
2020 8 7 248.27563550007073 72.97808377927339 816.4935577048691
2020 8 8 248.7008213469385 71.06262093382846 840.7207246726051
2020 8 9 249.1267353482384 69.19743342753024 865.6667651865483
2020 8 10 249.5533787509754 67.38120167867433 891.3530098123452
2020 8 11 249.98075280429012 65.61264074074533 917.8014220406308
2020 8 12 250.40885875946228 63.890499393343745 945.0346170673101
2020 8 13 250.8376978699146 62.213559256973255 973.0758811310936
2020 8 14 251.2672713912163 60.580633931062415 1001.9491914248183
2020 8 15 251.69758058108684 58.99056815461068 1031.6792365975832
2020 8 16 252.1286266993996 57.44223698886506 1062.2914378652272
2020 8 17 252.56041100818555 55.93454502144918 1093.8119707472024
2020 8 18 252.99293477163698 54.46642559138158 1126.2677874484282
2020 8 19 253.42619925611118 53.03684003443506 1159.6866399052637
2020 8 20 253.8602057301341 51.644776948303175 1194.0971035153063
2020 8 21 254.2949554644042 50.289251477053945 1229.5286015713048
2020 8 22 254.730449731796 48.96930461436458 1266.0114304200808
2020 8 23 255.16668980736392 47.684002525044306 1303.5767853679718
2020 8 24 255.60367696834598 46.432435884365184 1342.2567873549442
2020 8 25 256.0414124941675 45.21371923473365 1382.084510420188
2020 8 26 256.47989766644497 44.026990359247506 1423.0940099826755
2020 8 27 256.9191337689897 42.871409671695226 1465.3203519608662
2020 8 28 257.35912208781156 41.74615962256605 1508.7996427564585
2020 8 29 257.79986391112277 40.65044412065054 1553.5690601278252
2020 8 30 258.24136052934176 39.58348796982248 1599.6668849795315
2020 8 31 258.6836132350968 38.54453632060358 1647.1325340951194
2020 9 1 259.12662332322986 37.53285413612304 1696.0065938411449
2020 9 2 259.57039209080045 36.547725672094145 1746.330854871289
2020 9 3 260.01492083708933 35.58845397043989 1798.1483478602158
2020 9 4 260.4602108636024 34.65436036620956 1851.5033802977343
2020 9 5 260.9062634740744 33.744784007437225 1906.441574374723
2020 9 6 261.3530799744728 32.85908138760264 1963.0099059932134
2020 9 7 261.8006616730016 31.996625890363628 2021.2567449339904
2020 9 8 262.2490098801053 31.156807346237926 2081.2318962160525
2020 9 9 262.6981259084724 30.33903160092089 2142.986642683299
2020 9 10 263.1480110730395 29.54272009493355 2206.573788854859
2020 9 11 263.59866669099534 28.76730945430371 2272.0477060765547
2020 9 12 264.05009408178415 28.012251091990485 2339.4643790121117
2020 9 13 264.50229456710986 27.27701081977028 2408.8814535138613
2020 9 14 264.95526947093987 26.56106847030963 2480.3582859138764
2020 9 15 265.409020119509 25.863917529157533 2553.955993777683
2020 9 16 265.8635478413234 25.18506477639694 2629.7375081639457
2020 9 17 266.3188539671641 24.5240299377018 2707.7676274348137
2020 9 18 266.77493983009145 23.880345344552914 2788.113072662939
2020 9 19 267.23180676544854 23.253555603372067 2870.842544682544
2020 9 20 267.6894561108654 22.643217273340483 2956.026782833318
2020 9 21 268.1478892062629 22.04889855267357 3043.7386254473768
2020 9 22 268.60710739385644 21.470178973130082 3134.0530721310033
2020 9 23 269.06711201816006 20.906649102539486 3227.047347894425
2020 9 24 269.52790442599047 20.35791025513716 3322.800969184463
2020 9 25 269.9894859664708 19.82357420950242 3421.395811876517
2020 9 26 270.4518579910347 19.303262933899887 3522.916181284021
2020 9 27 270.91502185343006 18.79660831882981 3627.4488842452342
2020 9 28 271.37897890972334 18.3032519165982 3735.083303349008
2020 9 29 271.8437305183032 17.822844687722455 3845.911473362994
2020 9 30 272.30927803988465 17.355046753993154 3960.028159929646
2020 10 1 272.775622837513 16.899527158017207 4077.5309405973053
2020 10 2 273.242766276568 16.45596362907233 4198.52028825566
2020 10 3 273.71070972476736 16.024042355107152 4323.099657046912
2020 10 4 274.17945455217136 15.60345776072567 4451.375570826132
2020 10 5 274.64900213118653 15.193912290998938 4583.457714246409
2020 10 6 275.11935383656964 14.795116200951103 4719.459026546712
2020 10 7 275.5905110454319 14.406787350570808 4859.4957981226435
2020 10 8 276.06247513724287 14.028651005202942 5003.687769962652
2020 10 9 276.53524749383445 13.660439641179547 5152.158236034747
2020 10 10 277.0088294994051 13.30189275655233 5305.034148711242
2020 10 11 277.4832225405238 12.952756686792913 5462.446227321697
2020 10 12 277.95842800613406 12.612784425330402 5624.5290699268535
2020 10 13 278.43444728755804 12.281735448799335 5791.421268409157
2020 10 14 278.9112817785006 11.959375546874362 5963.265526978265
2020 10 15 279.38893287505346 11.645476656571264 6140.208784192879
2020 10 16 279.8674019756992 11.339816700897094 6322.402338603227
2020 10 17 280.3466904813153 11.04217943173529 6510.001978121646
2020 10 18 280.82679979517843 10.752354276854582 6703.168113231869
2020 10 19 281.30773132296844 10.470136190933488 6902.065914150922
2020 10 20 281.7894864727724 10.19532551049497 7106.865452060929
2020 10 21 282.27206665508885 9.927727812648643 7317.741844531562
2020 10 22 282.75547328283193 9.667153777540591 7534.875405257509
2020 10 23 283.2397077713354 9.413419054413472 7758.451798238978
2020 10 24 283.72477153835695 9.166344131182159 7988.662196537075
2020 10 25 284.21066600408216 8.925754207432638 8225.703445739808
2020 10 26 284.69739259112885 8.69147907075432 8469.778232278484
2020 10 27 285.18495272455107 8.463352976318276 8721.095256738436
2020 10 28 285.67334783184344 8.241214529616178 8979.869412312246
2020 10 29 286.16257934294515 8.024906572277018 9246.321968548082
2020 10 30 286.6526486902443 7.814276070880802 9520.680760550249
2020 10 31 287.143557308582 7.609174008690555 9803.18038379374
2020 11 1 287.6353066352566 7.409455280226059 10094.06239471936
2020 11 2 288.12789811002796 7.214978588604709 10393.575517280955
2020 11 3 288.6213331751216 7.025606345576891 10701.975855621356
2020 11 4 289.1156132752329 6.841204574185126 11019.52711305888
2020 11 5 289.6107398575313 6.661642813978137 11346.50081757165
2020 11 6 290.1067143716648 6.486794028712767 11683.176553972531
2020 11 7 290.60353826976376 6.316534516478462 12029.84220297321
2020 11 8 291.10121300644556 6.150743822180714 12386.794187341833
2020 11 9 291.5997400388186 5.989304652321568 12754.337725364685
2020 11 10 292.0991208264867 5.83210279201689 13132.787091828637
2020 11 11 292.59935683155334 5.679027024191691 13522.465886747515
2020 11 12 293.10044951862596 5.529969050896339 13923.707312062184
2020 11 13 293.60240035482013 5.384823416687995 14336.854456550924
2020 11 14 294.105210809764 5.243487434023058 14762.260589193726
