2020 6 26 199.8508016452032 177.4544270857122 222.2471762046942
2020 6 27 203.73586379737887 160.62149864209954 251.96993119617125
2020 6 28 207.1121888922968 144.92468293621658 284.9451447484624
2020 6 29 211.03942032453324 131.10818519858248 322.9167702286573
2020 6 30 215.5454582317003 118.92221349904278 366.7201743102377
2020 7 1 219.94166450511423 107.75519880777652 416.114922481134
2020 7 2 224.9531479310938 97.89429912315956 473.157237253701
2020 7 3 229.64874881306858 88.7486335569704 537.1144928427858
2020 7 4 234.88141312459507 80.6270637177901 610.7438012726823
2020 7 5 240.90688571586952 73.47993305927557 696.2178977864094
2020 7 6 248.1232195570147 67.2824371459279 796.6490244832365
2020 7 7 256.2672711540612 61.800603453555375 913.8521697454999
2020 7 8 265.70750363961565 57.013521406528625 1051.9672318771832
2020 7 9 276.8734051710041 52.89290994943111 1216.4116433822342
2020 7 10 285.56742045307595 48.50825276874627 1393.640696616321
2020 7 11 291.80431341145805 44.023314809177805 1583.368040769161
2020 7 12 295.6666498531337 39.57425182505774 1785.3006938279875
2020 7 13 297.2905037256799 35.26835996125979 1999.1614087062953
2020 7 14 296.8513144859299 31.185170042732747 2224.7073193061087
2020 7 15 294.5507634476277 27.379100813176677 2461.744821067487
2020 7 16 290.6052190248832 23.88298971396679 2710.1408840267636
2020 7 17 285.2360319423365 20.711962850871455 2969.8311562072727
2020 7 18 278.66175253310416 17.867254998861785 3240.8253041979624
2020 7 19 271.09219314672754 15.339725651147905 3523.210071357438
2020 7 20 262.7241628274206 13.112928140756525 3817.150527383727
2020 7 21 253.73864901847813 11.165672874390998 4122.8899494970165
2020 7 22 244.29920155962705 9.474084330825686 4440.748726263813
2020 7 23 234.55127785740893 8.013188625194527 4771.122618636733
2020 7 24 224.62232651437677 6.758088866510691 5114.48065518378
2020 7 25 214.62241336261746 5.684793843491982 5471.362883779261
2020 7 26 205.0045776355918 4.780284091094592 5851.539145700936
2020 7 27 195.81774425646987 4.0196912360739825 6258.1318587334
2020 7 28 187.04259879431615 3.3801166050928435 6692.976563280362
2020 7 29 178.66069235232553 2.8423049416062383 7158.036341804817
2020 7 30 170.65440278079734 2.3900647004032396 7655.410681056676
2020 7 31 163.00689762826576 2.0097805793087917 8187.344950090039
2020 8 1 155.70209875289433 1.6900036121554811 8756.24053685809
2020 8 2 148.72464851973382 1.4211064822214843 9364.66568914672
2020 8 3 142.05987751277627 1.1949936788810382 10015.367108787668
2020 8 4 135.693773693923 1.0048577713426248 10711.282351492635
2020 8 5 129.61295294402612 0.8449744617671625 11455.553088286699
2020 8 6 123.80463092406937 0.7105302475640214 12251.539288409089
2020 8 7 118.25659619732848 0.5974775044059316 13102.834387709217
2020 8 8 112.95718455600353 0.5024126270415742 14013.281511014857
2020 8 9 107.89525449834726 0.42247355917072404 14986.990821707452
2020 8 10 103.06016380473251 0.3552536273806866 16028.35807682828
2020 8 11 98.44174716341205 0.29872908499851347 17142.084471481456
2020 8 12 94.03029479893127 0.25119818446898307 18333.19786212022
2020 8 13 89.816532058262 0.21122994395014213 19607.07546452794
2020 8 14 85.79159991173923 0.17762106567569338 20969.468128962508
2020 8 15 81.94703632780585 0.14935970905344623 22426.526302053026
2020 8 16 78.27475848240762 0.12559502784011783 23984.82779265228
2020 8 17 74.76704576563536 0.1056115542680619 25651.407466992434
2020 8 18 71.4165235498874 0.08880765892352478 27433.789007201085
2020 8 19 68.21614768542648 0.07467743788202316 29340.018876549744
2020 8 20 65.15918969073444 0.06279548178863409 31378.702644768997
2020 8 21 62.23922260652895 0.052804068335824975 33559.04383741897
2020 8 22 59.45010748370161 0.04440239255110146 35890.88548469844
2020 8 23 56.785980476769666 0.037337510657762994 38384.754557262415
2020 8 24 54.24124051570656 0.031396724861484586 41051.90948965124
2020 8 25 51.81053753023254 0.02640117979645791 43904.391005873076
2020 8 26 49.48876120180799 0.022200477843469527 46955.07647658912
2020 8 27 47.27103021968171 0.018668151206807267 50217.738053294044
2020 8 28 45.15268201840595 0.015697854430765507 53707.10484193519
2020 8 29 43.129262975242334 0.013200162726325425 57438.929396649946
2020 8 30 41.19651904684971 0.011099879717318415 61430.05883380362
2020 8 31 39.3503868255684 0.00933377355214123 65698.51088736809
2020 9 1 37.58698499649759 0.007848673223613815 70263.5552489893
2020 9 2 35.90260617740517 0.006599867784122601 75145.80055994856
2020 9 3 34.29370912431423 0.005549760262262971 80367.28744773832
2020 9 4 32.756911286379264 0.004666735755326612 85951.58802726072
2020 9 5 31.288981694399272 0.003924209620032032 91923.91231584178
2020 9 6 29.886834168016733 0.0032998271059969594 98311.22204246573
2020 9 7 28.54752082732112 0.0027747903358392423 105142.35236501523
2020 9 8 27.26822589521576 0.002333292369734825 112448.14204500309
2020 9 9 26.046259777518138 0.00196204131618331 120261.57266746215
2020 9 10 24.87905340834757 0.0016498601616941114 128617.91753449404
2020 9 11 23.764152848912044 0.0013873502717263904 137554.90090464824
2020 9 12 22.699214128338628 0.0011666084321248927 147112.8682970091
2020 9 13 21.681998315700827 0.0009809889122026339 157334.96862881904
2020 9 14 20.710366812882306 0.0008249033860587445 168267.34900888847
2020 9 15 19.782276858380655 0.0006936526884930015 179959.36306617613
2020 9 16 18.895777232598395 0.0005832853403020269 192463.79375402824
2020 9 17 18.049004155591994 0.0004904785836704559 205837.09163591347
2020 9 18 17.240177368654358 0.00041243834606713914 220139.62972838193
2020 9 19 16.467596391492613 0.0003468151209246031 235435.9760517223
2020 9 20 15.729636947132347 0.0002916332325762141 251795.1851187325
2020 9 21 15.024747547031962 0.0002452313558766138 269291.1096775134
2020 9 22 14.351446229227683 0.00020621249976840726 288002.7341156316
2020 9 23 13.708317442651493 0.0001734019489829464 308014.5310307858
2020 9 24 13.094009071071572 0.00014581189765340764 329416.8425776955
2020 9 25 12.50722959039835 0.0001226117100874039 352306.28831278154
2020 9 26 11.94674535337971 0.0001031029133595961 376786.20137783076
2020 9 27 11.411377995976643 8.669816884258953e-05 402967.0949917719
2020 9 28 10.900001959966533 7.290358958570177e-05 430967.16135651444
2020 9 29 10.411542126565575 6.13038711824504e-05 460912.80522913265
2020 9 30 9.944971556095247 5.1549788471479375e-05 492939.2145691778
2020 10 1 9.499309328940704 4.334768164224843e-05 527190.9708372742
2020 10 2 9.07361848326192 3.645061521052246e-05 563822.7017001581
2020 10 3 8.667004045121804 3.0650943692698366e-05 602999.7790887603
2020 10 4 8.278611146889826 2.577406015857201e-05 644899.0657606785
2020 10 5 7.907623229965311 2.167313945429805e-05 689709.713737353
2020 10 6 7.553260328041735 1.8224717833182693e-05 737634.0182204468
2020 10 7 7.21477742730282 1.5324975913134712e-05 788888.3308423891
2020 10 8 6.891462900102849 1.2886613054197557e-05 843704.0363739013
2020 10 9 6.582637008838196 1.0836219055084079e-05 902328.597297797
2020 10 10 6.287650476864585 9.112064040094606e-06 965026.6709647281
2020 10 11 6.005883123455581 7.662239997984335e-06 1032081.3043742145
2020 10 12 5.736742559932439 6.443098021302034e-06 1103795.21197473
2020 10 13 5.479662944224058 5.417934197183451e-06 1180492.1422514033
2020 10 14 5.234103791238612 4.555884586570044e-06 1262518.339270719
2020 10 15 4.999548836545779 3.830996023712634e-06 1350244.1057802811
2020 10 16 4.775504950980587 3.2214447611262747e-06 1444065.4749201667
2020 10 17 4.561501103886913 2.708879436249282e-06 1544405.9980927194
2020 10 18 4.357087372820966 2.2778685789318713e-06 1651718.657062022
2020 10 19 4.161833997632758 1.915436026222475e-06 1766487.9089151153
2020 10 20 3.9753304769368425 1.6106702574875273e-06 1889231.8731168287
2020 10 21 3.797184705072753 1.354395888371799e-06 2020504.670531561
2020 10 22 3.6270221477406808 1.1388974334820608e-06 2160898.9249713956
2020 10 23 3.464485054579237 9.576870212972457e-07 2311048.4385636537
2020 10 24 3.3092317070298316 8.053090680493114e-07 2471631.0530156805
2020 10 25 3.1609356999063682 6.771760300186451e-07 2643371.7096938905
2020 10 26 3.0192852551598293 5.694302893454238e-07 2827045.72233163
2020 10 27 2.883982566395004 4.788280152430754e-07 3023482.2771403133
2020 10 28 2.754743172761271 4.0264150409909244e-07 3233568.176124895
2020 10 29 2.6312953609011043 3.385770582802673e-07 3458251.840502666
2020 10 30 2.5133795936989474 2.847059312730645e-07 3698547.5922985906
2020 10 31 2.4007479646294674 2.3940626016948016e-07 3955540.23344621
2020 11 1 2.2931636765579997 2.0131423729758918e-07 4230389.94306621
2020 11 2 2.1904005438974172 1.6928305095288622e-07 4524337.515031141
2020 11 3 2.0922425170747516 1.423483590857816e-07 4838709.959461009
2020 11 4 1.9984832283078096 1.196992564840653e-07 5174926.493437351
2020 11 5 1.9089255577368183 1.0065386137822494e-07 5534504.947980566
2020 11 6 1.823381218998936 8.463878647145663e-08 5919068.620214439
2020 11 7 1.7416703633743382 7.117187634204962e-08 6330353.601651579
2020 11 8 1.6636212016716345 5.984769150437025e-08 6770216.615682912
2020 11 9 1.589069643057665 5.03253021065304e-08 7240643.399653139
2020 11 10 1.5178589500723536 4.231802377755227e-08 7743757.669362586
2020 11 11 1.4498394091033195 3.5584786607870086e-08 8281830.70646519
2020 11 12 1.3848680156274484 2.9922877414690403e-08 8857291.612044398
2020 11 13 1.322808173557679 2.516183678832468e-08 9472738.27265619
2020 11 14 1.2635294080629071 2.1158327181845988e-08 10130949.088344814
