2020 6 26 203.5886960515112 194.59920002787888 212.5781920751435
2020 6 27 204.1967464174176 186.55893556854284 222.63109329074257
2020 6 28 204.70861746867584 178.7613402466464 233.0525577992082
2020 6 29 205.2638749427285 171.32642726235485 244.00978879034432
2020 6 30 205.86989225132376 164.24185216374602 255.54073740233832
2020 7 1 206.4212425780815 157.40519322328726 267.5465160362403
2020 7 2 207.06605648665973 150.92325811779543 280.2355745432867
2020 7 3 207.57802216758722 144.6099520769088 293.3439252718405
2020 7 4 208.12683154635852 138.5855248655719 307.1157123617841
2020 7 5 208.71276384468138 132.83582721028847 321.5866896705102
2020 7 6 209.39335384619923 127.38387085693819 336.88283245893587
2020 7 7 210.23527114338967 122.25247103507442 353.1625112890681
2020 7 8 211.15288042775038 117.3698258669341 370.3503609547346
2020 7 9 212.1834284539741 112.74273985156022 388.5657791131929
2020 7 10 212.82824037180617 108.0904363612056 406.9615108017142
2020 7 11 213.12225387065976 103.45095167859327 425.5536156469496
2020 7 12 213.09875278333593 98.8562832785708 444.360293035424
2020 7 13 212.78915716061866 94.3329622337181 463.40152333462555
2020 7 14 212.22289799726926 89.9026300863689 482.69875866225226
2020 7 15 211.42735951572678 85.58260127820107 502.2746598602602
2020 7 16 210.42787421546976 81.3863980994098 522.1528757554703
2020 7 17 209.2477581265616 77.3242497699124 542.3578605314118
2020 7 18 207.90837577979994 73.40355085695768 562.9147250086785
2020 7 19 206.42922627588396 69.62927693475237 583.8491177628583
2020 7 20 204.82804348211027 66.00435736242444 605.1871322451364
2020 7 21 203.1209048058418 62.53000644170761 626.9552363692025
2020 7 22 201.32234419978485 59.20601514129572 649.1802213581893
2020 7 23 199.53598937213417 56.057627755079054 672.1810667363702
2020 7 24 197.76548506312787 53.07666158628484 695.9968458890339
2020 7 25 196.01069062940812 50.254213707603085 720.6564324095581
2020 7 26 194.27146667556067 47.581854621053154 746.1897229000858
2020 7 27 192.54767504304183 45.05160308251935 772.627673217341
2020 7 28 190.83917879920355 42.65590226503751 800.0023360026547
2020 7 29 189.14584222641585 40.38759718964216 828.3468995417029
2020 7 30 187.46753081128594 38.23991335636929 857.6957280010681
2020 7 31 185.80411123397283 36.20643651159448 888.0844030904067
2020 8 1 184.1554513575968 34.28109349127947 919.5497672007313
2020 8 2 182.5214202177429 32.458134082913915 952.1299680711093
2020 8 3 180.90188801205755 30.73211385198136 985.8645050379288
2020 8 4 179.2967260899374 29.097877881659052 1020.7942769228039
2020 8 5 177.70580694230978 27.550545377188737 1056.961631617177
2020 8 6 176.12900419150367 26.08549508893803 1094.4104174237348
2020 8 7 174.5661925812108 24.69835151061694 1133.1860362168784
2020 8 8 173.0172479665356 23.384971811429335 1173.3354984867046
2020 8 9 171.4820473041335 22.14143346313094 1214.9074803332262
2020 8 10 169.96046864243675 20.964022525041052 1257.9523824799317
2020 8 11 168.45239111196702 19.849222552019985 1302.5223913782322
2020 8 12 166.95769491573387 18.79370409228499 1348.6715424768745
2020 8 13 165.47626131971842 17.794314743698884 1396.455785733028
2020 8 14 164.00797264344152 16.848069738833576 1445.933053444469
2020 8 15 162.5527122506156 15.952143030689955 1497.1633304850984
2020 8 16 161.11036453987944 15.10385885245081 1550.2087270289494
2020 8 17 159.6808149356151 14.30068372605921 1605.1335538508467
2020 8 18 158.26394987884643 13.540218895755254 1662.004400295016
2020 8 19 156.85965681821833 12.82019316397324 1720.8902150061665
2020 8 20 155.46782420105595 12.13845610820301 1781.8623895209255
2020 8 21 154.08834146450334 11.492971658557027 1844.9948448209668
2020 8 22 152.72109902674072 10.881812016861966 1910.3641209527689
2020 8 23 151.3659882782795 10.303151899113676 1978.0494698226553
2020 8 24 150.02290157333485 9.75526308410004 2048.132951279618
2020 8 25 148.69173222127455 9.236509251910725 2120.699532602414
2020 8 26 147.37237447814383 8.745341096918544 2195.8371915115495
2020 8 27 146.0647235382654 8.280291700636914 2273.6370228310393
2020 8 28 144.7686755259141 7.83997215063402 2354.1933489292583
2020 8 29 143.4841274870651 7.423067392419179 2437.6038340727773
2020 8 30 142.2109773812159 7.028332301912674 2523.9696028318253
2020 8 31 140.94912407328027 6.654587966769149 2613.395362680926
2020 9 1 139.69846732555447 6.300718165448372 2705.989530943352
2020 9 2 138.4589077897547 5.965666033517817 2801.8643662332934
2020 9 3 137.23034699912523 5.648430907230652 2901.136104555106
2020 9 4 136.01268736061638 5.34806533495221 3003.925100224634
2020 9 5 134.80583214713215 5.063672247509277 3110.3559717834596
2020 9 6 133.60968548984644 4.794402279011195 3220.5577530829855
2020 9 7 132.4241523705876 4.5394512301411805 3334.6640497215144
2020 9 8 131.2491386142904 4.298057666341719 3452.8132010239897
2020 9 9 130.08455088151513 4.069500643720825 3575.1484477607746
2020 9 10 128.93029666103297 3.8530975558873597 3701.818105808809
2020 9 11 127.78628426247718 3.6482020952847978 3832.9757459656857
2020 9 12 126.65242280905953 3.454202322934766 3968.780380134647
2020 9 13 125.52862223035129 3.2705188408254826 4109.396654106228
2020 9 14 124.41479325512834 3.0966030614867557 4254.99504717027
2020 9 15 123.31084740427978 2.931935569583475 4405.752078800303
2020 9 16 122.21669698377933 2.776024570634347 4561.85052266089
2020 9 17 121.13225507771926 2.6284044222228276 4723.479628197369
2020 9 18 120.05743554140608 2.488634243313581 4890.835350076655
2020 9 19 118.99215299451738 2.3562965975210615 5064.12058575728
2020 9 20 117.93632281431958 2.2309962463976802 5243.545421476664
2020 9 21 116.8898611289457 2.1123589690181395 5429.327386953872
2020 9 22 115.85268481073287 2.0000304443345103 5621.691719116644
2020 9 23 114.82471146961892 1.8936751929641122 5820.8716351724315
2020 9 24 113.80585944659758 1.7929755752497432 6027.1086153545
2020 9 25 112.79604780723172 1.6976308425998752 6240.6526956859025
2020 9 26 111.79519633522418 1.6073562392755607 6461.76277111625
2020 9 27 110.80322552604562 1.5218821519414492 6690.7069093988075
2020 9 28 109.820056580619 1.4409533044409741 6927.762676088437
2020 9 29 108.84561139905992 1.3643279953908318 7173.217471054415
2020 9 30 107.87981257447268 1.2917773763177582 7427.368876916107
2020 10 1 106.92258338680129 1.2230847681816943 7690.525019823919
2020 10 2 105.97384779673509 1.1580450142440724 7963.004943022938
2020 10 3 105.03353043966838 1.0964638673485079 8245.138993652161
2020 10 4 104.10155661971375 1.0381574097839523 8537.269223248244
2020 10 5 103.1778523037684 0.982951503997677 8839.74980243935
2020 10 6 102.26234411563325 0.9306812725175911 9152.947450331843
2020 10 7 101.35495933018413 0.8811906055306364 9477.24187911041
2020 10 8 100.4556258675947 0.8343316946465933 9813.026254390637
2020 10 9 99.5642722876107 0.7899645914548444 10160.70767188215
2020 10 10 98.68082778387495 0.7479567895556841 10520.707650940214
2020 10 11 97.80522217830263 0.7081828288178715 10893.462645604175
2020 10 12 96.9373859155067 0.6705239206805077 11279.424573742284
2020 10 13 96.0772500572725 0.6348675933801654 11679.061364944453
2020 10 14 95.22474627708159 0.6011073560437111 12092.857527827173
2020 10 15 94.3798068546841 0.5691423806436009 12521.314737438393
2020 10 16 93.5423646707192 0.5388772008657811 12964.952443474498
2020 10 17 92.71235320138335 0.5102214269908355 13424.30850004679
2020 10 18 91.88970651314594 0.48308947593684565 13899.939817760967
2020 10 19 91.07435925751162 0.45740031565771155 14392.423038900168
2020 10 20 90.2662466658293 0.43307722313355645 14902.355236530168
2020 10 21 89.4653045441471 0.4100475552304314 15430.354638374283
2020 10 22 88.67146926811297 0.38824253174497103 15977.061376335603
2020 10 23 87.88467777792059 0.3675970299860438 16543.138262575238
2020 10 24 87.10486757330008 0.3480493902798962 17129.2715930875
2020 10 25 86.33197670855321 0.3295412318179138 17736.171979746206
2020 10 26 85.56594378763258 0.3120172782970128 18364.575211830936
2020 10 27 84.80670795926451 0.29542519283191976 19015.243148077618
2020 10 28 84.05420891211526 0.2797154216462907 19688.964640335045
2020 10 29 83.30838686999999 0.2648410460758394 20386.556489947092
2020 10 30 82.56918258713443 0.25075764244146753 21108.86443802011
2020 10 31 81.83653734342852 0.23742314937389594 21856.76419077612
2020 11 1 81.11039293982185 0.2247977421935496 22631.162481234853
2020 11 2 80.39069169366057 0.21284371397052013 23432.99816851184
2020 11 3 79.67737643411522 0.20152536290938114 24263.24337606531
2020 11 4 78.97039049763924 0.1908088857225203 25122.904670271822
2020 11 5 78.26967772346786 0.18066227667353824 26013.02428075957
2020 11 6 77.57518244915678 0.17105523198919798 26934.681363978823
2020 11 7 76.88684950616057 0.16195905935444274 27888.993311541413
2020 11 8 76.20462421545025 0.15334659222018046 28877.117104915502
2020 11 9 75.52845238316975 0.14519210866790735 29900.25071811797
2020 11 10 74.8582802963309 0.1374712545888528 30959.634570105067
2020 11 11 74.19405471854667 0.13016097094821233 32056.5530286221
2020 11 12 73.53572288580222 0.12323942491723758 33192.33596733546
2020 11 13 72.88323250226348 0.116685944667502 34368.36037813474
2020 11 14 72.23653173612297 0.1104809576326002 35586.05204055973
