2020 6 26 726.3364211675673 686.9645528051284 765.7082895300064
2020 6 27 739.6799899252721 661.63115871762 822.0792828780721
2020 6 28 753.0876969466028 637.0700927344886 882.3991155121057
2020 6 29 767.6137575918433 614.1612547851075 948.1705191558552
2020 6 30 781.9034672202457 591.6629325574792 1018.206288547163
2020 7 1 795.2633833331187 569.0839202060603 1091.8579896252413
2020 7 2 810.06781161953 548.2368978457231 1172.5071058174742
2020 7 3 824.2062863329469 527.5163353398143 1257.7504813485068
2020 7 4 839.0957274445452 507.90160826588914 1349.9606219304972
2020 7 5 854.8701208447504 489.38906429791786 1449.9220068979284
2020 7 6 872.0392766850167 472.1799827306098 1559.14794859828
2020 7 7 892.6028853181238 457.22731996244886 1682.054662462308
2020 7 8 916.1868622024119 444.0469310553344 1819.4279505390318
2020 7 9 941.7474991603731 431.90250565999554 1970.7084484163618
2020 7 10 963.3735142997542 417.95868694503844 2124.8416185170745
2020 7 11 981.2171239002416 402.6085910934206 2281.5919461405156
2020 7 12 995.4687853802557 386.21280717586643 2440.7850631479664
2020 7 13 1006.3459675945672 369.0952146939718 2602.3041274149127
2020 7 14 1014.0834516893256 351.54117145559 2766.0854585449265
2020 7 15 1018.9251835495303 333.7975308033523 2932.113772646679
2020 7 16 1021.1176143800923 316.07400233067017 3100.41728530505
2020 7 17 1020.9044113953773 298.5454400689496 3271.0628854451074
2020 7 18 1018.5223897055416 281.3547161612766 3444.151525505709
2020 7 19 1014.1985034044188 264.61590930017763 3619.813925769906
2020 7 20 1008.1477334622464 248.41760158861135 3798.2066525162727
2020 7 21 1000.5717180935009 232.82613296610833 3979.5086000039464
2020 7 22 991.6579845018609 217.88870835231634 4163.917884065495
2020 7 23 981.5796568242623 203.63628954739 4351.649139054286
2020 7 24 970.9183411942453 190.1739476227958 4544.805644404204
2020 7 25 960.3728222295041 177.60159760729357 4746.535781121632
2020 7 26 949.9418422177494 165.86040236818485 4957.220106696429
2020 7 27 939.6241571071904 154.89541448024926 5177.256070411077
2020 7 28 929.4185363581635 144.65531907819874 5407.05876311612
2020 7 29 919.323762796371 135.09219370908917 5647.061700285851
2020 7 30 909.3386324677158 126.16128406082613 5897.7176398314805
2020 7 31 899.4619544947104 117.82079451720065 6159.499436214538
2020 8 1 889.692550934448 110.03169255927688 6432.900932471783
2020 8 2 880.0292566381142 102.75752609775289 6718.437891834393
2020 8 3 870.470919112026 95.96425288143145 7016.648970698905
2020 8 4 861.0163983801789 89.62008118345223 7328.096734785382
2020 8 5 851.6645668482882 83.69532101971555 7653.3687203997615
2020 8 6 842.4143091693061 78.16224520321735 7993.0785428024155
2020 8 7 833.2645221103994 72.99495958404579 8347.867053773836
2020 8 8 824.214114421373 68.16928186777768 8718.403550561143
2020 8 9 815.2620067045211 63.66262844515925 9105.387038486064
2020 8 10 806.4071312858937 59.453908703447006 9509.547549596256
2020 8 11 797.6484320879592 55.52342632479836 9931.647519847553
2020 8 12 788.9848645036521 51.8527871097998 10372.483227415154
2020 8 13 780.4153952717876 48.42481289475762 10832.886294847094
2020 8 14 771.9390023538294 45.22346115989401 11313.725257893739
2020 8 15 763.5546748119965 42.233749952224336 11815.90720397287
2020 8 16 755.2614126886932 39.44168777176341 12340.379483361261
2020 8 17 747.0582268872496 36.83420809293634 12888.131496340853
2020 8 18 738.9441390539564 34.39910821476181 13460.196559670941
2020 8 19 730.9181814613819 32.12499215363376 14057.653855907387
2020 8 20 722.9793968929554 30.00121731144642 14681.630469246205
2020 8 21 715.126838528805 28.01784466947558 15333.303511732065
2020 8 22 707.3595698328353 26.165592274929413 16013.902343842747
2020 8 23 699.6766644410307 24.435791802491295 16724.710893638596
2020 8 24 692.0772060509727 22.82034798756764 17467.070078851997
2020 8 25 684.5602883125575 21.31170074139315 18242.380336486047
2020 8 26 677.1250147198997 19.90278977069657 19052.10426469444
2020 8 27 669.77049850441 18.5870215363511 19897.76938192639
2020 8 28 662.4958625290358 17.358238396379758 20780.97100854162
2020 8 29 655.3002391836479 16.21068978890868 21703.375276331506
2020 8 30 648.1827702815664 15.139005320207785 22666.72227162375
2020 8 31 641.1426069572078 14.138169631874058 23672.829317899887
2020 9 1 634.1789095648458 13.203498929538812 24723.594404118292
2020 9 2 627.2908475784701 12.330619063255945 25820.99976521
2020 9 3 620.4775994927345 11.515445056990034 26967.11562150188
2020 9 4 613.7383527249791 10.75416199140461 28164.104084121478
2020 9 5 607.0723035183183 10.043207150484315 29414.223233750927
2020 9 6 600.4786568457804 9.379253348439201 30719.83138042436
2020 9 7 593.9566263154883 8.759193358863037 32083.39151240482
2020 9 8 587.5054340768708 8.180125373275885 33507.47594253333
2020 9 9 581.1243107278922 7.639339420998647 34994.77116081528
2020 9 10 574.8124952232893 7.134304686806137 36548.08290239842
2020 9 11 568.5692347838053 6.66265766700681 38170.34144050303
2020 9 12 562.3937848064097 6.2221911085209705 39864.60711428918
2020 9 13 556.2854087754928 5.810843679193619 41634.07610208929
2020 9 14 550.2433781750253 5.426690321000228 43482.08645089692
2020 9 15 544.266972401672 5.067933240999566 45412.12437348632
2020 9 16 538.3554786788484 4.732893497872271 47427.830825042
2020 9 17 532.5081919717119 4.420003144671167 49533.00837170496
2020 9 18 526.7244149030755 4.127797891012303 51731.628363992764
2020 9 19 521.0034576702351 3.85491025036663 54027.83842862613
2020 9 20 515.3446379627001 3.6000631403824275 56425.97029289481
2020 9 21 509.74728088081747 3.3620639062887525 58930.547956323455
2020 9 22 504.21071885528 3.1397987394101206 61546.296225052894
2020 9 23 498.73429156750836 2.9322274646717243 64278.149625036705
2020 9 24 493.31734587089835 2.7383786727013213 67131.26171086756
2020 9 25 487.95923571292315 2.5573451737465955 70111.01478779415
2020 9 26 482.65932205808184 2.388279752132854 73223.03006526889
2020 9 27 477.4169728116849 2.230391201392416 76473.1782611809
2020 9 28 472.2315627444672 2.082940621510565 79867.59067677864
2020 9 29 467.1024734180201 1.9452379609596013 83412.67076317478
2020 9 30 462.02909311103326 1.8166387873381222 87115.10620125323
2020 10 1 457.01081674633764 1.6965412715024952 90981.88151776645
2020 10 2 452.04704581874097 1.5843833710766124 95020.29126142315
2020 10 3 447.137188323647 1.4796402001590792 99237.95376382254
2020 10 4 442.28065868644995 1.3818215729183736 103642.82551119474
2020 10 5 437.47687769269584 1.2904697095802893 108243.21615405902
2020 10 6 432.7252724190026 1.2051570940719485 113047.80418311543
2020 10 7 428.0252761647301 1.1254844732964102 118065.65330094157
2020 10 8 423.3763283843928 1.0510789886747116 123306.22952037939
2020 10 9 418.777874620806 0.9815924312111772 128779.41902186743
2020 10 10 414.2293664389586 0.9166996119159047 134495.54680340603
2020 10 11 409.7302613606039 0.8560968399581944 140465.39615833774
2020 10 12 405.2800227995608 0.7995005014288592 146700.2290176874
2020 10 13 400.878119997718 0.7466457320601851 153211.8071954371
2020 10 14 396.5240279617329 0.6972851776920308 160012.41457681428
2020 10 15 392.21722740041827 0.6511878366831877 167114.88029145062
2020 10 16 387.95720466280903 0.6081379788506242 174532.6029151274
2020 10 17 383.7434516769015 0.5679341358773732 182279.5757457627
2020 10 18 379.5754658890582 0.5303881584642911 190370.41320132304
2020 10 19 375.4527502040707 0.4953243358132677 198820.37838945832
2020 10 20 371.37481292587364 0.46257857332117064 207645.41190086916
2020 10 21 367.3411676989024 0.4319976246362294 216862.16188072454
2020 10 22 363.3513334500879 0.40343837448297026 226488.01543485836
2020 10 23 359.4048343314815 0.3767671688994081 236541.13142999186
2020 10 24 355.5011996635027 0.3518591897520824 247040.4747498585
2020 10 25 351.63996387880377 0.32859787060174084 258005.85207185405
2020 10 26 347.8206664667437 0.30687435118598994 269457.94923170406
2020 10 27 344.0428519184653 0.2865869679659555 281418.37024663517
2020 10 28 340.3060696725689 0.2676407783527699 293909.67807066685
2020 10 29 336.6098740613763 0.24994711638732234 306955.43715890695
2020 10 30 332.9538242577778 0.23342317779390476 320580.257921147
2020 10 31 329.33748422265734 0.21799163246585265 334809.84314861806
2020 11 1 325.76042265288794 0.20358026256965925 349671.0365014893
2020 11 2 322.22221292989246 0.190121624573932 365191.87314857927
2020 11 3 318.72243306876277 0.17755273362152657 381401.63265481096
2020 11 4 315.26066566793185 0.16581476876775664 398330.89421618
2020 11 5 311.8364978593921 0.15485279770522864 416011.594346436
2020 11 6 308.44952125945497 0.14461551968704583 434477.0871243001
2020 11 7 305.0993319200446 0.13505502544529221 453762.2071148745
2020 11 8 301.78553028052136 0.1261265729812427 473903.33508394205
2020 11 9 298.5077211200278 0.11778837817802405 494938.4666291242
2020 11 10 295.2655135103529 0.11000141925581806 516907.28385736817
2020 11 11 292.0585207693078 0.1027292541544802 539851.2302439801
2020 11 12 288.8863604146083 0.09593784998894561 563813.5888144238
2020 11 13 285.7486541182579 0.0895954237792938 588839.5637963722
2020 11 14 282.64502766142647 0.08367229371010702 614976.3658960459
