2020 6 26 186.12779384612273 168.7958524096705 203.45973528257502
2020 6 27 174.56827224268372 143.5661702006761 208.59872615153378
2020 6 28 164.50004424256616 122.74357178582025 214.79166827095406
2020 6 29 155.0125014595276 104.94104839379395 221.16846833045892
2020 6 30 146.01395383136943 89.68117353067585 227.65154764520952
2020 7 1 137.62548895082716 76.6941676971322 234.46141839790104
2020 7 2 129.38824406594614 65.40356443541062 240.91161802905248
2020 7 3 121.9063435518221 55.90771805100782 248.02769521152064
2020 7 4 114.87539316334538 47.798955661930435 255.39121649852183
2020 7 5 108.01705278168318 40.76936632353211 262.4555640768489
2020 7 6 101.20317955768542 34.63582806998521 268.8284735644565
2020 7 7 94.44930313066872 29.298477031999287 274.37373469409
2020 7 8 88.02038470924953 24.7445936962736 279.6680283471768
2020 7 9 81.93422109695783 20.87186058102721 284.7631284888317
2020 7 10 76.98917676418831 17.788728764159607 292.4544341761735
2020 7 11 72.95172238692251 15.301772639465534 302.6673745462871
2020 7 12 69.6454735096631 13.271466541947504 315.3921968984803
2020 7 13 66.93540507092082 11.595603336850175 330.6732572688517
2020 7 14 64.71686447998354 10.198242455540951 348.60197056041716
2020 7 15 62.90780520581431 9.022214140177072 369.3123700072654
2020 7 16 61.29901990273545 8.003272172904447 392.13204094965135
2020 7 17 59.73137719146908 7.099406473667401 416.36173068428235
2020 7 18 58.2038249037378 6.297620671828221 442.08856373628856
2020 7 19 56.7153377790995 5.5863861681032345 469.4050480220862
2020 7 20 55.26491677681447 4.955476368841922 498.40940748707834
2020 7 21 53.85158840531061 4.395819641392347 529.205935296913
2020 7 22 52.474404068796694 3.8993688762492296 561.9053688522948
2020 7 23 51.132439430585165 3.4589857804641575 596.6252879758193
2020 7 24 49.82479379269709 3.068338238613083 633.4905377026201
2020 7 25 48.55058949133296 2.7218092655101596 672.6336771950898
2020 7 26 47.308971307803446 2.4144162415306436 714.1954563958707
2020 7 27 46.09910589452498 2.14173926925564 758.3253221330523
2020 7 28 44.92018121569461 1.8998576213038052 805.1819554974172
2020 7 29 43.77140600226896 1.6852933655554714 854.9338424240221
2020 7 30 42.65200922088134 1.4949613571758862 907.7598795297981
2020 7 31 41.56123955634064 1.3261248783902637 963.8500173856258
2020 8 1 40.49836490736463 1.1763562881703884 1023.4059435359476
2020 8 2 39.46267189520926 1.0435021160283013 1086.641807721902
2020 8 3 38.45346538486405 0.9256520980128615 1153.78499191572
2020 8 4 37.47006801849236 0.8211117096885443 1225.0769279352535
2020 8 5 36.51181976080328 0.7283778011577263 1300.773965578595
2020 8 6 35.57807745605004 0.6461169837909158 1381.1482944004053
2020 8 7 34.668214396357655 0.5731464578952348 1466.4889224444507
2020 8 8 33.78161990108996 0.5084170056488658 1557.10271545165
2020 8 9 32.91769890697385 0.45099790476277835 1653.3155002803937
2020 8 10 32.075871568705494 0.40006354594852417 1755.473236506783
2020 8 11 31.25557286977061 0.3548815617693224 1863.9432604176043
2020 8 12 30.456252243217424 0.31480229618331207 1979.1156058691554
2020 8 13 29.677373202127907 0.27924946336519546 2101.404406761437
2020 8 14 28.91841297953923 0.24771186149271626 2231.24938617069
2020 8 15 28.17886217757376 0.2197360223533896 2369.117437494869
2020 8 16 27.45822442554207 0.19491969108273435 2515.5043032974904
2020 8 17 26.75601604678957 0.17290604228143075 2670.9363578866055
2020 8 18 26.071765734063053 0.1533785493469628 2835.9725000386493
2020 8 19 25.405014233179358 0.13605643324764927 3011.2061626729787
2020 8 20 24.755314034783776 0.1206906252985669 3197.2674467034335
2020 8 21 24.122229073991328 0.10706018588952497 3394.8253867397766
2020 8 22 23.50533443770934 0.09496912767122553 3604.5903567859627
2020 8 23 22.90421607944487 0.08424359752130776 3827.3166245855905
2020 8 24 22.31847054140553 0.074729376770746 4063.805063799388
2020 8 25 21.74770468370727 0.06628966374722574 4314.9060337671135
2020 8 26 21.191535420507257 0.058803106751460034 4581.522437208851
2020 8 27 20.649589462884876 0.05216205918329637 4864.612966860505
2020 8 28 20.12150306829817 0.04627103172867912 5165.195552717667
2020 8 29 19.606921796447626 0.041045319352002035 5484.351022283374
2020 8 30 19.105500271383416 0.03640978335185105 5823.226986981179
2020 8 31 18.61690194969646 0.03229777096774053 6183.041968708215
2020 9 1 18.140798894637662 0.02865015700324375 6565.089781366394
2020 9 2 17.67687155601379 0.025414493685349836 6970.744183126765
2020 9 3 17.22480855571221 0.02254425653617042 7401.463816155507
2020 9 4 16.784306478710555 0.019998175413647498 7858.797451563718
2020 9 5 16.355069669431042 0.017739641102529374 8344.389558440662
2020 9 6 15.93681003330278 0.01573617892319267 8859.986216995456
2020 9 7 15.529246843398843 0.013958981789514657 9407.441397069533
2020 9 8 15.132106552018358 0.012382496001797402 9988.723624596014
2020 9 9 14.745122607087144 0.010984053819004207 10605.923059977054
2020 9 10 14.368035273253644 0.009743547527192243 11261.259013831454
2020 9 11 14.000591457560123 0.00864314031768472 11957.087927137434
2020 9 12 13.642544539572077 0.007667009817800336 12695.911844465427
2020 9 13 13.293654205851869 0.006801120586457544 13480.38741076867
2020 9 14 12.953686288665493 0.006033022303447007 14313.335424082094
2020 9 15 12.622412608814187 0.005351670750605981 15197.750978478836
2020 9 16 12.299610822485443 0.004747269010845147 16136.814233756175
2020 9 17 11.985064272020582 0.004211126601683932 17133.901850576272
2020 9 18 11.678561840498775 0.0037355345178243823 18192.599132179912
2020 9 19 11.379897810039871 0.0033136543860442175 19316.712916332108
2020 9 20 11.08887172373096 0.0029394201386057956 20510.28526385614
2020 9 21 10.805288251083972 0.0026074507913771364 21777.607992976908
2020 9 22 10.528957056934031 0.002312973072531922 23123.23811173581
2020 9 23 10.25969267369056 0.0020517527893334536 24552.014203968705
2020 9 24 9.997314376855405 0.0018200339461494131 26069.073827767203
2020 9 25 9.741646063724406 0.0016144847382965342 27679.871988984254
2020 9 26 9.492516135191034 0.0014321496451794456 29390.20075621066
2020 9 27 9.24975738057273 0.0012704069338875924 31206.210087753487
2020 9 28 9.01320686538268 0.0011269309622092257 33134.42994550559
2020 9 29 8.782705821971664 0.0009996587390306076 35181.7937752227
2020 9 30 8.558099542966604 0.0008867602613040385 37355.66343763794
2020 10 1 8.33923727743428 0.0007866122010702798 39663.855680060384
2020 10 2 8.125972129700536 0.000697774564190219 42114.67024364367
2020 10 3 7.918160960757029 0.0006189699851697941 44716.91970739203
2020 10 4 7.7156642921894 0.0005490653603656616 47479.96117621612
2020 10 5 7.518346212562337 0.00048705555548186186 50413.72992698177
2020 10 6 7.326074286198723 0.000432048953093237 53528.77513353526
2020 10 7 7.138719464291645 0.0003832546323884681 56836.29779916441
2020 10 8 6.956155998289593 0.0003399709967947127 60348.191032891926
2020 10 9 6.778261355496717 0.00030157568596441125 64077.082814425674
2020 10 10 6.604916136831504 0.00026751662707222924 68036.38140153892
2020 10 11 6.436003996688664 0.00023730409675184333 72240.32354315536
2020 10 12 6.271411564850452 0.00021050367953392182 76704.02567150236
2020 10 13 6.111028370394994 0.00018673002153712652 81443.53825740782
2020 10 14 5.954746767550571 0.0001656412895986309 86475.90352419027
2020 10 15 5.802461863446076 0.0001469342561739187 91819.21672766819
2020 10 16 5.6540714477091605 0.00013033993933334612 97492.69122263783
2020 10 17 5.509475923864822 0.00011561973516449366 103516.72754978407
2020 10 18 5.368578242488373 0.00010256198696946614 109912.98679144507
2020 10 19 5.231283836067944 9.097894192682142e-05 116704.46846000184
2020 10 20 5.097500555532792 8.070405145902791e-05 123915.59319896175
2020 10 21 4.967138608404815 7.158957648837297e-05 131572.2905941106
2020 10 22 4.840110498531755 6.350446314812975e-05 139702.09241048226
2020 10 23 4.716330967361656 5.6332458404571614e-05 148334.23159040546
2020 10 24 4.595716936719145 4.997043849501858e-05 157499.74736860194
2020 10 25 4.478187453045138 4.432692614710721e-05 167231.59688230685
2020 10 26 4.363663633062538 3.932077525889572e-05 177564.7736777359
2020 10 27 4.252068610831468 3.488000412727662e-05 188536.43353902208
2020 10 28 4.143327486158493 3.094076044809401e-05 200186.02809207447
2020 10 29 4.037367274325218 2.744640320606194e-05 212555.44666376896
2020 10 30 3.9341168571024974 2.43466882532983e-05 225689.16690656415
2020 10 31 3.8335069350174025 2.1597045866191074e-05 239634.41473015508
2020 11 1 3.735469980840898 1.9157939892838292e-05 254441.33411524317
2020 11 2 3.639940194265008 1.699429927646558e-05 270163.16742003424
2020 11 3 3.5468534577390556 1.507501378089412e-05 286856.4468278067
2020 11 4 3.456147293435335 1.3372486667270912e-05 304581.19762395206
2020 11 5 3.367760821315328 1.1862237890155482e-05 323401.1540334265
2020 11 6 3.2816347182683225 1.0522552107457614e-05 343383.98839471664
2020 11 7 3.1977111782950116 9.33416644308331e-06 364601.5544943774
2020 11 8 3.1159338737093396 8.279993512736663e-06 387130.1459371185
2020 11 9 3.0362479173325645 7.3448757303619165e-06 411050.77048048034
2020 11 10 2.9585998256541575 6.515367362483493e-06 436449.4413205453
2020 11 11 2.8829374829348127 5.779541196679088e-06 463417.4863760822
2020 11 12 2.809210106227478 5.126817044339051e-06 492051.8766832409
2020 11 13 2.7373682112929263 4.547809611812835e-06 522455.5750816296
2020 11 14 2.6673635793869908 4.0341935525346215e-06 554737.9064455731
