2020 6 26 319.24427155660976 298.30559777153894 340.1829453416806
2020 6 27 306.12185785393643 267.2767272638466 347.60159455512706
2020 6 28 294.44247836710866 240.26436387491833 356.208114982577
2020 6 29 282.33953288923345 215.27277172921038 363.9762382475
2020 6 30 269.9700883576324 192.298222230924 370.9288796038999
2020 7 1 258.22556885482595 171.83471466873547 378.1283866214999
2020 7 2 246.24559485030565 153.05216894458349 384.374687094454
2020 7 3 235.33629596459957 136.64268772797874 391.52787157229403
2020 7 4 224.78005202871003 121.91691900632703 398.59747263476737
2020 7 5 214.1029073575202 108.45572450924892 404.74066871988686
2020 7 6 203.24825254462309 96.13398870266273 409.6842252425861
2020 7 7 192.43560295318133 84.9717111886441 413.66357600489056
2020 7 8 181.77292829628362 74.91773140965078 416.767453563881
2020 7 9 171.25503331691507 65.86952262096948 418.8719690642232
2020 7 10 162.9934402812412 58.547868223359465 425.01723081258154
2020 7 11 156.5417957109737 52.54702353626043 434.93297010783994
2020 7 12 151.56549945269774 47.57074840027608 448.4696104966371
2020 7 13 147.81047074302438 43.39939331258413 465.57311265153743
2020 7 14 145.08153757418665 39.86777547269392 486.26786510126715
2020 7 15 143.2272414492461 36.850043935736736 510.64514320097965
2020 7 16 142.12899283259694 34.24915622322845 538.8555118259767
2020 7 17 141.6932243251708 31.989450083925735 571.1040919656891
2020 7 18 141.8456400611095 30.011325952828386 607.6479657112473
2020 7 19 142.52695123497918 28.267390232304926 648.7952287975693
2020 7 20 143.6896788501744 26.71962367494292 694.9053580803435
2020 7 21 144.93595101611103 25.270375844888985 744.6507132644584
2020 7 22 146.1930325479257 23.899733885129763 797.9571294385617
2020 7 23 147.46101719912897 22.603434285507323 855.0795279983791
2020 7 24 148.7399995363893 21.377444784736102 916.2910790913941
2020 7 25 150.03007494658573 20.217951827676604 981.8845079683194
2020 7 26 151.331339643922 19.121348702915046 1052.1734948507847
2020 7 27 152.64389067710218 18.084224323749797 1127.494175009668
2020 7 28 153.96782593656857 17.103352617686784 1208.2067462277357
2020 7 29 155.30324416180244 16.175682491438916 1294.697191333778
2020 7 30 156.650244948688 15.298328340214729 1387.3791240457265
2020 7 31 158.00892875694032 14.468561071774479 1486.6957669499268
2020 8 1 159.37939691759766 13.683799617333195 1593.1220710756372
2020 8 2 160.76175164057872 12.941602902904531 1707.1669872009604
2020 8 3 162.15609602230555 12.239662256111565 1829.3758997520254
2020 8 4 163.56253405339245 11.575794224845191 1960.3332349347868
2020 8 5 164.98117062640168 10.94793378543189 2100.665255572022
2020 8 6 166.4121115436663 10.354127919184215 2251.0430560109676
2020 8 7 167.85546352518102 9.792529537353314 2412.1857714238113
2020 8 8 169.3113342165614 9.2613917355864 2584.8640168485244
2020 8 9 170.77983219707198 8.759062360017202 2769.903572416178
2020 8 10 172.26106698772432 8.283978868086654 2968.189332388201
2020 8 11 173.75514905944502 7.834663468107958 3180.6695368886253
2020 8 12 175.2621898413146 7.409718522457164 3408.360306568265
2020 8 13 176.78230172887814 7.007822200090474 3652.3505018864516
2020 8 14 178.3155980925275 6.627724364865008 3913.806930248335
2020 8 15 179.86219328595666 6.268242686873272 4193.979925899268
2020 8 16 181.42220265469032 5.928258964695271 4494.209329260389
2020 8 17 182.9957425446863 5.606715647128289 4815.930894299714
2020 8 18 184.58293031101257 5.302612543574849 5160.683154580017
2020 8 19 186.1838843265999 5.015003712856202 5530.1147808182195
2020 8 20 187.79872399106983 4.742994520773716 5925.992465141558
2020 8 21 189.42756973963978 4.485738857265435 6350.209369744519
2020 8 22 191.070543052105 4.242436504501501 6804.794180349639
2020 8 23 192.72776646189863 4.0123306477316625 7291.9208077675175
2020 8 24 194.39936356523023 3.7947055211421343 7813.918783950764
2020 8 25 196.08545903030372 3.5888841813990076 8373.284402257765
2020 8 26 197.78617860661504 3.3942264019526243 8972.69265520113
2020 8 27 199.50164913433068 3.210126681552946 9615.010026769409
2020 8 28 201.2319985537474 3.036012360781219 10303.308200497364
2020 8 29 202.9773559148341 2.8713418407392295 11040.878748839412
2020 8 30 204.73785138685642 2.7156028983552183 11831.248874093593
2020 8 31 206.51361626808472 2.5683110930660527 12678.198276152167
2020 9 1 208.3047829955864 2.4290082599194935 13585.777227743594
2020 9 2 210.1114851551031 2.297261084409211 14558.325943605169
2020 9 3 211.93385749101355 2.1726597546094375 15600.495336213338
2020 9 4 213.77203591638286 2.0548166864166006 16717.269257329564
2020 9 5 215.6261575230989 1.9433653179326755 17913.98833172501
2020 9 6 217.49636059209672 1.8379589692400784 19196.375497061443
2020 9 7 219.38278460367158 1.7382697640213212 20570.563372064928
2020 9 8 221.2855702478814 1.643987609669024 22043.12358387208
2020 9 9 223.20485943503945 1.5548192327138244 23621.09819479784
2020 9 10 225.14079530629812 1.4704872665697897 25312.033378813532
2020 9 11 227.0935222443244 1.39072938875968 27124.015508782475
2020 9 12 229.06318588406793 1.3152975049363198 29065.709827029226
2020 9 13 231.04993312362262 1.2439569771619 31146.40188417238
2020 9 14 233.05391213518226 1.1764858940447016 33376.04194438934
2020 9 15 235.07527237609125 1.1126743804629338 35765.29256946742
2020 9 16 237.11416459999117 1.0523239447285144 38325.57960919729
2020 9 17 239.1707408680641 0.995246861160089 41069.146841954425
2020 9 18 241.2451545603733 0.9412655861447203 44009.114526770274
2020 9 19 243.3375603873024 0.8902122058718563 47159.54214690019
2020 9 20 245.44811440109373 0.8419279140216991 50535.49564493978
2020 9 21 247.5769740074867 0.7962625177832774 54153.119471020815
2020 9 22 249.72429797745727 0.7530739706656443 58029.713788634755
2020 9 23 251.890246459059 0.7122279306489667 62183.81720729686
2020 9 24 254.07498098936702 0.673597342301093 66635.29543769412
2020 9 25 256.27866450652556 0.6370620415597348 71405.43629328281
2020 9 26 258.50146136189977 0.6025083819508987 76517.05149265124
2020 9 27 260.7435373323333 0.5698288810808884 81994.58574948607
2020 9 28 263.00505963251175 0.5389218863022539 87864.23367183087
2020 9 29 265.2861969274338 0.509691258513714 94154.06502967162
2020 9 30 267.58711934499024 0.4820460731104792 100894.15898990231
2020 10 1 269.907998488652 0.4559003371547547 108116.74796060783
2020 10 2 272.24900745026866 0.43117272188665545 115856.37173255469
2020 10 3 274.6103208229774 0.40778630974348296 124150.0426550236
2020 10 4 276.99211471422456 0.3856683551004445 133037.42263588586
2020 10 5 279.3945667588994 0.36475005798857535 142561.01281237174
2020 10 6 281.81785613258234 0.3449663500859932 152766.35679957218
2020 10 7 284.26216356490806 0.3262556923167902 163702.25848864697
2020 10 8 286.7276713530441 0.30855988342797497 175421.01543629167
2020 10 9 289.2145633752869 0.29182387894902556 187978.66896157578
2020 10 10 291.7230251047753 0.2759956199709095 201435.27214616313
2020 10 11 294.2532436233232 0.26102587121197285 215855.17701954188
2020 10 12 296.80540763537243 0.24686806786698628 231307.3423026388
2020 10 13 299.37970748206595 0.23347817076295824 247865.66318150598
2020 10 14 301.9763351554439 0.22081452937116375 265609.3246881203
2020 10 15 304.5954843127623 0.20883775224927476 284623.1803782297
2020 10 16 307.2373502909361 0.1975105845105903 304998.1581171558
2020 10 17 309.9021301211073 0.18679779193922305 326831.69491409697
2020 10 18 312.59002254333984 0.1766660513907715 350228.2028843928
2020 10 19 315.3012280214416 0.1670838471375591 375299.56856806925
2020 10 20 318.0359487579149 0.15802137283601234 402165.68799250055
2020 10 21 320.79438870903715 0.14945043881123798 430955.04003795976
2020 10 22 323.5767536000715 0.14134438437039984 461805.3008479997
2020 10 23 326.3832509406105 0.13367799487213725 494864.0022228922
2020 10 24 329.21409004005153 0.12642742329406206 530289.2371446874
2020 10 25 332.06948202320774 0.11957011605436266 568250.4158078486
2020 10 26 334.9496398460535 0.11308474285677579 608929.0757709427
2020 10 27 337.8547783116068 0.10695113034070282 652519.7501036886
2020 10 28 340.7851140859493 0.10115019933008258 699230.8976810037
2020 10 29 343.7408657143854 0.09566390548582775 749285.9000728941
2020 10 30 346.72225363774135 0.09047518317721849 802924.1297975035
2020 10 31 349.7295002088058 0.08556789239766015 860402.0950459096
2020 11 1 352.76282970891305 0.08092676855968145 921994.6663529607
2020 11 2 355.8224683646698 0.07653737501300584 987996.3910803226
2020 11 3 358.9086443648274 0.07238605813799899 1058722.9019978452
2020 11 4 362.02158787730014 0.06845990487480648 1134512.4266993522
2020 11 5 365.1615310663312 0.06474670255607196 1215727.4050711642
2020 11 6 368.3287081098076 0.06123490091829177 1302756.2225484
2020 11 7 371.5233552167254 0.05791357617363885 1396015.0674478135
2020 11 8 374.74571064480585 0.054772397030497764 1495949.9212592854
2020 11 9 377.9960147182651 0.05180159255701481 1603038.691413923
2020 11 10 381.2745098457374 0.048991921787699524 1717793.4967280657
2020 11 11 384.5814405383541 0.04633464497853626 1840763.1164526278
2020 11 12 387.91705342797945 0.04382149642119205 1972535.6146395928
2020 11 13 391.28159728560433 0.04144465873175687 2113741.1523758816
2020 11 14 394.6753230398998 0.039196738534039016 2265055.0013332264
