2020 6 26 24.334020750870998 23.650432246138898 25.017609255603098
2020 6 27 23.622338620774293 22.313039490580998 24.968964360832157
2020 6 28 22.984715790840735 21.101568066701713 24.976694541670614
2020 6 29 22.338399931406347 19.932091011738233 24.95627815912454
2020 6 30 21.685082495340367 18.804964291820824 24.907752518144154
2020 7 1 21.07531151285702 17.76276808208059 24.88739249000172
2020 7 2 20.435182783222977 16.738294181949428 24.810952479742873
2020 7 3 19.837527567877643 15.791771380743935 24.76270941382027
2020 7 4 19.25735160682715 14.898772875590547 24.714560152978773
2020 7 5 18.672440488779184 14.039480906878609 24.638650986022228
2020 7 6 18.06320709373317 13.198103665508164 24.507439012156244
2020 7 7 17.42635081929262 12.372442745086676 24.31247889812358
2020 7 8 16.775287565335365 11.572405867964116 24.0679223437838
2020 7 9 16.12869739403112 10.810407306600172 23.797344756600722
2020 7 10 15.61836478813728 10.173206907659639 23.69408046092182
2020 7 11 15.221210980880043 9.636767598943484 23.73846697023672
2020 7 12 14.919263720895362 9.182497817449084 23.915667248395465
2020 7 13 14.698383519014634 8.795850454388129 24.214539542075595
2020 7 14 14.547342610999213 8.465320160867105 24.626814759980707
2020 7 15 14.45715038269206 8.181716110922409 25.146490974814974
2020 7 16 14.420553390057018 7.9376279499293 25.769383316501923
2020 7 17 14.431660655710509 7.727029028468876 26.49278651988926
2020 7 18 14.485659936304236 7.544978407600766 27.315220151853744
2020 7 19 14.578600793225236 7.387394751684039 28.236235236056597
2020 7 20 14.707227237181092 7.250883112111002 29.256266992996522
2020 7 21 14.868847525253607 7.13260102344232 30.376522604242652
2020 7 22 15.0612320604505 7.030154100753194 31.598895871784713
2020 7 23 15.277336161125817 6.939088364197061 32.91500020047207
2020 7 24 15.496541002971659 6.849202255890275 34.285920704098515
2020 7 25 15.718891076563526 6.760480495411689 35.713940494245286
2020 7 26 15.944431510844067 6.672908000276472 37.20143777483632
2020 7 27 16.17320808228261 6.586469883372123 38.750889802765364
2020 7 28 16.405267224166113 6.501151450427701 40.3648770134845
2020 7 29 16.640656036023422 6.416938197515828 42.046087318424796
2020 7 30 16.87942229318476 6.333815808587063 43.7973205814059
2020 7 31 17.12161445647837 6.251770153036203 45.62149328148957
2020 8 1 17.36728168206629 6.170787283300119 47.5216433700426
2020 8 2 17.616473831421274 6.090853432486702 49.50093533009796
2020 8 3 17.869241481446824 6.01195501203452 51.56266544644001
2020 8 4 18.125635934742476 5.934078609402805 53.710267295190455
2020 8 5 18.38570923001634 5.857210985791345 55.9473174620374
2020 8 6 18.649514152647065 5.7813390738899235 58.277541498630434
2020 8 7 18.91710424539734 5.706449975656909 60.704820127061595
2020 8 8 19.18853381928112 5.632530960126617 63.233195702764924
2020 8 9 19.463857964586772 5.559569461245078 65.86687894659795
2020 8 10 19.743132562058403 5.487553075733839 68.61025595731651
2020 8 11 20.026414294237593 5.416469560981433 71.4678955161215
2020 8 12 20.3137606569679 5.346306832962171 74.44455669544234
2020 8 13 20.605229971064396 5.2770529641818795 77.54519678462877
2020 8 14 20.90088139415068 5.208696181650262 80.77497954575026
2020 8 15 21.200774932665702 5.141224864879513 84.13928381325219
2020 8 16 21.504971454042884 5.074627543908868 87.6437124517906
2020 8 17 21.813532699063984 5.008892897354735 91.29410168716349
2020 8 18 22.12652129439022 4.944009750486088 95.09653082587863
2020 8 19 22.444000765273188 4.879967073324789 99.05733237954446
2020 8 20 22.766035548448183 4.816753978770519 103.1831026109452
2020 8 21 23.09269100521249 4.7543597207499975 107.4807125193634
2020 8 22 23.424033434691342 4.692773692390175 111.9573192834448
2020 8 23 23.76013008729422 4.631985424215091 116.62037818066229
2020 8 24 24.101049178364228 4.571984582366087 121.47765500322924
2020 8 25 24.446859902023323 4.512760966845079 126.53723899113994
2020 8 26 24.797632445216195 4.4543045097805765 131.80755630387523
2020 8 27 25.153438001955635 4.396605273716176 137.29738405320904
2020 8 28 25.51434878777234 4.339653449921212 143.01586492048605
2020 8 29 25.88043805437202 4.283439356723298 148.9725223827136
2020 8 30 26.251780104502814 4.227953437862466 155.17727657282543
2020 8 31 26.628450307036037 4.1731862608666255 161.6404608005304
2020 9 1 27.01052511226331 4.119128515448066 168.37283876126014
2020 9 2 27.398082067413174 4.065771011920731 175.38562246187485
2020 9 3 27.791199832390348 4.013104679637991 182.69049089298068
2020 9 4 28.189958195740807 3.961120565450658 190.29960947895518
2020 9 5 28.59443809084596 3.909809832184973 198.22565033807274
2020 9 6 29.004721612349144 3.859163757140304 206.48181338647072
2020 9 7 29.420892032817864 3.8091737306063105 215.0818483211028
2020 9 8 29.843033819645065 3.7598312543993138 224.04007751828942
2020 9 9 30.271232652192936 3.7111279404176245 233.3714198860004
2020 9 10 30.705575439182685 3.663055509215588 243.09141570959287
2020 9 11 31.14615033633384 3.6156057885960955 253.21625253238224
2020 9 12 31.593046764256638 3.5687707122213337 263.7627921141476
2020 9 13 32.04635542660114 3.5225423182415243 274.7485985124674
2020 9 14 32.50616832846676 3.47691274794143 286.19196733365214
2020 9 15 32.97257879507593 3.4318742444043924 298.11195620198777
2020 9 16 33.44568149071574 3.3874191511936727 310.5284164980333
2020 9 17 33.9255724379513 3.343539911050878 323.46202641882866
2020 9 18 34.41234903711483 3.3002290646112455 336.9343254150708
2020 9 19 34.90611008607435 3.2574792491355677 350.9677500626101
2020 9 20 35.40695580028606 3.2152831972585445 365.5856714280054
2020 9 21 35.91498783313442 3.17363373575335 380.8124339903676
2020 9 22 36.43030929656404 3.132523784312199 396.67339618430975
2020 9 23 36.953024782007674 3.091946354342715 413.194972631525
2020 9 24 37.48324038161444 3.0518945477798827 430.40467813132324
2020 9 25 38.02106370978267 3.0123615559133965 448.3311734833879
2020 9 26 38.56660392500167 2.9733406582301947 467.00431321906575
2020 9 27 39.11997175200695 2.934825221271989 486.45519532068033
2020 9 28 39.68127950425324 2.8968086975075935 506.716213011671
2020 9 29 40.250641106710084 2.8592846242198577 527.8211087038084
2020 9 30 40.82817211898441 2.8222466224070226 549.8050301913286
2020 10 1 41.41398975877492 2.785688395698305 572.7045891855721
2020 10 2 42.008212925662974 2.7496037292835305 596.5579222876086
2020 10 3 42.61096222524492 2.7139864888566287 621.4047545003923
2020 10 4 43.22235999361056 2.6788306195728184 647.2864653862189
2020 10 5 43.84253032217295 2.644130145019297 674.2461579796623
2020 10 6 44.47159908285441 2.6098791661992653 702.3287305707576
2020 10 7 45.10969395363393 2.5760718605291126 731.580951477977
2020 10 8 45.75694444446112 2.542702480848591 762.0515369355252
2020 10 9 46.41348192354202 2.509765354443812 793.7912322246648
2020 10 10 47.07943964400205 2.4772548820829 826.8528961841894
2020 10 11 47.754952770931496 2.4451655370641348 861.2915892407841
2020 10 12 48.44015840881911 2.4134918642764274 897.1646651058804
2020 10 13 49.13519562937931 2.382228479271962 934.5318662917143
2020 10 14 49.84020549977866 2.3513700673508557 973.4554236056596
2020 10 15 50.55533111126735 2.3209113826576697 1014.0001597885329
2020 10 16 51.28071760822147 2.2908472472896286 1056.2335974694674
2020 10 17 52.01651221760206 2.261172550416388 1100.2260716171431
2020 10 18 52.76286427883677 2.231882247411207 1146.0508466746467
2020 10 19 53.51992527413032 2.2029713589933726 1193.7842385730366
2020 10 20 54.287848859209866 2.1744349703817343 1243.505741826814
2020 10 21 55.06679089451147 2.146268230459204 1295.2981619229604
2020 10 22 55.8569094768141 2.118466350948077 1349.247753224022
2020 10 23 56.65836497132751 2.091024605596037 1405.4443626149036
2020 10 24 57.47132004424047 2.0639383293727036 1463.9815791325973
2020 10 25 58.29593969573613 2.03720291767659 1524.9568898280384
2020 10 26 59.132391293480964 2.01081382555233 1588.471842119659
2020 10 27 59.98084460659434 1.9847665669180476 1654.6322129090192
2020 10 28 60.84147184010543 1.9590567138027348 1723.5481847401613
2020 10 29 61.71444766990453 1.9336798955935053 1795.3345292960557
2020 10 30 62.59994927819591 1.9086317982926022 1870.1107985377369
2020 10 31 63.49815638945931 1.8839081637840287 1948.0015238044446
2020 11 1 64.40925130692746 1.8595047891096779 2029.136423206352
2020 11 2 65.33341894958694 1.8354175257548409 2113.650617655268
2020 11 3 66.27084688971004 1.8116422789429691 2201.684855893089
2020 11 4 67.22172539092504 1.788175006939572 2293.385748892761
2020 11 5 68.18624744683277 1.7650117203651323 2388.906014022113
2020 11 6 69.16460882017725 1.7421484815169201 2488.404729377201
2020 11 7 70.15700808257846 1.7195814036995947 2592.047598708713
2020 11 8 71.163646654835 1.6973066505644743 2700.0072273826477
2020 11 9 72.18472884780529 1.6753204354573663 2812.4634098348465
2020 11 10 73.22046190387508 1.653619020774846 2929.603428998098
2020 11 11 74.27105603902015 1.632198717328872 3051.622368200481
2020 11 12 75.3367244854725 1.6110558837196336 3178.7234360543744
2020 11 13 76.41768353499864 1.5901869257165222 3311.118304877202
2020 11 14 77.51415258279897 1.5695882956471199 3449.0274632075084
