2020 6 26 352.535949828773 299.2944129798008 405.7774866777453
2020 6 27 360.1992780344942 259.66777426403564 477.1438609265891
2020 6 28 366.00871731732724 223.83115118783473 558.3853902159311
2020 6 29 372.63042430300385 193.37976203083738 654.5558721093548
2020 6 30 379.99898973062085 167.39658879233158 768.3912393888312
2020 7 1 387.7264180697021 144.9985025865141 902.4550009874189
2020 7 2 397.56837931382097 126.32934527436713 1064.4652517899253
2020 7 3 405.764592442707 109.46159100567522 1250.484572024594
2020 7 4 415.1540056796342 95.12235619635558 1472.1679349463293
2020 7 5 426.390801937136 83.03503061116021 1738.9313742475997
2020 7 6 440.92144164641394 73.0658700678098 2066.226319767671
2020 7 7 459.14189815486105 64.82299308539926 2470.094027260015
2020 7 8 479.70779001221416 57.73486461975605 2961.4696686316342
2020 7 9 502.9842738892566 51.63715631442034 3561.6414970959513
2020 7 10 519.7371405022844 45.397788250648006 4229.252873438462
2020 7 11 529.9308448980178 39.290663299683914 4964.090248863957
2020 7 12 533.7934153343921 33.5208648857403 5765.427136418569
2020 7 13 531.7633374320562 28.226544899233303 6632.171478795941
2020 7 14 524.4325241664075 23.4866369703601 7563.010405533371
2020 7 15 512.4910255110227 19.331657341477904 8556.544872147602
2020 7 16 496.67742561892527 15.755411668161658 9611.409170549434
2020 7 17 477.7372460765565 12.726092195892626 10726.372549331076
2020 7 18 456.39030232762235 10.195873277898103 11900.422037394548
2020 7 19 433.3069254075058 8.108614211554666 13132.826971269664
2020 7 20 409.0922665341258 6.405632480244893 14423.186698037549
2020 7 21 384.27750611120194 5.0297281276788945 15771.46351525577
2020 7 22 359.3166281643394 3.927748588261296 17178.003189337003
2020 7 23 334.98666159220807 3.056378776870458 18662.631728714245
2020 7 24 312.3041202350609 2.378322089051874 20275.570984746933
2020 7 25 291.15745400790627 1.8506920680374213 22027.91035762641
2020 7 26 271.4426660799752 1.4401166042493592 23931.697661617352
2020 7 27 253.06280143047317 1.1206271803142402 26000.021957088393
2020 7 28 235.92747003512983 0.8720163864186649 28247.103541395525
2020 7 29 219.95240233863322 0.6785598203761535 30688.391717330385
2020 7 30 205.05903482681475 0.5280215337694969 33340.6710113183
2020 7 31 191.17412366047685 0.41088011955930126 36222.17657164537
2020 8 1 178.22938447075984 0.31972649191758845 39352.719540109094
2020 8 2 166.16115654460373 0.24879526841934216 42753.82325905708
2020 8 3 154.91008974880853 0.19360011495014745 46448.871250274526
2020 8 4 144.42085265302185 0.15064998923346248 50463.2679831161
2020 8 5 134.64186041623717 0.11722833564373912 54824.6135372071
2020 8 6 125.52502109858007 0.09122126558206661 59562.89336056805
2020 8 7 117.02549915077384 0.07098385598241966 64710.68442780184
2020 8 8 109.1014949181529 0.05523610945300747 70303.37921573762
2020 8 9 101.71403907485092 0.042981995628136344 76379.42903642538
2020 8 10 94.82680097721482 0.033446453171160885 82980.60840046254
2020 8 11 88.40590999394927 0.026026367863626398 90152.30222822276
2020 8 12 82.41978893431414 0.020252426190196664 97943.81788364323
2020 8 13 76.83899875519435 0.01575943169398566 106408.72417588826
2020 8 14 71.6360937833296 0.012263206639292437 115605.2196596187
2020 8 15 66.78548674070387 0.009542618033325317 125596.53276603273
2020 8 16 62.26332290930536 0.007425591169456116 136451.35651568868
2020 8 17 58.04736281641378 0.0057782260615842984 148244.3208018799
2020 8 18 54.11687286347514 0.004496328394176524 161056.50549163955
2020 8 19 50.45252336068944 0.003498819328424624 174975.99787208566
2020 8 20 47.03629346585744 0.0027226073408723388 190098.49827470296
2020 8 21 43.851382559986796 0.002118597743059095 206527.97804139476
2020 8 22 40.88212762381319 0.0016485874879985317 224377.39435600222
2020 8 23 38.11392620890384 0.0012828488628808565 243769.46685595383
2020 8 24 35.53316462452431 0.0009982492388030135 264837.5213634633
2020 8 25 33.127150987100016 0.0007767879534405801 287726.40653715987
2020 8 26 30.88405280301748 0.0006044577858470824 312593.489746382
2020 8 27 28.792838777804917 0.0004703590127174983 339609.7390150444
2020 8 28 26.84322456551647 0.0003660100109961179 368960.8984737388
2020 8 29 25.02562219152189 0.0002848108030829589 400848.76540162496
2020 8 30 23.331092899968933 0.00022162561437047784 435492.5776381247
2020 8 31 21.751303194027706 0.0001724580402618535 473130.5209032565
2020 9 1 20.27848385272813 0.00013419827728595305 514021.36638985033
2020 9 2 18.905391722840037 0.00010442643091138641 558446.2498865399
2020 9 3 17.625274097892902 8.125945946127288e-05 606710.6046634906
2020 9 4 16.431835509155345 6.323207347325192e-05 659146.2614099839
2020 9 5 15.319206765256354 4.920405749969652e-05 716113.7296615044
2020 9 6 14.281916088188696 3.82881525379296e-05 778004.6764017688
2020 9 7 13.314862203744777 2.9793937721026494e-05 845244.6188807643
2020 9 8 12.413289254046827 2.318416183818322e-05 918295.8501626614
2020 9 9 11.572763408794197 1.8040762693805898e-05 997660.6175175447
2020 9 10 10.789151060204615 1.4038425061292765e-05 1083884.5755092788
2020 9 11 10.05859849441466 1.0924004796604148e-05 1177560.5375204356
2020 9 12 9.377512939365786 8.500517705882973e-06 1279332.551507046
2020 9 13 8.742544895971623 6.614680477849332e-06 1389900.3280051113
2020 9 14 8.150571665673295 5.147215656495856e-06 1510024.0508326315
2020 9 15 7.5986819933732015 4.0053074525967355e-06 1640529.603562051
2020 9 16 7.084161750223001 3.1167312311037743e-06 1782314.247696551
2020 9 17 6.6044805858554385 2.4252853699507696e-06 1936352.7915892133
2020 9 18 6.157279484417238 1.8872365595714705e-06 2103704.2925180644
2020 9 19 5.740359163205093 1.468553711621762e-06 2285519.3379956097
2020 9 20 5.351669256850604 1.1427555241976436e-06 2483047.956373857
2020 9 21 4.989298233863251 8.892355640449152e-07 2697648.2111324104
2020 9 22 4.651463995942129 6.91958928763417e-07 2930795.5379377278
2020 9 23 4.336505113824979 5.3844805409878e-07 3184092.888668384
2020 9 24 4.042872656573423 4.1899351957331184e-07 3459281.7521493
2020 9 25 3.7691225741118144 3.2603993664396273e-07 3758254.127365513
2020 9 26 3.5139085955578793 2.5370807738280407e-07 4083065.531474613
2020 9 27 3.2759756084200107 1.9742301876217347e-07 4435949.1320515135
2020 9 28 3.0541534861008555 1.536247830153287e-07 4819331.100728606
2020 9 29 2.8473513333515914 1.1954317234373446e-07 5235847.293791798
2020 9 30 2.6545521213767054 9.302255647500498e-08 5688361.374416114
2020 10 1 2.4748076862053487 7.238553104701027e-08 6179984.501136191
2020 10 2 2.307234065731846 5.6326823337365254e-08 6714096.717915325
2020 10 3 2.151007152493463 4.383073497406906e-08 7294370.192875653
2020 10 4 2.0053586408063127 3.4106899955294796e-08 7924794.465462124
2020 10 5 1.8695722483278736 2.654029473265057e-08 8609703.875621453
2020 10 6 1.7429801934642242 2.0652338542031865e-08 9353807.36357917
2020 10 7 1.6249599112982784 1.607062361406182e-08 10162220.845096437
2020 10 8 1.514930991888352 1.2505360727997838e-08 11040502.384795394
2020 10 9 1.4123523258799655 9.73105031223022e-09 11994690.409379313
2020 10 10 1.316719443393338 7.572219805475109e-09 13031345.223473938
2020 10 11 1.2275620330995312 5.8923251799823774e-09 14157594.113522805
2020 10 12 1.14444162928435 4.585114658392557e-09 15381180.349838229
2020 10 13 1.0669494555252532 3.5679083873421202e-09 16710516.42371048
2020 10 14 0.994704414376725 2.77636901340415e-09 18154741.885594927
2020 10 15 0.9273512131776187 2.1604324051416865e-09 19723786.182030518
2020 10 16 0.8645586167634122 1.6811411432169227e-09 21428436.92331072
2020 10 17 0.8060178184904155 1.308180499741833e-09 23280414.051265836
2020 10 18 0.7514409215608226 1.0179610598489608e-09 25292450.41708061
2020 10 19 0.7005595231799369 7.921267130746256e-10 27478379.32314172
2020 10 20 0.6531233945826249 6.16393646393026e-10 29853229.630789395
2020 10 21 0.6088992504375217 4.796469062871975e-10 32433329.08786505
2020 10 22 0.5676696015770601 3.732373882455428e-10 35236416.58646022
2020 10 23 0.5292316854111873 2.904347889214611e-10 38281764.12266961
2020 10 24 0.4933964687646652 2.2600192068743263e-10 41590309.29685505
2020 10 25 0.45998771823402856 1.758634643738244e-10 45184799.26539607
2020 10 26 0.42884113349232195 1.3684820911030086e-10 49089947.13363488
2020 10 27 0.3998035392793119 1.0648847617881926e-10 53332601.86526014
2020 10 28 0.37273213210347544 8.286404062289907e-11 57941932.876303285
2020 10 29 0.34749377795113395 6.448067879967669e-11 62949630.58288174
2020 10 30 0.32396435754894787 5.0175660120031594e-11 68390124.2815098
2020 10 31 0.3020281559598499 3.90442054169807e-11 74300818.85996416
2020 11 1 0.28157729351052085 3.038226050233427e-11 80722351.9661563
2020 11 2 0.262511195251776 2.364196539213586e-11 87698873.40311825
2020 11 3 0.24473609634273025 1.8397002670686933e-11 95278348.67101906
2020 11 4 0.22816458092627925 1.4315633309312021e-11 103512888.74314663
2020 11 5 0.21271515222814014 1.1139714480404085e-11 112459108.34315522
2020 11 6 0.198311831765249 8.668372262944481e-12 122178515.18683328
2020 11 7 0.1848837856924692 6.745296553261351e-12 132737932.86453539
2020 11 8 0.17236497645002707 5.248854595912833e-12 144209960.27171132
2020 11 9 0.16069383799851814 4.0843978246908374e-12 156673470.74624303
2020 11 10 0.14981297304432714 3.1782754285724334e-12 170214154.34429604
2020 11 11 0.13966887076645257 2.4731760062162646e-12 184925106.98298034
2020 11 12 0.13021164365654847 1.924502672970413e-12 200907470.50033852
2020 11 13 0.1213947821779944 1.4975523492711733e-12 218271128.03324914
2020 11 14 0.11317492603743494 1.1653208230395054e-12 237135459.49415934
