2020 6 26 388.1541171371002 335.7304017109121 440.57783256328827
2020 6 27 383.5394912997374 286.95223324517576 494.1135071493638
2020 6 28 379.623310177378 245.74253881107683 554.9835579899774
2020 6 29 375.60011304835996 210.35587849858373 623.1373080226035
2020 6 30 371.47410844376503 179.98340232095842 699.4192564448505
2020 7 1 367.44137742882447 154.0195229943126 785.1296118233964
2020 7 2 363.215283414406 131.70171455917597 880.8366319001957
2020 7 3 359.36597636114436 112.73680983317166 989.0061781251857
2020 7 4 355.55746374982084 96.502830915311 1110.4592894367897
2020 7 5 351.74341871142946 82.59407107503675 1246.6838944550225
2020 7 6 347.74327558671973 70.63664768975366 1398.815136286805
2020 7 7 343.48190311935997 60.34803728023936 1568.2769609511445
2020 7 8 339.15895571166067 51.53802544702512 1757.748955663532
2020 7 9 334.72187072642305 43.98854654202183 1969.2385718068992
2020 7 10 331.21233753872394 37.65921152246683 2211.289757397135
2020 7 11 328.51394935445984 32.32862326819733 2488.262755812992
2020 7 12 326.5287802309052 27.820592978823232 2805.163366540127
2020 7 13 325.17395964792127 23.993864421713425 3167.736041229627
2020 7 14 324.37896852298405 20.73439698619523 3582.570830378754
2020 7 15 324.08348884252223 17.949519425992527 4057.226159972738
2020 7 16 324.2356814543937 15.563463874815442 4600.3697174537965
2020 7 17 324.790797455067 13.513927215353391 5221.940067767705
2020 7 18 325.710051323916 11.74940348457314 5933.332009691097
2020 7 19 326.95970080853044 10.22709952920898 6747.609127673738
2020 7 20 328.4675695302569 8.90995888332154 7678.865838618817
2020 7 21 329.98239222238504 7.762451814979127 8738.647934670076
2020 7 22 331.5042009551499 6.762731340170906 9944.69356946716
2020 7 23 333.03302794668764 5.891764131930107 11317.188989641483
2020 7 24 334.5689055637177 5.132968151507387 12879.10640308698
2020 7 25 336.11186632222785 4.471896948759542 14656.588477391035
2020 7 26 337.6619428881628 3.8959646212595684 16679.38590398653
2020 7 27 339.2191680781155 3.394206195721165 18981.355351775986
2020 7 28 340.78357486002227 2.9570688697238 21601.026144750434
2020 7 29 342.3551963538604 2.576230139262858 24582.24514839685
2020 7 30 343.93406583234946 2.244439349519187 27974.910658711302
2020 7 31 345.52021672165586 1.9553796521888007 31835.807577320367
2020 8 1 347.11368260210037 1.7035477412268158 36229.55785149441
2020 8 2 348.714497208869 1.4841490773367103 41229.702087088095
2020 8 3 350.3226944327273 1.2930066064207437 46919.93043795644
2020 8 4 351.9383083207379 1.126481234114186 53395.48337391719
2020 8 5 353.56137307698117 0.9814025423459445 60764.74577268029
2020 8 6 355.19192306327943 0.8550084288625204 69151.06101693465
2020 8 7 356.8299927999245 0.7448925205333982 78694.79546012908
2020 8 8 358.4756169664085 0.6489583592582542 89555.68781504249
2020 8 9 360.1288304021578 0.5653794882375688 101915.52278814695
2020 8 10 361.78966810727104 0.4925646787031651 115981.17370984732
2020 8 11 363.4581652432597 0.4291276350726133 131988.06508676655
2020 8 12 365.13435713379283 0.37386060175457453 150204.11303071177
2020 8 13 366.8182792654447 0.3257113691143233 170934.20951743983
2020 8 14 368.50996728844603 0.2837632408241018 194525.3255307183
2020 8 15 370.2094570174389 0.24721758120372664 221372.31850580053
2020 8 16 371.91678443223503 0.21537861027639546 251924.5412746779
2020 8 17 373.6319856785772 0.18764015705810236 286693.36313064775
2020 8 18 375.3550970689048 0.16347411888119168 326260.7288963756
2020 8 19 377.08615508312243 0.14242040703316522 371288.8992532632
2020 8 20 378.8251963693723 0.12407818728929182 422531.5353613533
2020 8 21 380.57225774481003 0.10809824857059618 480846.3132991269
2020 8 22 382.3273761963842 0.0941763544367871 547209.2794579847
2020 8 23 384.0905888816193 0.08204745083553425 622731.1871655157
2020 8 24 385.8619331294024 0.07148061983146636 708676.0879725685
2020 8 25 387.6414464407737 0.06227468324071 806482.4887766831
2020 8 26 389.4291664897198 0.05425437247011083 917787.4289002524
2020 8 27 391.2251311239722 0.0472669916400519 1044453.880114662
2020 8 28 393.02937836580776 0.04117951046123624 1188601.9282196257
2020 8 29 394.84194641285416 0.035876031517735975 1352644.258080898
2020 8 30 396.6628736388984 0.03125558373679962 1539326.536058881
2020 8 31 398.4921985946993 0.02723020003606415 1751773.365730961
2020 9 1 400.3299600088034 0.02372324254917248 1993540.5860936823
2020 9 2 402.17619678836536 0.02066794354435501 2268674.7875884217
2020 9 3 404.03094801997116 0.01800613425703673 2581781.0421028985
2020 9 4 405.89425297046586 0.015687137435160325 2938099.980582667
2020 9 5 407.7661510877849 0.013666802512784711 3343595.5083428095
2020 9 6 409.64668200178926 0.011906665042968024 3805054.6262190607
2020 9 7 411.53588552510433 0.010373214386672974 4330201.028319674
2020 9 8 413.433801653963 0.009037255715480879 4927824.377725837
2020 9 9 415.3404705690521 0.007873354181508117 5607927.42389888
2020 9 10 417.2559326363635 0.006859350672271293 6381893.424178928
2020 9 11 419.1802284080483 0.005975939931128085 7262676.671600349
2020 9 12 421.11339862327554 0.005206303011277029 8265019.317992466
2020 9 13 423.05548420909463 0.0045357870657370385 9405698.121452548
2020 9 14 425.0065262813019 0.003951626376940568 10703805.24813876
2020 9 15 426.96656614531094 0.0034426993147208154 12181067.82831653
2020 9 16 428.93564529702724 0.0029993165955014647 13862211.61524299
2020 9 17 430.91380542372644 0.0026130368114300495 15775374.833647488
2020 9 18 432.90108840493724 0.002276505717378906 17952579.144616976
2020 9 19 434.8975363133277 0.001983316216055375 20430265.6096836
2020 9 20 436.90319141559604 0.0017278863755269473 23249904.62483911
2020 9 21 438.9180961733657 0.0015053531567798624 26458690.03327591
2020 9 22 440.942293244084 0.0013114798280274744 30110329.034600005
2020 9 23 442.9758254819253 0.0011425753030619233 34265941.111659184
2020 9 24 445.01873593869846 0.0009954238679603213 38995081.02081731
2020 9 25 447.071067864758 0.0008672239582369005 44376902.96802348
2020 9 26 449.13286470991994 0.0007555348208408199 50501485.45612884
2020 9 27 451.2041701243817 0.0006582300455161489 57471338.9781465
2020 9 28 453.28502795964596 0.0005734570808239087 65403121.79154278
2020 9 29 455.3754822694495 0.0004996019640659368 74429592.4914143
2020 9 30 457.4755773106953 0.00043525859361598303 84701832.06383792
2020 10 1 459.58535754439 0.00037920195864474244 96391772.61111826
2020 10 2 461.70486763658477 0.00033036481656896277 109695075.07359253
2020 10 3 463.8341524593213 0.00028781737419477233 124834404.11399966
2020 10 4 465.9732570915814 0.0002507495857116529 142063154.97794765
2020 10 5 468.1222268202418 0.00021845573051478267 161669694.70898488
2020 10 6 470.2811071410326 0.00019032097723832673 183982188.70581618
2020 10 7 472.4499437595005 0.00016580967819702295 209374093.40639618
2020 10 8 474.6287825919766 0.0001444551713780493 238270407.03296345
2020 10 9 476.81766976654814 0.00012585089582687736 271154783.02016
2020 10 10 479.01665162403555 0.00010964265127606412 308577625.1875806
2020 10 11 481.2257747189732 9.55218546507734e-05 351165300.15008986
2020 10 12 483.445085820595 8.321966506400432e-05 399630621.15906733
2020 10 13 485.6746319138248 7.250186544937428e-05 454784778.84837544
2020 10 14 487.9144602002708 6.316440338466128e-05 517550918.57648295
2020 10 15 490.1646180992251 5.502950620941081e-05 588979591.6161588
2020 10 16 492.4251532486674 4.794229647369639e-05 670266338.8067647
2020 10 17 494.6961135062737 4.176784328075131e-05 762771700.9763691
2020 10 18 496.97754695042954 3.638859338501971e-05 868043991.0590829
2020 10 19 499.26950188124755 3.170213313720521e-05 987845209.0570214
2020 10 20 501.57202682159044 2.761923866677487e-05 1124180533.599812
2020 10 21 503.88517051809794 2.4062177180028107e-05 1279331883.7180378
2020 10 22 506.20898194221894 2.096322703274118e-05 1455896112.5724094
2020 10 23 508.5435102912483 1.8263388401570124e-05 1656828472.4080377
2020 10 24 510.88880498936834 1.5911260007137864e-05 1885492078.230564
2020 10 25 513.2449156886952 1.3862060503130933e-05 2145714198.104799
2020 10 26 515.61189227033 1.207677589997651e-05 2441850312.237439
2020 10 27 517.9897848454151 1.0521416791198652e-05 2778857013.035833
2020 10 28 520.3786437561945 9.166371241047228e-06 3162374966.3110223
2020 10 29 522.7785195770801 7.9858410132544e-06 3598823322.1921744
2020 10 30 525.1894631157224 6.957350407475983e-06 4095507155.959609
2020 10 31 527.6115254140858 6.061318352327212e-06 4660739737.092515
2020 11 1 530.0447577495295 5.280685608242521e-06 5303981673.015404
2020 11 2 532.4892116358928 4.6005899826055395e-06 6035999256.468429
2020 11 3 534.9449388245862 4.008083373684229e-06 6869044666.84827
2020 11 4 537.4119913056865 3.4918852562700462e-06 7817061041.648169
2020 11 5 539.8904213090376 3.0421679157207954e-06 8895915850.390163
2020 11 6 542.3802813053567 2.6503693415535552e-06 10123666477.156923
2020 11 7 544.8816240073445 2.3090302183345085e-06 11520862456.923515
2020 11 8 547.3945023708017 2.011651910392495e-06 13110889424.384218
2020 11 9 549.9189695957497 1.7525727365771201e-06 14920360532.134346
2020 11 10 552.4550791275573 1.5268601795000063e-06 16979561889.587671
2020 11 11 555.0028846580718 1.3302169770687889e-06 19322959478.184685
2020 11 12 557.5624401267562 1.1588993084235578e-06 21989776027.409286
2020 11 13 560.1337997218304 1.0096455166465286e-06 25024647507.10391
2020 11 14 562.7170178814193 8.796140112216446e-07 28478370224.154625
