2020 6 26 384.2538975084917 363.41752909217223 405.0902659248112
2020 6 27 391.83692345089173 350.4821317610919 435.49739174084607
2020 6 28 399.1384289563919 337.6214925977738 467.70774542338773
2020 6 29 407.01519242192893 325.60427327108323 502.8151016264683
2020 6 30 415.5359833380706 314.40564984288886 541.161290093721
2020 7 1 423.98574922566837 303.4034771823678 582.1070668977435
2020 7 2 433.2011195511083 293.21121884651865 626.9661424024608
2020 7 3 441.88009477353313 282.8627215138678 674.2160005926276
2020 7 4 450.95396416648083 273.0209399372438 725.3639579408438
2020 7 5 460.6652697644916 263.7947019760775 781.1177562056754
2020 7 6 471.55343424541513 255.43440471008552 842.7978745294407
2020 7 7 483.5637568257199 247.80752112100822 910.8941509141741
2020 7 8 496.85065953789336 240.9058006960587 986.3209434435395
2020 7 9 511.7377403292649 234.7951552664347 1070.4453083546055
2020 7 10 523.8906304892681 227.3803477668146 1155.0923297364363
2020 7 11 533.4019324242279 218.92792694460908 1239.972333890347
2020 7 12 540.4008563585923 209.68766148060112 1324.8477862421653
2020 7 13 545.0433557335613 199.88741918484365 1409.5307608088112
2020 7 14 547.5033751897009 189.7301919778248 1493.8793594633792
2020 7 15 547.9653437282744 179.3928553529491 1577.7934775315723
2020 7 16 546.6179376637083 169.02626182283146 1661.2102389373047
2020 7 17 543.6490618793797 158.75630518204648 1744.0993530173284
2020 7 18 539.2419488044497 148.68564367518707 1826.4585805868203
2020 7 19 533.5722469550868 138.89582618033972 1908.309441127689
2020 7 20 526.8059595156997 129.4496201779639 1989.693246859896
2020 7 21 519.0980935733974 120.39338989197283 2070.667512716604
2020 7 22 510.5918883662254 111.75941570907378 2151.302763048828
2020 7 23 501.4185032048313 103.56808122094219 2231.6797351006817
2020 7 24 491.69706029437265 95.82988222456633 2311.8869646872677
2020 7 25 481.91104556150566 88.62053248794241 2393.7870620307826
2020 7 26 472.31979726530307 81.95354722488806 2478.588523518537
2020 7 27 462.9194390612174 75.7881239729154 2566.394131859837
2020 7 28 453.70617175375895 70.08652986761355 2657.310310908227
2020 7 29 444.6762717610342 64.81387071461675 2751.447254651387
2020 7 30 435.8260896098442 59.93787743445165 2848.919060770584
2020 7 31 427.15204846073436 55.4287085732894 2949.8438689315526
2020 8 1 418.650642662399 51.25876767095353 3054.3440039744205
2020 8 2 410.3184363348572 47.402534368461566 3162.5461241762296
2020 8 3 402.15206198082734 43.836408221465554 3274.5813747657526
2020 8 4 394.1482191247381 40.53856426371784 3390.5855468766736
2020 8 5 386.30367297882714 37.48881943659934 3510.699242131787
2020 8 6 378.61525313578767 34.66850906724876 3635.068043057697
2020 8 7 371.0798522874345 32.0603726393294 3763.842689536574
2020 8 8 363.694424968872 29.64844815734186 3897.179261508821
2020 8 9 356.45598632765626 27.41797445798417 4035.239368148108
2020 8 10 349.36161091745413 25.355300870697246 4178.19034373805
2020 8 11 342.4084315157113 23.447803674511388 4326.205450487947
2020 8 12 335.5936379648519 21.68380883990318 4479.464088533401
2020 8 13 328.9144760365412 20.05252058283711 4638.1520133763415
2020 8 14 322.3682463185523 18.543955293737106 4802.461561028005
2020 8 15 315.95230312378686 17.14888043702819 4972.591881127755
2020 8 16 309.66405342100944 15.85875804730881 5148.749178320279
2020 8 17 303.5009557868624 14.66569247634603 5331.146962183737
2020 8 18 297.46051937873887 13.562382071101178 5520.006306011775
2020 8 19 291.5403029280978 12.542074487051774 5715.55611476306
2020 8 20 285.7379137538147 11.598525363323803 5918.033402503093
2020 8 21 280.0510067951694 10.725960106722992 6127.683579674598
2020 8 22 274.4772836640793 9.919038550780403 6344.760750544627
2020 8 23 269.014491716196 9.172822273523002 6569.5280211889385
2020 8 24 263.6604231404894 8.482744373951418 6802.25781838692
2020 8 25 258.4129140669512 7.84458152225465 7043.232219813564
2020 8 26 253.26984369205758 7.254428112706855 7292.743295928717
2020 8 27 248.22913342163713 6.708672361059974 7551.093463977969
2020 8 28 243.28874603079808 6.203974200146391 7818.595854534262
2020 8 29 238.44668484057507 5.737244838411026 8095.574691024471
2020 8 30 233.70099291096267 5.305627856269497 8382.365682700956
2020 8 31 229.04975225000953 4.9064817246006065 8679.316431534395
2020 9 1 224.49108303865373 4.537363638384994 8986.78685352105
2020 9 2 220.02314287098568 4.196014566550571 9305.14961491512
2020 9 3 215.64412600963186 3.8803454265286432 9634.790583914923
2020 9 4 211.3522626559582 3.5884242989079453 9976.109298350322
2020 9 5 207.14581823479833 3.3184646039392818 10329.519449938318
2020 9 6 203.02309269341742 3.0688141675300793 10695.449385693684
2020 9 7 198.98241981442862 2.8379451098118897 11074.342627102416
2020 9 8 195.02216654238399 2.6244444943981042 11466.658407687224
2020 9 9 191.14073232376813 2.4270056811046166 11872.872229616643
2020 9 10 187.33654846012752 2.244420329211417 12293.47644003238
2020 9 11 183.60807747407424 2.0755710023244673 12728.980827793423
2020 9 12 179.95381248790784 1.9194243295790407 13179.913241360207
2020 9 13 176.37227661460417 1.7750246813305655 13646.820228567734
2020 9 14 172.86202236092512 1.641488320627714 14130.267699063048
2020 9 15 169.4216310424079 1.5179979946743034 14630.841610210013
2020 9 16 166.04971220999767 1.4037979331793373 15149.1486772927
2020 9 17 162.74490308809135 1.2981892229847083 15685.817108878191
2020 9 18 159.5058680237662 1.2005255306629246 16241.497368230092
2020 9 19 156.33129794696973 1.1102091469068325 16816.862961695613
2020 9 20 153.2199098414534 1.0266873285026936 17412.61125502177
2020 9 21 150.17044622623607 0.9494489154992125 18029.46431859012
2020 9 22 147.1816746473876 0.8780212028693268 18668.169802594482
2020 9 23 144.25238717992733 0.8119670475190922 19329.50184322242
2020 9 24 141.3813999396358 0.7508821929383315 20014.262000938746
2020 9 25 138.56755260458297 0.6943927951197061 20723.280232008376
2020 9 26 135.809707946179 0.6421531346046433 21457.41589443598
2020 9 27 133.10675136955845 0.5938435006536645 22217.55878954172
2020 9 28 130.45759046311187 0.5491682345920746 23004.63024043546
2020 9 29 127.86115455698297 0.5078539203561373 23819.584208696666
2020 9 30 125.31639429035272 0.4696477111657397 24663.40845061336
2020 10 1 122.82228118733568 0.43431578208265487 25537.125714381636
2020 10 2 120.37780724131694 0.4016418989839389 26441.794979716742
2020 10 3 117.98198450756198 0.37142609519247083 27378.512741378163
2020 10 4 115.6338447039344 0.3434834476655114 28348.41433816443
2020 10 5 113.33243881956064 0.3176429452514615 29352.67532898845
2020 10 6 111.076836731283 0.2937464420884635 30392.51291770116
2020 10 7 108.86612682774641 0.2716476897395663 31469.187428390516
2020 10 8 106.69941564096675 0.25121144214104435 32584.003832943905
2020 10 9 104.57582748523186 0.2323126278860877 33738.313332725425
2020 10 10 102.49450410318937 0.21483558477817463 34933.514996285136
2020 10 11 100.45460431897831 0.19867335196953478 36171.0574550852
2020 10 12 98.4553036982642 0.18372701535253558 37452.440659298256
2020 10 13 96.49579421504036 0.16990510219773733 38779.217695806045
2020 10 14 94.57528392506072 0.15712302133375491 40152.99667060186
2020 10 15 92.69299664577207 0.1453025454427841 41575.44265787831
2020 10 16 90.84817164261658 0.13437133230340093 43048.279718162776
2020 10 17 89.04006332157758 0.12426248205060378 44573.29298794663
2020 10 18 87.26794092784453 0.11491412774349496 46152.33084334095
2020 10 19 85.53108825047532 0.10626905673484506 47787.30714038108
2020 10 20 83.82880333293649 0.0982743605252923 49480.20353469554
2020 10 21 82.16039818940443 0.09088111095925792 51233.07188335059
2020 10 22 80.525198526713 0.08404406078087157 53048.0367317818
2020 10 23 78.92254347183496 0.07772136671728588 54927.29788882674
2020 10 24 77.3517853047873 0.07187433339462908 56873.13309297985
2020 10 25 75.81228919685242 0.06646717651934123 58887.900773101195
2020 10 26 74.30343295400931 0.061466803875545914 60974.04290692505
2020 10 27 72.82460676547119 0.056842612798144364 63134.08798083304
2020 10 28 71.37521295722779 0.05256630288215175 65370.65405447918
2020 10 29 69.95466575049285 0.04861170278204244 67686.45193398118
2020 10 30 68.56239102495908 0.04495461004110284 70084.28845752424
2020 10 31 67.19782608676493 0.041572642970535235 72567.06989735932
2020 11 1 65.86041944107944 0.03844510367180117 75137.80548231961
2020 11 2 64.54963056921322 0.035552851363890824 77799.61104512424
2020 11 3 63.26492971016546 0.03287818524027131 80555.71279889022
2020 11 4 62.00579764651876 0.030404736138589548 83409.45124742974
2020 11 5 60.771725494595124 0.02811736636013992 86364.28523407223
2020 11 6 59.562214498788464 0.026002077025984106 89423.79613391869
2020 11 7 58.37677582999031 0.024045922402735516 92591.69219460922
2020 11 8 57.21493038802744 0.022236930673675454 95871.81303086519
2020 11 9 56.07620860803147 0.02056403067031419 99268.13427825338
2020 11 10 54.960150270662155 0.019016984115988463 102784.77241181275
2020 11 11 53.86630431610777 0.01758632296682098 106425.9897353843
2020 11 12 52.794228661787336 0.01626329146656383 110196.19954769101
2020 11 13 51.743490023681 0.015039792560696937 114099.97149142968
2020 11 14 50.71366374121646 0.013908338341831757 118142.03709185771
