2020 6 26 513.7315943959328 489.5391996170011 537.9239891748645
2020 6 27 523.2765299403386 475.1461280322949 573.7284766439794
2020 6 28 532.9667342437622 461.1471084717138 611.8809637973978
2020 6 29 543.4897129452243 448.1258250225421 653.3206246859985
2020 6 30 554.3537044802099 435.58208541406174 697.7269604981115
2020 7 1 564.7213377050739 422.8288163027772 744.2535426357464
2020 7 2 575.8712842723088 410.88951587909486 794.6581413187299
2020 7 3 586.6060474608075 398.8340285542651 847.5996871628209
2020 7 4 597.6847325500953 387.2300296622301 904.2760965093399
2020 7 5 609.412247400101 376.24845441443927 965.4073794462456
2020 7 6 621.8928007697012 365.9011613926372 1031.499686666942
2020 7 7 635.7724563874326 356.51123201162625 1104.013377786549
2020 7 8 651.1620838208785 348.03528707694426 1183.7088665839908
2020 7 9 667.8601434683239 340.26108236507883 1270.8586706088652
2020 7 10 682.52932163519 331.40870233062964 1359.7492952016567
2020 7 11 695.2607586548836 321.68929323149615 1450.355100435435
2020 7 12 706.1577919901056 311.2962918978186 1542.6762715036166
2020 7 13 715.3316933421162 300.404162490144 1636.7365933394283
2020 7 14 722.8980993932139 289.16802508798526 1732.5812030325455
2020 7 15 728.9740929432652 277.7239599539065 1830.274403282298
2020 7 16 733.6758744034511 266.1898007733388 1929.8975955347669
2020 7 17 737.1169551224078 254.6662610830905 2031.5473713059387
2020 7 18 739.4068016047182 243.2382679009315 2135.333784213301
2020 7 19 740.6498614720795 231.97640371528618 2241.3788129647573
2020 7 20 740.9449065241652 220.93838170785975 2349.815016450306
2020 7 21 740.3846343391707 210.17049911047695 2460.7843756028756
2020 7 22 739.0554766752849 199.70903003107256 2574.4373123263695
2020 7 23 737.0375699045662 189.5815322169116 2690.931873072657
2020 7 24 734.404849437224 179.8080524537728 2810.433063191107
2020 7 25 731.2252363343149 170.40222306176804 2933.112317646394
2020 7 26 727.7089823618717 161.40675862098456 3059.741126593025
2020 7 27 724.2096370536599 152.8861611100537 3191.836775373498
2020 7 28 720.7271191007274 144.81536249579582 3329.635279299159
2020 7 29 717.2613475851134 137.17061807636475 3473.382842973318
2020 7 30 713.812241977969 129.9294366231219 3623.3363001850435
2020 7 31 710.3797221376853 123.07051421029244 3779.763572794124
2020 8 1 706.9637083080318 116.57367153772752 3942.944149427086
2020 8 2 703.5641211163025 110.41979456237206 4113.169584839557
2020 8 3 700.1808815714728 104.59077826377373 4290.74402083718
2020 8 4 696.813911062363 99.0694733781878 4475.984729685818
2020 8 5 693.4631313558123 93.83963594456701 4669.222680981945
2020 8 6 690.1284645948609 88.8858795139984 4870.803132996063
2020 8 7 686.8098332969412 84.19362988198448 5081.0862495456995
2020 8 8 683.5071603520768 79.74908221038899 5300.447743500137
2020 8 9 680.2203690210913 75.53916041289793 5529.279548066646
2020 8 10 676.9493829338254 71.55147868450551 5767.99051705759
2020 8 11 673.6941260873621 67.77430506184311 6017.007155389583
2020 8 12 670.4545228442605 64.19652690714364 6276.774381119871
2020 8 13 667.230497930799 60.80761821429352 6547.756320381481
2020 8 14 664.0219764352255 57.59760864078497 6830.437136637437
2020 8 15 660.8288838060175 54.55705417445893 7125.321895735677
2020 8 16 657.6511458501494 51.67700934873886 7432.937468310261
2020 8 17 654.4886887313688 48.94900092461102 7753.833471141198
2020 8 18 651.3414389684809 46.36500296192243 8088.5832491548135
2020 8 19 648.2093234336409 43.91741320665491 8437.784899819193
2020 8 20 645.0922693506549 41.599030724705386 8802.062341765002
2020 8 21 641.9902042932891 39.40303471636984 9182.066429540977
2020 8 22 638.9030561835871 37.32296444920214 9578.476116495825
2020 8 23 635.8307532901944 35.352700250209125 9991.999667864253
2020 8 24 632.7732242266925 33.48644550146 10423.375926224544
2020 8 25 629.7303979499396 31.718709586140236 10873.375631588682
2020 8 26 626.7022037584205 30.044291734876424 11342.80279848362
2020 8 27 623.6885712906032 28.45826572480706 11832.496152484138
2020 8 28 620.6894305233043 26.95596538638322 12343.330628763915
2020 8 29 617.7047117700619 25.532970875259355 12876.218935342318
2020 8 30 614.7343456795167 24.185095668885435 13432.113183819925
2020 8 31 611.7782632338 22.908374249543712 14012.006590516432
2020 9 1 608.8363957469306 21.699050437593016 14616.935251050374
2020 9 2 605.9086748632187 20.553566340596344 15247.979991531285
2020 9 3 602.9950325556773 19.468551885819547 15906.26829967184
2020 9 4 600.095401124442 18.440814905305178 16592.97633927028
2020 9 5 597.2097131951977 17.467331744351274 17309.33105166242
2020 9 6 594.3379017176131 16.54523836576475 18056.612347897862
2020 9 7 591.4798999637833 15.671821923717664 18836.15539555724
2020 9 8 588.6356415266782 14.844512782416192 19649.35300429628
2020 9 9 585.8050603186008 14.060876956100847 20497.65811437898
2020 9 10 582.9880905696507 13.318608948136019 21382.586392646153
2020 9 11 580.1846668261963 12.615524968121099 22305.718940557552
2020 9 12 577.394723949354 11.949556507067548 23268.705119146034
2020 9 13 574.6181971134743 11.318744251739783 24273.26549593112
2020 9 14 571.855021804636 10.721232320255531 25321.194919057172
2020 9 15 569.1051338191469 10.155262801986522 26414.365724148804
2020 9 16 566.368469262052 9.619170585695615 27554.731079613146
2020 9 17 563.6449645456491 9.111378460694464 28744.328476366085
2020 9 18 560.9345563880112 8.630392476609105 29985.28336821751
2020 9 19 558.2371818115157 8.174797548101623 31279.8129694199
2020 9 20 555.552778141382 7.7432532916167975 32630.230216165288
2020 9 21 552.8812830042141 7.334490081905209 34038.94789910862
2020 9 22 550.2226343265523 6.947305316720885 35508.48297430112
2020 9 23 547.5767703334305 6.580559878704062 37041.46106023596
2020 9 24 544.9436295469407 6.233174784039707 38640.62112904113
2020 9 25 542.3231507848045 5.90412800803202 40308.82040020126
2020 9 26 539.715273158952 5.592451478255563 42049.03944555201
2020 9 27 537.1199360741064 5.2972282264367205 43864.387514668146
2020 9 28 534.5370792263764 5.0175896906862025 45758.10809016011
2020 9 29 531.966642601855 4.752713160145586 47733.584682804765
2020 9 30 529.4085664752251 4.501819354529939 49794.34687686453
2020 10 1 526.8627914083715 4.2641701314454155 51944.07663639599
2020 10 2 524.3292582490001 4.039066314736616 54186.614883815506
2020 10 3 521.8079081292631 3.825845637474622 56525.96836247576
2020 10 4 519.2986824643915 3.6238807935338566 58966.316795514584
2020 10 5 516.8015229513339 3.4325775920254142 61512.02035376677
2020 10 6 514.3163715674018 3.2513732091571104 64167.627446081824
2020 10 7 511.84317056892087 3.0797345323771306 66937.88284596661
2020 10 8 509.38186248988995 2.917156591929668 69827.73616907271
2020 10 9 506.9323901406455 2.7631610752081026 72842.35071667533
2020 10 10 504.4946966065328 2.6172949195348774 75987.11270094427
2020 10 11 502.06872524658337 2.4791289792279545 79267.64086848988
2020 10 12 499.6544196921992 2.348256763032294 82689.79653937825
2020 10 13 497.2517238458427 2.224293238201815 86259.69407955252
2020 10 14 494.8605818797334 2.1068736977133864 89983.71182537118
2020 10 15 492.48093823455065 1.9956526872801315 93868.50347978245
2020 10 16 490.1127376181429 1.8903029890072682 97921.0100004961
2020 10 17 487.7559250042427 1.7905146587003458 102148.4720013934
2020 10 18 485.4104456311884 1.6959941139935895 106558.44268933283
2020 10 19 483.0762450006514 1.6064632706155824 111158.80135946568
2020 10 20 480.75326887637016 1.5216587242511317 115957.76747317358
2020 10 21 478.44146328288986 1.441330975592317 120963.91534378115
2020 10 22 476.1407745043083 1.3652436962987793 126186.18945628266
2020 10 23 473.8511490830277 1.293173033707671 131633.92044845442
2020 10 24 471.5725338185126 1.2249069522476845 137316.84178190635
2020 10 25 469.304875766054 1.1602446096195698 143245.10713285906
2020 10 26 467.0481222355387 1.0989957659078282 149429.30853371837
2020 10 27 464.8022207902253 1.0409802238851638 155880.49529786076
2020 10 28 462.5671192455258 0.9860272988630326 162610.193761443
2020 10 29 460.34276566779306 0.9339753165285708 169630.42787750822
2020 10 30 458.129108373114 0.8846711372905052 176953.74069918442
2020 10 31 455.92609592610876 0.837969705734653 184593.2167903588
2020 11 1 453.73367713873563 0.7937336238634823 192562.50560386968
2020 11 2 451.55180106910154 0.7518327468641839 200875.8458689855
2020 11 3 449.38041702027857 0.7121438002159831 209548.09103174412
2020 11 4 447.2194745391258 0.6745500170102019 218594.73579360655
2020 11 5 445.06892341511724 0.638940794416048 228031.94379584197
2020 11 6 442.9287136791749 0.6052113682814365 237876.57649910747
2020 11 7 440.7987956025079 0.5732625049115018 248146.22330982177
2020 11 8 438.6791196954569 0.5430002091179977 258859.23300715978
2020 11 9 436.56963670634434 0.5143354476806521 270034.7465268186
2020 11 10 434.47029762032986 0.4871838874068835 281692.7311601295
2020 11 11 432.3810536582716 0.46146564701924075 293854.0162296196
2020 11 12 430.3018562755926 0.4371050621406033 306540.3303047653
2020 11 13 428.23265716115316 0.4140304626857184 319774.34002442955
2020 11 14 426.17340823612784 0.39217396200414884 333579.6905953483
