2020 6 26 24.819740672266022 21.343542856387668 28.295938488144376
2020 6 27 26.67775312129649 19.728214951118034 34.67392262104849
2020 6 28 28.419288242610286 18.046145572177167 42.157351646664964
2020 6 29 30.27451152068074 16.507492990071746 51.255876564185044
2020 6 30 32.540869579634844 15.258168346439511 62.80909532670937
2020 7 1 34.976887811235414 14.103395435534077 76.96644209800158
2020 7 2 37.59526702154825 13.03601836700524 94.31489465676063
2020 7 3 40.40965880239048 12.049422824572646 115.5737372241976
2020 7 4 43.43473670740713 11.137495078467458 141.62438270836162
2020 7 5 46.686272756407874 10.294584099905737 173.54691696622803
2020 7 6 50.18121966683899 9.515466542824715 212.66488024526177
2020 7 7 53.93779924112536 8.795314375880965 260.6001424878813
2020 7 8 57.975597370712634 8.129664964132633 319.34014768391523
2020 7 9 62.31566615213747 7.514393415008061 391.3203152892638
2020 7 10 66.1448697873882 6.844905643344555 474.2767140874786
2020 7 11 69.41096394762764 6.152443133840415 569.0943212957288
2020 7 12 72.0842821712521 5.463196042786131 676.6855269500788
2020 7 13 74.15578008197836 4.797749374889323 798.0015117228382
2020 7 14 75.63427560557737 4.171140052092093 934.0450027832867
2020 7 15 76.54326172222532 3.593335514427431 1085.8840325200858
2020 7 16 76.91760485079405 3.0699592397429476 1254.6664116425243
2020 7 17 76.80036679462083 2.6031205223619924 1441.634719387813
2020 7 18 76.23991353171533 2.1922437753156023 1648.1417005383041
2020 7 19 75.28740779788961 1.8348289530900557 1875.6660363641756
2020 7 20 73.9947283620201 1.5271052509659315 2125.8285219183667
2020 7 21 72.41281823906925 1.2645634357105977 2400.4087348492226
2020 7 22 70.59043605538417 1.0423681153648054 2701.36232195513
2020 7 23 68.57326755101953 0.8556610069747671 3030.8390607580454
2020 7 24 66.40334553424908 0.6997712152930012 3391.201876432074
2020 7 25 64.15516636047884 0.5707341317517611 3786.9081006902124
2020 7 26 61.983102472116435 0.46549135207004344 4228.787753019633
2020 7 27 59.88457687852859 0.37965523138931934 4722.228632067806
2020 7 28 57.857099836744425 0.3096472019948264 5273.247217857579
2020 7 29 55.89826589756245 0.25254858033261973 5888.562030184103
2020 7 30 54.005751051665804 0.2059788850573477 6575.675546919225
2020 7 31 52.177309972359744 0.16799659310533077 7342.965681045835
2020 8 1 50.41077335166025 0.13701819624443734 8199.787931793353
2020 8 2 48.70404532657301 0.11175218351188942 9156.589455393945
2020 8 3 47.05510099250947 0.09114519722180346 10225.036446313861
2020 8 4 45.461984000889636 0.0743381177488815 11418.156382107738
2020 8 5 43.92280423808144 0.06063024623226796 12750.496866274523
2020 8 6 42.43573558292292 0.04945009195152447 14238.303005871585
2020 8 7 40.999013740166646 0.04033154648006045 15899.715486636234
2020 8 8 39.61093414727592 0.03289445129986518 17754.991760726694
2020 8 9 38.26984995208941 0.02682874872785141 19826.753044004647
2020 8 10 36.974170058954755 0.02188155539488019 22140.2601344749
2020 8 11 35.72235724101311 0.017846619361795168 24723.72141491145
2020 8 12 34.512926316394946 0.014555721332283566 27608.636795118146
2020 8 13 33.34444238616335 0.011871661473133097 30830.18178748078
2020 8 14 32.21551913191422 0.009682539457531782 34427.63639880916
2020 8 15 31.12481717101361 0.007897089262428025 38444.86406790859
2020 8 16 30.071042467520872 0.006440874224400371 42930.84648852317
2020 8 17 29.05294479691221 0.005253183723263401 47940.28083869891
2020 8 18 28.069316262783218 0.004284502113985721 53534.246698530056
2020 8 19 27.11898986377051 0.003494444384927078 59780.95078795655
2020 8 20 26.20083810899229 0.002850072478547289 66756.55860513325
2020 8 21 25.31377168036512 0.0023245220808235 74546.12310546226
2020 8 22 24.45673814020984 0.0018958826292691984 83244.62174458794
2020 8 23 23.62872068261332 0.0015462838463084522 92958.114529926
2020 8 24 22.828736927064636 0.0012611507149448973 103805.0372007443
2020 8 25 22.05583775293439 0.0010285958361416865 115917.64530442316
2020 8 26 21.309106173414385 0.0008389238348679381 129443.62677638646
2020 8 27 20.587656247581656 0.0006842271531542364 144547.90268574472
2020 8 28 19.890632029296125 0.0005580563784878622 161414.6381029792
2020 8 29 19.21720655168481 0.0004551513633087098 180249.48760799452
2020 8 30 18.566580846007746 0.0003712219257902147 201282.10281781695
2020 8 31 17.937982993741596 0.0003027689891679571 224768.9325079963
2020 9 1 17.330667210756314 0.00024693870278985256 250996.34946933892
2020 9 2 16.743912962498303 0.000201403463092807 280284.14222545316
2020 9 3 16.177024109130294 0.00016426487418740317 312989.4141853033
2020 9 4 15.629328079613712 0.00013397460240973915 349510.937772787
2020 9 5 15.100175073753684 0.0001092698252115067 390294.01662284404
2020 9 6 14.588937291259906 8.912058320753238e-05 435835.9151284142
2020 9 7 14.095008186908771 7.26868404509383e-05 486691.9215402194
2020 9 8 13.61780175092302 5.9283462748857036e-05 543482.118546197
2020 9 9 13.156751813715164 4.8351653940266316e-05 606898.9438836481
2020 9 10 12.711311374169805 3.943565929445214e-05 677715.6331699607
2020 9 11 12.280951950667898 3.216376477854035e-05 756795.6478945782
2020 9 12 11.865162954083017 2.6232800040312975e-05 845103.2035268692
2020 9 13 11.463451082005708 2.1395499024858692e-05 943715.0261081642
2020 9 14 11.075339733477241 1.7450191280353607e-05 1053833.480675023
2020 9 15 10.700368443538375 1.423239417632327e-05 1176801.231587412
2020 9 16 10.338092336922276 1.1607955508103513e-05 1314117.6135138448
2020 9 17 9.988081600243431 9.467460597899206e-06 1467456.9126834308
2020 9 18 9.649920972056357 7.721670720584803e-06 1638688.781306483
2020 9 19 9.323209250179088 6.297802679038033e-06 1829901.0340748702
2020 9 20 9.007558815696928 5.1364944219085765e-06 2043425.104697781
2020 9 21 8.702595173081727 4.189330198310996e-06 2281864.4728621393
2020 9 22 8.40795650588107 3.416822071415622e-06 2548126.4082250283
2020 9 23 8.123293247450238 2.7867636388317624e-06 2845457.418489753
2020 9 24 7.848267666217638 2.2728873252382432e-06 3177482.833780727
2020 9 25 7.582553464991672 1.8537692688549282e-06 3548251.0099658896
2020 9 26 7.325835393833626 1.5119361457087303e-06 3962282.689893763
2020 9 27 7.077808876037305 1.2331366945750488e-06 4424626.124402253
2020 9 28 6.838179646771648 1.0057475719615614e-06 4940918.625184668
2020 9 29 6.6066634039576115 8.202887668144194e-07 5517455.300021489
2020 9 30 6.382985470965113 6.690283722480988e-07 6161265.808460351
2020 10 1 6.16688047072984 5.456602369567796e-07 6880200.073819309
2020 10 2 5.958092010903302 4.4504105736985804e-07 7683023.996592087
2020 10 3 5.75637237966257 3.6297594974025794e-07 8579526.336280216
2020 10 4 5.561482251818803 2.9604356251640883e-07 9580638.064852564
2020 10 5 5.373190404875895 2.414534378107488e-07 10698565.64709821
2020 10 6 5.19127344470235 1.9692967526492918e-07 11946939.872947944
2020 10 7 5.015515540490931 1.6061604817715305e-07 13340982.056463446
2020 10 8 4.845708168691615 1.3099861611684574e-07 14897689.627943367
2020 10 9 4.681649865614069 1.0684260769260879e-07 16636043.382054113
2020 10 10 4.523145988406117 8.714094207204951e-08 18577238.908943024
2020 10 11 4.370008484124616 7.107224307975776e-08 20744945.030152604
2020 10 12 4.222055666624766 5.7966595451902624e-08 23165592.39042153
2020 10 13 4.079112001003149 4.727761560182899e-08 25868695.72414616
2020 10 14 3.9410078953387497 3.855967250739994e-08 28887213.725868423
2020 10 15 3.807579499484886 3.144930904299696e-08 32257950.91265832
2020 10 16 3.6786685106733152 2.5650089198556378e-08 36022006.37826282
2020 10 17 3.554121985699893 2.092023945563929e-08 40225274.910639875
2020 10 18 3.4337921594689504 1.7062569080887203e-08 44919006.58295831
2020 10 19 3.3175362696811086 1.3916249106870056e-08 50160431.64110611
2020 10 20 3.2052163874565354 1.1350107260306652e-08 56013458.30690393
2020 10 21 3.0966992536926914 9.257159298540335e-09 62549452.00527542
2020 10 22 2.9918561209624137 7.550148761874917e-09 69848105.51642063
2020 10 23 2.890562600764768 6.157909190936126e-09 77998410.66267943
2020 10 24 2.792698515947434 5.022397147364158e-09 87099743.37777497
2020 10 25 2.6981477581255437 4.096272342401497e-09 97263075.38858823
2020 10 26 2.6067981499278052 3.3409239872497132e-09 108612327.28339027
2020 10 27 2.5185413119064775 2.724861082365626e-09 121285879.46437037
2020 10 28 2.433272533953298 2.222399535735324e-09 135438259.40736812
2020 10 29 2.350890651068806 1.8125913751715633e-09 151242025.8014144
2020 10 30 2.27129792333767 1.4783514127486854e-09 168889872.54122448
2020 10 31 2.1943999199676187 1.205744951406476e-09 188596978.22643355
2020 11 1 2.1201054072544037 9.834068377146737e-10 210603629.81480622
2020 11 2 2.0483262403398594 8.020676407028582e-10 235178152.41938668
2020 11 3 1.9789772586346526 6.541672028207926e-10 262620180.97234076
2020 11 4 1.9119761847816397 5.335394516993323e-10 293264313.6465919
2020 11 5 1.847243527039964 4.351553322944672e-10 327484191.5810903
2020 11 6 1.7847024849740767 3.5491314207635966e-10 365697054.65343636
2020 11 7 1.7242788583357884 2.894675281912335e-10 408368828.8479833
2020 11 8 1.6659009590312501 2.36090017368573e-10 456019807.2492363
2020 11 9 1.609499526068415 1.9255526396822676e-10 509230993.9283888
2020 11 10 1.5550076433840736 1.5704827376919432e-10 568651188.07343
2020 11 11 1.5023606604529725 1.2808873559516712e-10 635004894.7389814
2020 11 12 1.4514961155848225 1.0446930610953892e-10 709101158.6709207
2020 11 13 1.4023536618181953 8.520527482996195e-11 791843428.9158168
2020 11 14 1.3548749953233874 6.949351086181337e-11 884240574.4934671
