2020 6 26 1236.4215287539976 1201.7269262536415 1271.1161312543536
2020 6 27 1256.1292153169898 1186.6260953864712 1327.6102909299002
2020 6 28 1276.4524677430738 1171.999780941011 1386.9338999073054
2020 6 29 1296.9258510194643 1157.389687287595 1448.714204712123
2020 6 30 1317.4423190739321 1142.7071234651128 1512.9277999939584
2020 7 1 1338.4414198541454 1128.3479320172253 1580.169165758145
2020 7 2 1359.3603583571107 1113.819426331917 1649.9092416250837
2020 7 3 1381.0955639564627 1099.8789211145947 1723.3211700211293
2020 7 4 1403.1783000392084 1086.112894525603 1799.9995273181478
2020 7 5 1425.3615778882506 1072.3236830769806 1879.765685941784
2020 7 6 1447.5107509304778 1058.4200415792484 1962.5591622679121
2020 7 7 1469.4806461941093 1044.3139183887592 2048.289524432328
2020 7 8 1491.430866137521 1030.144837955213 2137.272620832146
2020 7 9 1513.3279448555447 1015.9048270129273 2229.5753618871927
2020 7 10 1537.0532524101816 1002.8731407977428 2328.0842622174428
2020 7 11 1562.5278387433282 990.9072758228903 2433.031713474683
2020 7 12 1589.684767777998 979.8833220564347 2544.6722524180705
2020 7 13 1618.4675210033536 969.6932350771489 2663.2824452314067
2020 7 14 1648.8286654839337 960.2425627938194 2789.160969780372
2020 7 15 1680.7287373520253 951.4485415070412 2922.628870179813
2020 7 16 1714.1353017798776 943.2384937159823 3064.0299636855284
2020 7 17 1749.022158190077 935.5484737491894 3213.731384395596
2020 7 18 1785.3686655579024 928.3221179736449 3372.1242518150484
2020 7 19 1823.159167471737 921.509664715046 3539.6244552099797
2020 7 20 1862.3825004357411 915.0671156338275 3716.67354700871
2020 7 21 1903.0315719427633 908.9555155454802 3903.739740417699
2020 7 22 1945.102997282938 903.1403318538539 4101.319008000039
2020 7 23 1988.3085914963456 897.4571051016424 4309.328610872083
2020 7 24 2032.4738898354171 891.8096414143475 4527.887989268193
2020 7 25 2077.6202097250275 886.1977157443218 4757.532203887835
2020 7 26 2123.769342103284 880.6211044600835 4998.823452496229
2020 7 27 2170.9435619394394 875.0795853374058 5252.352446254813
2020 7 28 2219.16563898543 869.5729375504608 5518.739855856057
2020 7 29 2268.458848766236 864.1009416630202 5798.637831002967
2020 7 30 2318.846983814362 858.6633796197107 6092.731596953135
2020 7 31 2370.3543651538675 853.2600347373244 6401.741132035894
2020 8 1 2423.0058540394816 847.8906916961847 6726.422930249335
2020 8 2 2476.8268639564762 842.5551365315653 7067.571853252245
2020 8 3 2531.843372887085 837.2531566251643 7426.023076284888
2020 8 4 2588.08193584939 831.9845406966314 7802.654132782466
2020 8 5 2645.569697714729 826.7490787951484 8198.387062686752
2020 8 6 2704.3344063098098 821.546562291063 8614.190669715206
2020 8 7 2764.404425809853 816.3767838675748 9051.082893113673
2020 8 8 2825.808750429232 811.239537512474 9510.133299698995
2020 8 9 2888.577018416216 806.1346185099322 9992.465702292384
2020 8 10 2952.7395263585713 801.0618234323441 10499.260910953788
2020 8 11 3018.3272438069243 796.0209501322214 11031.759623752638
2020 8 12 3085.371828222947 791.0117977341372 11591.265464151926
2020 8 13 3153.9056402595797 786.0341666267213 12179.148172441528
2020 8 14 3223.9617593806647 781.0878584547061 12796.846959033775
2020 8 15 3295.5739998275303 776.1726761110216 13445.874027830594
2020 8 16 3368.7769269402343 771.2884237289414 14127.818278287825
2020 8 17 3443.6058738413417 766.4349066742776 14844.349195239854
2020 8 18 3520.096958490292 761.6119315376242 15597.220936007347
2020 8 19 3598.2871011165844 756.8193061266503 16388.276624793794
2020 8 20 3678.2140420402 752.0568394584413 17219.452864884148
2020 8 21 3759.91635988786 747.3243417518884 18092.78447969191
2020 8 22 3843.433490213909 742.6216244201255 19010.40949426141
2020 8 23 3928.8057445348186 737.9485000630149 19974.574369420574
2020 8 24 4016.074329786494 733.3047824596788 20987.63950139805
2020 8 25 4105.281368213775 728.6902865610791 22052.085000368465
2020 8 26 4196.469917701731 724.1048284826431 23170.516762072373
2020 8 27 4289.68399255857 719.5482254969356 24345.672847375034
2020 8 28 4384.96858476018 715.0202960263777 25580.430185381923
2020 8 29 4482.3696856665765 710.5208596360106 26877.81161652109
2020 8 30 4581.93430822071 706.0497370263062 28240.99329283465
2020 8 31 4683.710509640381 701.606750026021 29673.312453596343
2020 9 1 4787.747414614189 697.1917215850973 31178.275595290736
2020 9 2 4894.095239012726 692.8044757676067 32759.567055955264
2020 9 3 5002.805314126448 688.4448377447402 34421.05803490066
2020 9 4 5113.930111441942 684.1126337878407 36166.81606989115
2020 9 5 5227.523267968525 679.8076912614802 38001.114994985706
2020 9 6 5343.639612127416 675.5298386165806 39928.44540341849
2020 9 7 5462.335190215965 671.2789053835776 41953.52564113286
2020 9 8 5583.667293459728 667.0547221656271 44081.31335788247
2020 9 9 5707.69448566543 662.8571206318555 46317.017644178064
2020 9 10 5834.476631488165 658.6859335106514 48666.11178379269
2020 9 11 5964.074925326493 654.5409945829998 51134.34665304505
2020 9 12 6096.551920859359 650.4221386758591 53727.764799664204
2020 9 13 6231.971561239104 646.3292016555783 56452.71523570223
2020 9 14 6370.399209955141 642.2620204213569 59315.86898071004
2020 9 15 6511.901682383184 638.220432898745 62324.23539322773
2020 9 16 6656.547278035273 634.2042780331851 65485.17933057117
2020 9 17 6804.405813526142 630.2133957835941 68806.43917892397
2020 9 18 6955.548656271862 626.2476271159858 72296.14579787501
2020 9 19 7110.048758937006 622.3068139971332 75962.84242577976
2020 9 20 7267.9806946469835 618.3907993882714 79815.50559467656
2020 9 21 7429.420692982517 614.4994272388393 83863.56710596
2020 9 22 7594.4466767736485 610.6325424802616 88116.93712061057
2020 9 23 7763.13829971104 606.789991019769 92586.02842050853
2020 9 24 7935.576984792707 602.9716197342578 97281.78190022655
2020 9 25 8111.84596362475 599.1772764641883 102215.69335170825
2020 9 26 8292.03031659506 595.4068100075207 107399.84160740505
2020 9 27 8476.21701393938 591.6600701136907 112846.91811076895
2020 9 28 8664.494957719535 587.9369074776214 118570.25798649386
2020 9 29 8856.955024734121 584.2371737337738 124583.87268656895
2020 9 30 9053.690110382338 580.5607214502348 130902.48429206596
2020 10 1 9254.79517350215 576.9074041228417 137541.56155463532
2020 10 2 9460.36728220441 573.2770761693445 144517.35776594537
2020 10 3 9670.505660725075 569.669592923604 151846.95054777348
2020 10 4 9885.311737318136 566.0848106298278 159548.28366016058
2020 10 5 10104.889193212352 562.5225864368408 167640.2109299805
2020 10 6 10329.344012655454 558.9827783923935 176142.54240746665
2020 10 7 10558.784534069944 555.4652454375046 185076.0928636932
2020 10 8 10793.321502345188 551.9698474008404 194462.73274773854
2020 10 9 11033.068122291063 548.4964449931289 204325.44172828054
2020 10 10 11278.140113278925 545.044899801609 214688.36495070017
2020 10 11 11528.65576509631 541.6150742845151 225576.8721474179
2020 10 12 11784.735995042282 538.2068317655962 237017.6197461723
2020 10 13 12046.504406291031 534.8200364286694 249038.61612828987
2020 10 14 12314.087347551867 531.4545533122072 261669.2901967062
2020 10 15 12587.613974054408 528.1102483039602 274940.56342160184
2020 10 16 12867.216309888403 524.7869881356127 288884.9255400296
2020 10 17 13153.02931172828 521.484640377471 303536.5140948551
2020 10 18 13445.190933973174 518.2030734331877 318931.1980077323
2020 10 19 13743.842195333877 514.9421565345165 335106.66539071064
2020 10 20 14049.12724689885 511.7017597361017 352102.5158114483
2020 10 21 14361.193441712154 508.4817539102999 369960.35723790736
2020 10 22 14680.19140589688 505.28201074203434 388723.90789986454
2020 10 23 15006.275111358402 502.1024027236815 408439.1033166067
2020 10 24 15339.60195010256 498.94280314999014 429154.2087528285
2020 10 25 15680.332810204629 495.8030861130321 450919.93737803795
2020 10 26 16028.632153465749 492.6831264971852 473789.57441873994
2020 10 27 16384.668094794302 489.58279997414695 497819.107607336
2020 10 28 16748.612483350542 486.50198299798075 523067.36424709763
2020 10 29 17120.640985493657 483.4405528001923 549596.1552287634
2020 10 30 17500.933169571286 480.3983873848373 577470.426351332
2020 10 31 17889.67259259243 477.3753655236604 606758.417317503
2020 11 1 18287.046888825564 474.3713667512638 637531.8287930053
2020 11 2 18693.247860364772 471.3862713603072 669865.9979387964
2020 11 3 19108.471569707548 468.4199603967374 703840.082845857
2020 11 4 19532.91843438899 465.472315655048 739537.2563241002
2020 11 5 19966.793323718073 462.5432196735691 777044.9095198147
2020 11 6 20410.305657662644 459.6325557297865 816454.8658601235
2020 11 7 20863.669507930936 456.7402078356902 857863.6058482203
2020 11 8 21327.103701298325 453.8660607331528 901372.5032597105
2020 11 9 21800.831925229246 451.009999889336 947088.0733182956
2020 11 10 22285.082835845238 448.17191149212687 995122.233458366
2020 11 11 22780.090168291215 445.35168244560253 1045592.5773128801
2020 11 12 23286.09284955327 442.54920036552323 1098622.662597289
2020 11 13 23803.33511378242 439.764353574854 1154342.3135942807
2020 11 14 24332.066620179994 436.9970310993142 1212887.9389798641
