2020 6 26 26.8121910495194 24.826450317837214 28.797931781201584
2020 6 27 26.432890648162466 22.664326497696678 30.491146421187025
2020 6 28 26.10923784071827 20.733614088044764 32.34191756904381
2020 6 29 25.789547942255943 18.967373824042653 34.30502801022932
2020 6 30 25.47377242964442 17.351594770369573 36.38729658717053
2020 7 1 25.161863373885428 15.873459545225847 38.59595603676236
2020 7 2 24.829841436485786 14.506145051607296 40.9019686586814
2020 7 3 24.525816878737633 13.270405958711894 43.38466256721312
2020 7 4 24.202187856697925 12.127314350241072 45.97678852420196
2020 7 5 23.882829263016394 11.08268683016527 48.723787576411624
2020 7 6 23.544969268349394 10.11750087406256 51.58857075135387
2020 7 7 23.174565276783547 9.220334214083726 54.54001450053401
2020 7 8 22.789416016585324 8.3945385489252 57.611897955649525
2020 7 9 22.41825416591092 7.645497641608821 60.87597915520389
2020 7 10 22.138960297458812 6.992562310664029 64.55804074888347
2020 7 11 21.939424392111235 6.4194809411846085 68.68524127637481
2020 7 12 21.80971872780298 5.91327307597671 73.28927975912157
2020 7 13 21.741646561033885 5.463485001895606 78.40646752772072
2020 7 14 21.728395892560147 5.061632444796008 84.07788190857906
2020 7 15 21.764271475235514 4.7007792016371885 90.3495920029204
2020 7 16 21.8444856384243 4.3752155825728165 97.27295036154614
2020 7 17 21.96499372595649 4.080210871512931 104.90494702186649
2020 7 18 22.122363662324833 3.811821197628796 113.30862441250966
2020 7 19 22.313671835590345 3.5667392589195868 122.55355323917259
2020 7 20 22.536419427153827 3.3421759241467757 132.7163707780725
2020 7 21 22.788464741616732 3.1357663106673033 143.88138411545518
2020 7 22 23.06796814203816 2.9454947971124383 156.14124185126377
2020 7 23 23.373346980156626 2.769634789493021 169.59767868202053
2020 7 24 23.70323850036146 2.606700060905283 184.36233812932804
2020 7 25 24.03930609705391 2.453517769013949 200.42418640010942
2020 7 26 24.380138503818404 2.309337208814344 217.885360436073
2020 7 27 24.725803276751535 2.1736293950533456 236.86777102631925
2020 7 28 25.076368929769007 2.045896428207513 257.5039499610542
2020 7 29 25.431904948185736 1.9256696677353926 279.9379753448069
2020 7 30 25.79248180248846 1.8125080126783517 304.3264775239445
2020 7 31 26.15817096230364 1.7059962833016111 330.83973265169215
2020 8 1 26.52904491056339 1.605743697837873 359.6628515257309
2020 8 2 26.90517715787226 1.5113824387448542 390.9970719986263
2020 8 3 27.286642257077702 1.4225663032164548 425.061163984465
2020 8 4 27.67351581804714 1.3389694329964112 462.09295687120385
2020 8 5 28.065874522654518 1.260285118834237 502.35100000285206
2020 8 6 28.46379613997936 1.1862246751971102 546.1163678246737
2020 8 7 28.867359541721314 1.116516381109128 593.6946222946129
2020 8 8 29.276644717833225 1.0509044832319643 645.417946262145
2020 8 9 29.691732792375902 0.989148257529325 701.6474627094243
2020 8 10 30.112706039597626 0.931021126072536 762.7757560472529
2020 8 11 30.539647900241665 0.8763098257469003 829.2296130691094
2020 8 12 30.972642998084993 0.8248136258088886 901.4730027000854
2020 8 13 31.411777156711498 0.776343591423449 980.0103153448046
2020 8 14 31.857137416522992 0.7307218904794237 1065.3898844508706
2020 8 15 32.30881205199142 0.6877811411398419 1158.207814874769
2020 8 16 32.76689058915566 0.6473637977333094 1259.1121447791882
2020 8 17 33.23146382336642 0.6093215727333886 1368.8073701193807
2020 8 18 33.70262383728268 0.5735148927052623 1488.0593633077192
2020 8 19 34.180464019123335 0.5398123862236021 1617.7007203976789
2020 8 20 34.66507908117759 0.5080904018828551 1758.6365741203317
2020 8 21 35.15656507857779 0.47823255463157804 1911.8509133589273
2020 8 22 35.65501942833844 0.4501292987663554 2078.4134531830027
2020 8 23 36.160540928665135 0.4236775260186604 2259.4871034073685
2020 8 24 36.67322977853728 0.3987801872600732 2456.336087820109
2020 8 25 37.19318759756842 0.37534593643792885 2670.334770766597
2020 8 26 37.72051744614821 0.35328879543502695 2902.977252715148
2020 8 27 38.25532384586989 0.3325278386238043 3155.8878017988336
2020 8 28 38.79771280024744 0.31298689595762896 3430.832194164614
2020 8 29 39.347791815726445 0.2945942735098842 3729.730042306072
2020 8 30 39.90566992299286 0.2772824904355268 4054.6681974539606
2020 8 31 40.47145769858385 0.26098803139005466 4407.915319597657
2020 9 1 41.04526728680513 0.24565111349753285 4791.937716862794
2020 9 2 41.62721242195894 0.2312154670127041 5209.41656483278
2020 9 3 42.21740845088724 0.2176281288724538 5663.266626036407
2020 9 4 42.815972355834525 0.20483924837918852 6156.656600297677
2020 9 5 43.42302277763474 0.19280190430319802 6693.031248030326
2020 9 6 44.03868003922702 0.18147193273296655 7276.1354409379355
2020 9 7 44.663066169504745 0.17080776504183154 7910.040308037302
2020 9 8 45.29630492750283 0.16077027537650448 8599.171659551926
2020 9 9 45.93852182692786 0.15132263710790328 9348.340887126149
2020 9 10 46.589844161036076 0.14243018771762742 10162.77855609969
2020 9 11 47.25040102786406 0.1340603016243567 11048.170924377846
2020 9 12 47.92032335581711 0.12618227048358532 12010.699642865531
2020 9 13 48.59974392962051 0.11876719052152207 13057.084914646513
2020 9 14 49.288797416638616 0.11178785648979493 14194.632414237476
2020 9 15 49.98762039356719 0.10521866185188966 15431.284294498746
2020 9 16 50.69635137350414 0.09903550483511565 16775.674637322794
2020 9 17 51.41513083340409 0.09321570000341219 18237.18973524729
2020 9 18 52.144101241922165 0.0877378950265639 19826.03362486813
2020 9 19 52.88340708765262 0.08258199234045939 21553.29932959497
2020 9 20 53.63319490776778 0.07772907541097158 23431.04630915347
2020 9 21 54.39361331706304 0.07316133933092873 25472.38465657274
2020 9 22 55.1648130374137 0.06886202549554288 27691.566630506313
2020 9 23 55.94694692764938 0.0648153601166257 30104.086161948893
2020 9 24 56.740170013852065 0.06100649635000623 32726.787030086958
2020 9 25 57.544639520083685 0.05742145982382118 35577.980462547624
2020 9 26 58.36051489954936 0.05404709736782602 38677.57298110963
2020 9 27 59.18795786620247 0.05087102875561966 42047.20538547233
2020 9 28 60.027132426797856 0.04788160128272909 45710.40384544241
2020 9 29 60.87820491339945 0.0450678470139053 49692.744156436995
2020 9 30 61.741344016348805 0.042419442542774674 54022.03030510555
2020 10 1 62.61672081770106 0.03992667111620774 58728.48859178383
2020 10 2 63.50450882513497 0.037580386984443014 63844.978665108036
2020 10 3 64.40488400634374 0.03537198184616983 69407.22294219508
2020 10 4 65.31802482391336 0.03329335326546032 75454.0560161595
2020 10 5 66.2441122706956 0.03133687494467497 82027.69579228578
2020 10 6 67.18332990568238 0.02949536874427601 89174.03824587999
2020 10 7 68.13586389038892 0.027762078346891702 96942.97785974754
2020 10 8 69.10190302575253 0.02613064446900752 105388.75597853397
2020 10 9 70.08163878955482 0.024595081529338095 114570.33951207637
2020 10 10 71.07526537437421 0.023149755688278425 124551.8326318045
2020 10 11 72.08297972607681 0.021789364177862994 135402.92433458194
2020 10 12 73.10498158285279 0.02050891584639642 147199.37499879804
2020 10 13 74.14147351480632 0.019303712846375602 160023.54532975805
2020 10 14 75.19266096410688 0.018169333398518044 173964.97138737325
2020 10 15 76.2587522857097 0.017101615568659183 189120.98971089176
2020 10 16 77.33995878865369 0.016096641997997607 205597.4169051785
2020 10 17 78.43649477794474 0.015150725530664863 223509.28843329425
2020 10 18 79.54857759703302 0.01426039568588871 242981.6617734911
2020 10 19 80.67642767089232 0.013422385925117429 264150.4895481226
2020 10 20 81.82026854971043 0.012633621667389437 287163.56872049853
2020 10 21 82.98032695319874 0.011891209008977699 312181.57248680585
2020 10 22 84.15683281553017 0.011192424105922345 339379.1720675814
2020 10 23 85.35001933091422 0.010534703180496973 368946.2562308829
2020 10 24 86.56012299981823 0.009915633114943279 401089.2570616506
2020 10 25 87.78738367584391 0.00933294259796331 436032.59123354376
2020 10 26 89.03204461326851 0.008784493791486596 474020.2268459537
2020 10 27 90.29435251526003 0.008268274487138329 515317.3867655691
2020 10 28 91.57455758277608 0.007782390723631364 560212.400364919
2020 10 29 92.87291356415594 0.007325059837995947 609018.7165863998
2020 10 30 94.18967780541585 0.006894603925152757 662077.0923866396
2020 10 31 95.52511130125734 0.006489443681833048 719757.9718405254
2020 11 1 96.8794787467987 0.0061080926122597835 782464.0725153725
2020 11 2 98.25304859004004 0.005749151574330957 850633.1971728359
2020 11 3 99.64609308507212 0.005411303646295524 924741.2904293637
2020 11 4 101.05888834603958 0.005093309295088272 1005305.7617162475
2020 11 5 102.49171440186929 0.004794001828596674 1092889.0977395826
2020 11 6 103.94485525177465 0.004512283115174521 1188102.7896616852
2020 11 7 105.41859892154685 0.004247119554697619 1291611.6024228442
2020 11 8 106.91323752064415 0.003997538286379721 1404138.2160110471
2020 11 9 108.4290673000907 0.0037626236194355173 1526468.2710841955
2020 11 10 109.96638871119616 0.0035415136734951195 1659455.854172436
2020 11 11 111.52550646510795 0.003333397216444025 1804029.4607573133
2020 11 12 113.10672959320775 0.003137510688086882 1961198.4778608887
2020 11 13 114.71037150836429 0.002953135398715157 2132060.2314051064
2020 11 14 116.33675006705474 0.002779594892300502 2317807.6475448036
