2020 6 26 133.7457207000434 120.32085940659637 147.1705819934904
2020 6 27 131.3723855512607 106.33391805812107 159.05560147531278
2020 6 28 129.22360728236103 94.12058684493994 172.1213030884175
2020 6 29 126.99033683942343 83.22291869645036 186.10093907939643
2020 6 30 124.73687685282172 73.54850240324059 201.12984809493526
2020 7 1 122.5234048057562 64.9987081742449 217.372443120414
2020 7 2 120.23577588713282 57.3826246229003 234.72548868453154
2020 7 3 118.21349373618916 50.76519177450301 253.8984735237359
2020 7 4 116.22522496493929 44.91088919055116 274.6375573396833
2020 7 5 114.27039749198612 39.731711776946426 297.07066314621466
2020 7 6 112.24265447775291 35.11301868383336 321.0611276204723
2020 7 7 110.06903919702158 30.974345011303402 346.46880311455806
2020 7 8 107.83051678777508 27.293374611346724 373.55034690722624
2020 7 9 105.48028451154778 24.010049770985027 402.20400321412603
2020 7 10 103.7708767480625 21.2559089175879 435.303761610552
2020 7 11 102.61121181687444 18.924621725930496 473.3173790012825
2020 7 12 101.92909212669694 16.93470713794112 516.7936045217273
2020 7 13 101.66685448861374 15.223037776133975 566.3691729547733
2020 7 14 101.77814262149235 13.74020345319021 622.7775748602344
2020 7 15 102.22548588686526 12.447159457457794 686.8596240516106
2020 7 16 102.9784642000844 11.312774717986386 759.5759052305712
2020 7 17 104.01230391181178 10.312018242692355 842.0212372932933
2020 7 18 105.30679388494683 9.424603655547061 935.4413354337647
2020 7 19 106.84544181703369 8.633966191209861 1041.2519007499006
2020 7 20 108.61481249655607 7.92648350130359 1161.0604118518825
2020 7 21 110.60400504057777 7.290877034124759 1296.6909407164321
2020 7 22 112.80423717802441 6.717748401580662 1450.212366161833
2020 7 23 115.11409683365112 6.193594871066494 1622.756603790969
2020 7 24 117.471254815672 5.710338514296704 1815.8299133227351
2020 7 25 119.87667963820186 5.264788321914478 2031.8748149999064
2020 7 26 122.3313596473382 4.854002263643537 2273.624436705227
2020 7 27 124.83630342725498 4.475267861650471 2544.137090051681
2020 7 28 127.3925402146118 4.126084279673994 2846.834960287597
2020 7 29 130.00112032144895 3.8041458096531073 3185.547399472507
2020 7 30 132.6631155667418 3.5073266468140845 3564.5593706144796
2020 7 31 135.3796197167921 3.233666852684036 3988.6656556231083
2020 8 1 138.15174893463697 2.9813594133428776 4463.231512848881
2020 8 2 140.98064223866044 2.748738307457515 4994.260551571688
2020 8 3 143.86746197059568 2.5342675053098205 5588.470682100972
2020 8 4 146.81339427311053 2.336530826177431 6253.379102312502
2020 8 5 149.81964957717227 2.1542225870942406 6997.397395764342
2020 8 6 152.88746309939214 1.9861389812430406 7829.937944453559
2020 8 7 156.01809534955376 1.8311701290506301 8761.533002413795
2020 8 8 159.21283264853406 1.6882927494976636 9803.967936522818
2020 8 9 162.47298765682962 1.5565634032508684 10970.430320114885
2020 8 10 165.79989991390534 1.4351122630010908 12275.676765542416
2020 8 11 169.19493638858737 1.3231373698718385 13736.219606242375
2020 8 12 172.65949204072612 1.219899337972583 15370.53578997363
2020 8 13 176.1949903943604 1.124716472130246 17199.30062587932
2020 8 14 179.8028841226179 1.036960266560565 19245.649342447567
2020 8 15 183.48465564459286 0.9560512547564397 21535.469765272264
2020 8 16 187.24181773444536 0.8814551831894877 24097.72981720424
2020 8 17 191.07591414297337 0.8126794835592258 26964.843984012005
2020 8 18 194.98852023191228 0.7492700202956462 30173.08338161396
2020 8 19 198.98124362122294 0.6908080918384897 33763.03461253593
2020 8 20 203.05572484963403 0.6369076658922452 37780.11321646782
2020 8 21 207.21363804871004 0.5872128304008761 42275.1382104489
2020 8 22 211.45669163072208 0.5413954434107031 47304.974987040194
2020 8 23 215.78662899060393 0.49915296630316025 52933.25470362161
2020 8 24 220.205229222282 0.46020646608995486 59231.179263620885
2020 8 25 224.71430784967305 0.4242987735795088 66278.42207328237
2020 8 26 229.31571757265073 0.3911927852527947 74164.13596921563
2020 8 27 234.01134902828673 0.36066989763561674 82988.08106775292
2020 8 28 238.80313156767988 0.33252856382927615 92861.88680424493
2020 8 29 243.693034048692 0.3065829626681922 103910.46412802534
2020 8 30 248.68306564491647 0.28266177171673956 116273.58571835596
2020 8 31 253.7752766712117 0.26060703600322904 130107.65421225328
2020 9 1 258.97175942613904 0.2402731250211231 145587.68081358713
2020 9 2 264.2746490516507 0.22152577111041982 162909.4993143205
2020 9 3 269.68612441038164 0.2042411828695028 182292.24353689796
2020 9 4 275.20840898090506 0.18830522774319136 203981.1195392619
2020 9 5 280.84377177132023 0.17361267838950548 228250.5076529418
2020 9 6 286.59452825154744 0.16006651784879986 255407.4335972936
2020 9 7 292.463041304713 0.1475772989272016 285795.4525820534
2020 9 8 298.4517221980159 0.13606255356427066 319798.99553497654
2020 9 9 304.5630315734744 0.12544624828485518 357848.2324375588
2020 9 10 310.7994804589599 0.11565828213941388 400424.51429363433
2020 9 11 317.1636312999334 0.10663402381763552 448066.4625757814
2020 9 12 323.65809901230847 0.09831388487885147 501376.7831855386
2020 9 13 330.28555205687377 0.09064292628122249 561029.891129071
2020 9 14 337.04871353571576 0.08357049561155656 627780.4423660754
2020 9 15 343.95036231109265 0.07704989262033567 702472.8807661273
2020 9 16 350.99333414721934 0.07103806085343235 786052.1209485327
2020 9 17 358.18052287543236 0.06549530334431729 879575.5021515136
2020 9 18 365.5148815832134 0.06038502048943354 984226.1643560182
2020 9 19 372.99942382756024 0.0556734683758921 1101328.015882022
2020 9 20 380.63722487320337 0.0513295359656925 1232362.481808488
2020 9 21 388.4314229561776 0.04732453966518485 1378987.2450968924
2020 9 22 396.3852205732669 0.04363203392328659 1543057.2175073978
2020 9 23 404.50188579785345 0.04022763660780757 1726648.005605283
2020 9 24 412.78475362271035 0.03708886800681888 1932082.1687199736
2020 9 25 421.2372273302907 0.03419500239196884 2161958.6010392895
2020 9 26 429.8627798910756 0.0315269311635981 2419185.409544141
2020 9 27 438.66495539055563 0.02906703667398178 2707016.7037138822
2020 9 28 447.6473704854323 0.02679907589553591 3029093.7624193146
2020 9 29 456.8137158896377 0.024708073165833035 3389491.0987950047
2020 9 30 466.167757890783 0.02278022130120731 3792768.0058456394
2020 10 1 475.7133398976586 0.021002790425988408 4244026.23487648
2020 10 2 485.4543840194224 0.0193640439153509 4748974.53642275
2020 10 3 495.394892677124 0.01785316089673794 5314000.880168465
2020 10 4 505.53895024822856 0.01646016479812537 5946253.267490134
2020 10 5 515.8907247448141 0.015175857471320395 6653730.1589637995
2020 10 6 526.4544695261335 0.013991758455301762 7445381.660810311
2020 10 7 537.2345250462437 0.012900048978548767 8331222.75036223
2020 10 8 548.2353206374207 0.011893520330598652 9322459.972938327
2020 10 9 559.4613763300933 0.010965526261922534 10431633.212934874
2020 10 10 570.9173047100428 0.01010993909780961 11672774.332642967
2020 10 11 582.6078128136318 0.009321109276473451 13061584.685690302
2020 10 12 594.5377040618419 0.008593828044204862 14615633.750783803
2020 10 13 606.7118802339131 0.007923293061242153 16354581.39861695
2020 10 14 619.1353434813979 0.007305076691249597 18300426.60378265
2020 10 15 631.8131983834553 0.006735096765015043 20477785.748081427
2020 10 16 644.7506540442319 0.0062095896253152975 22914204.035967685
2020 10 17 657.9530262331892 0.0057250852749607456 25640503.96176994
2020 10 18 671.425739569259 0.005278384463918273 28691175.23705317
2020 10 19 685.1743297497216 0.0048665375642155525 32104811.110993057
2020 10 20 699.2044458247254 0.004486825093134735 35924596.603537634
2020 10 21 713.521852518381 0.004136739756087464 40198854.827867195
2020 10 22 728.1324325973828 0.0038139698905978042 44981658.313535884
2020 10 23 743.042189288133 0.0035163842020713935 50333513.06398505
2020 10 24 758.2572487433604 0.0032420176905589514 56322124.00226214
2020 10 25 773.7838625592464 0.00298905867558661 63023251.48839992
2020 10 26 789.628410344095 0.0027558368333761925 70521669.74403475
2020 10 27 805.7974023395996 0.002540812167463543 78912239.30904445
2020 10 28 822.2974820957849 0.002342564839886343 88301107.09757604
2020 10 29 839.135429200723 0.0021597857957953385 98807049.23506
2020 10 30 856.3181620661455 0.0019912681195819646 110562973.6640932
2020 10 31 873.8527407700946 0.0018358990654456693 123717601.52826653
2020 11 1 891.7463699577834 0.001692652709777662 138437348.60468736
2020 11 2 910.0064018018561 0.0015605831768437434 154908430.5867101
2020 11 3 928.6403390232642 0.0014388183930344545 173339218.85025957
2020 11 4 947.6558379740006 0.0013265543284409844 193962876.50593454
2020 11 5 967.060711782958 0.0012230496877331562 217040308.08490098
2020 11 6 986.8629335662039 0.0011276210152826153 242863460.17428467
2020 11 7 1007.0706397029913 0.0010396381822096643 271759014.7575433
2020 11 8 1027.6921331788524 0.0009585202255540818 304092521.98330694
2020 11 9 1048.7358869971463 0.0008837315120953888 340273024.6452707
2020 11 10 1070.210547660465 0.0008147782014917301 380758232.87623304
2020 11 11 1092.124938723327 0.0007512049853829834 426060314.5199881
2020 11 12 1114.4880644176183 0.0006925920809259352 476752374.43356186
2020 11 13 1137.30911335227 0.0006385524589094176 533475704.68775964
2020 11 14 1160.5974622886943 0.0005887292881462612 596947897.3864279
