2020 6 26 21.941745709172576 20.877476209332695 23.00601520901246
2020 6 27 20.9314700491635 18.949956968494266 23.011495658260532
2020 6 28 20.04655573024386 17.271777226731285 23.103657127331534
2020 6 29 19.167959784061235 15.715425423728723 23.160353112035594
2020 6 30 18.28539904898834 14.264494066965522 23.16587032736579
2020 7 1 17.43942292021161 12.944359705357945 23.166255844474914
2020 7 2 16.582351813778732 11.709113497294215 23.099911094738527
2020 7 3 15.796796067237185 10.612499301967366 23.074703526652762
2020 7 4 15.037953856331535 9.611533802699594 23.034185029794234
2020 7 5 14.288908244273467 8.687941336366599 22.95290700898583
2020 7 6 13.545511986587318 7.833848373031058 22.82105753583028
2020 7 7 12.822783538533109 7.0533046850290955 22.659625791205563
2020 7 8 12.114750364087158 6.337404370022742 22.457160922226798
2020 7 9 11.416687388830042 5.678931124931033 22.202515712793637
2020 7 10 10.84871395413639 5.1335767453319985 22.125525183571106
2020 7 11 10.38585299929937 4.676961461542434 22.20554669928834
2020 7 12 10.00895939165534 4.290780580004655 22.42743840194383
2020 7 13 9.703177611685831 3.961108901925922 22.78024336780172
2020 7 14 9.45684971996189 3.67722387000645 23.25624673547117
2020 7 15 9.260731049204328 3.4307762330725713 23.850292490732272
2020 7 16 9.107419406022784 3.2151972855060356 24.559283761406842
2020 7 17 8.990934515200003 3.025269575354258 25.381814680184856
2020 7 18 8.906404585282488 2.856812148620942 26.317897888956086
2020 7 19 8.849830193875906 2.706447095532779 27.36876251444638
2020 7 20 8.817904626637615 2.5714245158398685 28.536704770699682
2020 7 21 8.807875880935116 2.4494899440729445 29.824978399435853
2020 7 22 8.817439731406314 2.3387829696381695 31.237715691828658
2020 7 23 8.844656173523058 2.237759009313327 32.779872332968196
2020 7 24 8.887883619747695 2.1451284287654224 34.45719109641109
2020 7 25 8.945726690287572 2.0598087829242564 36.27618070749203
2020 7 26 9.01699449720216 1.9808870622084043 38.24410713752028
2020 7 27 9.094890999632227 1.9063207200052883 40.34449694940698
2020 7 28 9.173460438603701 1.834561271489162 42.56024145753521
2020 7 29 9.252708627517373 1.7655030570294563 44.897676012547834
2020 7 30 9.332641429995155 1.699044394330969 47.36348390642928
2020 7 31 9.413264760313934 1.6350874287154098 49.96471548165737
2020 8 1 9.49458458384318 1.5735379890387833 52.70880828984145
2020 8 2 9.576606917486313 1.5143054490324594 55.60360835748529
2020 8 3 9.65933783012591 1.4573025938637694 58.65739261967876
2020 8 4 9.74278344307274 1.4024454917196483 61.878892585861514
2020 8 5 9.826949930518685 1.349653370224242 65.27731930532505
2020 8 6 9.911843519993571 1.2988484975085144 68.86238970383533
2020 8 7 9.997470492825947 1.24995606775674 72.64435436667895
2020 8 8 10.083837184607846 1.2029040910613598 76.6340268475712
2020 8 9 10.170949985663556 1.157623287424018 80.84281458722732
2020 8 10 10.258815341522446 1.1140469847467107 85.28275153000065
2020 8 11 10.347439753395877 1.0721110206628415 89.9665325318466
2020 8 12 10.436829778658227 1.0317536480636424 94.90754965799294
2020 8 13 10.526992031332075 0.9929154441808545 100.11993047410067
2020 8 14 10.61793318257758 0.9555392230918003 105.6185784403986
2020 8 15 10.709659961186082 0.9195699515180196 111.41921552428877
2020 8 16 10.802179154077967 0.8849546677934892 117.53842715326232
2020 8 17 10.895497606804842 0.8516424038831141 123.99370963665686
2020 8 18 10.989622224056033 0.8195841103366689 130.80352019184605
2020 8 19 11.084559970169476 0.7887325840676913 137.987329717898
2020 8 20 11.180317869647006 0.7590423988509877 145.5656784675955
2020 8 21 11.276903007674106 0.7304698384364141 153.5602347769976
2020 8 22 11.374322530644145 0.7029728321804491 161.99385702046482
2020 8 23 11.472583646687145 0.6765108931007813 170.89065896829234
2020 8 24 11.571693626203114 0.6510450582627014 180.2760787338243
2020 8 25 11.671659802399983 0.6265378314095247 190.17695150718617
2020 8 26 11.772489571836203 0.60295312775257 200.62158628359802
2020 8 27 11.874190394968014 0.580256220839405 211.63984680565395
2020 8 28 11.976769796701452 0.5584136914221243 223.26323695100118
2020 8 29 12.08023536694912 0.5373933782503749 235.52499080956267
2020 8 30 12.18459476119177 0.5171643307166746 248.46016770785616
2020 8 31 12.289855701044738 0.49769676328429774 262.105752452107
2020 9 1 12.396025974829273 0.4789620116306289 276.50076107677427
2020 9 2 12.503113438148793 0.46093249044140683 291.68635240085064
2020 9 3 12.611126014470132 0.4435816527937164 307.7059457109028
2020 9 4 12.720071695709802 0.42688395106792254 324.6053449073367
2020 9 5 12.829958542825315 0.41081479933099224 342.43286946885127
2020 9 6 12.940794686411623 0.395350537135818 361.2394926095409
2020 9 7 13.052588327302702 0.38046839468323956 381.07898702367027
2020 9 8 13.16534773717834 0.3661464592954684 402.00807863484175
2020 9 9 13.279081259176163 0.35236364315155 424.0866087891613
2020 9 10 13.393797308508944 0.33909965223735683 447.37770535615226
2020 9 11 13.509504373087259 0.32633495646439403 471.9479632266368
2020 9 12 13.626211014147504 0.31405076091341977 497.86763472367096
2020 9 13 13.743925866885352 0.3022289781605395 525.2108304709657
2020 9 14 13.862657641094671 0.2908522016450261 554.0557312931239
2020 9 15 13.982415121811973 0.27990368003965305 584.4848117535696
2020 9 16 14.10320716996642 0.2693672925858021 616.585075969316
2020 9 17 14.22504272303545 0.2592275253570298 650.4483063768257
2020 9 18 14.347930795706066 0.24946944841614183 686.1713261602449
2020 9 19 14.471880480541843 0.24007869383214145 723.8562760923566
2020 9 20 14.596900948655685 0.2310414345246842 763.6109065798082
2020 9 21 14.72300145038841 0.22234436390488838 805.5488857476437
2020 9 22 14.850191315993175 0.2139746762825247 849.7901244440254
2020 9 23 14.978479956325844 0.2059200480107363 896.4611190944157
2020 9 24 15.107876863541287 0.19816861934052613 945.6953133855194
2020 9 25 15.238391611795725 0.1907089769582942 997.6334798131312
2020 9 26 15.370033857955114 0.18353013718071268 1052.424122184824
2020 9 27 15.502813342309674 0.17662152978219453 1110.2239002283318
2020 9 28 15.636739889294569 0.1699729824311435 1171.198077519686
2020 9 29 15.771823408216832 0.16357470571206853 1235.5209940118382
2020 9 30 15.908073893988554 0.1574172787115095 1303.376564514846
2020 10 1 16.045501427866416 0.15149163514655056 1374.9588045528958
2020 10 2 16.18411617819761 0.14578905001549636 1450.4723851017152
2020 10 3 16.323928401172196 0.14030112675105585 1530.1332177925049
2020 10 4 16.464948441581967 0.13501978485711738 1614.169072255629
2020 10 5 16.607186733585866 0.12993724801091142 1702.8202273691998
2020 10 6 16.75065380148202 0.12504603261304265 1796.3401582746324
2020 10 7 16.895360260486427 0.12033893676853197 1894.9962611235173
2020 10 8 17.041316817518396 0.11580902968264409 1999.0706176280341
2020 10 9 17.18853427199275 0.11144964145588696 2108.8608016009425
2020 10 10 17.337023516618885 0.1072543532631571 2224.680729791245
2020 10 11 17.486795538206728 0.10321698790257046 2346.8615594482653
2020 10 12 17.637861418479655 0.09933160070006258 2475.752635180496
2020 10 13 17.79023233489444 0.09559247075636623 2611.722487816515
2020 10 14 17.943919561468277 0.09199409252347804 2755.1598881239565
2020 10 15 18.098934469612953 0.08853116769821151 2906.4749583993735
2020 10 16 18.255288528976223 0.08519859742090018 3066.100345107295
2020 10 17 18.41299330829046 0.0819914747677643 3234.4924559213437
2020 10 18 18.572060476228632 0.0789050775258866 3412.132764704405
2020 10 19 18.732501802267677 0.07593486124015893 3599.5291881591115
2020 10 20 18.894329157559326 0.0730764525219621 3797.217538084815
2020 10 21 19.05755451580846 0.07032564260972637 4005.763053393398
2020 10 22 19.222189954159056 0.06767838117189122 4225.76201626434
2020 10 23 19.38824765408778 0.06513077034313958 4457.843457060003
2020 10 24 19.555739902305298 0.0626790589851257 4702.670952875917
2020 10 25 19.724679091665383 0.06031963716324575 4960.944524868543
2020 10 26 19.895077722081865 0.058049030831318904 5233.4026397854495
2020 10 27 20.06694840145351 0.055863896716352404 5520.8243214207405
2020 10 28 20.240303846596884 0.053761017395858965 5824.031378032922
2020 10 29 20.415156884187283 0.05173729656047823 6143.890752093915
2020 10 30 20.591520451707783 0.049789754454926914 6481.316999087733
2020 10 31 20.769407598406488 0.04791552349056485 6837.2749024462955
2020 11 1 20.94883148626206 0.046111844023116744 7212.782232099122
2020 11 2 21.129805390957575 0.04437606028933279 7608.912654524266
2020 11 3 21.312342702862807 0.04270561649660516 8026.798802621036
2020 11 4 21.49645692802498 0.0410980530597827 8467.635514181999
2020 11 5 21.682161689168094 0.03955100297964282 8932.683248223857
2020 11 6 21.869470726700882 0.03806218835768825 9423.271688945313
2020 11 7 22.05839789973346 0.03662941704213697 9940.803547616506
2020 11 8 22.248957187102786 0.035250579400166814 10486.758573270548
2020 11 9 22.441162688406944 0.03392364521166212 11062.697783664704
2020 11 10 22.635028625048406 0.03264666067988887 11670.267928608542
2020 11 11 22.83056934128626 0.03141774555469659 12311.206198420816
2020 11 12 23.027799305297563 0.03023509036401139 12987.345190977672
2020 11 13 23.226733110247846 0.029096953749543557 13700.618151554205
2020 11 14 23.427385475370873 0.028001659902786916 14453.06450044131
