2020 6 26 261.197814889763 246.0566116606499 276.339018118876
2020 6 27 251.45027808012395 223.1480011978587 281.4418410482199
2020 6 28 241.93428418527725 202.25491208937834 286.49089957418624
2020 6 29 232.93499329787858 183.44891453538443 291.8159499056579
2020 6 30 224.53426627501264 166.59929841985485 297.5704794738248
2020 7 1 216.47102103957565 151.32291151275072 303.48422507636946
2020 7 2 209.02831213810262 137.67866671262848 309.9795148068141
2020 7 3 201.8042966897806 125.2401712049639 316.55865065805534
2020 7 4 194.78586420363422 113.89806855517395 323.20828084551334
2020 7 5 188.24158472268056 103.71766455362773 330.37933693896963
2020 7 6 182.13798612884258 94.5688651385234 338.0970388931267
2020 7 7 176.2904938617996 86.25728847076128 346.10306495979853
2020 7 8 170.72756946001684 78.72358994900205 354.488784098888
2020 7 9 165.35758806315957 71.85590790708709 363.1138140075246
2020 7 10 159.7032965334671 65.390404245725 370.9534700883753
2020 7 11 153.84840393213594 59.34535759965319 378.0473409258923
2020 7 12 147.86660494887622 53.7273977685061 384.43758182768306
2020 7 13 141.82193933407473 48.53391476173204 390.1677110965115
2020 7 14 135.7693433820888 43.75517633729006 395.2816301244934
2020 7 15 129.75532416406196 39.37614680440508 399.82284346992986
2020 7 16 123.81870172997426 35.37801708783056 403.8338537971199
2020 7 17 117.99137730065877 31.739466946290474 407.3557068409281
2020 7 18 112.29909636480797 28.43768633569073 410.4276628748921
2020 7 19 106.81487216425697 25.462527682168243 413.2795341902071
2020 7 20 101.59847483013243 22.79863095442769 416.1512218354988
2020 7 21 96.63682480409452 20.413431843225673 419.04286350524586
2020 7 22 91.91748127942921 18.27777292640862 421.9545978507018
2020 7 23 87.4286110070562 16.365547239437912 424.88656448654353
2020 7 24 83.15895862492258 14.653379135665832 427.83890399756535
2020 7 25 79.09781843638639 13.12033853509817 430.81175794542014
2020 7 26 75.23500756682752 11.747685068530783 433.805268875407
2020 7 27 71.56084043117875 10.51863898939773 436.8195803233061
2020 7 28 68.06610444835721 9.418176052885578 439.8548368222612
2020 7 29 64.74203694170278 8.432843854851816 442.9111839097096
2020 7 30 61.58030316750368 7.550597385416702 445.98876813436095
2020 7 31 58.572975416518105 6.7606517869840665 449.0877370632237
2020 8 1 55.71251313609131 6.053350516758934 452.20823928868094
2020 8 2 52.99174402302642 5.420047302139216 455.3504244356153
2020 8 3 50.403846039801344 4.853000445967152 458.5144431685833
2020 8 4 47.94233030903941 4.345278189594745 461.7004471990394
2020 8 5 45.601024843343446 3.890673976891611 464.90858929261066
2020 8 6 43.37405906969754 3.4836305833558945 468.13902327642154
2020 8 7 41.255849109633175 3.1191721828586956 471.3919040464698
2020 8 8 39.24108377825127 2.7928435215845973 474.6673875750535
2020 8 9 37.324711266994136 2.500655455611444 477.96563091824993
2020 8 10 35.50192647677587 2.2390361863636774 481.28679222344607
2020 8 11 33.76815896971042 2.0047875978261005 484.6310307369217
2020 8 12 32.119061509227436 1.7950461617704865 487.998506811485
2020 8 13 30.550499159841586 1.6072479330882488 491.38938191416156
2020 8 14 29.05853891924413 1.4390972073211452 494.80381863393626
2020 8 15 27.639439856720305 1.2885384572498357 498.2419806895494
2020 8 16 26.289643733165732 1.1537312054843503 501.70403293734677
2020 8 17 25.005766079182457 1.0330275258911306 505.1901413791844
2020 8 18 23.784587708883965 0.924951898827032 508.7004731703882
2020 8 19 22.623046648130906 0.8281831739243469 512.2351966277688
2020 8 20 21.51823045695847 0.7415384199342754 515.7944812376923
2020 8 21 20.467368926944708 0.6639584642042634 519.3784976642066
2020 8 22 19.467827135209227 0.594494945019244 522.9874177572254
2020 8 23 18.51709883762592 0.5322987185305388 526.6214145607672
2020 8 24 17.61280018468389 0.47660947855508146 530.2806623212532
2020 8 25 16.752663744239815 0.4267464623541346 533.9653364958621
2020 8 26 15.934532816174352 0.38210012877602095 537.6756137609431
2020 8 27 15.156356024697311 0.34212470703387715 541.4116720204873
2020 8 28 14.416182174742273 0.30633152503235117 545.1736904146583
2020 8 29 13.712155359553673 0.2742830356866161 548.9618493283812
2020 8 30 13.042510307199134 0.24558746820955002 552.7763303999923
2020 8 31 12.405567954338915 0.21989403898273896 556.6173165299484
2020 9 1 11.79973123615419 0.19688866346748726 560.4849918895969
2020 9 2 11.22348108187785 0.17629011673689074 564.3795419300062
2020 9 3 10.675372605887034 0.1578465956941121 568.301153390858
2020 9 4 10.15403148480699 0.14133264095233664 572.2500143094014
2020 9 5 9.658150511542221 0.12654638074850286 576.2263140294693
2020 9 6 9.186486317594508 0.11330706319954532 580.2302432105569
2020 9 7 8.737856255449408 0.10145284673467557 584.2619938369634
2020 9 8 8.311135433214114 0.09083882169325233 588.3217592269982
2020 9 9 7.905253894071351 0.0813352389036329 592.4097340422497
2020 9 10 7.519193933477116 0.07282592358859762 596.5261142969194
2020 9 11 7.1519875473753824 0.06520685520843007 600.6710973672206
2020 9 12 6.802714005031483 0.05838489588120914 604.8448820008418
2020 9 13 6.470497540398271 0.052276651836123754 609.0476683264776
2020 9 14 6.15450515622644 0.04680745398185857 613.2796578634236
2020 9 15 5.853944535413019 0.041910445128198616 617.5410535312395
2020 9 16 5.568062054350989 0.0375257627027635 621.8320596594789
2020 9 17 5.296140893298701 0.03359980697214423 626.1528819974865
2020 9 18 5.037499239031049 0.03008458582194822 630.5037277242637
2020 9 19 4.791488575265736 0.026937128086138178 634.884805458403
2020 9 20 4.557492056578068 0.024118958254018778 639.29632526809
2020 9 21 4.334922961727035 0.02159562613352443 643.738498681177
2020 9 22 4.123223222514549 0.019336285721264727 648.2115386953253
2020 9 23 3.9218620244891444 0.017313318131302848 652.7156597882177
2020 9 24 3.7303344759855084 0.015501993973230044 657.2510779278433
2020 9 25 3.5481603421626424 0.013880171052339858 661.818010582852
2020 9 26 3.3748828408663663 0.012428023696494208 666.4166767329828
2020 9 27 3.210067497296925 0.011127800400888004 671.047296879563
2020 9 28 3.0533010546099035 0.009963606828085914 675.7100930560814
2020 9 29 2.9041904377188934 0.008921211510655617 680.4052888388346
2020 9 30 2.762361767701759 0.007987871881245613 685.1331093576468
2020 10 1 2.627459424339232 0.0071521785034446795 689.8937813066651
2020 10 2 2.4991451544352525 0.0064039155992521215 694.6875329552288
2020 10 3 2.3770972236832586 0.005733936168202889 699.5145941588149
2020 10 4 2.26100960995183 0.005134050171564547 704.3751963700597
2020 10 5 2.1505912359669255 0.004596924414734658 709.2695726498561
2020 10 6 2.0455652394667547 0.004115992903969599 714.197957678529
2020 10 7 1.94566827899927 0.0036853765816173365 719.160587767088
2020 10 8 1.850649873621646 0.003299811458672477 724.1577008685584
2020 10 9 1.7602717748461063 0.002954584266123388 729.1895365893904
2020 10 10 1.674307369257326 0.0026454748384732896 734.2563362009482
2020 10 11 1.5925411103035325 0.0023687045251133843 739.3583426510788
2020 10 12 1.5147679778365826 0.0021208899989124856 744.495800575761
2020 10 13 1.4407929640458714 0.001899001897364842 749.6689563108355
2020 10 14 1.3704305844971063 0.0017003277907125785 754.8780579038163
2020 10 15 1.3035044130499285 0.0015224390243534698 760.1233551257844
2020 10 16 1.2398466394882377 0.0013631610302052323 765.4050994833643
2020 10 17 1.179297648754025 0.001220546744103141 770.7235442307832
2020 10 18 1.1217056207296883 0.0010928528042769016 776.0789443820144
2020 10 19 1.066926149565327 0.0009785182399494915 781.4715567230047
2020 10 20 1.01482188159652 0.0008761453895407168 786.9016398239876
2020 10 21 0.9652621709447036 0.0007844828152136208 792.3694540518809
2020 10 22 0.9181227519366066 0.0007024100049057987 797.8752615827713
2020 10 23 0.8732854275213665 0.0006289236748384515 803.4193264144855
2020 10 24 0.8306377729040667 0.0005631255050607506 809.0019143792483
2020 10 25 0.7900728536525897 0.0005042111581049641 814.6232931564297
2020 10 26 0.7514889575709668 0.000451460446512936 820.283732285379
2020 10 27 0.7147893396669258 0.00040422852903868116 825.9835031783493
2020 10 28 0.679881979574172 0.0003619380279067125 831.7228791335118
2020 10 29 0.6466793508211621 0.0003240719707649944 837.5021353480596
2020 10 30 0.61509820136784 0.00029016747105274166 843.3215489314033
2020 10 31 0.5850593448600505 0.00025981006952989613 849.1813989184583
2020 11 1 0.556487462078227 0.00023262866779736398 855.081966283024
2020 11 2 0.5293109120825049 0.00020829099187377428 861.0235339512565
2020 11 3 0.5034615525807281 0.00018649953037409915 867.0063868152341
2020 11 4 0.47887456906894027 0.0001669878976371561 873.0308117466183
2020 11 5 0.455488312315949 0.00014951757734372266 879.0970976104082
2020 11 6 0.43324414378447296 0.00013387500681822954 885.2055352787921
2020 11 7 0.4120862886012821 0.00011986896637162148 891.3564176450939
2020 11 8 0.391961695707669 0.00010732824177189417 897.5500396378171
2020 11 9 0.37281990483959354 9.609953126761366e-05 903.7866982347869
2020 11 10 0.3546129200039688 8.604557157921726e-05 910.0666924773891
2020 11 11 0.337295089133842 7.704345994962575e-05 916.3903234849096
2020 11 12 0.32082298962071976 6.898315174238724e-05 922.7578944689723
2020 11 13 0.3051553194370223 6.176611522152101e-05 929.1697107480778
2020 11 14 0.29025279357566697 5.530412706866828e-05 935.6260797622436
