2020 6 26 132.72117662980108 124.73137902625379 140.7109742333484
2020 6 27 131.76873878482678 116.38378361963737 148.1084484109165
2020 6 28 130.9085499602335 108.670288936855 155.99082919189246
2020 6 29 130.0539764645929 101.46801668017764 164.2927128941597
2020 6 30 129.2049816409311 94.74308488303882 173.03642560242054
2020 7 1 128.3615290715717 88.46385715261803 182.24548160301507
2020 7 2 127.52358257657357 82.60079384136473 191.94464662040667
2020 7 3 126.73243738423544 77.15308450416211 202.22221485154625
2020 7 4 125.94620038772048 72.06466392972418 213.05008969766857
2020 7 5 125.16484113700957 67.31183621082485 224.45773701720265
2020 7 6 124.34776268144462 62.85065206168786 236.40345227780048
2020 7 7 123.48228230361957 58.65797862934621 248.8827627321112
2020 7 8 122.60414917249832 54.73612020903512 261.98319000527306
2020 7 9 121.70444507851498 51.06405808697653 275.7137464480936
2020 7 10 120.9355955041468 47.69047530186657 290.44540787332465
2020 7 11 120.28272358298362 44.58359058306896 306.23106980874076
2020 7 12 119.73284480526215 41.71597834865631 323.127919816896
2020 7 13 119.27459232139263 39.063858234153656 341.197575440497
2020 7 14 118.89798799453742 36.60651469692556 360.50625141375383
2020 7 15 118.5942506050752 34.32582062946979 381.1249543506712
2020 7 16 118.35563439005801 32.20584457768244 403.1297037056769
2020 7 17 118.17529248234197 30.2325254983137 426.6017782771612
2020 7 18 118.04716089241388 28.393402334505698 451.62798791660776
2020 7 19 117.96585952223832 26.677388282847684 478.30097043484204
2020 7 20 117.92660736815454 25.074581649873092 506.7195139776164
2020 7 21 117.9251495993272 23.576106784503068 536.9889053868947
2020 7 22 117.95769462017147 22.173979826186542 569.2213052807854
2020 7 23 118.00238627089345 20.85752234703855 603.4470053339867
2020 7 24 118.04709485432721 19.619222253618762 639.730601908742
2020 7 25 118.0918203768882 18.45443938318693 678.1958306214692
2020 7 26 118.13656284499426 17.35880905701567 718.973866968391
2020 7 27 118.18132226506572 16.328225725050032 762.2037736648947
2020 7 28 118.2260986435253 15.35882758157497 808.0329748821694
2020 7 29 118.27089198679819 14.446982094242527 856.6177589983773
2020 7 30 118.31570230131199 13.589272392233047 908.1238115788615
2020 7 31 118.36052959349674 12.782484462544055 962.7267804029751
2020 8 1 118.40537386978491 12.02359510642872 1020.6128744644103
2020 8 2 118.45023513661141 11.309760610854209 1081.9794989877557
2020 8 3 118.49511340041362 10.638306092529568 1147.0359286268415
2020 8 4 118.5400086676313 10.006715474573065 1216.004021140635
2020 8 5 118.5849209447067 9.412622058259482 1289.118973980491
2020 8 6 118.62985023808447 8.853799654517802 1366.6301263688981
2020 8 7 118.67479655421175 8.328154241947209 1448.8018096049955
2020 8 8 118.71975989953808 7.833716120092247 1535.9142484966071
2020 8 9 118.76474028051545 7.368632528573927 1628.2645169928862
2020 8 10 118.80973770359833 6.931160704419092 1726.167551276502
2020 8 11 118.85475217524359 6.519661351572499 1829.9572237702537
2020 8 12 118.89978370191058 6.132592498120503 1939.9874817207267
2020 8 13 118.94483229006107 5.76850371820814 2056.6335542418287
2020 8 14 118.9898979461593 5.426030696997941 2180.293231934512
2020 8 15 119.03498067667196 5.103890118304269 2311.388223446479
2020 8 16 119.08008048806816 4.8008748557461125 2450.365593598073
2020 8 17 119.1251973868195 4.515849449398594 2597.699287978685
2020 8 18 119.1703313794 4.2477458509932955 2753.891749212926
2020 8 19 119.21548247228615 3.995559421723793 2919.475630408402
2020 8 20 119.26065067195691 3.7583451676593653 3095.0156116283597
2020 8 21 119.30583598489365 3.535214198660203 3281.1103255837957
2020 8 22 119.35103841758023 3.325330397524952 3478.3943991121014
2020 8 23 119.39625797650295 3.1279072868892124 3687.540617404161
2020 8 24 119.44149466815058 2.942205082134615 3909.2622183604276
2020 8 25 119.48674849901435 2.7675279192651354 4144.315324900276
2020 8 26 119.53201947558794 2.603221247362925 4393.501523519379
2020 8 27 119.57730760436749 2.4486693758526648 4657.670597888587
2020 8 28 119.6226128918516 2.303293167383539 4937.723426816546
2020 8 29 119.66793534454135 2.166547867683589 5234.615056458773
2020 8 30 119.71327496894025 2.037921064254468 5549.357957250152
2020 8 31 119.75863177155432 1.9169307662574113 5883.025476667755
2020 9 1 119.804005758892 1.8031235983953642 6236.755499598731
2020 9 2 119.84939693746422 1.6960731020233717 6611.7543287959725
2020 9 3 119.89480531378437 1.595378137121151 7009.300798654828
2020 9 4 119.94023089436831 1.5006613791397072 7430.750636339817
2020 9 5 119.98567368573437 1.411567905089372 7877.541085133805
2020 9 6 120.03113369440335 1.3277638635710503 8351.195805776357
2020 9 7 120.07661092689851 1.2489352237670088 8853.330072505994
2020 9 8 120.1221053897456 1.1747865987034218 9385.656281526066
2020 9 9 120.16761708947283 1.1050401383751982 9949.989790679416
2020 9 10 120.21314603261088 1.0394344885854039 10548.255110246513
2020 9 11 120.25869222569291 0.977723811597837 11182.492465979114
2020 9 12 120.30425567525455 0.9196768649329444 11854.864756750965
2020 9 13 120.34983638783393 0.8650761348551373 12567.664930552755
2020 9 14 120.39543436997162 0.8137170213045078 13323.32380398522
2020 9 15 120.4410496282107 0.7654070712187198 14124.418351916696
2020 9 16 120.48668216909671 0.7199652573721734 14973.680495574816
2020 9 17 120.53233199917767 0.6772213000301094 15874.006419041816
2020 9 18 120.5779991250041 0.6370150288757495 16828.466445924892
2020 9 19 120.62368355312897 0.5991957828194867 17840.315509883374
2020 9 20 120.66938529010777 0.5636218454410874 18913.004254719704
2020 9 21 120.71510434249845 0.530159913949391 20050.190801888122
2020 9 22 120.76084071686144 0.49868459966959255 21255.75322555105
2020 9 23 120.80659441975968 0.469077958186332 22533.802777726047
2020 9 24 120.85236545775857 0.44122904738193963 23888.69790862423
2020 9 25 120.89815383742601 0.41503351171371794 25325.059129992784
2020 9 26 120.94395956533239 0.39039319117246196 26847.784772149065
2020 9 27 120.98978264805059 0.3672157534569057 28462.067688441548
2020 9 28 121.03562309215599 0.3454143479857776 30173.412964103696
2020 9 29 121.08148090422642 0.32490728045097744 31987.656689892166
2020 9 30 121.12735609084226 0.3056177066923599 33910.98586453187
2020 10 1 121.17324865858632 0.28747334474701003 35949.959493839895
2020 10 2 121.21915861404396 0.27040620399400184 38111.53095848134
2020 10 3 121.26508596380302 0.254352330379689 40403.071726636255
2020 10 4 121.3110307144538 0.2392515667688362 42832.396492443666
2020 10 5 121.35699287258917 0.22504732752357678 45407.78982595046
2020 10 6 121.40297244480443 0.21168638646549917 48138.034425447964
2020 10 7 121.4489694376974 0.199118677426312 51032.44106854322
2020 10 8 121.4949838578684 0.1872971066397111 54100.880364105185
2020 10 9 121.54101571192027 0.17617737627144228 57353.81641336746
2020 10 10 121.58706500645832 0.16571781842629127 60802.34249497994
2020 10 11 121.63313174809038 0.15587923900999084 64458.2188957037
2020 10 12 121.67921594342678 0.14662477086096434 68333.91301576077
2020 10 13 121.72531759908037 0.13791973560155987 72442.64188560746
2020 10 14 121.77143672166648 0.129731513691104 76798.4172391235
2020 10 15 121.81757331780294 0.12202942219383689 81416.0932969272
2020 10 16 121.86372739411013 0.1147845998037007 86311.4174227688
2020 10 17 121.90989895721091 0.10796989869514564 91501.08382575272
2020 10 18 121.95608801373065 0.10155978279469657 97002.79049152526
2020 10 19 122.00229457029722 0.09553023209208293 102835.29953657724
2020 10 20 122.04851863354104 0.0898586526323665 109018.50119148342
2020 10 21 122.09476021009499 0.08452379185178896 115573.48163127694
2020 10 22 122.1410193065945 0.07950565894008549 122522.59488427623
2020 10 23 122.1872959296775 0.0747854499308458 129889.53906459043
2020 10 24 122.23359008598446 0.0703454772392209 137699.43718827423
2020 10 25 122.27990178215832 0.06616910338293902 145978.9228487341
2020 10 26 122.32623102484456 0.06224067863826983 154756.2310435594
2020 10 27 122.37257782069119 0.05854548239732112 164061.2944625192
2020 10 28 122.41894217634872 0.05506966800692194 173925.84556508958
2020 10 29 122.46532409847019 0.05180021088239198 184383.5247956198
2020 10 30 122.51172359371115 0.048724859701769214 195469.99530517665
2020 10 31 122.5581406687297 0.045832090497610424 207223.0645712955
2020 11 1 122.60457533018644 0.04311106347433729 219682.81333038982
2020 11 2 122.65102758474447 0.04055158238931388 232891.73226250967
2020 11 3 122.69749743906945 0.03814405634544812 246894.86689457556
2020 11 4 122.74398489982957 0.03587946385214632 261739.97121624273
2020 11 5 122.79048997369553 0.03374931901994994 277477.6705322614
2020 11 6 122.83701266734055 0.03174563976217885 294161.63410669856
2020 11 7 122.88355298744038 0.029860917884426262 311848.7581877783
2020 11 8 122.93011094067333 0.028088090949824618 330599.3600374988
2020 11 9 122.9766865337202 0.026420515814655713 350477.3836277126
2020 11 10 123.02327977326435 0.024851943735137726 371550.61770414235
2020 11 11 123.06989066599165 0.023376496952109166 393890.9269619816
2020 11 12 123.11651921859053 0.02198864666586775 417574.4971214439
2020 11 13 123.16316543775191 0.0206831923186315 442682.09473902616
2020 11 14 123.2098293301693 0.01945524210698916 469299.3426405028
