2020 6 26 440.85474073965304 412.96814058756195 468.74134089174413
2020 6 27 454.78212962486623 399.06666980163607 514.1370204925423
2020 6 28 469.149509607452 385.6331549450393 563.9290857897629
2020 6 29 486.5156591602924 374.74369155245296 621.602314239887
2020 6 30 506.5039483671865 365.68630753779263 687.7026926180392
2020 7 1 528.6872007850794 357.83966002805886 762.6973035790439
2020 7 2 554.7098463216234 352.10246411254394 850.007359715037
2020 7 3 582.0133590320181 346.45725189992663 947.3122668446001
2020 7 4 611.4500604889251 341.3723836950389 1057.040851398054
2020 7 5 644.8631782216737 337.75096309459155 1183.7798600667704
2020 7 6 685.3492219667679 336.9161301871228 1335.346886332826
2020 7 7 731.0104062970045 337.3779000926049 1511.4508526778834
2020 7 8 782.2581732109871 339.0146104945501 1716.0400922221565
2020 7 9 841.1828809540496 342.42926774359006 1957.2819332582321
2020 7 10 891.9695311671068 340.7586097946609 2203.174081938731
2020 7 11 933.8200725824938 334.51084535155564 2450.3115409730503
2020 7 12 966.3252519375167 324.3265643022716 2695.496926901968
2020 7 13 989.4295497331212 310.9173873666144 2935.8370319622272
2020 7 14 1003.380504289633 295.0126817049148 3168.807786671238
2020 7 15 1008.6698225732137 277.3170478444153 3392.2899105643223
2020 7 16 1005.972486183526 258.47938030070605 3604.5793010180364
2020 7 17 996.0885681894337 239.0729149378302 3804.3771017684903
2020 7 18 979.8909594718905 219.58480684440676 3990.7645898369765
2020 7 19 959.6970947029131 200.73072912404558 4168.935632982985
2020 7 20 939.9193907019945 183.49550769795118 4355.0612722724445
2020 7 21 920.5492711125605 167.740143685332 4549.496647343582
2020 7 22 901.5783363219726 153.33757298239286 4752.612753342605
2020 7 23 882.9983598191403 140.1716415137821 4964.797148806199
2020 7 24 864.8012846271959 128.13616847140494 5186.4546951480315
2020 7 25 846.9792198096865 117.13408998579729 5418.008329160252
2020 7 26 829.524437048767 107.07667632392739 5659.899870003978
2020 7 27 812.4293672939109 97.88281630027016 5912.590862228544
2020 7 28 795.6865974796847 89.47836313006151 6176.563456428057
2020 7 29 779.2888673111644 81.7955364491597 6452.321329215602
2020 7 30 763.2290661155981 74.7723756779145 6740.390644270477
2020 7 31 747.500229758951 68.35224032052443 7041.321056292182
2020 8 1 732.0955376259946 62.48335316988868 7355.686759776783
2020 8 2 717.0083096626313 57.11838273398503 7684.08758461678
2020 8 3 702.2320034791721 52.21406151611968 8027.150140614952
2020 8 4 687.7602115133097 47.73083707054955 8385.529013095982
2020 8 5 673.5866582515588 43.63255301930504 8759.908011897178
2020 8 6 659.705197507957 39.88615745767281 9151.001476121426
2020 8 7 646.1098097588475 36.46143639668251 9559.55563714194
2020 8 8 632.7945995325874 33.33077009286046 9986.350042459511
2020 8 9 619.753792853049 30.46891030009453 10432.19904312905
2020 8 10 606.9817347358068 27.852776647187717 10897.953347593557
2020 8 11 594.4728867359229 25.461270498922914 11384.501644890292
2020 8 12 582.2218245462699 23.27510479946273 11892.772300326376
2020 8 13 570.2232356453464 21.27664852580274 12423.735126859241
2020 8 14 558.4719169935682 19.449784496823995 12978.403235561851
2020 8 15 546.9627727770344 17.779779391201014 13557.834968703508
2020 8 16 535.6908121977908 16.2531649258837 14163.13591913467
2020 8 17 524.6511473096323 14.857629236879516 14795.4610398289
2020 8 18 513.8389908985051 13.581917586342014 15456.016847607112
2020 8 19 503.2496544065912 12.415741595186661 16146.063725248909
2020 8 20 492.8785458991728 11.34969626921181 16866.91832638364
2020 8 21 482.7211680733968 10.375184149555736 17619.95608774983
2020 8 22 472.77311630807526 9.484345975777202 18406.61385361657
2020 8 23 463.0300767536756 8.669997302370097 19228.392617374375
2020 8 24 453.4878244616733 7.925570557535992 20086.860385526685
2020 8 25 444.14222155245545 7.245062076929352 20983.655169546688
2020 8 26 434.9892154209801 6.622983685212303 21920.488111308106
2020 8 27 426.0248369794145 6.054318434933138 22899.146748053452
2020 8 28 417.24519893598915 5.534480145770773 23921.498423129553
2020 8 29 408.646494109322 5.059276417836642 24989.493848998234
2020 8 30 400.2249937774812 4.624874820743122 26105.17082932061
2020 8 31 391.9770460610709 4.227771985759557 27270.65814721696
2020 9 1 383.8990743396392 3.8647653517898504 28488.179627121226
2020 9 2 375.9875757007208 3.532927337308108 29760.058377980447
2020 9 3 368.2391194208424 3.2295817299537966 31088.721225895388
2020 9 4 360.65034547783193 2.9522821033728315 32476.703344660134
2020 9 5 353.2179630937864 2.6987920872404128 33926.65309303603
2020 9 6 345.93874930806703 2.467067331346981 35441.33706798979
2020 9 7 338.809547579702 2.255239018290973 37023.64538353767
2020 9 8 331.82726641859165 2.0615987918112872 38676.597185268045
2020 9 9 324.9888780449221 1.8845849792092393 40403.34641106457
2020 9 10 318.2914170762059 1.722769996746388 42207.1878090216
2020 9 11 311.7319792413807 1.5748488364450823 44091.56322403451
2020 9 12 305.307720121408 1.4396285414399033 46060.06816506019
2020 9 13 299.015853915826 1.3160185850006538 48116.458665578364
2020 9 14 292.85365223472184 1.2030220756354884 50264.65845034395
2020 9 15 286.81844291559884 1.0997277173449642 52508.76642210519
2020 9 16 280.90760886462664 1.0053024601879457 54853.06448257254
2020 9 17 275.11858692177054 0.9189847818875327 57302.02570256133
2020 9 18 269.4488667493091 0.8400785462944028 59860.32285689732
2020 9 19 263.895989743257 0.7679473891772084 62532.837340370264
2020 9 20 258.4575479672222 0.7020095860624647 65324.668481747765
2020 9 21 253.1311831082337 0.6417333607340026 68241.14327362108
2020 9 22 247.91458545408872 0.5866325965559018 71287.82653664814
2020 9 23 242.80549289177432 0.5362629160315137 74470.53153758761
2020 9 24 237.80168992653014 0.49021809698094093 77795.33108138424
2020 9 25 232.9010067211266 0.44812679643410785 81268.56909846948
2020 9 26 228.10131815494177 0.40964955581822166 84896.872749387
2020 9 27 223.40054290242907 0.37447606328701505 88687.16506983935
2020 9 28 218.79664253057632 0.34232265111296095 92646.67818028344
2020 9 29 214.2876206149644 0.3129300079593882 96782.96708527947
2020 9 30 209.87152187404254 0.2860610875823961 101103.92408892335
2020 10 1 205.54643132124468 0.26149919709663405 105617.79385386838
2020 10 2 201.31047343457925 0.239046249387162 110333.18913266947
2020 10 3 197.16181134333223 0.2185211655734173 115259.10720146658
2020 10 4 193.09864603153093 0.19975841464145289 120404.94702736367
2020 10 5 189.11921555782297 0.18260667846685144 125780.52720225985
2020 10 6 185.22179429143225 0.16692763146197112 131396.10467735142
2020 10 7 181.40469216386043 0.15259482500560323 137262.39433405158
2020 10 8 177.66625393600978 0.13949266765817273 143390.58942867024
2020 10 9 174.0048584804091 0.12751549293810538 149792.38294986385
2020 10 10 170.4189180782319 0.11656670714115012 156479.98992960653
2020 10 11 166.90687773080182 0.10655801032997635 163466.1707502532
2020 10 12 163.46721448528666 0.09740868421147128 170764.25549216627
2020 10 13 160.0984367742887 0.08904494115859905 178388.16936836255
2020 10 14 156.79908376904504 0.08139932912680298 186352.45929471133
2020 10 15 153.56772474595724 0.07441018766571152 194672.32164638143
2020 10 16 150.4029584661757 0.06802115063898281 203363.6312534981
2020 10 17 147.30341256796987 0.06218069164181498 212442.9716913354
2020 10 18 144.26774297162046 0.056841708449998335 221927.6669228398
2020 10 19 141.294633296576 0.05196114314916784 231835.81435386068
2020 10 20 138.3827942906206 0.047499634880668176 242186.31936415978
2020 10 21 135.5309632708058 0.043421202403491045 252998.93138008617
2020 10 22 132.7379035759037 0.039692953912205196 264294.28155774646
2020 10 23 130.00240403014402 0.036284821770614394 276093.92214857176
2020 10 24 127.32327841800289 0.03316932002181914 288420.3676223935
2020 10 25 124.69936496981501 0.03032132271904564 301297.13762649347
2020 10 26 122.12952585798674 0.027717861289520963 314748.8018625971
2020 10 27 119.61264670359112 0.025337939297171472 328801.02696743753
2020 10 28 117.14763609313138 0.02316236311023988 343480.625486342
2020 10 29 114.73342510526285 0.021173587108186474 358815.6070332854
2020 10 30 112.36896684726855 0.01935557217949673 374835.2317350272
2020 10 31 110.05323600108704 0.017693656369206293 391570.06606130704
2020 11 1 107.78522837869602 0.01617443663293939 409052.0411476262
2020 11 2 105.56396048665852 0.0147856607438289 427314.51372189895
2020 11 3 103.38846909964322 0.01351612848056729 446392.3297512254
2020 11 4 101.25781084273368 0.012355601299688273 466321.890930228
2020 11 5 99.17106178234548 0.011294719763602837 487141.2241378157
2020 11 6 97.12731702557386 0.010324928058461962 508890.05399490433
2020 11 7 95.12569032779811 0.009438404993096531 531609.8786615366
2020 11 8 93.16531370837255 0.008628000922553617 555344.0490180292
2020 11 9 91.24533707423747 0.007887180087529087 580137.8513812282
2020 11 10 89.36492785128681 0.007209967904674705 606038.5939137012
2020 11 11 87.52327062333268 0.006590902782685783 633095.6968907415
2020 11 12 85.71956677851024 0.006024992075575003 661360.7869974172
2020 11 13 83.95303416296954 0.005507671817903702 690887.795835593
2020 11 14 82.22290674170418 0.005034769917242698 721733.0628288793
