2020 6 26 600.5616942422372 579.7968249074727 621.3265635770017
2020 6 27 583.932851130368 544.2571876012884 625.0042416169015
2020 6 28 566.8782987859812 510.0700803295666 627.7552183399978
2020 6 29 550.493900065059 478.18522106023653 630.7088324749915
2020 6 30 534.9410845609441 448.604507650631 634.0865406510759
2020 7 1 519.6885097060876 420.7369636008532 637.3173802829857
2020 7 2 505.9524012914357 395.4762033740654 641.8910665371787
2020 7 3 492.40385982697694 371.59490447425446 646.2749251286863
2020 7 4 479.1754255589053 349.12348262667695 650.6326809217788
2020 7 5 467.0918705408908 328.586194386296 656.0918135583934
2020 7 6 455.96110553398086 309.71292026213115 662.5070563577605
2020 7 7 445.99840255946134 292.53692673576614 670.2968110978152
2020 7 8 436.46094205634193 276.4496164619984 678.4901000238317
2020 7 9 427.06782426469596 261.2092289972299 686.6908712795142
2020 7 10 415.8321230176591 245.55839991450986 691.7029955794602
2020 7 11 403.1001761622431 229.78719336986057 693.7711143985139
2020 7 12 389.19477197065424 214.13775675367415 693.1548663275981
2020 7 13 374.4106295962468 198.80669698770438 690.1198212460741
2020 7 14 359.8807747544055 184.41007765025554 686.5316263623208
2020 7 15 345.91478392986687 171.05599184657507 682.9620878656577
2020 7 16 332.4907750987932 158.6689443410416 679.4111087544474
2020 7 17 319.5877154189801 147.17890689781547 675.8785925314006
2020 7 18 307.18538827543466 136.52092238715926 672.3644432009544
2020 7 19 295.2643616048247 126.63473756046358 668.8685652666629
2020 7 20 283.80595744916974 117.4644624179291 665.3908637286028
2020 7 21 272.7922226910699 108.95825424319352 661.9312440807911
2020 7 22 262.2059009246213 101.06802451864233 658.4896123086177
2020 7 23 252.03040541794363 93.74916706449515 655.0658748862896
2020 7 24 242.2497931249591 86.9603058647444 651.6599387742905
2020 7 25 232.84873970570268 80.6630611543196 648.2717114168514
2020 7 26 223.81251551602637 74.82183244508796 644.9011007394362
2020 7 27 215.12696252907716 69.40359726406218 641.5480151462389
2020 7 28 206.7784721523898 64.37772446601402 638.212363517695
2020 7 29 198.75396390583745 59.71580106508506 634.8940552080055
2020 7 30 191.04086492703289 55.391471606414854 631.5930000426729
2020 7 31 183.62709027206935 51.38028916969855 628.3091083160514
2020 8 1 176.50102398073562 47.65957716234628 625.0422907889086
2020 8 2 169.65150087653862 44.208301120913404 621.7924586860013
2020 8 3 163.06778907301742 41.00694979605102 618.5595236936618
2020 8 4 156.7395731589394 38.03742484870916 615.3433979573991
2020 8 5 150.6569380360332 35.282938534007435 612.143994079511
2020 8 6 144.810353383935 32.727918794344816 608.9612251167091
2020 8 7 139.19065872800792 30.357921225207292 605.795004577756
2020 8 8 133.78904908663864 28.159547415985976 602.6452464211153
2020 8 9 128.59706117552318 26.120369204158113 599.5118650526131
2020 8 10 123.60656014732676 24.22885841461392 596.3947753231121
2020 8 11 118.80972684594127 22.474321686921524 593.2938925261976
2020 8 12 114.19904555537022 20.846840022086102 590.2091323958759
2020 8 13 109.76729222404603 19.337212707040326 587.1404111042841
2020 8 14 105.50752314612947 17.936905299851947 584.087645259412
2020 8 15 101.41306408205689 16.638001381591046 581.0507519028365
2020 8 16 97.47749980128945 15.433157802093678 578.0296485074663
2020 8 17 93.69466403087962 14.315563166610836 575.0242529753002
2020 8 18 90.05862979410641 13.278899328653475 572.0344836351956
2020 8 19 86.56370012404182 12.317305671339444 569.0602592406489
2020 8 20 83.20439913749841 11.4253459753125 566.1014989675882
2020 8 21 79.97546345537269 10.59797768592635 563.1581224121766
2020 8 22 76.87183395594141 9.830523405950586 560.230049588627
2020 8 23 73.88864784819008 9.118644452636932 557.3172009270291
2020 8 24 71.02123105275385 8.458316329654874 554.4194972711867
2020 8 25 68.2650908785334 7.84580597523105 551.5368598764666
2020 8 26 65.61590898351132 7.277650657868332 548.6692104076586
2020 8 27 63.06953460873997 6.750638400334852 545.8164709368476
2020 8 28 60.62197807489988 6.261789821253051 542.9785639412949
2020 8 29 58.2694045312389 5.808341291633008 540.1554123013318
2020 8 30 56.00812794709803 5.387729311128156 537.3469392982644
2020 8 31 53.83460533660971 4.997576015686984 534.5530686122881
2020 9 1 51.74543120751977 4.635675734670497 531.7737243204143
2020 9 2 49.73733222543552 4.299982521438213 529.0088308944065
2020 9 3 47.80716208513976 3.9885985869087937 526.2583131987283
2020 9 4 45.95189658093511 3.6997635707062777 523.5220964885013
2020 9 5 44.168628868294874 3.4318445892379974 520.8001064074745
2020 9 6 42.454564909396204 3.1833270044425586 518.0922689860028
2020 9 7 40.807019095399795 2.9528058610204373 515.3985106390376
2020 9 8 39.22341003861689 2.738977943738917 512.7187581641269
2020 9 9 37.70125652797084 2.540634409908584 510.05293873942605
2020 9 10 36.23817364141615 2.3566539553802337 507.4009799217187
2020 9 11 34.8318690092239 2.1859964754272285 504.76280964444834
2020 9 12 33.480139222278964 2.027697184676087 502.1383562157598
2020 9 13 32.180866379761284 1.8808611628432625 499.5275483165512
2020 9 14 30.93201477080229 1.7446582954432748 496.93031499853555
2020 9 15 29.73162768491718 1.6183185808662925 494.3465856823131
2020 9 16 28.577824346215582 1.5011277772944522 491.7762901554531
2020 9 17 27.468796966587167 1.3924233648474436 489.21935857058594
2020 9 18 26.40280791324507 1.2915908001299778 486.67572144350487
2020 9 19 25.378186986189224 1.1980600420068133 484.145309651278
2020 9 20 24.39332880132392 1.1113023289643458 481.62805443036984
2020 9 21 23.446690275129427 1.0308271898400863 479.12388737477255
2020 9 22 22.536788206946646 0.9561796710206489 476.6327404341471
2020 9 23 21.662196955086692 0.8869377644326495 474.1545459119739
2020 9 24 20.82154620312433 0.8227100217860602 471.68923646371354
2020 9 25 20.01351881287547 0.7631333415825222 469.23674509497613
2020 9 26 19.23684876069473 0.7078709163778101 466.7970051597012
2020 9 27 18.490319153859684 0.6566103286936201 464.3699503583464
2020 9 28 17.77276032393379 0.6090617848142162 461.95551473608583
2020 9 29 17.08304799412075 0.5649564764829795 459.55363268101786
2020 9 30 16.420101517738793 0.5240450612369687 457.16423892238197
2020 10 1 15.78288218505499 0.48609625278830104 454.7872685287851
2020 10 2 15.170391595826723 0.4508955134832952 452.42265690643717
2020 10 3 14.581670095000346 0.4182438414473979 450.0703397973957
2020 10 4 14.015795269116136 0.3879566455592086 447.7302532778197
2020 10 5 13.471880501063662 0.35986270189344305 445.40233375623245
2020 10 6 12.949073580923141 0.3338031857332498 443.0865179717934
2020 10 7 12.446555370716265 0.30963077367951225 440.78274299257924
2020 10 8 11.9635385209744 0.28720881078105215 438.49094621387354
2020 10 9 11.499266237113265 0.2664105379772345 436.2110653564655
2020 10 10 11.053011093681254 0.24711837548544274 433.9430384649577
2020 10 11 10.624073894623539 0.22922325808216584 431.6868039060822
2020 10 12 10.211782577776207 0.2126240185198143 429.44230036702606
2020 10 13 9.815491161874004 0.19722681559350766 427.20946685376464
2020 10 14 9.434578734421823 0.1829446036244986 424.9882426894045
2020 10 15 9.068448478844148 0.16969664036104143 422.7785675125345
2020 10 16 8.716526739388163 0.15740803051469926 420.5803812755852
2020 10 17 8.378262122315423 0.14600930235154383 418.3936242431974
2020 10 18 8.053124631973828 0.13543601494457255 416.21823699059865
2020 10 19 7.7406048403962835 0.12562839386700575 414.05416040198844
2020 10 20 7.440213089124969 0.11653099326691313 411.9013356689318
2020 10 21 7.15147872201063 0.10809238241276106 409.75970428876104
2020 10 22 6.873949347784838 0.10026485493781531 407.62920806298615
2020 10 23 6.607190131249805 0.09300415913965752 405.5097890957131
2020 10 24 6.350783111975189 0.08626924781010623 403.4013897920706
2020 10 25 6.104326549434418 0.08002204618124482 401.3039528566449
2020 10 26 5.867434293554488 0.07422723667567578 399.21742129192296
2020 10 27 5.639735179692996 0.06885205924412016 397.1417383967434
2020 10 28 5.420872447094482 0.06386612616160244 395.0768477647556
2020 10 29 5.210503179914869 0.05924125023519972 393.02269328288713
2020 10 30 5.008297769938244 0.054951285452154865 390.97921912981866
2020 10 31 4.813939400144114 0.05097197916748231 388.94636977446703
2020 11 1 4.627123548316023 0.04728083499543261 386.92408997447626
2020 11 2 4.447557509913754 0.04385698562969383 384.9123247747164
2020 11 3 4.274959939461561 0.0406810748733388 382.91101950579014
2020 11 4 4.109060409733877 0.03773514821159292 380.920119782547
2020 11 5 3.9495989880478177 0.03500255130879283 378.9395715026055
2020 11 6 3.7963258289986137 0.032467835855704355 376.9693208448831
2020 11 7 3.649000782999878 0.030116672234922218 375.0093142681335
2020 11 8 3.5073930200153494 0.02793576851061908 373.05949850949156
2020 11 9 3.3712806678925844 0.025912795284665096 371.11982058302607
2020 11 10 3.240450464731931 0.02403631599430379 369.1902277782997
2020 11 11 3.114697424746113 0.022295722257333117 367.27066765893676
2020 11 12 2.993824517086892 0.02068117389927573 365.36108806119825
2020 11 13 2.877642357135592 0.01918354332349151 363.4614370925641
2020 11 14 2.7659689097737936 0.01779436390973742 361.5716631303232
