2020 6 26 732.4149879402174 677.0479773488075 787.7819985316274
2020 6 27 743.7201724003057 635.4375255258831 860.5176161721331
2020 6 28 752.9158288404376 594.4329120275613 937.3261620638058
2020 6 29 762.6520646568715 556.4113408004395 1021.5219622712036
2020 6 30 773.1988378487254 521.3212260187611 1114.1977157044005
2020 7 1 783.4165510420413 488.1238669126735 1214.596951609573
2020 7 2 794.9537526889964 457.7784956851439 1325.879434625731
2020 7 3 804.8204413649498 428.25980072967945 1444.2881413822724
2020 7 4 815.3419523431274 400.92782336698883 1574.2267767052044
2020 7 5 826.6944237005637 375.68117165825225 1717.1944426484054
2020 7 6 840.1969829222168 352.9295654317732 1877.2838933752544
2020 7 7 855.7130720556769 332.3089736917335 2056.3042013349586
2020 7 8 872.8835915210344 313.4243890407451 2255.68321023434
2020 7 9 892.058622861423 296.20902768633414 2478.6836422854885
2020 7 10 906.1746485213898 278.11953193552444 2708.502819724972
2020 7 11 915.5037907283324 259.5970341451783 2944.6550625228033
2020 7 12 920.3733231332787 241.0163319442122 3186.744286234584
2020 7 13 921.1468595058811 222.68615374142806 3434.4645642023725
2020 7 14 918.2082209329584 204.85248195744202 3687.5981364613467
2020 7 15 911.948074801418 187.7038871707924 3946.0115586611446
2020 7 16 902.7532531640474 171.3780128314259 4209.650591938628
2020 7 17 890.9985367045189 155.9685418686281 4478.534334108319
2020 7 18 877.0406210617541 141.53215422738896 4752.748993429874
2020 7 19 861.2139522817238 128.09513780169073 5032.441614711072
2020 7 20 843.8281163651258 115.65944045730528 5317.813987006652
2020 7 21 825.1664848070416 104.20804808101988 5609.116894068689
2020 7 22 805.4858461902825 93.70964551855961 5906.644813015968
2020 7 23 785.0167876811269 84.12256769758474 6210.731122583891
2020 7 24 764.5876510191196 75.46484485100287 6526.67296953203
2020 7 25 744.6901585605284 67.69815715633989 6858.686877672776
2020 7 26 725.3104748915665 60.73080109570502 7207.590437817458
2020 7 27 706.4351246487842 54.48051108996378 7574.242831879303
2020 7 28 688.050983149183 48.87348816535827 7959.546948625877
2020 7 29 670.1452672641709 43.843528587774905 8364.451607060528
2020 7 30 652.7055265310107 39.33124217619355 8789.953892907926
2020 7 31 635.7196344955836 35.28335106571984 9237.10161395738
2020 8 1 619.1757802804468 31.652060640494003 9706.995880310224
2020 8 2 603.0624603723223 28.394495208899745 10200.7938158852
2020 8 3 587.3684706233071 25.472191757928062 10719.711407858991
2020 8 4 572.0828984602416 22.850645809307903 11265.026501058674
2020 8 5 557.1951152968212 20.498904015196267 11838.081944679858
2020 8 6 542.6947691431725 18.389198683087756 12440.288899079378
2020 8 7 528.5717774077578 16.496619914673946 13073.13031078557
2020 8 8 514.8163198866005 14.7988214875017 13738.164564283394
2020 8 9 501.41883193495795 13.27575700669046 14437.029319567047
2020 8 10 488.3699978166942 11.909443211375896 15171.44554491006
2020 8 11 475.6607442267263 10.68374764117091 15943.22175478369
2020 8 12 463.28223398204216 9.584198155560804 16754.25846335955
2020 8 13 451.22585987690184 8.597812057173213 17606.552864563328
2020 8 14 439.48323869795024 7.7129428013320975 18502.203750204295
2020 8 15 428.0462053950791 6.91914248195134 19443.41667829163
2020 8 16 416.90680740398574 6.207038470099295 20432.509404264605
2020 8 17 406.05729911648046 5.568222748670309 21471.917588511173
2020 8 18 395.4901364946975 4.995152636505818 22564.200794229808
2020 8 19 385.197971825465 4.481061729786124 23712.048790404486
2020 8 20 375.17364861118625 4.019880009152234 24918.288175413956
2020 8 21 365.4101965936797 3.606162169239529 26185.889337586133
2020 8 22 355.9008269075176 3.235023324389448 27517.97376983806
2020 8 23 346.63892735949366 2.9020813313980014 28917.821756413916
2020 8 24 337.61805783093627 2.603405048289199 30388.88045064981
2020 8 25 328.83194579967187 2.335467918189839 31934.772363656994
2020 8 26 320.2744819785236 2.0951063302570954 33559.3042848271
2020 8 27 311.9397160673129 1.879482266014392 35266.47665612623
2020 8 28 303.8218526154099 1.6860497900500917 37060.4934232624
2020 8 29 295.91524699195713 1.5125249894250345 38945.772387984915
2020 8 30 288.21440146096205 1.3568590068548532 40926.95608700852
2020 8 31 280.71396135853166 1.2172138492620834 43008.923224351805
2020 9 1 273.40871136958964 1.0919406860626821 45196.8006852423
2020 9 2 266.2935719014876 0.9795603809485695 47495.976161172664
2020 9 3 259.363595551989 0.878746027299348 49912.1114171975
2020 9 4 252.6139636691694 0.7883072810137771 52451.156234141694
2020 9 5 246.03998300084126 0.7071763057742306 55119.363060053314
2020 9 6 239.63708243117364 0.6343951647958305 57923.3024069805
2020 9 7 233.40080980223755 0.5691045101910064 60869.879030987264
2020 9 8 227.32682881826665 0.5105334364015537 63966.348935251764
2020 9 9 221.4109160304811 0.45799037789473884 67220.33723811756
2020 9 10 215.64895790037772 0.41085494364993047 70639.85695009826
2020 9 11 210.03694793944453 0.3685705920231881 74233.32870607426
2020 9 12 204.57098392331096 0.330638059499826 78009.60150127263
2020 9 13 199.24726517839642 0.2966094657463411 81977.97448209272
2020 9 14 194.06208993917073 0.26608302535835626 86148.219845438
2020 9 15 189.01185277418867 0.2386983038646636 90530.6069029441
2020 9 16 184.0930420791089 0.2141319619736424 95135.92736936166
2020 9 17 179.30223763495422 0.19209393781314316 99975.52193736722
2020 9 18 174.6361082299152 0.1723240220864448 105061.30820424312
2020 9 19 170.0914093430435 0.15458878570616572 110405.81001919636
2020 9 20 165.66498088822436 0.13867882362981734 116022.18832358479
2020 9 21 161.35374501685968 0.12440628235417295 121924.27355999537
2020 9 22 157.15470397773345 0.11160264187486595 128126.59972998241
2020 9 23 153.06493803257186 0.10011672592217608 134644.44018433362
2020 9 24 149.08160342584844 0.08981291697928422 141493.84523399844
2020 9 25 145.20193040742257 0.08056955500720267 148691.68167429583
2020 9 26 141.42322130663652 0.072277500969665 156255.6743197313
2020 9 27 137.74284865653195 0.06483884819710015 164204.44965170283
2020 9 28 134.15825336688127 0.05816576637439438 172557.5816865796
2020 9 29 130.66694294476392 0.05217946450307149 181335.64017710407
2020 9 30 127.26648976144983 0.046809260593287355 190560.24126581487
2020 10 1 123.95452936438544 0.04199174710122422 200254.10071522483
2020 10 2 120.72875883310805 0.03767004225796377 210441.08984583538
2020 10 3 117.58693517794575 0.033793118450063386 221146.29431973494
2020 10 4 114.52687378038922 0.030315199721831776 232396.07591453783
2020 10 5 111.546446874051 0.027195221285439716 244218.13743978253
2020 10 6 108.64358206515602 0.024396344657146293 256641.59095564787
2020 10 7 105.81626089153467 0.02188552269471438 269697.0294619766
2020 10 8 103.06251741911625 0.01963310940028691 283416.6022341422
2020 10 9 100.38043687494721 0.01761250988155413 297834.0939912749
2020 10 10 97.76815431578329 0.015799866338202583 312985.0080918004
2020 10 11 95.22385333133013 0.014173776365997374 328906.6539611617
2020 10 12 92.74576478123039 0.012715040252432917 345638.2389670167
2020 10 13 90.3321655649194 0.011406434280199175 363220.96496815607
2020 10 14 87.98137742349381 0.010232507361792112 381698.12977489486
2020 10 15 85.69176577276018 0.00917939860407467 401115.2337707862
2020 10 16 83.46173856665216 0.008234673648720499 421520.0919582153
2020 10 17 81.28974519022586 0.00738717785616494 442962.95170378766
2020 10 18 79.1742753814637 0.006626904599563915 465496.61647346284
2020 10 19 77.11385818113712 0.005944877113669541 489176.57586213277
2020 10 20 75.10706090999773 0.0053330425035781484 514061.1422378463
2020 10 21 73.15248817258602 0.004784176661881469 540211.5943371677
2020 10 22 71.24878088696467 0.004291798971550409 567692.3281652771
2020 10 23 69.39461533970193 0.0038500957874238097 596571.015572406
2020 10 24 67.58870226544796 0.003453851792826094 626918.7708971056
2020 10 25 65.8297859504641 0.003098388420821618 658810.3260867117
2020 10 26 64.11664335948171 0.002779508613027755 692324.2147262419
2020 10 27 62.44808328528354 0.0024934472637380993 727542.965428901
2020 10 28 60.82294552041617 0.002236826764235298 764553.3050644224
2020 10 29 59.24010005045772 0.002006617122392402 803446.3723256987
2020 10 30 57.69844626827978 0.0018001001866833903 844317.9421596148
2020 10 31 56.19691220875726 0.0016148375521854595 887268.6616147471
2020 11 1 54.734453803394004 0.0014486417696300037 932404.297686711
2020 11 2 53.31005415434591 0.001299550517559264 979835.997771477
2020 11 3 51.922722827336734 0.00116580343263186 1029680.563368031
2020 11 4 50.57149516297492 0.0010458213245059544 1082060.7377043741
2020 11 5 49.255431605992605 0.0009381875298841851 1137105.5079951473
2020 11 6 47.9736170519404 0.0008416311855622114 1194950.423075197
2020 11 7 46.72516021088366 0.0007550122229809379 1255737.9271912614
2020 11 8 45.50919298765777 0.0006773079071087737 1319617.7107737418
2020 11 9 44.32486987825164 0.0006076007607146372 1386747.0790523472
2020 11 10 43.171367381899536 0.0005450677314501172 1457291.3394233317
2020 11 11 42.047883428472545 0.0004889704738334108 1531424.2085222248
2020 11 12 40.953636820771536 0.0004386466313916277 1609328.2400044808
2020 11 13 39.88786669133374 0.0003935020160272002 1691195.2740874628
2020 11 14 38.849831973375345 0.00035300359226792953 1777226.9099607703
