2020 6 26 468.1335299039765 427.50804127569484 508.75901853225815
2020 6 27 497.83708690227263 415.1250231516237 588.0580908909676
2020 6 28 528.983489765355 402.73222521100337 679.1953683674876
2020 6 29 563.800095239078 392.02008329971574 786.6675472774333
2020 6 30 602.5763371649338 382.75271473123456 913.4730015881851
2020 7 1 643.3063548258432 373.25145674657585 1059.637578529395
2020 7 2 689.454074448751 365.53209424797683 1233.579025504411
2020 7 3 735.4444768355525 356.133869265736 1429.8687706400347
2020 7 4 784.7202848115701 347.08264983677174 1657.8156078666238
2020 7 5 837.5298109446343 338.36415822133233 1922.591764028592
2020 7 6 896.1234245857709 330.76565611894006 2234.775770053281
2020 7 7 962.2629429596777 324.6099899873847 2606.246622049536
2020 7 8 1036.8711735164513 319.77899038501283 3049.1802039476192
2020 7 9 1122.5252358747357 316.6424658516622 3582.8624065221557
2020 7 10 1197.5284243294593 308.53637713855767 4153.372685582863
2020 7 11 1260.5231340647213 296.2527178629519 4755.697082597788
2020 7 12 1310.7078946480453 280.66864907093276 5384.539387962855
2020 7 13 1347.8015611950673 262.67326108794344 6034.5453541649995
2020 7 14 1371.9804970384168 243.11012425451048 6700.494554552076
2020 7 15 1383.799677360433 222.73702686648429 7377.454228803225
2020 7 16 1384.1073223209723 202.20194360599373 8060.8937200671635
2020 7 17 1373.9606935013296 182.03282036537692 8746.761340808749
2020 7 18 1354.5485146627123 162.63808947834258 9431.527678427849
2020 7 19 1327.123427928103 144.31474934813428 10112.200576882831
2020 7 20 1292.9461587438593 127.26114633301715 10786.317487504451
2020 7 21 1253.2417182842867 111.59210279779582 11451.920773521284
2020 7 22 1209.1670240464214 97.35460599369128 12107.521070047973
2020 7 23 1161.7887246920805 84.54281700566484 12752.053106463227
2020 7 24 1112.0697072372166 73.11162665529925 13384.82761663591
2020 7 25 1060.8626713517565 62.98835536171414 14005.48218340641
2020 7 26 1010.5976711994246 54.182717755637775 14636.224168391238
2020 7 27 962.7142896189805 46.608089487783886 15295.371848118511
2020 7 28 917.0996825438815 40.092378080744005 15984.20448338426
2020 7 29 873.6463526005878 34.487549218052074 16704.058946959824
2020 7 30 832.251895775561 29.666263464646356 17456.33231816813
2020 7 31 792.8187600854974 25.518983166630484 18242.48459430763
2020 8 1 755.2540156820669 21.951483800271475 19064.041524186225
2020 8 2 719.4691358493775 18.882713229094804 19922.59756926441
2020 8 3 685.3797883780534 16.242950232267322 20819.81899815458
2020 8 4 652.9056368242703 13.97222046678091 21757.44712048224
2020 8 5 621.9701511853864 12.018933874741087 22737.301666385323
2020 8 6 592.5004275459981 10.338712578207696 23761.284318210495
2020 8 7 564.4270162693925 8.893382631834527 24831.382401260696
2020 8 8 537.683758329502 7.650106726337422 25949.67274075682
2020 8 9 512.207629397657 6.580638138165963 27118.32569249909
2020 8 10 487.93859131670257 5.660678975418303 28339.6093550507
2020 8 11 464.81945061245733 4.869328139607042 29615.89397161873
2020 8 12 442.7957237090766 4.188606461191674 30949.65653017533
2020 8 13 421.8155085306798 3.6030482201498315 32343.48557074703
2020 8 14 401.8293621866537 3.09934977110059 33800.08620920212
2020 8 15 382.790184452379 2.6660672898854014 35322.28538728606
2020 8 16 364.6531067707851 2.2933567745317247 36913.03735909419
2020 8 17 347.37538651315117 1.9727503935268755 38575.42942462973
2020 8 18 330.9163062499619 1.6969641001257156 40312.68792157462
2020 8 19 315.2370777944362 1.4597321417674065 42128.184486901984
2020 8 20 300.30075079259365 1.2556647047223939 44025.44260048253
2020 8 21 286.0721256444381 1.0801254597138321 46008.144423384714
2020 8 22 272.51767055104386 0.9291262263997047 48080.13794414019
2020 8 23 259.6054424920556 0.7992363635354647 50245.44444684393
2020 8 24 247.30501194737238 0.6875048261984961 52508.26631558299
2020 8 25 235.58739118561274 0.591393119246195 54872.99519034048
2020 8 26 224.42496595036204 0.5087176237374743 57344.220490203756
2020 8 27 213.79143038321072 0.43759998599741495 59926.73832041827
2020 8 28 203.66172503022054 0.3764244421847647 62625.56078057391
2020 8 29 194.01197778572174 0.323801108793793 65445.925691988894
2020 8 30 184.81944763426728 0.2785344050656159 68393.30676316988
2020 8 31 176.06247105816337 0.23959588987900268 71473.42421307733
2020 9 1 167.72041098427832 0.20610089598585743 74692.25587281348
2020 9 2 159.7736081498155 0.17728843073069678 78056.0487872788
2020 9 3 152.20333477243673 0.15250388660663497 81571.33133931346
2020 9 4 144.99175041555324 0.1311841688387309 85244.92591985363
2020 9 5 138.12185994477417 0.11284490209943238 89083.96216869314
2020 9 6 131.57747347643135 0.0970694256978887 93095.8908115475
2020 9 7 125.34316822379293 0.08349932721830358 97288.49812027527
2020 9 8 119.40425215105115 0.07182629953543632 101669.92102432056
2020 9 9 113.74672934942964 0.06178513620195169 106248.66290270504
2020 9 10 108.35726705381403 0.053147706065664185 111033.61008721792
2020 9 11 103.2231642221759 0.04571777022242788 116034.04910883322
2020 9 12 98.33232160374288 0.03932652354794709 121259.68472082553
2020 9 13 93.67321322537633 0.033828759513921565 126720.65873356357
2020 9 14 89.23485922896 0.0290995711547068 132427.5696975353
2020 9 15 85.00679999578735 0.025031513231792202 138391.49347280545
2020 9 16 80.9790714969676 0.02153216112162672 144624.00472482588
2020 9 17 77.14218181176052 0.01852201096571492 151137.19938831765
2020 9 18 73.48708875850174 0.01593267337524668 157943.7181428222
2020 9 19 70.00517858540287 0.013705319651963406 165056.7709454825
2020 9 20 66.6882456710082 0.011789345224029997 172490.1626686669
2020 9 21 63.52847318646905 0.010141219930718478 180258.31989219273
2020 9 22 60.51841467406384 0.00872349903483834 188376.31890214744
2020 9 23 57.65097649855086 0.007503972493517751 196859.91495064684
2020 9 24 54.91940112999791 0.006454933159113317 205725.57283331713
2020 9 25 52.31725121869237 0.005552547284070353 214990.49884384504
2020 9 26 49.838394424602 0.004776313027859785 224672.67416761268
2020 9 27 47.47698896563477 0.004108594663489237 234790.88977922703
2020 9 28 45.227469850640276 0.0035342219009494506 245364.78291167214
2020 9 29 43.084535764708775 0.0030401452243874944 256414.8751678631
2020 9 30 41.04313657586111 0.0026151394124073373 267962.61234856746
2020 10 1 39.098461433687326 0.00224954850559945 280030.40607399185
2020 10 2 37.245927431886635 0.0019350664270653018 292641.67727981176
2020 10 3 35.48116880799048 0.0016645482717241786 305820.9016720607
2020 10 4 33.80002665481615 0.0014318479769720317 319593.65722909715
2020 10 5 32.19853911940467 0.0012316786866356634 333986.67384283955
2020 10 6 30.672932066345208 0.0010594926357480093 349027.88519561256
2020 10 7 29.219610183482864 0.0009113778271754022 364746.482973286
2020 10 8 27.835148509049176 0.0007839691526317603 381172.97351992206
2020 10 9 26.516284360247752 0.0006743719387852455 398339.23704388516
2020 10 10 25.259909644273613 0.0005800961814559881 416278.58949032077
2020 10 11 24.06306353364606 0.0004989999737325684 435025.84720008343
2020 10 12 22.922925488593435 0.00042924084271703765 454617.3944806034
2020 10 13 21.836808610046017 0.0003692338892890954 475091.2542198319
2020 10 14 20.80215330757241 0.00031761577984186663 496487.1616803107
2020 10 15 19.816521267337055 0.0002732137718961443 518846.6416165849
2020 10 16 18.87758970586343 0.0002350190698676329 542213.0888656264
2020 10 17 17.983145896061153 0.00020216390564104943 566631.8525666759
2020 10 18 17.131081952616768 0.00017390182323103403 592150.3241739568
2020 10 19 16.31938986445923 0.00014959071960537546 618818.0294330734
2020 10 20 15.54615676259338 0.00012867825636494337 646686.7244995994
2020 10 21 14.809560412149422 0.00011068931083962166 675810.4963864025
2020 10 22 14.107864918024683 9.521518149423968e-05 706245.8679346505
2020 10 23 13.439416633997487 8.1904302395709e-05 738051.9075122246
2020 10 24 12.802640265672292 7.045425577783079e-05 771290.3436524415
2020 10 25 12.196035158072185 6.060490123249079e-05 806025.6848555709
2020 10 26 11.618171759129876 5.2132465425256815e-05 842325.3447856588
2020 10 27 11.067688250742911 4.4844458056117836e-05 880259.7731056351
2020 10 28 10.543287339453713 3.8575298558057884e-05 919902.5922046276
2020 10 29 10.043733199191198 3.3182554173832795e-05 961330.7400828403
2020 10 30 9.56784855886914 2.8543703941582235e-05 1004624.619671305
2020 10 31 9.11451192797775 2.4553355068344617e-05 1049868.2548763007
2020 11 1 8.682654953630196 2.112084844861189e-05 1097149.4536512918
2020 11 2 8.271259902835581 1.816819892627841e-05 1146559.9784128694
2020 11 3 7.879357264064956 1.5628323503572028e-05 1198195.7241314363
2020 11 4 7.50602346245815 1.3443517242594015e-05 1252156.9044422724
2020 11 5 7.150378683286949 1.1564142232569933e-05 1308548.246138177
2020 11 6 6.811584798545314 9.947499836679909e-06 1367479.1924211609
2020 11 7 6.488843391780351 8.556860596374407e-06 1429064.1153076494
2020 11 8 6.181393876509255 7.360629752995596e-06 1493422.537599434
2020 11 9 5.888511703788015 6.331629427694536e-06 1560679.3648511637
2020 11 10 5.609506654707754 5.446481151063464e-06 1630965.1277845795
2020 11 11 5.3437212137947325 4.685074713807259e-06 1704416.2356199597
2020 11 12 5.0905290194806865 4.030111270957082e-06 1781175.2408164397
2020 11 13 4.849333387991825 3.466710319139531e-06 1861391.1157350098
2020 11 14 4.619565907177812 2.982071617584499e-06 1945219.5417611296
