2020 6 26 196.69502451585763 185.54069037887106 207.8493586528442
2020 6 27 207.4007587606712 184.51586303845127 231.62309378698828
2020 6 28 217.83213733984792 182.7342159108154 257.15891722974106
2020 6 29 229.3882728318265 181.47318402105205 286.21844018577104
2020 6 30 241.24149944532402 179.9708853850638 318.1675034616181
2020 7 1 253.3749237623792 178.23312362450687 353.2446154230409
2020 7 2 266.46761744046887 176.75764734434227 392.67545909152676
2020 7 3 279.1357204724861 174.56396469512018 434.88509655679616
2020 7 4 292.79056978684315 172.6379590928911 482.23097986160354
2020 7 5 307.5166937225024 170.9710025566139 535.3956490620601
2020 7 6 324.2542396108145 170.0266503636733 596.6340114764173
2020 7 7 343.3171438638029 169.82915412293661 667.4792558685166
2020 7 8 364.2731592464818 170.01397298564888 748.238484864875
2020 7 9 387.73765167888916 170.77274524425928 841.2939908465919
2020 7 10 407.5730152925215 169.27081743042586 934.7686634779061
2020 7 11 423.55988706348296 165.7623422398241 1027.4753849288102
2020 7 12 435.6252730080336 160.54648332611833 1118.34245150705
2020 7 13 443.82403009404345 153.9430638430216 1206.4367660574512
2020 7 14 448.316488844299 146.27217475894454 1290.976271985056
2020 7 15 449.34470714053566 137.83840742746523 1371.3331709622853
2020 7 16 447.2092965940384 128.91973456320548 1447.0297687999332
2020 7 17 442.2481868286853 119.76062710614406 1517.7288469051766
2020 7 18 434.81816399554907 110.56874441849715 1583.2203341221195
2020 7 19 425.279579052888 101.51443532307836 1643.4058240234046
2020 7 20 413.98428431696476 92.73229513288511 1698.2822021541408
2020 7 21 401.26662128995014 84.32409919572471 1747.9253580458717
2020 7 22 387.8372710927825 76.44663022053241 1794.2176817370441
2020 7 23 374.85736631955365 69.30506614141356 1841.7360184400789
2020 7 24 362.31186520084566 62.83065949420546 1890.5128380719168
2020 7 25 350.18622937614214 56.96108513080012 1940.581470487767
2020 7 26 338.46640704604175 51.639840253109035 1991.9761282558443
2020 7 27 327.13881668832306 46.81570049522619 2044.731930035275
2020 7 28 316.1903313189905 42.44222681782536 2098.8849245731485
2020 7 29 305.60826328006203 38.47731846796605 2154.4721153371106
2020 7 30 295.38034953647013 34.88280770092588 2211.5314858003276
2020 7 31 285.4947374650372 31.62409236269462 2270.1020253961046
2020 8 1 275.9399711190569 28.669802796226616 2330.2237561598877
2020 8 2 266.7049779525646 25.991499864962016 2391.937760076857
2020 8 3 257.7790559889114 23.563401186674163 2455.2862071538
2020 8 4 249.15186141877314 21.362132942264076 2520.312384234442
2020 8 5 240.81339661322144 19.366504870317232 2587.060724577926
2020 8 6 232.75399853796625 17.557306281433057 2655.576838220656
2020 8 7 224.9643275553435 15.917121128681968 2725.9075431422475
2020 8 8 217.43535660107113 14.430160353986528 2798.100897256879
2020 8 9 210.15836072323097 13.082109896527955 2872.206231251911
2020 8 10 203.1249069713536 11.859992900048022 2948.2741822962066
2020 8 11 196.32684462388934 10.752044792600394 3026.3567286411867
2020 8 12 189.75629574274032 9.747600036220692 3106.5072251382685
2020 8 13 183.40564604390778 8.836989456323684 3188.780439696949
2020 8 14 177.2675360736751 8.01144716248059 3273.232590708455
2020 8 15 171.3348526801011 7.263026164559832 3359.9213854605214
2020 8 16 165.60072076994007 6.584521871919482 3448.906059569557
2020 8 17 160.0584953414364 5.969402739224963 3540.2474174571344
2020 8 18 154.701753783761 5.411747391261795 3634.0078738984685
2020 8 19 149.5242884341651 4.906187621482433 3730.251496671268
2020 8 20 144.52009938422728 4.447856715569123 3829.0440503341088
2020 8 21 139.68338752685636 4.032342602555356 3930.453041164238
2020 8 22 135.00854783599314 3.6556453825204636 4034.5477632855204
2020 8 23 130.49016287122302 3.3141388220024717 4141.399346018041
2020 8 24 126.12299649977236 3.004535446469129 4251.080802481724
2020 8 25 121.90198782861326 2.7238548938137135 4363.667079487181
2020 8 26 117.82224533964506 2.469395224234093 4479.235108747863
2020 8 27 113.87904122115606 2.238706910312818 4597.863859448543
2020 8 28 110.06780588899638 2.0295692569166706 4719.634392206012
2020 8 29 106.38412269111303 1.83996902392449 4844.629914458889
2020 8 30 102.82372278931041 1.6680810459973578 4972.9358373243795
2020 8 31 99.38248021230486 1.5122506628295442 5104.639833960837
2020 9 1 96.05640707434073 1.370977790746996 5239.831899476008
2020 9 2 92.84164895382689 1.2429024823204022 5378.604412421901
2020 9 3 89.73448042663827 1.1267918349840726 5521.052197918281
2020 9 4 86.73130074890614 1.021528122637922 5667.272592447957
2020 9 5 83.82862968429421 0.926098035982758 5817.365510368098
2020 9 6 81.02310347092495 0.83958292801217 5971.433512183055
2020 9 7 78.31147092328236 0.7611499707603445 6129.581874625337
2020 9 8 75.69058966457395 0.6900441381772301 6291.918662592603
2020 9 9 73.15742248518578 0.6255809379551038 6458.554802989865
2020 9 10 70.70903382301047 0.5671398223402823 6629.604160527326
2020 9 11 68.34258636156954 0.5141582144998968 6805.183615525667
2020 9 12 66.05533774198774 0.46612609293922497 6985.413143781936
2020 9 13 63.844637385009015 0.4225810818370784 7170.41589855062
2020 9 14 61.70792341937137 0.3831040000369142 7360.318294695916
2020 9 15 59.642719712981005 0.347314825846532 7555.2500950727035
2020 9 16 57.64663300344537 0.3148690388019538 7755.344499195245
2020 9 17 55.71735012463977 0.285454303179889 7960.738234254199
2020 9 18 53.852635326093605 0.25878746133298886 8171.571648544145
2020 9 19 52.05032768208976 0.2346118079045707 8387.988807365458
2020 9 20 50.30833858747472 0.21269461868334588 8610.137591466057
2020 9 21 48.62464933727742 0.19282491030994933 8838.169798090305
2020 9 22 46.99730878733188 0.17481140926933725 9072.241244704104
2020 9 23 45.42443109319283 0.15848071061778657 9312.51187546706
2020 9 24 43.904193524723844 0.1436756087196884 9559.145870524471
2020 9 25 42.43483435382561 0.1302535839251609 9812.311758193824
2020 9 26 41.01465081285637 0.11808543062065358 10072.182530122453
2020 9 27 39.641997121378765 0.1070540134456263 10338.935759495056
2020 9 28 38.315282578946324 0.09705313970216274 10612.753722371834
2020 9 29 37.032969721719404 0.08798653710289592 10893.823522240164
2020 9 30 35.793572540774434 0.07976692701665132 11182.337217864926
2020 10 1 34.59565476004169 0.07231518429051073 11478.491954524832
2020 10 2 33.43782817187601 0.06555957556041837 11782.490098724442
2020 10 3 32.31875102833168 0.05943506871801199 12094.539376473906
2020 10 4 31.237126486277084 0.05388270688633885 12414.853015230938
2020 10 5 30.191701104547377 0.04884904087810434 12743.649889601998
2020 10 6 29.18126339139355 0.044285614673076144 13081.154670902248
2020 10 7 28.20464240054457 0.04014849896165013 13427.597980676468
2020 10 8 27.2607063742557 0.036397868264287474 13783.216548285862
2020 10 9 26.348361431770424 0.03299761755601074 14148.2533726684
2020 10 10 25.46655030167618 0.029915014705437813 14522.957888383253
2020 10 11 24.614251096684814 0.027120385382597024 14907.586136052774
2020 10 12 23.79047612941799 0.02458682740232395 15302.400937318493
2020 10 13 22.994270767825125 0.02228995175339873 15707.672074430664
2020 10 14 22.22471232890756 0.020207647820469982 16123.676474594102
2020 10 15 21.480909009466885 0.01831987053870051 16550.698399196255
2020 10 16 20.761998852638325 0.016608447432202984 16989.02963804682
2020 10 17 20.067148749011587 0.01505690367874271 17438.96970876164
2020 10 18 19.395553471181582 0.01365030351671254 17900.826061427106
2020 10 19 18.74643474061023 0.012375106467701987 18374.914288684926
2020 10 20 18.119040325717965 0.011219036990603245 18861.558341380813
2020 10 21 17.51264317015978 0.010170966312494032 19361.09074992444
2020 10 22 16.9265405502756 0.009220805298755507 19873.85285151193
2020 10 23 16.36005326073861 0.008359407331151508 20400.195023366145
2020 10 24 15.812524827457793 0.007578480258935838 20940.47692215414
2020 10 25 15.283320746822598 0.0068705065753948335 21495.06772974539
2020 10 26 14.771827750408098 0.006228671051413672 22064.346405478715
2020 10 27 14.277453094288555 0.005646795129439076 22648.70194511027
2020 10 28 13.799623872135813 0.005119277446289268 23248.533646619588
2020 10 29 13.337786351306496 0.004641039912260681 23864.25138305521
2020 10 30 12.891405331148654 0.004207478827468016 24496.27588260647
2020 10 31 12.459963522784204 0.0038144205648445806 25145.0390160927
2020 11 1 12.042960949648437 0.0034580813931902915 25810.984092066352
2020 11 2 11.639914368091931 0.003135031053508425 26494.566159731672
2020 11 3 11.25035670737338 0.00284215973800282 27196.25231988594
2020 11 4 10.873836528394428 0.002576648153862553 27916.52204409571
2020 11 5 10.509917500549237 0.002335940383656478 28655.86750232615
2020 11 6 10.158177896082536 0.0021177192810812647 29414.793899247397
2020 11 7 9.818210101370186 0.0019198841652128703 30193.819819447675
2020 11 8 9.489620144555925 0.0017405305985376614 30993.47758178911
2020 11 9 9.172027238996874 0.0015779320540986778 31814.313603148337
2020 11 10 8.86506334198874 0.001430523295277878 32656.8887717905
2020 11 11 8.568372728259336 0.0012968853082217094 33521.778830631716
2020 11 12 8.281611577736156 0.001175731641863692 34409.574770651925
2020 11 13 8.004447577110314 0.0010658960240477744 35320.88323472698
2020 11 14 7.7365595347350915 0.0009663211345404712 36256.32693215583
