2020 6 26 521.7623285587624 491.2683562041636 552.2563009133612
2020 6 27 515.7485493487877 457.22313084506965 577.7975323639031
2020 6 28 509.2839033176474 425.0761097289924 603.9372537077372
2020 6 29 503.04704857435325 395.31181605066007 631.4335797981444
2020 6 30 497.08589643508515 367.78828650666 660.431966062978
2020 7 1 491.15957319302663 342.1545824645256 690.7145148564642
2020 7 2 485.6400555599459 318.54163987943616 722.8583256960904
2020 7 3 479.93765787856915 296.397645823108 756.1334790538242
2020 7 4 474.3713696599216 275.83573769778184 791.049326490478
2020 7 5 469.09177560121276 256.8294321052692 827.9479064324909
2020 7 6 464.2595786241291 239.34552539491526 867.253569579942
2020 7 7 459.92589810605494 223.2831962684232 909.263474685795
2020 7 8 455.81435658331304 208.38700421996575 953.6675353344599
2020 7 9 451.9521964204112 194.58180915293553 1000.6849389343705
2020 7 10 447.04869622941567 181.22875513559333 1047.6422511481098
2020 7 11 441.24222685843023 168.40442487585966 1094.5622934482953
2020 7 12 434.6617985998231 156.16341286541305 1141.4767175321028
2020 7 13 427.42646905253804 144.5416295835467 1188.4243848081258
2020 7 14 419.6451252905317 133.55937455272368 1235.4499402003519
2020 7 15 411.41655386669464 123.224126073906 1282.602574665843
2020 7 16 402.8297249789068 113.53302360703188 1329.9349657033235
2020 7 17 393.96422946485956 104.47503910138096 1377.5023819711205
2020 7 18 384.89081865117265 96.03284758959789 1425.3619364661076
2020 7 19 375.76912414371907 88.20864773391094 1473.9316243169778
2020 7 20 366.86360863211394 81.02191833670034 1524.1563406329547
2020 7 21 358.16914879653905 74.42072199951959 1576.0924810661725
2020 7 22 349.6807427369554 68.35735288214029 1629.7983629695987
2020 7 23 341.39350709552326 62.787991939712946 1685.3342908796358
2020 7 24 333.30267424721916 57.672390249205655 1742.7626242300669
2020 7 25 325.4035895570336 52.97357813656937 1802.147847373375
2020 7 26 317.6917087021718 48.65759800253591 1863.556641988064
2020 7 27 310.16259505771643 44.693258916221524 1927.0579619532814
2020 7 28 302.8119171442491 41.05191120302138 1992.723110774821
2020 7 29 295.63544613596156 37.707239397776014 2060.625821649442
2020 7 30 288.6290534278232 34.6350720669138 2130.8423402574062
2020 7 31 281.7887082604052 31.813207125183094 2203.451510376199
2020 8 1 275.1104754009954 29.221251384564624 2278.5348624115686
2020 8 2 268.59051287966923 26.840473175808604 2356.1767049452856
2020 8 3 262.22506977901406 24.65366697751486 2436.4642194024286
2020 8 4 256.01048407623665 22.64502907445095 2519.4875579444874
2020 8 5 249.94318053641075 20.800043346509902 2605.3399446982044
2020 8 6 244.01966865565387 19.105376362921742 2694.117780433826
2020 8 7 238.23654065304947 17.548781023580695 2785.9207508102986
2020 8 8 232.59046951015955 16.119008051118566 2880.8519383089592
2020 8 9 227.07820705699953 14.805724694091051 2979.0179379813994
2020 8 10 221.69658210337468 13.599440053757258 3080.52897714148
2020 8 11 216.4424986145026 12.491436494800451 3185.4990391358915
2020 8 12 211.31293392987246 11.473706644305764 3294.045991332237
2020 8 13 206.30493702431636 10.538895523696073 3406.2917174683516
2020 8 14 201.41562681029228 9.680247395422363 3522.3622545114713
2020 8 15 196.64219048040187 8.891556940277704 3642.3879341809225
2020 8 16 191.98188188918974 8.167124412500732 3766.503529293245
2020 8 17 187.43201997329317 7.501714448581393 3894.848405094075
2020 8 18 182.98998720903327 6.8905182320864755 4027.5666757467143
2020 8 19 178.65322810656056 6.329118741075869 4164.807366153095
2020 8 20 174.41924773968827 5.813458826957948 4306.724579288855
2020 8 21 170.28561031056782 5.339811894094808 4453.4776692404075
2020 8 22 166.24993774838066 4.904754968263343 4605.231420138309
2020 8 23 162.3099083412404 4.505143959342029 4762.15623118784
2020 8 24 158.463255400518 4.138090939450625 4924.428308004569
2020 8 25 154.70776595682165 3.8009432723353562 5092.229860469736
2020 8 26 151.04127948688136 3.4912644431708455 5265.74930732763
2020 8 27 147.46168667060556 3.206816450238673 5445.181487754682
2020 8 28 143.96692817759464 2.945543631229922 5630.727880137856
2020 8 29 140.5549934824137 2.705557807286853 5822.596828307983
2020 8 30 137.2239197079424 2.4851246374219675 6021.00377548207
2020 8 31 133.97179049613695 2.2826510846999173 6226.171506177275
2020 9 1 130.7967349055543 2.0966739036022766 6438.330396368182
2020 9 2 127.69692633500443 1.9258490653751066 6657.718672168268
2020 9 3 124.67058147271145 1.7689420449379147 6884.582677326029
2020 9 4 121.71595927037896 1.6248188991589803 7119.177149836123
2020 9 5 118.83135994156959 1.4924380720210981 7361.76550797614
2020 9 6 116.0151239838222 1.370842867454926 7612.620146090159
2020 9 7 113.26563122394455 1.2591545354422438 7872.022740451242
2020 9 8 110.58129988593181 1.1565659214234514 8140.264565546281
2020 9 9 107.960585680975 1.0623356331145373 8417.646821138374
2020 9 10 105.40198091903565 0.9757826825779939 8704.480970473947
2020 9 11 102.90401364147569 0.8962815648267428 9001.089090014406
2020 9 12 100.46524677424343 0.8232577373948894 9307.80423108501
2020 9 13 98.08427730112868 0.756183468206854 9624.970793847055
2020 9 14 95.75973545661114 0.6945740217380627 9952.944914013277
2020 9 15 93.4902839378379 0.6379841559051608 10292.09486274072
2020 9 16 91.27461713527657 0.5860049043693101 10642.80146015009
2020 9 17 89.11146038160157 0.5382606209987643 11005.458502935915
2020 9 18 86.99956921838131 0.49440626513150493 11380.473206547662
2020 9 19 84.9377286801445 0.45412490801894484 11768.266662438333
2020 9 20 82.92475259541374 0.4171254424301461 12169.27431089396
2020 9 21 80.95948290430408 0.3831404788642128 12583.946429974912
2020 9 22 79.04078899229428 0.35192441316710527 13012.748641118065
2020 9 23 77.16756703978717 0.32325165158783664 13456.162431967508
2020 9 24 75.33873938708516 0.29691498044680426 13914.685697020903
2020 9 25 73.55325391441536 0.2727240686340964 14388.83329669854
2020 9 26 71.81008343664793 0.2505040921155578 14879.137635462866
2020 9 27 70.10822511235907 0.23009447050613005 15386.149259637628
2020 9 28 68.44669986689897 0.21134770657987284 15910.437475597902
2020 9 29 66.82455182913279 0.1941283203299838 16452.590989025157
2020 9 30 65.24084778153042 0.17831186987542982 17013.218565945157
2020 10 1 63.69467662328892 0.16378405213843159 17592.949716290936
2020 10 2 62.18514884617857 0.15043987679353482 18192.435400758437
2020 10 3 60.71139602281113 0.13818290751852358 18812.348761748464
2020 10 4 59.27257030703582 0.1269245650638118 19453.38587921575
2020 10 5 57.86784394617567 0.11658348710370167 20116.26655227384
2020 10 6 56.496408804823524 0.1070849402432515 20801.73510743339
2020 10 7 55.157475899923895 0.09836027993141619 21510.561234381497
2020 10 8 53.85027494687303 0.09034645437733488 22243.540850240475
2020 10 9 52.57405391637622 0.08298554888464447 23001.496993276534
2020 10 10 51.32807860180731 0.07622436731079235 23785.28074706189
2020 10 11 50.11163219682153 0.07001404762661867 24595.77219612801
2020 10 12 48.92401488297868 0.06430970879791578 25433.881414183066
2020 10 13 47.76454342713941 0.05907012643703174 26300.54948600322
2020 10 14 46.63255078840297 0.05425743488050128 27196.749564145208
2020 10 15 45.527385734360365 0.04983685353966488 28123.487961666764
2020 10 16 44.44841246644199 0.045776435546653345 29081.805282081852
2020 10 17 43.395010254144395 0.042046836879240886 30072.777587819503
2020 10 18 42.36657307792568 0.03862110429606708 31097.517608498292
2020 10 19 41.36250928056399 0.03547448054966793 32157.175990373158
2020 10 20 40.38224122677868 0.03258422546962023 33252.94258835755
2020 10 21 39.42520497091825 0.02992945162279442 34386.0478020717
2020 10 22 38.49084993252388 0.027490973363057558 35557.76395741708
2020 10 23 37.57863857958192 0.025251168179531713 36769.40673522865
2020 10 24 36.68804611928315 0.023193849341392632 38022.336648608725
2020 10 25 35.818560196110816 0.02130414891883215 39317.96057060164
2020 10 26 34.96968059708387 0.019568410334794627 40657.73331392433
2020 10 27 34.14091896398573 0.017974089670975142 42043.15926452686
2020 10 28 33.33179851241307 0.016509665014832996 43475.79407081702
2020 10 29 32.54185375748302 0.015164553192485157 44957.246390445805
2020 10 30 31.770630246040895 0.013929033285720968 46489.179696615254
2020 10 31 31.017684295214515 0.012794176380407231 48073.31414593679
2020 11 1 30.28258273716459 0.011751781038586097 49711.42850993748
2020 11 2 29.564902669884393 0.010794314027932446 51405.36217238303
2020 11 3 28.864231213905345 0.009914855880231565 53157.0171946602
2020 11 4 28.180165274768534 0.009107050885436558 54968.36045153787
2020 11 5 27.51231131112552 0.008365061159920133 56841.42583970483
2020 11 6 26.860285108335027 0.007683524456979033 58778.3165615643
2020 11 7 26.22371155742528 0.007057515414694064 60781.20748684943
2020 11 8 25.60222443929476 0.006482509961089885 62852.34759471174
2020 11 9 24.99546621402734 0.005954352619356089 64994.06249902448
2020 11 10 24.403087815200493 0.005469226476849392 67208.75705973658
2020 11 11 23.824748449068295 0.005023625600847466 69498.91808320937
2020 11 12 23.260115398503665 0.004614329701707289 71867.11711456813
2020 11 13 22.708863831587074 0.004238380860322512 74316.01332520403
2020 11 14 22.1706766147316 0.003893062151692718 76848.35649866865
