2020 6 26 53.8045697464694 49.39045677712278 58.21868271581601
2020 6 27 51.93296290382565 43.761159632456845 60.8038744902276
2020 6 28 50.12844958922128 38.775140055539886 63.50619025825809
2020 6 29 48.384830547221235 34.35581526094504 66.32631608832929
2020 6 30 46.70109673883367 30.43963297945161 69.27062945670512
2020 7 1 45.07648094790027 26.97019500380285 72.3464251764505
2020 7 2 43.50447140967256 23.893855927121244 75.55251858513253
2020 7 3 41.98899990562616 21.16935973128025 78.90367172157876
2020 7 4 40.528259020784034 18.75650191023185 82.40711062901305
2020 7 5 39.11701129656505 16.618045910845577 86.06341514182421
2020 7 6 37.7513356523131 14.721881982021918 89.87409218538619
2020 7 7 36.43072375255372 13.041055509313814 93.8472699559182
2020 7 8 35.155016523699686 11.551669551956003 97.99276474208318
2020 7 9 33.923357416072704 10.232177634325945 102.3196388604709
2020 7 10 32.74167787978497 9.065464553072733 106.8581617413034
2020 7 11 31.607092122764456 8.033426952972759 111.61735492101072
2020 7 12 30.5169760281322 7.1201891535983135 116.60670881812611
2020 7 13 29.46893558331685 6.311812776823132 121.83619998125927
2020 7 14 28.460779623589456 5.596047348870616 127.31630960267208
2020 7 15 27.490496257022386 4.9621155152551895 133.05804329415787
2020 7 16 26.556232437222576 4.4005275974167715 139.07295213107952
2020 7 17 25.65627623272318 3.902921105902567 145.37315497847246
2020 7 18 24.78904141072081 3.461921547863181 151.97136212028116
2020 7 19 23.953054010389668 3.071021458812967 158.88090021924822
2020 7 20 23.14633707042256 2.7243976933294376 166.111735227574
2020 7 21 22.36678961877822 2.416897078370692 173.67165305734326
2020 7 22 21.613496611952353 2.1441038148502196 181.57563061001267
2020 7 23 20.885573824268548 1.9021005114352545 189.83932640140048
2020 7 24 20.182166809962027 1.6874119296574257 198.479111582665
2020 7 25 19.502449900219485 1.496955078468322 207.51210237308013
2020 7 26 18.845625233997687 1.3279949415831362 216.95619396886005
2020 7 27 18.210921821483225 1.1781052018440494 226.8300959952101
2020 7 28 17.597594639094087 1.0451333985936873 237.153369571837
2020 7 29 17.004923754960735 0.927170017708303 247.9464660653494
2020 7 30 16.432213483860206 0.8225210704144914 259.23076760532007
2020 7 31 15.878791570611229 0.7296837671131934 271.0286294442765
2020 8 1 15.344008400971868 0.647324936879964 283.3634242455386
2020 8 2 14.827236239113404 0.574261882739193 296.2595883866421
2020 8 3 14.327868490775396 0.5094453977883977 309.7426703700786
2020 8 4 13.84531899123701 0.4519446982791458 323.8393814372591
2020 8 5 13.379021317268817 0.4009340572892302 338.5776484859714
2020 8 6 12.928428122257431 0.35568094704170394 353.9866693961663
2020 8 7 12.493010493722533 0.315535519590996 370.0969708736774
2020 8 8 12.072257332472143 0.2799212748156735 386.9404689264692
2020 8 9 11.665674752667366 0.2483267817074872 404.550532093222
2020 8 10 11.272785502092413 0.22029833407198082 422.9620475495154
2020 8 11 10.893128401949397 0.19543343517436976 442.2114902225729
2020 8 12 10.526257805520327 0.173375017768291 462.3369950514907
2020 8 13 10.171743075060865 0.15380631650534132 483.3784325361044
2020 8 14 9.829168076311834 0.13644631909169908 505.3774877241632
2020 8 15 9.498130690035108 0.12104573086910393 528.3777427932927
2020 8 16 9.178242340000525 0.10738339487039282 552.4247633913484
2020 8 17 8.869127536869778 0.09526311594053882 577.5661889062092
2020 8 18 8.570423437441866 0.08451084331663898 603.851826843842
2020 8 19 8.281779418742765 0.07497217120787271 631.3337515016112
2020 8 20 8.002856666459369 0.06651012148302532 660.0664071323127
2020 8 21 7.73332777723459 0.05900317662431886 690.1067158033101
2020 8 22 7.472876374356805 0.05234353470018969 721.5141901644528
2020 8 23 7.22119673639253 0.046435561297909884 754.3510513481792
2020 8 24 6.977993438326394 0.041194416185350434 788.6823522353765
2020 8 25 6.742981004787209 0.03654483498034608 824.5761063311969
2020 8 26 6.515883574953051 0.03242004833207628 862.1034225061479
2020 8 27 6.296434578742043 0.0287608230935897 901.3386458693884
2020 8 28 6.084376423908733 0.025514611716428215 942.3595050533154
2020 8 29 5.879460193678773 0.022634797652407654 985.2472662012256
2020 8 30 5.681445354566999 0.02008002592630324 1030.0868939631157
2020 8 31 5.490099474035915 0.017813609266267124 1076.9672198185685
2020 9 1 5.305197947663194 0.015803001263836408 1125.9811180601896
2020 9 2 5.12652373549792 0.014019328997954805 1177.225689786232
2020 9 3 4.953867107296114 0.012436978411351664 1230.8024552669167
2020 9 4 4.787025396336493 0.011033226485161484 1286.8175550655467
2020 9 5 4.625802761527489 0.00978791492970348 1345.3819603128484
2020 9 6 4.470009957526287 0.008683160705525036 1406.6116925511199
2020 9 7 4.319464112600041 0.007703099217706233 1470.6280535837143
2020 9 8 4.173988513968527 0.006833656495620331 1537.5578657852116
2020 9 9 4.033412400376247 0.006062347086584658 1607.5337233483567
2020 9 10 3.897570761650531 0.005378094761095435 1680.6942549655068
2020 9 11 3.7663041450103245 0.004771073454921073 1757.1843984649852
2020 9 12 3.6394584678983253 0.004232566163935721 1837.1556879464201
2020 9 13 3.5168848371167636 0.003754839765381458 1920.766553983913
2020 9 14 3.398439374054519 0.00333103396795571 2008.1826374917628
2020 9 15 3.2839830458004338 0.002955062796014554 2099.5771178745485
2020 9 16 3.17338150194457 0.002621527193176152 2195.131056111662
2020 9 17 3.0665049168758545 0.0023256374902864115 2295.033753455974
2020 9 18 2.9632278373909937 0.0020631446243640976 2399.48312645725
2020 9 19 2.86342903543578 0.0018302791208092627 2508.686099053273
2020 9 20 2.7669913658059384 0.0016236969626415988 2622.8590125054407
2020 9 21 2.6738016286404744 0.0014404315694350849 2742.228053990954
2020 9 22 2.5837504365461257 0.0012778511963523363 2867.029704700689
2020 9 23 2.496732086196935 0.0011336211415162866 2997.5112083304634
2020 9 24 2.412644434258237 0.0010056702190059652 3133.9310608938304
2020 9 25 2.3313887774894066 0.0008921610160187505 3276.5595228267603
2020 9 26 2.2528697368846418 0.000791463507083218 3425.679154398741
2020 9 27 2.1769951457157757 0.0007021316464149357 3581.585375490994
2020 9 28 2.103675941345706 0.0006228826022745648 3744.5870508507764
2020 9 29 2.0328260606854474 0.0005525783351275541 3915.00710198122
2020 9 30 1.9643623391720972 0.0004902092550623934 4093.183146878908
2020 10 1 1.8982044131491282 0.0004348797237831556 4279.468168886578
2020 10 2 1.834274625534425 0.0003857951929806846 4474.231215986005
2020 10 3 1.7724979346653358 0.00034225079438566516 4677.858131916433
2020 10 4 1.7128018262137366 0.00030362121765338697 4890.752320566964
2020 10 5 1.6551162280677179 0.000269351730723657 5113.33554515724
2020 10 6 1.5993734280799776 0.00023895021370559384 5346.048763789672
2020 10 7 1.5455079945863723 0.00021198009189155043 5589.353003028517
2020 10 8 1.493456699601331 0.0001880540664161717 5843.73027123645
2020 10 9 1.4431584445999779 0.0001668285525310103 6109.684513478026
2020 10 10 1.3945541887998447 0.00014799874562669216 6387.742609881804
2020 10 11 1.3475868798579893 0.0001312942441492613 6678.455419438959
2020 10 12 1.3022013869021718 0.00011647516655449857 6982.398871306259
2020 10 13 1.2583444358174798 0.00010332870653853801 7300.175105775373
2020 10 14 1.2159645467124411 9.166607707688177e-05 7632.413667168883
2020 10 15 1.1750119734912199 8.131979938731669e-05 7979.772751026232
2020 10 16 1.1354386454609655 7.214129788544438e-05 8342.940508050397
2020 10 17 1.0971981109057742 6.399876659568024e-05 8722.63640739854
2020 10 18 1.0602454825610266 5.677527637875719e-05 9119.61266201743
2020 10 19 1.0245373849240995 5.03670957949655e-05 9534.65571884735
2020 10 20 0.9900319033396063 4.468220149023188e-05 9968.587816846772
2020 10 21 0.956688534799398 3.963895671374489e-05 10422.268615924299
2020 10 22 0.9244681403995763 3.516493899025178e-05 10896.596900005046
2020 10 23 0.8933328993987109 3.1195900112056825e-05 11392.512357605312
2020 10 24 0.8632462648233334 2.7674843515901092e-05 11910.997443443066
2020 10 25 0.8341729205685986 2.455120579558476e-05 12453.079324772267
2020 10 26 0.8060787399437549 2.1780130596613013e-05 13019.831916296873
2020 10 27 0.7789307456137664 1.9321824465779553e-05 13612.378007695916
2020 10 28 0.7526970708900641 1.7140985405498605e-05 14231.89148797444
2020 10 29 0.7273469223249893 1.5206295926757975e-05 14879.599671046984
2020 10 30 0.702850543566022 1.3489973320784705e-05 15556.785727160763
2020 10 31 0.6791791804273649 1.196737069119249e-05 16264.791224975465
2020 11 1 0.6563050471378864 1.0616623017315358e-05 17005.018789335743
2020 11 2 0.6342012937257998 9.418333166093228e-06 17778.93488000169
2020 11 3 0.6128419745017984 8.35529334354783e-06 18588.072696842217
2020 11 4 0.5922020176036489 7.4122379858104555e-06 19434.035217246845
2020 11 5 0.5722571955664948 6.575624541144146e-06 20318.498371773207
2020 11 6 0.5529840968843259 5.833438994925824e-06 21243.214364321622
2020 11 7 0.5343600985292309 5.175023344870026e-06 22210.015143414243
2020 11 8 0.5163633393961766 4.59092254898781e-06 23220.81603145572
2020 11 9 0.49897269464214244 4.072748748408609e-06 24277.61951916532
2020 11 10 0.4821677508894897 3.6130608152648956e-06 25382.519232697574
2020 11 11 0.46592878226445866 3.205257495911932e-06 26537.704081310716
2020 11 12 0.4502367272426669 2.8434826149878693e-06 27745.462593799835
2020 11 13 0.4350731662744302 2.5225409790166845e-06 29008.1874522856
2020 11 14 0.4204203001636424 2.237823771905002e-06 30328.38023234043
