2020 6 26 1206.8032920469832 1148.765132883052 1264.8414512109146
2020 6 27 1283.2914101029157 1162.796653486439 1409.7253657804226
2020 6 28 1363.941255463403 1176.3778389093877 1570.451562172937
2020 6 29 1452.252588152253 1192.3540364693154 1752.4880931252292
2020 6 30 1549.560335093503 1211.2389807024356 1959.581411445992
2020 7 1 1651.5470104472179 1228.9838685804036 2188.8188355759085
2020 7 2 1764.4650947464029 1250.128253815771 2450.464609133767
2020 7 3 1878.9188606913572 1267.2545808893858 2734.7976868499754
2020 7 4 2000.9084070334472 1284.6908187223041 3052.2850601975038
2020 7 5 2133.314472116843 1303.9697213908557 3410.4380686484214
2020 7 6 2281.5795393313088 1327.8760972094794 3821.9626483757365
2020 7 7 2447.219976746651 1356.3360549553984 4294.989186378019
2020 7 8 2630.4152693133915 1388.4706431598313 4836.264596251237
2020 7 9 2833.7782267474236 1424.773294370542 5457.620325974715
2020 7 10 3029.1176768584087 1450.086077081225 6113.074197347171
2020 7 11 3215.07785192908 1464.9125446848875 6801.144715825813
2020 7 12 3390.6320215773458 1469.9475478902739 7520.499921368017
2020 7 13 3555.059595982744 1466.0203468457746 8270.00043988309
2020 7 14 3707.9158278140885 1454.0436702269767 9048.729661479643
2020 7 15 3848.9973642337022 1434.9701277398156 9856.012727322828
2020 7 16 3978.306279046215 1409.756485011002 10691.426195087957
2020 7 17 4096.014589971638 1379.3356528949062 11554.800262226352
2020 7 18 4202.43069091954 1344.595804626743 12446.215313413844
2020 7 19 4297.9686337617795 1306.3657774339179 13365.99437149656
2020 7 20 4383.1207901928665 1265.4057991347381 14314.692807418334
2020 7 21 4458.434111294944 1222.4025656897602 15293.086431326781
2020 7 22 4524.489972351193 1177.9677486828227 16302.158862784201
2020 7 23 4581.887431387276 1132.639105009327 17343.088874062778
2020 7 24 4631.2296286917945 1086.8834740594903 18417.238222744592
2020 7 25 4673.112998368664 1041.1010658341265 19526.140340250866
2020 7 26 4708.118940316415 995.6305571223387 20671.490120875715
2020 7 27 4742.930308071814 952.0493910281012 21882.017341762876
2020 7 28 4777.999067651922 910.3758783546498 23163.433315417256
2020 7 29 4813.327122186543 870.5265164814724 24519.88930352235
2020 7 30 4848.916388877034 832.4214579004356 25955.77966660162
2020 7 31 4884.768799100347 795.9843502226441 27475.75609994254
2020 8 1 4920.886298513849 761.1421831885882 29084.742703179632
2020 8 2 4957.270847160905 727.8251423750282 30787.951932355736
2020 8 3 4993.924419577245 695.9664693054847 32590.901486139683
2020 8 4 5030.849004898126 665.5023276840304 34499.43218090474
2020 8 5 5068.046606966271 636.3716754843556 36519.72687257579
2020 8 6 5105.519244440621 608.5161426378039 38658.33048654421
2020 8 7 5143.268950905883 581.8799140753009 40922.17122053922
2020 8 8 5181.297774982887 556.4096178888207 43318.58298914419
2020 8 9 5219.6077804397655 532.0542183882966 45855.32918266907
2020 8 10 5258.201046303949 508.76491383969096 48540.6278173478
2020 8 11 5297.07966697499 486.4950386793171 51383.17815833709
2020 8 12 5336.245752338227 465.1999700084782 54392.188901764166
2020 8 13 5375.701427879284 444.83703818106284 57577.40800712167
2020 8 14 5415.448834799413 425.3654413049382 60949.15427665449
2020 8 15 5455.4901301317 406.74616348582515 64518.35078404279
2020 8 16 5495.827486858121 388.9418966498371 68296.56026067639
2020 8 17 5536.463094027465 371.916965788036 72296.02255415748
2020 8 18 5577.399156874132 355.6372574732162 76529.69428038194
2020 8 19 5618.637896937811 340.0701515056812 81011.29079765567
2020 8 20 5660.181552184034 325.18445555105166 85755.33063882477
2020 8 21 5702.032377125632 310.9503426391343 90777.18254536157
2020 8 22 5744.192642945078 297.3392913986178 96093.1152557775
2020 8 23 5786.664637617748 284.3240289078405 101720.35020965699
2020 8 24 5829.45066603608 271.8784760471193 107677.11733805152
2020 8 25 5872.553050134664 259.97769524313907 113982.71412097229
2020 8 26 5915.97412901624 248.5978405006976 120657.56810330297
2020 8 27 5959.716259078647 237.716109621682 127723.30307165885
2020 8 28 6003.781814142698 227.31069851553664 135202.80910657812
2020 8 29 6048.173185581 217.36075750967268 143120.31673698546
2020 8 30 6092.892782447737 207.84634957227715 151501.47543715825
2020 8 31 6137.9430316094 198.74841036381096 160373.43672049307
2020 9 1 6183.326377876493 190.04871003714993 169764.9420992624
2020 9 2 6229.045284136208 181.72981670982622 179706.41619531484
2020 9 3 6275.102231486081 173.77506153517857 190230.0653033594
2020 9 4 6321.499719368641 166.16850530242286 201369.9817261385
2020 9 5 6368.240265707048 158.894906498719 213162.25421949246
2020 9 6 6415.326407041736 151.9396907692382 225645.0849051128
2020 9 7 6462.760698668073 145.28892171403774 238858.91302973288
2020 9 8 6510.545714775026 138.92927296322694 252846.54597168558
2020 9 9 6558.6840485848625 132.84800147447123 267653.2979192349
2020 9 10 6607.178312493881 127.0329219993291 283327.1366699427
2020 9 11 6656.03113821418 121.47238266725957 299918.8390266402
2020 9 12 6705.245176916478 116.15524163837678 317482.15529342333
2020 9 13 6754.82309937399 111.07084477817037 336073.98340457125
2020 9 14 6804.767596107363 106.20900430945731 355754.5532504948
2020 9 15 6855.081377530691 101.55997839878984 376587.62179785466
2020 9 16 6905.767174098601 97.11445163641571 398640.6796359584
2020 9 17 6956.827736454434 92.86351637067801 421985.1696185627
2020 9 18 7008.265835579516 88.79865485945366 446696.718309389
2020 9 19 7060.084262943536 84.91172220286667 472855.38098114287
2020 9 20 7112.285830656035 81.19493002307806 500545.90096173115
2020 9 21 7164.873371619015 77.64083085845093 529857.9841678544
2020 9 22 7217.849739680679 74.24230324082079 560886.5897153491
2020 9 23 7271.217809790297 70.99253742597007 593732.2375477385
2020 9 24 7324.980478154236 67.8850217487143 628501.3340795821
2020 9 25 7379.140662393125 64.91352957525933 665306.5169095754
2020 9 26 7433.701301700194 62.07210682668558 704267.019720127
2020 9 27 7488.665357000776 59.35506004855959 745509.0585455396
2020 9 28 7544.035811112995 56.756945002767694 789166.240660145
2020 9 29 7599.815668909642 54.2725557587128 835379.9974110213
2020 9 30 7656.007957481237 51.896914262015954 884300.042397495
2020 10 1 7712.615726300311 49.62526035982118 936084.8564817392
2020 10 2 7769.642047386894 47.45304226271692 990902.2012017043
2020 10 3 7827.090015475231 45.37590742416232 1048929.6622496287
2020 10 4 7884.962748181725 43.3896938191432 1110355.2247767756
2020 10 5 7943.26338617413 41.49042160458236 1175377.882388148
2020 10 6 8001.995093341985 39.674285144794034 1244208.2818000743
2020 10 7 8061.16105696832 37.93764538600352 1317069.40524909
2020 10 8 8120.764487902619 36.27702256465258 1394197.292862842
2020 10 9 8180.808620735074 34.689089234880086 1475841.8073331981
2020 10 10 8241.296713972115 33.17066360120664 1562267.4433687902
2020 10 11 8302.23205021325 31.7187031430639 1653754.184549285
2020 10 12 8363.617936329203 30.330298518393644 1750598.4103572383
2020 10 13 8425.457703641376 29.002667734101134 1853113.856325942
2020 10 14 8487.754708102631 27.73315057168189 1961632.6304137534
2020 10 15 8550.512330479418 26.519203256852286 2076506.2888975346
2020 10 16 8613.733976535237 25.35839336250338 2198106.975270664
2020 10 17 8677.423077215473 24.248394934764814 2326828.6258351738
2020 10 18 8741.583088833579 23.18698383241272 2463088.245893644
2020 10 19 8806.217493258651 22.17203327028307 2607327.260675185
2020 10 20 8871.329798104383 21.201509557760623 2760012.945371957
2020 10 21 8936.923536919418 20.273468023804575 2921639.9389189593
2020 10 22 9003.002269379109 19.386049120345717 3092731.846421111
2020 10 23 9069.5695814787 18.537474696247344 3273842.935418829
2020 10 24 9136.62908572793 17.72604443436396 3465559.931487312
2020 10 25 9204.184421347078 16.950132444558562 3668503.9189865314
2020 10 26 9272.239254464459 16.208184005851834 3883332.353119576
2020 10 27 9340.797278315384 15.498712451175358 4110741.1898176
2020 10 28 9409.862213442577 14.820296188486765 4351467.140351323
2020 10 29 9479.43780789809 14.171575852277886 4606290.057973101
2020 10 30 9549.527837446703 13.551251579768321 4876035.464321297
2020 10 31 9620.13610577083 12.958080406326612 5161577.223771488
2020 11 1 9691.26644467694 12.39087377490016 5463840.374398284
2020 11 2 9762.922714303493 11.848495154463441 5783804.124718922
2020 11 3 9835.108803330442 11.329857762712527 6122505.025926866
2020 11 4 9907.828629190253 10.833922388442783 6481040.32989212
2020 11 5 9981.086138280503 10.359695309246392 6860571.543806831
2020 11 6 10054.885306178041 9.906226300357302 7262328.192991743
2020 11 7 10129.230137854742 9.472606730653872 7687611.804053467
2020 11 8 10204.124667894848 9.057967742004099 8137800.121296363
2020 11 9 10279.572960713922 8.661478508305319 8614351.570048464
2020 11 10 10355.57911077941 8.282344570729979 9118809.981360806
2020 11 11 10432.147242832852 7.919806245841728 9652809.59338622
2020 11 12 10509.28151211372 7.573137103392139 10218080.345640037
2020 11 13 10586.986104584914 7.241642510747962 10816453.483293906
2020 11 14 10665.265237159934 6.924658241032325 11449867.489658356
