2020 6 26 48.43650977237698 44.30041529174305 52.57260425301091
2020 6 27 47.75673818663054 39.94715979257612 56.26310304539842
2020 6 28 47.04316432306038 35.985429656943765 60.16160550253156
2020 6 29 46.3615999548004 32.43293076111924 64.3575377238839
2020 6 30 45.71094823635247 29.24585377188257 68.87531687189755
2020 7 1 45.0694279469133 26.37196031237793 73.71023569231127
2020 7 2 44.45736266959826 23.792442016380743 78.9180052440255
2020 7 3 43.8334355521813 21.45443731903596 84.45790206270034
2020 7 4 43.23815566714441 19.355916278535126 90.4250148609799
2020 7 5 42.6705807155036 17.471441080897996 96.85474895166828
2020 7 6 42.12981933883938 15.778364993146567 103.78562482342075
2020 7 7 41.61502878644979 14.256516986191578 111.25956674003768
2020 7 8 41.13296640107101 12.890510711451391 119.34241439773983
2020 7 9 40.695685573689374 11.667673998436015 128.12619597467705
2020 7 10 40.17902855894365 10.536749253205969 137.29193338989057
2020 7 11 39.59426850719489 9.495863004688692 146.85823678185056
2020 7 12 38.95180084841059 8.541920993330315 156.8454981619643
2020 7 13 38.261128763776426 7.6709536643100265 167.27587465082124
2020 7 14 37.530872567086554 6.878402019095105 178.1732796569231
2020 7 15 36.76879678513533 6.15934955143325 189.5633828991936
2020 7 16 35.98184978541725 5.508706703308555 201.47361981753252
2020 7 17 35.17621176683074 4.921354409721467 213.93321065031716
2020 7 18 34.35734778452038 4.392253053680534 226.97318926816735
2020 7 19 33.53006321703662 3.916522672764734 240.62644172492412
2020 7 20 32.69855970527591 3.489499654471016 254.92775440685952
2020 7 21 31.86649010635757 3.1067745055422358 269.91387161872194
2020 7 22 31.03701142284217 2.764214631726652 285.62356243125845
2020 7 23 30.212835000851857 2.4579754512011074 302.09769662195686
2020 7 24 29.396273552106106 2.184502605665321 319.3793295630351
2020 7 25 28.58928475634312 1.940527536648088 337.51379594356297
2020 7 26 27.794825242979496 1.7231474447291568 356.56432352209225
2020 7 27 27.022442739368064 1.530118516846942 376.69013337169343
2020 7 28 26.27152375375575 1.358712908033174 397.95191840271855
2020 7 29 25.54147184253755 1.2065083496016733 420.41379725796776
2020 7 30 24.831707136510374 1.071353918147227 444.1435076737054
2020 7 31 24.14166588029171 0.9513396391399686 469.21261075468726
2020 8 1 23.47079998453724 0.8447694955595363 495.69670677922596
2020 8 2 22.818576590601747 0.7501374601325927 523.6756631850934
2020 8 3 22.18447764729755 0.666106212466238 553.2338554237905
2020 8 4 21.567999499414267 0.5914882403122356 584.4604214095237
2020 8 5 20.9686524876731 0.525229057889019 617.4495303302233
2020 8 6 20.385960559797862 0.46639230410626964 652.3006666312496
2020 8 7 19.81946089239385 0.41414651010325004 689.118930028191
2020 8 8 19.268703523334203 0.36775334910247653 728.0153524534949
2020 8 9 18.733250994361804 0.3265572025280883 769.107232892738
2020 8 10 18.212678003622774 0.2899758949394507 812.5184911202963
2020 8 11 17.706571067855652 0.2574924668479876 858.3800414011639
2020 8 12 17.214528193967876 0.22864786915238752 906.830187285886
2020 8 13 16.736158559738755 0.20303447595145022 958.015038689179
2020 8 14 16.271082203395267 0.18029032405898354 1012.0889525100107
2020 8 15 15.818929721814179 0.16009399781476438 1069.2149981219086
2020 8 16 15.37934197711072 0.14216008690476742 1129.5654491372636
2020 8 17 14.951969811380787 0.12623515300151522 1193.3223029286312
2020 8 18 14.536473769370096 0.11209414822594314 1260.6778294737367
2020 8 19 14.132523828850001 0.09953723481722157 1331.8351511793232
2020 8 20 13.73979913848583 0.08838696106676575 1407.008855432405
2020 8 21 13.35798776298951 0.07848575360731556 1486.4256417261777
2020 8 22 12.986786435354082 0.06969369061863205 1570.3250053121114
2020 8 23 12.625900315973304 0.061886524481213186 1658.9599594398971
2020 8 24 12.275042758455003 0.05495392593457943 1752.5977983632881
2020 8 25 11.933935081942174 0.04879792492693622 1851.5209034128145
2020 8 26 11.602306349760992 0.043331526122622734 1956.0275945662254
2020 8 27 11.2798931542199 0.03847747950198387 2066.4330300847164
2020 8 28 10.966439407388863 0.03416718868003668 2183.0701569279563
2020 8 29 10.66169613769259 0.030339741516515823 2306.290714814054
2020 8 30 10.365421292156178 0.026941049318079443 2436.4662969523847
2020 8 31 10.077379544146087 0.023923082468058583 2573.989470648105
2020 9 1 9.797342106453753 0.021243191681827586 2719.274961157729
2020 9 2 9.525086549573365 0.018863505295916433 2872.7609023658974
2020 9 3 9.260396625029468 0.016750394073479197 3034.9101580549695
2020 9 4 9.003062093614066 0.01487399596285988 3206.211717751962
2020 9 5 8.752878558396796 0.01320779409324186 3387.182171362252
2020 9 6 8.509647302375535 0.011728242043702507 3578.3672670370647
2020 9 7 8.273175130638487 0.0104144310900526 3780.3435569727653
2020 9 8 8.043274216912382 0.0092477947270616 3993.7201361051557
2020 9 9 7.819761954374907 0.00821184629043778 4219.140478942108
2020 9 10 7.6024608106128655 0.007291945970691261 4457.284380073829
2020 9 11 7.391198186610863 0.00647509392636791 4708.87000421271
2020 9 12 7.185806279658516 0.005749746572973033 4974.656051945004
2020 9 13 6.986121950067299 0.00510565345141786 5255.444047725546
2020 9 14 6.79198659159115 0.00453371237064736 5552.080757015362
2020 9 15 6.603246005447925 0.004025840777354919 5865.460739851468
2020 9 16 6.41975027784164 0.0035748615350072238 6196.529048549598
2020 9 17 6.241353660888204 0.003174401498032109 6546.284077675255
2020 9 18 6.067914456850077 0.00281880144784073 6915.780574877676
2020 9 19 5.899294905587899 0.002503036117918511 7306.132821666411
2020 9 20 5.735361075139692 0.002222643177795959 7718.5179937226885
2020 9 21 5.575982755340727 0.00197366017231548 8154.17971087921
2020 9 22 5.421033354399555 0.001752568525032931 8614.43178747392
2020 9 23 5.270389798348063 0.0015562438144215332 9100.662194387636
2020 9 24 5.123932433285678 0.0013819116201917274 9614.33724471373
2020 9 25 4.9815449303400845 0.0012271083157562727 10157.006015682507
2020 9 26 4.8431141932689545 0.001089646252767801 10730.305020175358
2020 9 27 4.708530268629314 0.000967582845723895 11335.963141916442
2020 9 28 4.577686258443184 0.0008591931197497126 11975.806849224873
2020 9 29 4.450478235290131 0.000762945333609084 12651.765703050354
2020 9 30 4.326805159759288 0.0006774793334535094 13365.878175902735
2020 10 1 4.206568800195277 0.0006015873314087028 14120.297799223481
2020 10 2 4.089673654674288 0.0005341968373656368 14917.299657737536
2020 10 3 3.976026875148343 0.0004743555027716802 15759.287250370442
2020 10 4 3.8655381936975 0.00042121766223741393 16648.799738421
2020 10 5 3.7581198508314007 0.00037403238276789025 17588.519602847624
2020 10 6 3.6536865257832374 0.0003321328517325387 18581.280733760268
2020 10 7 3.552155268740756 0.00029492695360669864 19630.076976513217
2020 10 8 3.453445434960473 0.0002618889023172358 20738.07116017097
2020 10 9 3.357478620712775 0.00023255181094227696 21908.604635574153
2020 10 10 3.2641786010070204 0.00020650109376159432 23145.207351769168
2020 10 11 3.173471269047181 0.0001833686074167763 24451.60850118881
2020 10 12 3.085284577369934 0.00016282744838527015 25831.74776568628
2020 10 13 2.999548480618448 0.00014458733324727301 27289.787197336966
2020 10 14 2.916194879906419 0.00012839049646035694 28830.123769836642
2020 10 15 2.835157568728149 0.00011400804767002526 30457.402638347026
2020 10 16 2.7563721803717227 0.00010123673707846504 32176.531147776084
2020 10 17 2.6797761367934974 8.989608316035456e-05 33992.69363173752
2020 10 18 2.6053085989133113 7.982582213519827e-05 35911.3670468183
2020 10 19 2.532910418290919 7.088364315265878e-05 37938.33748930207
2020 10 20 2.462524090145281 6.294317718499236e-05 40079.71764415758
2020 10 21 2.3940937076793833 5.589221120603107e-05 42341.96521891261
2020 10 22 2.327564917674314 4.9631102419857364e-05 44731.90241800388
2020 10 23 2.2628848773173234 4.4071370129378134e-05 47256.7365163314
2020 10 24 2.200002212229574 3.9134445345375535e-05 49924.08159406031
2020 10 25 2.13886697566025 3.4750560465767734e-05 52741.98149821542
2020 10 26 2.0794306088146066 3.085776333425612e-05 55718.93410031304
2020 10 27 2.0216459022844533 2.7401041745239224e-05 58863.91692318337
2020 10 28 1.9654669585504336 2.4331546022677483e-05 62186.41421426558
2020 10 29 1.9108491555263194 2.160589868655389e-05 65696.44554701977
2020 10 30 1.8577491111163622 1.9185581451279357e-05 69404.59603670856
2020 10 31 1.8061246487575497 1.7036390893230823e-05 73322.04826166914
2020 11 1 1.7559347639193987 1.5127955095028098e-05 77460.61598634002
2020 11 2 1.7071395915346765 1.3433304435866109e-05 81832.77978774028
2020 11 3 1.6597003743351801 1.1928490462400128e-05 86451.72469283902
2020 11 4 1.6135794320674237 1.0592247454145988e-05 91331.37994031739
2020 11 5 1.5687401315637826 9.405691900707385e-06 96486.46098663138
2020 11 6 1.5251468576453215 8.352055643904446e-06 101932.51388305245
2020 11 7 1.4827649848331965 7.416448913623231e-06 107685.96215751237
2020 11 8 1.4415608498461596 6.585649908657684e-06 113764.15634263298
2020 11 9 1.4015017248623234 5.847917948943924e-06 120185.4262993012
2020 11 10 1.362555791523947 5.192827558692825e-06 126969.13649358015
2020 11 11 1.3246921156645945 4.61112113571795e-06 134135.74439365385
2020 11 12 1.2878806227385946 4.094578124912186e-06 141706.86216291133
2020 11 13 1.2520920739332828 3.6358988470596755e-06 149705.32183521698
2020 11 14 1.2172980429450546 3.2286013412757617e-06 158155.2441689141
