2020 6 26 750.0595633792034 716.7294320627128 783.3896946956938
2020 6 27 759.4522553841903 693.4395469514277 828.4658263955876
2020 6 28 768.5956136957371 670.5714005920122 875.7353315397352
2020 6 29 778.4061113918606 648.9434098168994 926.3365883589398
2020 6 30 788.8589871468736 628.4441312951718 980.4770957715461
2020 7 1 799.2457664929402 608.4279192697012 1037.5252752652232
2020 7 2 810.3968528455194 589.5269530740335 1098.70738838072
2020 7 3 821.1487949166935 570.809613324485 1162.7452906610654
2020 7 4 832.3574942668212 552.9048907464804 1230.9604004127866
2020 7 5 844.3559794435289 535.9847843055825 1304.1192394966881
2020 7 6 857.5813683073344 520.2514990340396 1383.2539104831421
2020 7 7 871.8771787732787 505.5037498952716 1468.582943908467
2020 7 8 887.3205541218529 491.70123520027283 1560.7072264930716
2020 7 9 904.3004665196792 478.97546724144485 1660.8319450362537
2020 7 10 919.0373601219331 465.21890570436346 1762.6637298616108
2020 7 11 931.6655949713612 450.66846647359034 1866.2342950864138
2020 7 12 942.3243677393883 435.5365035653308 1971.5978139550891
2020 7 13 951.1543327647477 420.0109975182534 2078.8284299004085
2020 7 14 958.2949117527858 404.25639083054875 2188.017936919466
2020 7 15 963.8822098039474 388.4148743712081 2299.273662232641
2020 7 16 968.047453844464 372.60796498947303 2412.7165681545157
2020 7 17 970.9158724429209 356.9382477897733 2528.4795780482245
2020 7 18 972.6059417688032 341.4911857545803 2646.7061225148545
2020 7 19 973.2289298352489 326.33692424101906 2767.5488959633185
2020 7 20 972.888679258191 311.53203842034895 2891.168809845352
2020 7 21 971.6815769235842 297.12118829443995 3017.734126629692
2020 7 22 969.6966667654324 283.1386589636385 3147.4197576121933
2020 7 23 967.0158690654758 269.609773839404 3280.406707573389
2020 7 24 963.7142761560142 256.5521759934831 3416.8816498296787
2020 7 25 959.8605000900685 243.9769782793756 3557.036616166839
2020 7 26 955.8697870742026 231.97944454492125 3702.375944912282
2020 7 27 951.8956658343016 220.57188785143404 3853.653790113859
2020 7 28 947.9380673884494 209.72529616055905 4011.1127975716026
2020 7 29 943.9969230415294 199.41208409686396 4175.0055275119375
2020 7 30 940.072164384031 189.60602279188953 4345.594859687831
2020 7 31 936.1637232908632 180.28217317810933 4523.154415031203
2020 8 1 932.2715319201716 171.41682256314948 4707.968994533915
2020 8 2 928.3955227121606 162.98742432296228 4900.335036061283
2020 8 3 924.5356283879214 154.97254056057957 5100.561089830846
2020 8 4 920.6917819482635 147.35178758461396 5308.968313319032
2020 8 5 916.8639166725521 140.105784068847 5525.890986389549
2020 8 6 913.05196611755 133.21610176106236 5751.677047469749
2020 8 7 909.2558641162641 126.66521861576538 5986.688651634978
2020 8 8 905.4755447767968 120.43647423159435 6231.302751496069
2020 8 9 901.7109424812029 114.51402748009099 6485.911701821699
2020 8 10 897.9619918843497 108.88281621807019 6750.923888865424
2020 8 11 894.2286279127835 103.52851898112831 7026.764385406788
2020 8 12 890.5107857635998 98.43751856086783 7313.875632557219
2020 8 13 886.8084009033182 93.59686737320689 7612.71814942426
2020 8 14 883.1214090667628 88.99425452969737 7923.771271772462
2020 8 15 879.4497462559461 84.61797452810626 8247.533920865704
2020 8 16 875.7933487389588 80.45689748263335 8584.525403724163
2020 8 17 872.1521530488628 76.50044081805375 8935.286246079504
2020 8 18 868.5260959825902 72.73854235579701 9300.379059364357
2020 8 19 864.9151145998458 69.16163472351455 9680.38944312668
2020 8 20 861.319146222015 65.76062102305296 10075.926924316476
2020 8 21 857.7381284310754 62.526851694951404 10487.625934951458
2020 8 22 854.1719990685137 59.45210252062401 10916.146829729803
2020 8 23 850.6206962342467 56.52855370628196 11362.176945222214
2020 8 24 847.0841582855464 53.748769995400735 11826.431702342232
2020 8 25 843.5623238359709 51.10568175915398 12309.655753863108
2020 8 26 840.0551317542983 48.59256701672269 12812.624178821832
2020 8 27 836.5625211634652 46.20303433975312 13336.143725726113
2020 8 28 833.0844314395113 43.9310065974856 13881.05410655838
2020 8 29 829.6208022105254 41.7707055012144 14448.229343652354
2020 8 30 826.1715733555991 39.71663690877155 15038.579171602552
2020 8 31 822.7366850037821 37.76357685166065 15653.050496455342
2020 9 1 819.3160775330435 35.90655824930444 16292.62891452205
2020 9 2 815.9096915692368 34.140858276617315 16958.340293250283
2020 9 3 812.5174679850692 32.461986352775774 17651.2524166891
2020 9 4 809.1393478990752 30.86567272063933 18372.476698187376
2020 9 5 805.7752726745952 29.34785758777685 19123.169963072396
2020 9 6 802.4251839187565 27.90468080148136 19904.536304168167
2020 9 7 799.089023481461 26.532472031514583 20717.829013129536
2020 9 8 795.766733454375 25.227741435613634 21564.35259069
2020 9 9 792.4582561699243 23.9871707840201 22445.464839047563
2020 9 10 789.1635342002934 22.807605020459178 23362.57903974479
2020 9 11 785.8825103564283 21.686044238106458 24317.1662205363
2020 9 12 782.615127687044 20.619636050135448 25310.757514879708
2020 9 13 779.3613294776363 19.60566833544233 26344.946617834605
2020 9 14 776.1210592494969 18.641562341098698 27421.392342308707
2020 9 15 772.8942607587329 17.724866123990203 28541.821279751406
2020 9 16 769.6808779952912 16.853248314961718 29708.030569562357
2020 9 17 766.4808551819858 16.02449218960978 30921.890781657174
2020 9 18 763.2941367735299 15.236490030642983 32185.348916813793
2020 9 19 760.1206674555713 14.487237767472505 33500.431529612004
2020 9 20 756.9603921437327 13.774829879400038 34869.24797897523
2020 9 21 753.8132559826557 13.09745454944071 36293.99381152838
2020 9 22 750.679204345048 12.453389056456118 37776.95428319854
2020 9 23 747.5581828307357 11.84099539387854 39320.508024707124
2020 9 24 744.450137265719 11.258716103883803 40927.13085683282
2020 9 25 741.3550137012317 10.70507031641809 42599.39976156483
2020 9 26 738.2727584128045 10.178649983005062 44339.997015516245
2020 9 27 735.2033178993332 9.678116295754991 46151.714492227155
2020 9 28 732.1466388821497 9.202196282468606 48037.45814025853
2020 9 29 729.1026683040966 8.749679569176234 50000.25264425951
2020 9 30 726.0713533286073 8.319415301878635 52043.2462764843
2020 10 1 723.052641338788 7.910309219660786 54169.71594654047
2020 10 2 720.046479936505 7.521320871734894 56383.07245746829
2020 10 3 717.0528169414746 7.151460971334926 58686.86597658166
2020 10 4 714.071600390358 6.799788879733006 61084.791729845856
2020 10 5 711.1027785358586 6.465410213978949 63580.69592892554
2020 10 6 708.1462998458248 6.147474572278876 66178.58194041009
2020 10 7 705.2021130023545 5.845173371228011 68882.61670711135
2020 10 8 702.2701669009048 5.557737789397254 71697.13743173344
2020 10 9 699.3504106494049 5.284436812043597 74626.65853363519
2020 10 10 696.4427935673729 5.024575371971631 77675.87888984341
2020 10 11 693.5472651850355 4.777492581817925 80849.6893719317
2020 10 12 690.6637752424527 4.542560053262581 84153.1806908535
2020 10 13 687.7922736886452 4.319180298893316 87591.65156231247
2020 10 14 684.9327106807251 4.106785212657658 91170.6172057671
2020 10 15 682.0850365830313 3.9048346250386965 94895.81819070193
2020 10 16 679.2492019662678 3.712814929279855 98773.22964435432
2020 10 17 676.4251576066458 3.5302377751648746 102809.07083566597
2020 10 18 673.612854485029 3.35663882703098 107009.81515083149
2020 10 19 670.8122437860828 3.1915765828565763 111382.20047644444
2020 10 20 668.0232768974275 3.034631251420142 115933.24000689542
2020 10 21 665.2459054087938 2.8854036846746767 120670.23349335669
2020 10 22 662.4800811111826 2.7435143626224834 125600.77895239668
2020 10 23 659.7257559960286 2.608602428108596 130732.78485300446
2020 10 24 656.9828822543669 2.4803247690781003 136074.482801572
2020 10 25 654.2514122760028 2.358355145963325 141634.4407451807
2020 10 26 651.5312986486856 2.242383361981644 147421.57671436953
2020 10 27 648.8224941572857 2.13211447423377 153445.1731274283
2020 10 28 646.124951782975 2.027268043596177 159714.8916791596
2020 10 29 643.4386247024106 1.9275774214999593 166240.78883799037
2020 10 30 640.7634662869223 1.8327890717822382 173033.33197629053
2020 10 31 638.099430101703 1.7426619258854341 180103.41615977086
2020 11 1 635.446469905003 1.6569667697645212 187462.3816228901
2020 11 2 632.804539647327 1.575485660943033 195122.0319583015
2020 11 3 630.1735934706351 1.4980113742352572 203094.65304951387
2020 11 4 627.5535857075463 1.4243468747249644 211393.03277713503
2020 11 5 624.9444708805465 1.3543048166603329 220030.48153030558
2020 11 6 622.3462037011986 1.2877070669906465 229020.85355622327
2020 11 7 619.7587390693568 1.2243842523330082 238378.56918200155
2020 11 8 617.1820320723831 1.1641753282169016 248118.63794450604
2020 11 9 614.6160379843685 1.1069271695110914 258256.68266526828
2020 11 10 612.0607122653562 1.0524941809912232 268808.96450909245
2020 11 11 609.5160105605686 1.000737927057708 279792.4090665484
2020 11 12 606.9818886996372 0.9515267796621764 291224.6335021867
2020 11 13 604.4583026958364 0.9047355835471014 303123.9748120205
2020 11 14 601.9452087453195 0.8602453379472149 315509.519235599
