2020 6 26 5773.870918497857 5420.768367450216 6126.973469545499
2020 6 27 6069.546697068173 5349.204317828726 6835.376529885575
2020 6 28 6364.419871102592 5264.533346225341 7607.729739297361
2020 6 29 6678.9382297240645 5185.602831202713 8473.712576707694
2020 6 30 7017.771901002414 5114.6666805728655 9449.399364451163
2020 7 1 7365.4157061677715 5038.593807384382 10526.146526574106
2020 7 2 7745.231717636277 4973.880037179943 11746.954265459084
2020 7 3 8121.513699503993 4895.149962506399 13074.283899470141
2020 7 4 8518.015838729858 4818.835078658961 14554.71540197023
2020 7 5 8938.961096045963 4746.586864134804 16211.469016178155
2020 7 6 9399.920895956406 4685.623519335935 18091.652498678628
2020 7 7 9911.588432494538 4638.870677348729 20241.74197542152
2020 7 8 10472.646957950896 4602.665262163585 22691.345498178573
2020 7 9 11093.03781261592 4578.860533831637 25497.136565078916
2020 7 10 11650.276130181734 4513.941673559132 28420.237080679002
2020 7 11 12141.076069567724 4413.355899625743 31448.096749227403
2020 7 12 12563.984790790048 4282.816677017808 34569.13150221569
2020 7 13 12919.137322881978 4128.0202583838 37772.95076613026
2020 7 14 13207.992003488036 3954.4269244471593 41050.50120518738
2020 7 15 13433.065557313374 3767.104142232681 44394.13916228859
2020 7 16 13597.681706875568 3570.624947283068 47797.64500328412
2020 7 17 13705.742525929289 3369.012803389494 51256.192344340314
2020 7 18 13761.527811139287 3165.723551769687 54766.28411694992
2020 7 19 13769.524649076133 2963.6553932468437 58325.66593885338
2020 7 20 13734.287067593357 2765.1787750672197 61933.22557280352
2020 7 21 13660.324090590635 2572.1792834238217 65588.88555485565
2020 7 22 13562.367620715211 2388.0575891982476 69343.20872237395
2020 7 23 13465.113584393108 2217.11569099349 73312.43022711703
2020 7 24 13368.556944561458 2058.41015287235 77508.85090022844
2020 7 25 13272.692700277545 1911.0650719130256 81945.47567530676
2020 7 26 13177.515886459778 1774.2672440619383 86636.05389139503
2020 7 27 13083.021573630549 1647.2616760244025 91595.12190292262
2020 7 28 12989.204867660914 1529.3474184230604 96838.04812865032
2020 7 29 12896.060909517113 1419.873697227101 102381.08067922747
2020 7 30 12803.584875008906 1318.2363221014466 108241.39771096164
2020 7 31 12711.771974539719 1223.8743518534282 114437.16066184992
2020 8 1 12620.61745285857 1136.2669985734003 120987.57053485303
2020 8 2 12530.11658881379 1054.930753383111 127912.9274028373
2020 8 3 12440.26469510849 979.4167179287033 135234.6933195934
2020 8 4 12351.057118057804 909.3081268907392 142975.5588318966
2020 8 5 12262.489237347856 844.2180478378712 151159.51329873275
2020 8 6 12174.556465796457 783.7872457295472 159811.9192356135
2020 8 7 12087.25424911553 727.6822002818492 168959.59091437722
2020 8 8 12000.578065675223 675.593265254216 178630.87746206124
2020 8 9 11914.523426269727 627.2329594980725 188855.7507163727
2020 8 10 11829.085873884764 582.3343803355884 199665.89811002742
2020 8 11 11744.260983466744 540.6497305119309 211094.82087180973
2020 8 12 11660.044361693583 501.9489505911968 223177.93784868435
2020 8 13 11576.431646747158 466.01844924815646 235952.6952707099
2020 8 14 11493.418508087396 432.65992444823206 249458.68279892203
2020 8 15 11411.000646227983 401.68926900975134 263737.75621582445
2020 8 16 11329.173792513684 372.93555450822555 278834.1671387123
2020 8 17 11247.933708899252 346.2400879147741 294794.7001578168
2020 8 18 11167.276187729934 321.45553576224216 311668.81782426906
2020 8 19 11087.197051523539 298.44511100524386 329508.81393720914
2020 8 20 11007.692152754076 277.08181808637664 348369.975605085
2020 8 21 10928.757373636945 257.2477520420931 368310.75458337844
2020 8 22 10850.38862591566 238.83344777996436 389392.9484197419
2020 8 23 10772.581850650113 221.73727593596755 411681.8919679262
2020 8 24 10695.333018006339 205.86488197750688 435246.6598640096
2020 8 25 10618.638127047814 191.12866545655262 460160.2805924142
2020 8 26 10542.493205528224 177.44729653887327 486499.9628051108
2020 8 27 10466.894309685737 164.74526714106406 514347.3345953882
2020 8 28 10391.83752403874 152.95247419807717 543788.6964677093
2020 8 29 10317.318961183048 142.00383276128852 574915.2887876204
2020 8 30 10243.334761590564 131.83891679177233 607823.5745405569
2020 8 31 10169.881093409384 122.40162566630536 642615.5382758282
2020 9 1 10096.95415226533 113.63987455553287 679399.0021622272
2020 9 2 10024.550161064917 105.50530696547938 718287.9601347359
2020 9 3 9952.665369799723 97.95302785590826 759402.931167868
2020 9 4 9881.29605535216 90.94135586259839 802871.3327704588
2020 9 5 9810.43852130266 84.43159325604158 848827.8758593858
2020 9 6 9740.089097738206 78.38781236695282 897414.9822359527
2020 9 7 9670.24414106227 72.77665729986582 948783.2259587193
2020 9 8 9600.900033806101 67.56715984046286 1003091.7999806157
2020 9 9 9532.053184441356 62.73056854062292 1060509.009496475
2020 9 10 9463.700027194098 58.240190037901 1121212.7935298928
2020 9 11 9395.837021860101 54.071241733673936 1185391.2763758416
2020 9 12 9328.460653621503 50.200715016876565 1253243.3506079894
2020 9 13 9261.567432864758 46.607248278454215 1324979.2934574941
2020 9 14 9195.153894999905 43.27100901569246 1400821.418473464
2020 9 15 9129.216600281115 40.17358437575275 1481004.764484615
2020 9 16 9063.752133628554 37.29787953431894 1565777.823997256
2020 9 17 8998.75710445149 34.62802334850165 1655403.3132869443
2020 9 18 8934.228146472695 32.14928076329503 1750158.9865703676
2020 9 19 8870.161917554089 29.847971488152954 1850338.4967806162
2020 9 20 8806.55509952365 27.711394494857178 1956252.3056134328
2020 9 21 8743.404398003548 25.727757919977865 2068228.645664722
2020 9 22 8680.706542239523 23.886113985054987 2186614.5376410377
2020 9 23 8618.458284931485 22.176298575322193 2311776.8657954354
2020 9 24 8556.656402065324 20.588875143505476 2444103.5149215255
2020 9 25 8495.29769274593 19.115082629099156 2584004.572429332
2020 9 26 8434.378979031411 17.746787105683392 2731913.5992282555
2020 9 27 8373.8971057685 16.476436889422594 2888288.9733556733
2020 9 28 8313.848940429134 15.297020860986533 3053615.310515157
2020 9 29 8254.231372948218 14.20202977087102 3228404.9659266286
2020 9 30 8195.041315562543 13.185420314560446 3413199.6221427713
2020 10 1 8136.2757026508625 12.241581779261445 3608571.9677524255
2020 10 2 8077.931490575115 11.365305078129508 3815127.4721733583
2020 10 3 8020.005657522786 10.551754001087058 4033506.2620345866
2020 10 4 7962.4952033504 9.796438523564992 4264385.104963265
2020 10 5 7905.397149428131 9.09519002585743 4508479.506924001
2020 10 6 7848.708538485539 8.444138286324202 4766545.929610355
2020 10 7 7792.426434458394 7.83969012146552 5039384.134760365
2020 10 8 7736.5479223366165 7.278509554982477 5327839.662661226
2020 10 9 7681.0701080132985 6.757499406375512 5632806.452524164
2020 10 10 7625.990118134809 6.273784197467517 5955229.612850182
2020 10 11 7571.305099951975 5.82469428251192 6296108.350372187
2020 10 12 7517.012221172331 5.407751114299099 6656499.066650455
2020 10 13 7463.108669813425 5.020653564944128 7037518.631917938
2020 10 14 7409.591654057177 4.661265225859654 7440347.846321249
2020 10 15 7356.458402105286 4.327602616821908 7866235.0992838945
2020 10 16 7303.706162035667 4.017824239055156 8316500.238332302
2020 10 17 7251.332201659925 3.730220411918072 8792538.659374371
2020 10 18 7199.333808381843 3.463203837100256 9295825.631106516
2020 10 19 7147.708289056892 3.215300838252278 9827920.866950786
2020 10 20 7096.452969852745 2.9851432277003807 10390473.358690728
2020 10 21 7045.565196110791 2.771460755357869 10985226.486785712
2020 10 22 6995.042332208642 2.573074098158399 11614023.423200835
2020 10 23 6944.881761423628 2.3888883513195367 12278812.843496071
2020 10 24 6895.080885797268 2.217886985514579 12981654.965876756
2020 10 25 6845.637126000716 2.0591262366019962 13724727.935920719
2020 10 26 6796.5479212011705 1.9117298969491743 14510334.5767687
2020 10 27 6747.810728929239 1.7748844796035257 15340909.525697248
2020 10 28 6699.423024947258 1.6478347286218282 16219026.77919072
2020 10 29 6651.3823031185575 1.5298794507790907 17147407.66989496
2020 10 30 6603.6860752776565 1.4203676456519658 18128929.3001737
2020 10 31 6556.331871101398 1.3186949127184666 19166633.458403673
2020 11 1 6509.317237981002 1.22430011564461 20263736.04564056
2020 11 2 6462.639740895039 1.1366622853480393 21423637.041869517
2020 11 3 6416.296962283311 1.0552977447464928 22649931.042726185
2020 11 4 6370.2865019216415 0.9797574393224808 23946418.399342105
2020 11 5 6324.605976797561 0.9096244587714353 25317116.995837484
2020 11 6 6279.253020986884 0.8445117360552009 26766274.700960398
2020 11 7 6234.225285531167 0.7840599111618411 28298382.53246075
2020 11 8 6189.520438316057 0.7279353477817525 29918188.57499607
2020 11 9 6145.1361639504985 0.6758282919540368 31630712.694701497
2020 11 10 6101.070163646814 0.6274511625206178 33441262.096025206
2020 11 11 6057.3201551016455 0.5825369639530421 35355447.769040726
2020 11 12 6013.883872377744 0.5408378127922856 37379201.87820727
2020 11 13 5970.759065786615 0.502123569568921 39518796.14646676
2020 11 14 5927.943501771995 0.4661805686531527 41780861.29165094
