2020 4 12 22018
2020 4 13 23528
2020 4 14 25831
2020 4 15 28325
2020 4 16 32916
2020 4 17 36773
2020 4 18 38664
2020 4 19 40661
2020 4 20 42094
2020 4 21 44444
2020 4 22 46622
2020 4 23 49954
2020 4 24 51949
2020 4 25 53755
2020 4 26 54881
2020 4 27 56259
2020 4 28 58355
2020 4 29 60967
2020 4 30 62989
2020 5 1 64936
2020 5 2 66362
2020 5 3 67675
2020 5 4 68915
2020 5 5 71057
2020 5 6 73424
2020 5 7 75655
2020 5 8 77173
2020 5 9 78788
2020 5 10 79519
2020 5 11 80675
2020 5 12 82369
2020 5 13 84112
2020 5 14 85891
2020 5 15 87523
2020 5 16 88747
2020 5 17 89554
2020 5 18 90337
2020 5 19 91911
2020 5 20 93428
2020 5 21 94690
2020 5 22 95967
2020 5 23 97075
2020 5 24 97708
2020 5 25 98208
2020 5 26 98900
2020 5 27 100404
2020 5 28 101601
2020 5 29 102794
2020 5 30 103760
2020 5 31 104365
2020 6 1 105132
2020 6 2 106163
2020 6 3 107158
2020 6 4 108194
2020 6 5 109356
2020 6 6 110067
2020 6 7 110511
2020 6 8 110994
2020 6 9 111977
2020 6 10 112906
2020 6 11 113802
2020 6 12 114651
2020 6 13 115418
2020 6 14 115714
2020 6 15 116109
2020 6 16 116945
2020 6 17 117699
2020 6 18 118414
2020 6 19 119104
2020 6 20 119699
2020 6 21 119957
2020 6 22 120382
2020 6 23 121208
2020 6 24 121960
2020 6 25 122922.92
2020 6 26 124009.845
2020 6 27 125128.375
2020 6 28 126083.42
2020 6 29 127030.17
2020 6 30 128185.8
2020 7 1 129540.51000000001
2020 7 2 130907.645
2020 7 3 132183.0485
2020 7 4 133496.5775
2020 7 5 134847.8225
2020 7 6 136239.2545
2020 7 7 137673.7855
2020 7 8 139152.693
2020 7 9 140680.625
2020 7 10 142257.3645
2020 7 11 143886.2785
2020 7 12 145571.819
2020 7 13 147321.5635
2020 7 14 149144.0765
2020 7 15 151047.4115
2020 7 16 153041.11649999997
2020 7 17 155131.32349999997
2020 7 18 157324.59149999998
2020 7 19 159627.94499999998
2020 7 20 162048.90899999999
2020 7 21 164595.5475
2020 7 22 167276.5055
2020 7 23 170101.065
2020 7 24 173079.187
2020 7 25 176221.564
2020 7 26 179539.68300000002
2020 7 27 181008.67190283167
2020 7 28 182442.66427224388
2020 7 29 183841.64679032378
2020 7 30 185206.4741964106
2020 7 31 186537.98036202183
2020 8 1 187836.97880032542
2020 8 2 189104.26316317366
2020 8 3 190340.60772600243
2020 8 4 191546.76786089182
2020 8 5 192723.4804980775
2020 8 6 193871.46457619447
2020 8 7 194991.42148152864
2020 8 8 196084.03547654423
2020 8 9 197149.97411794914
2020 8 10 198189.88866455344
2020 8 11 199204.41447517037
2020 8 12 200194.17139680288
2020 8 13 201159.76414335286
2020 8 14 202101.78266508452
2020 8 15 203020.80250906755
2020 8 16 203917.38517082034
2020 8 17 204792.0784373681
2020 8 18 205645.4167219254
2020 8 19 206477.92139040792
2020 8 20 207290.10107997234
2020 8 21 208082.45200977952
2020 8 22 208855.45828417063
2020 8 23 209609.59218844134
2020 8 24 210345.31447739503
2020 8 25 211063.0746568511
2020 8 26 211763.3112582805
2020 8 27 212446.45210673634
2020 8 28 213112.9145822429
2020 8 29 213763.10587480332
2020 8 30 214397.42323318138
2020 8 31 215016.25420760928
2020 9 1 215619.97688657013
2020 9 2 216208.9601277995
2020 9 3 216783.5637836472
2020 9 4 217344.13892093697
2020 9 5 217891.02803545858
2020 9 6 218424.5652612233
2020 9 7 218945.07657461028
2020 9 8 219452.87999352923
2020 9 9 219948.28577172037
2020 9 10 220431.5965883109
2020 9 11 220903.10773274343
2020 9 12 221363.10728518968
2020 9 13 221811.8762925594
2020 9 14 222249.68894021225
2020 9 15 222676.8127194773
2020 9 16 223093.50859108294
2020 9 17 223500.03114459643
2020 9 18 223896.62875397122
2020 9 19 224283.54372929642
2020 9 20 224661.01246484145
2020 9 21 225029.26558348647
2020 9 22 225388.5280776265
2020 9 23 225739.01944663547
2020 9 24 226080.95383097423
2020 9 25 226414.5401430244
2020 9 26 226739.9821947281
2020 9 27 227057.47882211124
2020 9 28 227367.22400676686
2020 9 29 227669.4069943725
2020 9 30 227964.21241031392
2020 10 1 228251.82037248628
2020 10 2 228532.40660134092
2020 10 3 228806.14252724583
2020 10 4 229073.19539522473
2020 10 5 229333.72836713915
2020 10 6 229587.90062137583
2020 10 7 229835.86745010017
2020 10 8 230077.78035413552
2020 10 9 230313.78713552596
2020 10 10 230544.03198783912
2020 10 11 230768.65558426458
2020 10 12 230987.79516356112
2020 10 13 231201.5846139059
2020 10 14 231410.15455469635
2020 10 15 231613.632416355
2020 10 16 231812.14251818586
2020 10 17 232005.80614433018
2020 10 18 232194.74161786755
2020 10 19 232379.06437310806
2020 10 20 232558.88702611945
2020 10 21 232734.31944353238
2020 10 22 232905.46880966588
2020 10 23 233072.439692014
2020 10 24 233235.33410513363
2020 10 25 233394.25157297248
2020 10 26 233549.28918967556
2020 10 27 233700.5416789069
2020 10 28 233848.1014517232
2020 10 29 233992.0586630342
2020 10 30 234132.501266685
2020 10 31 234269.51506919332
2020 11 1 234403.18378217495
2020 11 2 234533.58907348913
2020 11 3 234660.81061713546
