2020 6 26 35744.08967132453 34118.9450114692 37369.23433117987
2020 6 27 36285.61710396211 33059.252332652664 39662.174174018
2020 6 28 36767.65643107482 31970.799014151136 42021.81515337048
2020 6 29 37287.27744016658 30945.29266140584 44557.472775076385
2020 6 30 37852.18436066419 29984.1697408084 47291.47593170254
2020 7 1 38399.971579105215 29032.55750223786 50161.15333449618
2020 7 2 39020.81053470898 28160.384394429188 53290.0352565567
2020 7 3 39572.27437314082 27257.102212477646 56505.63371574003
2020 7 4 40151.665544511496 26396.661997231666 59944.015236791536
2020 7 5 40787.20633481324 25594.720909805823 63662.786399765464
2020 7 6 41529.64887561938 24877.91330161308 67763.41663251596
2020 7 7 42387.73246495943 24242.35849557152 72294.81409668937
2020 7 8 43339.0274309046 23666.2096078552 77257.96852170833
2020 7 9 44401.71034573932 23152.920960881063 82722.35751993104
2020 7 10 45191.30961027814 22494.780215148032 88015.9252663131
2020 7 11 45720.935909592816 21718.95206866339 93114.56025546337
2020 7 12 46007.265998748364 20851.359386904336 98000.41728010507
2020 7 13 46069.430050935924 19916.01489577715 102661.32500781491
2020 7 14 45928.04004108285 18934.594210921965 107090.1179207826
2020 7 15 45604.37219536552 17926.209990441424 111283.94037165835
2020 7 16 45119.70359370875 16907.34552539996 115243.5590712619
2020 7 17 44494.794108228154 15891.908331218607 118972.70997507902
2020 7 18 43749.499347106066 14891.368755500316 122477.49669983877
2020 7 19 42902.49742576721 13914.954112485375 125765.85042081359
2020 7 20 41971.11150947594 12969.874571288625 128847.05562814043
2020 7 21 40971.21055463422 12061.562435404678 131731.34199783276
2020 7 22 39970.92908799688 11209.736858916327 134602.38038988246
2020 7 23 38995.06874533791 10418.06989095367 137535.992056626
2020 7 24 38043.03330317794 9682.312940866648 140533.54076063688
2020 7 25 37114.24109438801 8998.517466875253 143596.41998721537
2020 7 26 36208.12465280713 8363.013785672087 146726.05359218517
2020 7 27 35324.13036653626 7772.39137855762 149923.8964638082
2020 7 28 34461.71813969687 7223.480588418282 153191.4351991257
2020 7 29 33620.36106244743 6713.335609321686 156530.18879504
2020 7 30 32799.54508905614 6239.218677440269 159941.70935445814
2020 7 31 31998.768723833327 5798.585378461775 163427.5828078255
2020 8 1 31217.542714731564 5389.070992636734 166989.4296503853
2020 8 2 30455.389754426284 5008.477804181758 170628.9056955062
2020 8 3 29711.84418869431 4654.763306932788 174347.7028444283
2020 8 4 28986.451731912104 4326.029242952311 178147.54987278592
2020 8 5 28278.769189499897 4020.5114152647006 182030.21323427183
2020 8 6 27588.364187142157 3736.5702200483165 185997.49788181746
2020 8 7 26914.81490661893 3472.681847474049 190051.24810667027
2020 8 8 26257.709828086656 3227.4301039684024 194193.34839575857
2020 8 9 25616.647478651015 2999.498812014144 198425.7243077422
2020 8 10 24991.23618707817 2787.6647467010007 202750.3433681566
2020 8 11 24381.093844494568 2590.791071119421 207169.21598406613
2020 8 12 23785.84767092904 2407.82123536753 211684.3963786519
2020 8 13 23205.133987554655 2237.7733064294557 216297.98354616875
2020 8 14 22638.597994491065 2079.734698495528 221012.122227715
2020 8 15 22085.893554031685 1932.8572754438817 225829.00390826896
2020 8 16 21546.68297916318 1796.3527992002576 230750.8678354553
2020 8 17 21020.636827248116 1669.4886995489853 235780.00206051525
2020 8 18 20507.4336987447 1551.584142693256 240918.74450196425
2020 8 19 20006.760040840585 1442.0063774660662 246169.4840324317
2020 8 20 19518.309955880875 1340.1673395832681 251534.66158918812
2020 8 21 19041.78501447315 1245.5204957149783 257016.77130887553
2020 8 22 18576.89407315544 1157.5579104386147 262618.3616869693
2020 8 23 18123.35309651567 1075.8075203329618 268342.03676250967
2020 8 24 17680.884983653956 999.8306005843071 274190.4573286544
2020 8 25 17249.21939888165 929.2194105088444 280166.3421696149
2020 8 26 16828.09260655379 863.5950053557068 286272.46932455065
2020 8 27 16417.24730993395 802.6052026473727 292511.67737901025
2020 8 28 16016.432493993125 745.9226921435244 298886.8667845187
2020 8 29 15625.403272046515 693.2432792852198 305401.0012069245
2020 8 30 15243.920736134609 644.2842526925764 312057.10890413384
2020 8 31 14871.751811057064 598.7828669549162 318858.2841338718
2020 9 1 14508.669111970254 556.4949325710567 325807.68859212514
2020 9 2 14154.450805461467 517.1935054724636 332908.5528829357
2020 9 3 13808.880474014875 480.6676690964128 340164.1780202271
2020 9 4 13471.746983786456 446.7214024729854 347577.9369623638
2020 9 5 13142.844355607098 415.17252825132925 355153.2761801544
2020 9 6 12821.97163913507 385.8517350196231 362893.71725903015
2020 9 7 12508.932790080959 358.60166867188855 370802.8585361413
2020 9 8 12203.536550430072 333.27608794534257 378884.37677313416
2020 9 9 11905.596331589117 309.73907959636585 387142.02886538557
2020 9 10 11614.930100385776 287.8643290032191 395579.65358848916
2020 9 11 11331.360267851504 267.53444228109544 404201.17338280624
2020 9 12 11054.713580719617 248.64031627154606 413010.59617690986
2020 9 13 10784.821015572377 231.0805530252391 422012.0172507705
2020 9 14 10521.51767557239 214.76091563579283 431209.6211395492
2020 9 15 10264.642689715234 199.59382250433922 440607.68357888283
2020 9 16 10014.039114541758 185.4978773207194 450210.5734925669
2020 9 17 9769.553838250002 172.39743223888902 460022.75502355845
2020 9 18 9531.037487148147 160.2221819022542 470048.7896092445
2020 9 19 9298.34433439136 148.90678614021834 480293.3381019398
2020 9 20 9071.332210946744 138.39051931108898 490761.16293560056
2020 9 21 8849.862418732026 128.61694440949412 501457.1303397605
2020 9 22 8633.799645874888 119.53361018936067 512386.21260171913
2020 9 23 8423.011884041187 111.0917696770233 523553.49037803354
2020 9 24 8217.37034778154 103.24611856382516 534964.1550563884
2020 9 25 8016.749395847002 95.95455207425833 546623.511168942
2020 9 26 7821.026454425766 89.17793900484266 558536.9788582702
2020 9 27 7630.081942253974 82.8799117210918 570710.0963970555
2020 9 28 7443.799197554902 77.02667098555571 583148.5227626906
2020 9 29 7262.064406761862 71.58680456952219 595858.0402679953
2020 9 30 7084.766534981285 66.53111867493219 608844.5572492696
2020 10 1 6911.797258153495 61.83248126181105 622114.1108129303
2020 10 2 6743.050896869726 57.46567644041063 635672.8696420111
2020 10 3 6578.424351804946 53.407269146637546 649527.1368638286
2020 10 4 6417.817040727047 49.63547937452942 663683.3529801485
2020 10 5 6261.1308370439 46.130065290830274 678148.0988612132
2020 10 6 6108.27000985074 42.87221460438325 692928.0988050237
2020 10 7 5959.141165441254 39.844443607359366 708030.2236632974
2020 10 8 5813.653190246626 37.03050334651308 723461.4940355547
2020 10 9 5671.717195167687 34.41529242091968 739229.0835328201
2020 10 10 5533.2464612661515 31.984775938211484 755340.3221124541
2020 10 11 5398.156386781761 29.725910194380212 771802.6994856666
2020 10 12 5266.364435442969 27.62657267292922 788623.8685992963
2020 10 13 5137.790086039574 25.67549698770638 805811.649193474
2020 10 14 5012.354783226508 23.862212420279267 823374.0314368235
2020 10 15 4889.981889528706 22.17698772737157 841319.1796408914
2020 10 16 4770.596638517749 20.610778916795567 859655.4360555303
2020 10 17 4654.126089131652 19.155180711612935 878391.3247470025
2020 10 18 4540.499081109915 17.802381442049583 897535.5555606043
2020 10 19 4429.646191516581 16.545121123085725 917097.0281696554
2020 10 20 4321.49969232476 15.376652492738728 937084.8362127335
2020 10 21 4215.993509036688 14.290704801945322 957508.2715210797
2020 10 22 4113.063180314055 13.281450161716494 978376.8284381373
2020 10 23 4012.6458185939186 12.343472266962442 999700.2082332352
2020 10 24 3914.680071666158 11.471737329139648 1021488.3236114639
2020 10 25 3819.106085188981 10.661567061726075 1043751.3033218448
2020 10 26 3725.8654661195915 9.908613573547301 1066499.496865931
2020 10 27 3634.9012470376642 9.208836035215134 1089743.479309032
2020 10 28 3546.1578513398413 8.558478993455921 1113494.0561962964
2020 10 29 3459.581059283974 7.954052216949381 1137762.2685759387
2020 10 30 3375.1179748623713 7.392311965517849 1162559.3981319468
2020 10 31 3292.716993483814 6.870243582144456 1187896.9724286539
2020 11 1 3212.327770444586 6.385045314397874 1213786.770269614
2020 11 2 3133.9011901692634 5.934113278439074 1240240.827173273
2020 11 3 3057.389336202468 5.515027484917338 1267271.4409679805
2020 11 4 2982.745461933245 5.125538851761563 1294891.1775089402
2020 11 5 2909.9239620341905 4.763557134169207 1323112.8765197631
2020 11 6 2838.8803445978624 4.42713970701747 1351949.6575613322
2020 11 7 2769.5712039534674 4.1144811394959815 1381414.926130758
2020 11 8 2701.9541941472057 3.8239035060117987 1411522.3798932584
2020 11 9 2635.9880030700724 3.5538473813688523 1442286.0150498606
2020 11 10 2571.632327217309 3.3028634718962175 1473720.1328438828
2020 11 11 2508.847847064087 3.069604837612498 1505839.3462092257
2020 11 12 2447.596203042372 2.852819663685488 1538658.5865635586
2020 11 13 2387.8399721042974 2.651344542394151 1572193.110749561
2020 11 14 2329.5426448577246 2.4640982295396285 1606458.5081274477
