2020 6 26 538.8758310090681 517.3804122353924 560.3712497827439
2020 6 27 553.2508163511523 509.96928507506624 598.2949808123965
2020 6 28 567.8471684076849 502.5148998984074 638.6099451477714
2020 6 29 582.828614325919 495.169477869115 681.6414563396079
2020 6 30 598.034549279032 487.7863450390882 727.3728475222417
2020 7 1 613.2867655234762 480.2274610595976 775.7461318304331
2020 7 2 629.4670390569744 473.20782169715983 828.0183029851758
2020 7 3 645.3364770838648 465.7362043152795 882.8423202163085
2020 7 4 661.6059981137772 458.3825584962973 941.2962968994527
2020 7 5 678.0918426673003 451.01071866428 1003.3447834658673
2020 7 6 695.5845086792621 444.15386384768635 1070.3653089421166
2020 7 7 715.4645445384583 438.6375287169138 1144.8419022237215
2020 7 8 736.6464498145403 433.6395178382121 1225.6746242664497
2020 7 9 758.8331689554786 428.92079965083275 1312.8430722024293
2020 7 10 779.0034510057417 422.7359540606733 1401.566135996035
2020 7 11 797.2294462130238 415.2942569426032 1491.822451761228
2020 7 12 813.5972532756485 406.7934556822666 1583.615878851432
2020 7 13 828.2027386962375 397.4174901808634 1676.973114423492
2020 7 14 841.1479854425904 387.33513683116905 1771.941333701133
2020 7 15 852.5383401866073 376.69939193218886 1868.5859297394645
2020 7 16 862.4800110650899 365.6474287432541 1966.9884028915794
2020 7 17 871.0781583282292 354.300983772597 2067.2444311693957
2020 7 18 878.4354164278143 342.76705032557953 2169.4621378672286
2020 7 19 884.6507863701513 331.13877905954286 2273.7605616397004
2020 7 20 889.8188401625686 319.4965052448388 2380.268326113963
2020 7 21 894.0291838638827 307.9088400583657 2489.12250050292
2020 7 22 897.3661313203859 296.4337783335831 2600.467639052509
2020 7 23 900.4536477279638 285.2998552026944 2716.0346278376724
2020 7 24 903.5517871769451 274.584117357509 2836.737511681209
2020 7 25 906.660586217422 264.2708579415018 2962.8045341181282
2020 7 26 909.7800815252419 254.34496004081257 3094.4740820198344
2020 7 27 912.9103099024414 244.79187452625754 3231.9951363726063
2020 7 28 916.0513082776794 235.59759872758508 3375.6277430890527
2020 7 29 919.203113706673 226.748655908717 3525.6435047428286
2020 7 30 922.365763372635 218.23207551389103 3682.3260941564595
2020 7 31 925.5392945867125 210.0353741557493 3845.971790813445
2020 8 1 928.7237447884265 202.14653731750622 4016.8900411089708
2020 8 2 931.9191515461146 194.5540017423745 4195.404043498639
2020 8 3 935.125552557373 187.2466384844371 4381.851359651703
2020 8 4 938.3429856495023 180.2137365961207 4576.584552764473
2020 8 5 941.5714887799533 173.44498742836058 4779.971854240907
2020 8 6 944.8111000367745 166.9304695204446 4992.397860001059
2020 8 7 948.0618576390623 160.6606340573879 5214.2642577340575
2020 8 8 951.3237999374109 154.62629087352227 5445.9905864708335
2020 8 9 954.5969654143654 148.81859498178457 5688.015029912896
2020 8 10 957.8813926848757 143.2290336089593 5940.79524501732
2020 8 11 961.1771204967516 137.84941371787158 6204.809227404741
2020 8 12 964.4841877311208 132.6718499982414 6480.556215226835
2020 8 13 967.8026334028865 127.6887533085958 6768.557633202418
2020 8 14 971.1324966611887 122.89281955229806 7069.3580786073235
2020 8 15 974.4738167898654 118.27701897138819 7383.526351082495
2020 8 16 977.8266332079163 113.8345858425422 7711.656528207641
2020 8 17 981.1909854699678 109.55900856004656 8054.369088874276
2020 8 18 984.5669132667397 105.44402009125187 8412.31208658243
2020 8 19 987.9544564255132 101.48358879051546 8786.162374879646
2020 8 20 991.3536549106011 97.67190955816831 9176.626887259543
2020 8 21 994.7645488238193 94.00339533154734 9584.443973940135
2020 8 22 998.1871784049594 90.47266889562073 10010.384798049732
2020 8 23 1001.6215840322639 87.07455500120268 10455.254793860522
2020 8 24 1005.0678062229025 83.8040727792045 10919.895189827283
2020 8 25 1008.5258856334499 80.65642843980312 11405.184599311238
2020 8 26 1011.9958630603655 77.62700824582566 11912.040681997029
2020 8 27 1015.4777794404749 74.71137175005062 12441.421879144455
2020 8 28 1018.9716758514527 71.905245286513 12994.329225956295
2020 8 29 1022.4775935123068 69.20451570627327 13571.808244489272
2020 8 30 1025.9955737838654 66.60522434846807 14174.9509206876
2020 8 31 1029.5256581692645 64.10356123780554 14804.897769277575
2020 9 1 1033.0678883144371 61.69585950000029 15462.83999042784
2020 9 2 1036.6223060086056 59.37858998696217 16150.021722253447
2020 9 3 1040.188953184774 57.14835610386054 16867.74239342313
2020 9 4 1043.7678719202222 55.001888830481825 17617.35918031843
2020 9 5 1047.359104437004 52.936041929582636 18400.28957339107
2020 9 6 1050.9626931024434 50.947787335215104 19218.014057571396
2020 9 7 1054.5786804296356 49.03421071426467 20072.078911796492
2020 9 8 1058.2071090779482 47.19250719469457 20964.09913295167
2020 9 9 1061.8480218535244 45.41997725423564 21895.761489754394
2020 9 10 1065.501461709788 43.714022763495066 22868.82771235543
2020 9 11 1069.16747174795 42.07214317768427 23885.137823688543
2020 9 12 1072.8460952175178 40.49193187138385 24946.613618868225
2020 9 13 1076.5373755168046 38.971072610973124 26055.262299214803
2020 9 14 1080.2413561934413 37.50733615955368 27213.180267778705
2020 9 15 1083.9580809448914 36.098577009390524 28422.557093541047
2020 9 16 1087.6875936189654 34.74273023708129 29685.679651786657
2020 9 17 1091.4299382143383 33.43780847684395 31004.936448478795
2020 9 18 1095.1851588810691 32.181899007486486 32382.822136812752
2020 9 19 1098.9532999211212 30.973160948788724 33821.942234488924
2020 9 20 1102.7344057888854 29.80982256318684 35325.018050625506
2020 9 21 1106.528521091704 28.690178658805408 36894.89183162736
2020 9 22 1110.3356905903977 27.612588090030425 38534.532135741676
2020 9 23 1114.1559591997925 26.57547135195975 40247.03944646344
2020 9 24 1117.9893719892507 25.57730826520489 42035.65203540539
2020 9 25 1121.8359741832019 24.616635747650662 43903.75208571892
2020 9 26 1125.6958111616773 23.69204566990655 45854.87208764502
2020 9 27 1129.568928460844 22.80218279130639 47892.701518288806
2020 9 28 1133.4553717735434 21.945742773431014 50021.093818249086
2020 9 29 1137.3551869498292 21.121470268242103 52244.07367829512
2020 9 30 1141.268419997509 20.328157078024883 54565.84464986954
2020 10 1 1145.1951170826867 19.564640384442605 56990.797093808455
2020 10 2 1149.1353245303071 18.82980104410692 59523.516482309446
2020 10 3 1153.089088824703 18.12256194816593 62168.792069846044
2020 10 4 1157.056456610143 17.44188644350537 64931.625949425026
2020 10 5 1161.0374746913817 16.78677681324878 67817.24251131146
2020 10 6 1165.0321900342128 16.156272814329427 70831.09832210749
2020 10 7 1169.040649766022 15.549450269990418 73978.89244286582
2020 10 8 1173.0629011763435 14.965419715149846 77266.57720574891
2020 10 9 1177.0989917174181 14.403325092645458 80700.36946961196
2020 10 10 1181.1489690047529 13.862342498447802 84286.76237579374
2020 10 11 1185.2128808176826 13.341678974002606 88032.5376263445
2020 10 12 1189.2907750999339 12.840571343932265 91944.77830790901
2020 10 13 1193.3826999601904 12.358285097392738 96030.8822855136
2020 10 14 1197.488703672661 11.894113311446205 100298.57619158462
2020 10 15 1201.6088346776482 11.447375614871364 104755.93003665074
2020 10 16 1205.7431415821209 11.017417190892566 109411.37246935717
2020 10 17 1209.891673160287 10.603607817366012 114273.70671464797
2020 10 18 1214.0544783541689 10.205340943016123 119352.12722025461
2020 10 19 1218.2316062741813 9.822032798368088 124656.2370429687
2020 10 20 1222.4231061997102 9.453121540073376 130196.06600757537
2020 10 21 1226.6290275796944 9.098066427374023 135982.08967278508
2020 10 22 1230.8494200332084 8.756347029498556 142025.24914002753
2020 10 23 1235.0843333500488 8.427462462827776 148336.97174256525
2020 10 24 1239.333817491321 8.110930656712265 154929.19265404876
2020 10 25 1243.5979225900285 7.806287646865461 161814.37745737456
2020 10 26 1247.8766989516646 7.513086895296592 169005.54571652203
2020 10 27 1252.170197054806 7.230898635786617 176516.29559594297
2020 10 28 1256.4784675517083 6.959309243947815 184360.8295740576
2020 10 29 1260.8015612689028 6.6979206309436545 192553.98129948013
2020 10 30 1265.1395292077973 6.446349659980283 201111.24364075792
2020 10 31 1269.4924225452771 6.204227584714343 210048.79798266466
2020 11 1 1273.8602926343087 5.971199508753936 219383.54482444588
2020 11 2 1278.2431910045464 5.746923865460506 229133.13573787626
2020 11 3 1282.6411693629386 5.531071917289125 239316.00674556033
2020 11 4 1287.05427959434 5.323327273933353 249951.413182593
2020 11 5 1291.4825737621218 5.123385428568349 261059.46610750203
2020 11 6 1295.9261041087868 4.930953311512501 272661.17033132346
2020 11 7 1300.3849230565859 4.745748860653327 284778.4641367217
2020 11 8 1304.8590832081359 4.567500608007989 297434.2607622609
2020 11 9 1309.3486373470405 4.395947281812412 310652.49173027236
2020 11 10 1313.853638438513 4.230837423555771 324458.1521002496
2020 11 11 1318.374139630001 4.071929019398982 338877.34773334215
2020 11 12 1322.910194251814 3.918989145436963 353937.34465732396
2020 11 13 1327.461855817751 3.771793626284688 369666.6206253829
2020 11 14 1332.0291780257337 3.630126706486594 386094.9189662261
