2020 6 26 499.21127616286543 466.38038700958185 532.0421653161491
2020 6 27 485.3429814071253 423.6229762658893 551.2586988416363
2020 6 28 473.32391025453563 386.06332198001144 572.8320841013872
2020 6 29 460.6744732758393 351.0768942748002 594.1266344649514
2020 6 30 447.3904048984399 318.51978506774867 614.9583326384981
2020 7 1 434.96171527886224 289.3181255222871 637.169668856377
2020 7 2 421.6319093431616 261.96460647180726 658.3574230391428
2020 7 3 409.91880133378083 237.9478840897944 682.1362667405012
2020 7 4 398.4074430739894 216.06122410992168 706.5682101041222
2020 7 5 386.37813628000896 195.7315197504662 730.3833555477128
2020 7 6 373.3135013741725 176.60621464822185 752.3575029523951
2020 7 7 359.48951448927664 158.78146313727493 772.5721070567452
2020 7 8 345.393097139828 142.40932052031349 791.644234698827
2020 7 9 330.90137585633704 127.33443445924577 809.0142311645634
2020 7 10 320.2315978620078 115.09206403118071 834.6229830179468
2020 7 11 312.70511466611174 105.03277568091127 868.3380816360595
2020 7 12 307.8156429107458 96.67900445124909 910.2465139811081
2020 7 13 305.1821065076073 89.67418359596324 960.6225495875398
2020 7 14 304.5158544647988 83.74833580593345 1019.9080649115347
2020 7 15 305.5975135279241 78.69439248591726 1088.701796252951
2020 7 16 308.26040881217216 74.35163306253195 1167.7552491428658
2020 7 17 312.37853304019876 70.59393019753388 1257.9737902064333
2020 7 18 317.85771262528976 67.321290178678 1360.4219743683498
2020 7 19 324.6290517731052 64.45368587697224 1476.3325166437228
2020 7 20 332.6440210683923 61.92650658690465 1607.1185655510749
2020 7 21 341.2051706513874 59.56325596942812 1751.1734789449229
2020 7 22 349.98665572078926 57.29019215222209 1908.140829863748
2020 7 23 358.9941469784236 55.10387341019703 2079.1780314002963
2020 7 24 368.2334610711008 53.000989362002805 2265.546241975387
2020 7 25 377.7105643467539 50.978355957664974 2468.619664604671
2020 7 26 387.4315767072473 49.032910657503855 2689.895679710026
2020 7 27 397.4027755603433 47.161707795036534 2931.005886190805
2020 7 28 407.63059987337977 45.36191411684064 3193.7281321672835
2020 7 29 418.1216543312758 43.63080449262666 3479.999624106086
2020 7 30 428.88271360155034 41.96575778902329 3791.9312109889293
2020 7 31 439.92072670910835 40.3642529008281 4131.822948850307
2020 8 1 451.2428215236195 38.823864933714304 4502.181060450647
2020 8 2 462.8563093623869 37.34226153261388 4905.736415138652
2020 8 3 474.76868971167846 35.91719935021747 5345.464665165757
2020 8 4 486.9876550695695 34.54652065024413 5824.60818692968
2020 8 5 499.52109591342406 33.22815004033765 6346.699988932814
2020 8 6 512.3771057952226 31.960091329642733 6915.5897627429695
2020 8 7 525.5639865680266 30.74042450630288 7535.472269045619
2020 8 8 539.0902537469549 29.567302830303586 8210.918268094787
2020 8 9 552.9646420081332 28.438950037258955 8946.908222631075
2020 8 10 567.1961108291695 27.353657648907944 9748.86902177839
2020 8 11 581.7938502747951 26.30978238624791 10622.71399670636
2020 8 12 596.7672869314098 25.305743681388662 11574.886523117584
2020 8 13 612.1260899943619 24.34002128435955 12612.407532066647
2020 8 14 627.8801775118952 23.41115296124606 13742.927279436235
2020 8 15 644.0397227897936 22.517732280170502 14974.781755797345
2020 8 16 660.6151609608602 21.658406481764537 16317.054152596811
2020 8 17 677.6171957234735 20.83187443090909 17779.641837898715
2020 8 18 695.056806253571 20.03688464664036 19373.32933553141
2020 8 19 712.9452542945241 19.272233407238907 21109.867845758567
2020 8 20 731.2940914294834 18.536762927632676 23002.06189382719
2020 8 21 750.1151665408893 17.829359606354295 25063.86374530353
2020 8 22 769.4206334619661 17.148952339398306 27310.47628437706
2020 8 23 789.2229588251398 16.494510898425293 29758.465113715018
2020 8 24 809.5349301124483 15.865044370857275 32425.880702446095
2020 8 25 830.3696639131415 15.259599659502452 35332.3914829425
2020 8 26 851.7406143938061 14.677260039437565 38499.42887780175
2020 8 27 873.6615819864817 14.117143769962752 41950.34532639783
2020 8 28 896.1467223003807 13.578402759527256 45710.58647622493
2020 8 29 919.2105552629666 13.060221281604463 49807.878808702386
2020 8 30 942.8679744962925 12.561814739571965 54272.43408291676
2020 8 31 967.1342569346555 12.082428478726484 59137.17210478577
2020 9 1 992.0250726897779 11.62133664363491 64437.96346425269
2020 9 2 1017.5564951698849 11.177841079091301 70213.89403035618
2020 9 3 1043.7450114592143 10.751270273015779 76507.55315445416
2020 9 4 1070.607532964659 10.3409783396947 83365.34770669427
2020 9 5 1098.1614063364198 9.946344041822604 90837.84426130782
2020 9 6 1126.424424669719 9.566769849865166 98980.14195386141
2020 9 7 1155.4148389948089 9.201681037318929 107852.27875976352
2020 9 8 1185.1513700626947 8.850524810497884 117519.67418975747
2020 9 9 1215.653220434183 8.512769471529296 128053.61166665654
2020 9 10 1246.9400868800612 8.187903613291441 139531.7641401701
2020 9 11 1279.0321731004183 7.87543534507427 152038.76681548965
2020 9 12 1311.9502027713156 7.574891547790556 165666.8412187013
2020 9 13 1345.7154329272387 7.285817157609804 180516.4752006279
2020 9 14 1380.3496676879663 7.007774476930259 196697.1638931715
2020 9 15 1415.8752723387247 6.740342511645723 214328.21708166497
2020 9 16 1452.315187772718 6.483116333703715 233539.63894646693
2020 9 17 1489.6929453053613 6.235706467989807 254473.08666065466
2020 9 18 1528.0326818697818 5.997738302609789 277282.91491212277
2020 9 19 1567.3591556034032 5.76885152167675 302137.31405196653
2020 9 20 1607.6977618356757 5.548699559744249 329219.55026139115
2020 9 21 1649.074549487277 5.3369490770595 358729.3168816306
2020 9 22 1691.5162378913747 5.133279454842044 390884.20687103085
2020 9 23 1735.0502340478117 4.937382309823688 425921.3172465937
2020 9 24 1779.7046503213571 4.748961027314657 464098.99734047835
2020 9 25 1825.5083225954502 4.567730312088964 505698.7537623885
2020 9 26 1872.4908288931626 4.393415756408969 551027.3261142599
2020 9 27 1920.6825084774018 4.225753424535073 600418.9487627201
2020 9 28 1970.1144814426893 4.064489453091415 654237.8153467053
2020 9 29 2020.8186688111673 3.909379666682499 712880.764192507
2020 9 30 2072.8278131458082 3.7601892081787196 776780.2044374017
2020 10 1 2126.1754996941418 3.616692183111007 846407.3044379022
2020 10 2 2180.8961780761483 3.47867131763614 922275.4659726507
2020 10 3 2237.0251845303283 3.3459176295548563 1004944.1098573067
2020 10 4 2294.598764732312 3.2182301118846244 1095022.8008850045
2020 10 5 2353.654097200741 3.0954154285079714 1193175.742508007
2020 10 6 2414.2293173055446 2.977287621435535 1300126.674402502
2020 10 7 2476.3635418941035 2.863667829240594 1416664.209029179
2020 10 8 2540.0968945512136 2.754384016238754 1543647.6465392082
2020 10 9 2605.4705315091533 2.6492707120027257 1682013.3109023557
2020 10 10 2672.5266682245924 2.5481687608177883 1832781.4539772593
2020 10 11 2741.3086066395026 2.450925080698579 1997063.7784316551
2020 10 12 2811.8607631436694 2.357392431602328 2176071.6349834935
2020 10 13 2884.2286972568704 2.2674291924875805 2371124.954406051
2020 10 14 2958.459141049234 2.1808991468808463 2583661.9801579947
2020 10 15 3034.600029318782 2.0976712766264938 2815249.8734028316
2020 10 16 3112.7005305456414 2.0176195635075973 3067596.2686148267
2020 10 17 3192.8110786429133 1.9406227984373656 3342561.864977702
2020 10 18 3274.983405524706 1.8665643979322424 3642174.1464199447
2020 10 19 3359.270574512358 1.7953322275887937 3968642.331452658
2020 10 20 3445.727014600428 1.726818432297103 4324373.663043951
2020 10 21 3534.408555604576 1.6609192729335913 4711991.158644736
2020 10 22 3625.372464214036 1.5975349692859993 5134352.951247382
2020 10 23 3718.677480971955 1.5365695489726912 5594573.364090272
2020 10 24 3814.3838582074886 1.4779307021275303 6096045.874404534
2020 10 25 3912.5533989441374 1.4215296416302956 6642468.135528217
2020 10 26 4013.249496809458 1.3672809686710108 7237869.241890772
2020 10 27 4116.537176971914 1.3151025434446317 7886639.437908669
2020 10 28 4222.483138131309 1.2649153607803072 8593562.489853421
2020 10 29 4331.155795589909 1.216643430516898 9363850.95938894
2020 10 30 4442.625325432075 1.170213662443628 10203184.63887085
2020 10 31 4556.963709840934 1.1255557556316491 11117752.431813983
2020 11 1 4674.244783581344 1.0826020919889587 12114297.98733747
2020 11 2 4794.544281679182 1.0412876338774897 13200169.425077206
2020 11 3 4917.939888327738 1.0015498256373583 14383373.517216843
2020 11 4 5044.51128705279 0.963328498869161 15672634.727153497
2020 11 5 5174.340212168768 0.9265657813309057 17077459.54012512
2020 11 6 5307.510501559225 0.8912060093116339 18608206.560147323
2020 11 7 5444.108150815707 0.8571956433490576 20276162.890125807
2020 11 8 5584.221368769963 0.8244831871635955 22093627.358340118
2020 11 9 5727.940634455391 0.7930191096860615 24074001.204976816
2020 11 10 5875.358755534459 0.7627557700609489 26231886.897397507
2020 11 11 6026.570928229872 0.7336473455117509 28583195.802765086
2020 11 12 6181.674798798156 0.7056497619590998 31145265.511962198
2020 11 13 6340.770526585373 0.6787206272866677 33936987.67990048
2020 11 14 6503.960848705677 0.6528191671537872 36978947.32486283
