2020 6 26 5.4269016794436435 4.7652685773768 6.0885347815104875
2020 6 27 5.345566317198828 4.12137969298996 6.7287219073238
2020 6 28 5.273118096000642 3.5704059130057435 7.445874611475069
2020 6 29 5.20165176230386 3.093090016750716 8.239462039509291
2020 6 30 5.129288586381598 2.678475675060928 9.114675821825779
2020 7 1 5.05793209631007 2.319438458965255 10.08285673732204
2020 7 2 4.982126643482107 2.0060331141254486 11.143032182858743
2020 7 3 4.91103071212048 1.7364142922951926 12.322673446004014
2020 7 4 4.840949333743529 1.5030333114922154 13.627195754710257
2020 7 5 4.770131963743932 1.3004806423762225 15.064932462973916
2020 7 6 4.69692922794815 1.1242917368490721 16.643552315164424
2020 7 7 4.622042502326228 0.9713008842397722 18.37764425215665
2020 7 8 4.5468026949179094 0.8388035432461448 20.28626001361871
2020 7 9 4.4733583797372 0.7244857473591599 22.395641916569105
2020 7 10 4.41092638274518 0.6273393229669258 24.773552321197634
2020 7 11 4.3580856678693936 0.544459466602278 27.452917814348552
2020 7 12 4.313631904270395 0.4734978472408982 30.47091261046189
2020 7 13 4.2765389500292725 0.4125431512013658 33.86947879006408
2020 7 14 4.245928132562854 0.3600298633012693 37.6959145779195
2020 7 15 4.221043575883255 0.31466805149617993 42.003538737194184
2020 7 16 4.201232251897765 0.27538890648321657 46.85244028040112
2020 7 17 4.185927748050465 0.24130219382182921 52.31032393854469
2020 7 18 4.174636978015386 0.21166278181507744 58.4534632078617
2020 7 19 4.1669292378937755 0.18584413410806833 65.36777433087299
2020 7 20 4.162427143106335 0.16331718406326717 73.1500262886382
2020 7 21 4.160799082135934 0.14363339536067446 81.9092038097381
2020 7 22 4.161752900588059 0.12641109961041347 91.76804256675523
2020 7 23 4.163386457360478 0.11127447531569983 102.82850452041262
2020 7 24 4.1650206553309195 0.09795032948012017 115.22204294826105
2020 7 25 4.166655494751064 0.08622163364998077 129.1093286155441
2020 7 26 4.168290975872691 0.07589734663200212 144.6703973391762
2020 7 27 4.169927098947679 0.0668093027460234 162.10698398562747
2020 7 28 4.1715638642280055 0.05880947268224765 181.64513777692042
2020 7 29 4.1732012719657465 0.05176755234689066 203.53815280976272
2020 7 30 4.174839322413077 0.04556884042248893 228.06985177928652
2020 7 31 4.176478015822272 0.04011237007180974 255.55826547783616
2020 8 1 4.178117352445703 0.03530926435388841 286.35975577010345
2020 8 2 4.179757332535844 0.031081288564620727 320.87363549517084
2020 8 3 4.181397956345265 0.027359575921916308 359.54734518822
2020 8 4 4.183039224126637 0.024083505838916844 402.88225373331613
2020 8 5 4.18468113613273 0.0211997165141921 451.4401581473674
2020 8 6 4.186323692616412 0.0186612357556296 505.8505667589476
2020 8 7 4.187966893830652 0.016426715880566566 566.8188602016612
2020 8 8 4.189610740028516 0.014459760229943783 635.1354360217833
2020 8 9 4.191255231463172 0.012728330326503001 711.6859554515553
2020 8 10 4.192900368387886 0.011204224020608526 797.462825188078
2020 8 11 4.194546151056024 0.009862616123545455 893.578063028448
2020 8 12 4.196192579721049 0.008681654045965404 1001.2777141521984
2020 8 13 4.197839654636527 0.007642101855094076 1121.958004944817
2020 8 14 4.199487376056123 0.006727026952977141 1257.1834437817247
2020 8 15 4.201135744233598 0.005921524272267613 1408.7071034326402
2020 8 16 4.2027847594228165 0.005212473497157049 1578.4933480289496
2020 8 17 4.204434421877742 0.004588325354978252 1768.7432992281952
2020 8 18 4.206084731852435 0.0040389134975206565 1981.9233717209588
2020 8 19 4.207735689601059 0.0035552889079139556 2220.797248016598
2020 8 20 4.209387295377876 0.003129574135840071 2488.4617070313648
2020 8 21 4.211039549437248 0.0027548349868044436 2788.3867709634214
2020 8 22 4.212692452033636 0.0024249675754956014 3124.460690921863
2020 8 23 4.214346003421602 0.002134598903517719 3501.040354506827
2020 8 24 4.216000203855806 0.0018789993420707137 3923.0077688283586
2020 8 25 4.217655053591011 0.0016540055940644622 4395.833351214132
2020 8 26 4.219310552882079 0.0014559528808465005 4925.6468481115335
2020 8 27 4.220966701983969 0.0012816152489763637 5519.316801582095
2020 8 28 4.222623501151745 0.0011281530247419576 6184.539593597885
2020 8 29 4.2242809506405665 0.0009930665605383262 6929.9392225168285
2020 8 30 4.225939050705697 0.0008741555197132856 7765.179105246689
2020 8 31 4.227597801602497 0.0007694830366969276 8701.087354509384
2020 9 1 4.229257203586429 0.0006773441686423595 9749.797155309521
2020 9 2 4.230917256913056 0.0005962381247067211 10924.904060458266
2020 9 3 4.23257796183804 0.0005248438206330716 12241.64224434354
2020 9 4 4.234239318617146 0.0004619983604574333 13717.081999913717
2020 9 5 4.235901327506235 0.0004066780948433386 15370.35103924056
2020 9 6 4.237563988761272 0.00035798194751525663 17222.882466618586
2020 9 7 4.239227302638321 0.0003151167382058839 19298.692638942757
2020 9 8 4.240891269393548 0.00027738426305221335 21624.692515567363
2020 9 9 4.242555889283218 0.0002441699220012516 24231.036534009138
2020 9 10 4.244221162563697 0.00021493270798450065 27151.513534345428
2020 9 11 4.245887089491451 0.00018919639480129675 30423.98480028081
2020 9 12 4.2475536703230485 0.0001665417801760979 34090.874895679466
2020 9 13 4.249220905315157 0.0001465998576418625 38199.72165980511
2020 9 14 4.2508887947245455 0.00012904580603071285 42803.79249144817
2020 9 15 4.252557338808083 0.00011359369867055756 47962.77491149401
2020 9 16 4.254226537822741 9.999184610917457e-05 53743.550356437336
2020 9 17 4.25589639202559 8.801869650637879e-05 60221.0612343602
2020 9 18 4.257566901673802 7.747922691839549e-05 67479.2824839525
2020 9 19 4.259238067024651 6.820176669438834e-05 75612.31023193932
2020 9 20 4.26090988833551 6.003520124348842e-05 84725.581662352
2020 9 21 4.262582365863855 5.284651062628134e-05 94937.24191211983
2020 9 22 4.264255499867262 4.6518602878450013e-05 106379.67571352
2020 9 23 4.265929290603408 4.094840677497369e-05 119201.22363981356
2020 9 24 4.267603738330072 3.6045192969144066e-05 133568.10520360523
2020 9 25 4.269278843305133 3.172909616051033e-05 149666.57373911884
2020 9 26 4.270954605786573 2.792981422029594e-05 167705.33100444466
2020 9 27 4.272631026032472 2.45854630851766e-05 187918.2328068435
2020 9 28 4.274308104301015 2.1641568767519595e-05 210567.32072703837
2020 9 29 4.275985840850487 1.9050180063586765e-05 235946.2192459951
2020 9 30 4.277664235939274 1.6769087507174868e-05 264383.94231479947
2020 10 1 4.279343289825863 1.4761135846730864e-05 296249.1587162893
2020 10 2 4.281023002768842 1.299361884732341e-05 331954.9715149112
2020 10 3 4.2827033750269035 1.1437746559788601e-05 371964.27355594875
2020 10 4 4.284384406858838 1.0068176379739225e-05 416795.7484432184
2020 10 5 4.286066098523541 8.862600258158927e-06 467030.5947923594
2020 10 6 4.287748450280007 7.801381339919783e-06 523320.06093344284
2020 10 7 4.2894314623873315 6.867234111661452e-06 586393.8877433534
2020 10 8 4.2911151351047145 6.0449428491661915e-06 657069.7690614562
2020 10 9 4.292799468691456 5.321113778199809e-06 736263.9523340923
2020 10 10 4.294484463406958 4.683956911925704e-06 825003.1169154535
2020 10 11 4.296170119510725 4.123094011381756e-06 924437.684016025
2020 10 12 4.297856437262363 3.6293895410115904e-06 1035856.73084977
2020 10 13 4.299543416921579 3.1948018657934714e-06 1160704.7023281804
2020 10 14 4.301231058748183 2.8122522662124054e-06 1300600.1369528573
2020 10 15 4.302919363002086 2.4755096375444753e-06 1457356.6496704991
2020 10 16 4.304608329943303 2.179088995394103e-06 1633006.443713612
2020 10 17 4.306297959831948 1.91816213430612e-06 1829826.656236212
2020 10 18 4.30798825292824 1.6884789842281661e-06 2050368.8792913284
2020 10 19 4.309679209492499 1.4862983838493363e-06 2297492.2388624786
2020 10 20 4.3113708297851465 1.3083271432264584e-06 2574400.4607881727
2020 10 21 4.313063114066708 1.1516664031282564e-06 2884683.4041048796
2020 10 22 4.314756062597809 1.013764417379209e-06 3232363.600249844
2020 10 23 4.316449675639178 8.923749891050302e-07 3621948.4014614816
2020 10 24 4.3181439534516475 7.855208838744694e-07 4058488.414433139
2020 10 25 4.31983889629615 6.914616237975975e-07 4547642.976758509
2020 10 26 4.321534504433723 6.08665137999331e-07 5095753.525010265
2020 10 27 4.323230778125504 5.357828077009641e-07 5709925.805601217
2020 10 28 4.324927717632734 4.7162749943507337e-07 6398121.994215768
2020 10 29 4.326625323216757 4.1515422859093703e-07 7169263.918054934
2020 10 30 4.328323595139019 3.654431383313835e-07 8033348.719075868
2020 10 31 4.330022533661069 3.216845166355752e-07 9001578.457692845
2020 11 1 4.331722139044557 2.8316560741996276e-07 10086505.33713183
2020 11 2 4.333422411551239 2.49259000912228e-07 11302194.431138115
2020 11 3 4.335123351442971 2.194124141764753e-07 12664406.024651257
2020 11 4 4.336824958981713 1.931396953312085e-07 14190799.931325577
2020 11 5 4.3385272344295265 1.7001290493357848e-07 15901164.436683908
2020 11 6 4.340230178048579 1.496553455486552e-07 17817672.83494091
2020 11 7 4.341933790101137 1.3173542596685504e-07 19965170.885258615
2020 11 8 4.343638070849571 1.1596126012770205e-07 22371498.914038744
2020 11 9 4.345343020556357 1.0207591277526127e-07 25067852.739010192
2020 11 10 4.347048639484072 8.985321440477886e-08 28089188.094158676
2020 11 11 4.348754927895395 7.909407733288324e-08 31474673.798493814
2020 11 12 4.35046188605311 6.96232528861805e-08 35268199.54356766
2020 11 13 4.352169514220104 6.128647688817204e-08 39518944.88274025
2020 11 14 4.353877812659366 5.3947956949164316e-08 44282016.79861197
