2020 6 26 188.20363139214538 183.84224483590074 192.56501794839005
2020 6 27 184.24680505218473 175.80777966630606 192.88365302895988
2020 6 28 180.48016562318088 168.22654214719324 193.3148289357835
2020 6 29 176.6707458625227 160.8605743262153 193.6186670081174
2020 6 30 172.94173205042281 153.81713279179806 193.92298263085294
2020 7 1 169.30577457397163 147.0948563258762 194.24386471968324
2020 7 2 165.69007658232698 140.617550872908 194.50081862429735
2020 7 3 162.22032510686006 134.483802137254 194.838792954906
2020 7 4 158.78286025845924 128.58413702560296 195.12886213990876
2020 7 5 155.3787169818828 122.91128146639622 195.37079854927362
2020 7 6 151.97021225819125 117.42751857757072 195.51578526117277
2020 7 7 148.5356175028298 112.11048134482971 195.53111711639738
2020 7 8 145.10963869290273 106.98211104195211 195.45560933397596
2020 7 9 141.6826239639875 102.02931090896296 195.27229887004478
2020 7 10 138.62246551394227 97.51170296693644 195.4832279186067
2020 7 11 135.88017375690785 93.371228029939 196.04942873877025
2020 7 12 133.41424282093703 89.55918897159964 196.93773456921326
2020 7 13 131.18933585082672 86.03453808514804 198.11979072431853
2020 7 14 129.1752324816495 82.76251467404423 199.57125972777314
2020 7 15 127.34598043530204 79.71355382257966 201.2711782688114
2020 7 16 125.67920718865645 76.86240670575145 203.20143375854087
2020 7 17 124.15555803146802 74.18742708837618 205.34633571173015
2020 7 18 122.7582345760982 71.66998927142676 207.6922627744623
2020 7 19 121.4726136080046 69.29401067956304 210.22737045242187
2020 7 20 120.28593058196986 67.04555826515681 212.94134782183426
2020 7 21 119.11319492815956 64.87137600839453 215.69453004385352
2020 7 22 117.95189293834522 62.76769907082021 218.48330898029758
2020 7 23 116.80191313926183 60.73224107555889 221.30814487170832
2020 7 24 115.66314514446029 58.76278978935024 224.16950390921497
2020 7 25 114.53547964371155 56.85720471818746 227.06785831147093
2020 7 26 113.41880839251388 55.013414780925835 230.00368640258546
2020 7 27 112.31302420170248 53.22941605833255 232.97747269106299
2020 7 28 111.21802092716041 51.50326961513128 235.9897079497629
2020 7 29 110.13369345962987 49.8330993926744 239.0408892968934
2020 7 30 109.0599377146227 48.21709016995261 242.13152027805225
2020 7 31 107.9966506224294 46.653485590725786 245.26211094932853
2020 8 1 106.94373011822537 45.14058625463084 248.43317796147866
2020 8 2 105.90107513227385 43.67674787019202 251.6452446451909
2020 8 3 104.86858558022412 42.26037946772616 254.89884109745205
2020 8 4 103.84616235350452 40.88994167020063 258.1945042690311
2020 8 5 102.83370730980897 39.563945020164574 261.53277805309364
2020 8 6 101.83112326367629 38.28094836093526 264.9142133749624
2020 8 7 100.83831397716139 37.03955727027993 268.3393682830379
2020 8 8 99.85518415059744 35.8384225448909 271.808808040895
2020 8 9 98.881639413448 34.676238734006816 275.32310522056986
2020 8 10 97.91758631524844 33.55174272058617 278.8828397970535
2020 8 11 96.96293231663563 32.46371234849123 282.4885992440066
2020 8 12 96.0175857804651 31.410965094190185 286.14097863071197
2020 8 13 95.08145596301478 30.392356781533934 289.84058072028085
2020 8 14 94.15445300527455 29.40678033821061 293.58801606912857
2020 8 15 93.23648792432066 28.45316459252637 297.3839031277365
2020 8 16 92.32747260477426 27.53047310920469 301.22886834271685
2020 8 17 91.42731979034325 26.637703062938833 305.123546260197
2020 8 18 90.53594307544653 25.77388414847329 309.0685796305404
2020 8 19 89.65325689691991 24.938077526029524 313.06461951442196
2020 8 20 88.779176525803 24.129374800929934 317.1123253902742
2020 8 21 87.91361805920596 23.346897036310992 321.212365263123
2020 8 22 87.05649841225578 22.589793797852565 325.36541577483064
2020 8 23 86.20773531012091 21.857242229485145 329.57216231576393
2020 8 24 85.36724728011373 21.14844615907046 333.8332991379061
2020 8 25 84.53495364386998 20.462635233083446 338.1495294694316
2020 8 26 83.71077450960449 19.799064079355134 342.5215656307617
2020 8 27 82.8946307644423 19.157011496966472 346.95012915212084
2020 8 28 82.0864440668247 18.53577967241261 351.4359508926131
2020 8 29 81.2861368389892 17.934693421185756 355.979771160838
2020 8 30 80.49363225952281 17.353099453952314 360.58233983706583
2020 8 31 79.70885425598806 16.79036566652673 365.2444164969926
2020 9 1 78.9317274976207 16.24588045287038 369.96677053709516
2020 9 2 78.1621773880988 15.719052040368842 374.750181301607
2020 9 3 77.40013005838217 15.20930784666505 379.5954382111356
2020 9 4 76.64551235962178 14.716093857349374 384.50334089294324
2020 9 5 75.89825185613809 14.238874023830212 389.4746993129115
2020 9 6 75.15827681846807 13.777129680730697 394.5103339092126
2020 9 7 74.4255162164798 13.330358982178327 399.61107572770857
2020 9 8 73.6998997125544 12.89807635637482 404.7777665591015
2020 9 9 72.98135765483421 12.479811977853434 410.01125907785655
2020 9 10 72.269821070537 12.075111256850123 415.31241698292143
2020 9 11 71.56522165933526 11.683534345233625 420.68211514026535
2020 9 12 70.86749178680003 11.304655658457426 426.12123972726056
2020 9 13 70.1765644779087 10.938063413014095 431.63068837893104
2020 9 14 69.4923734106161 10.583359178889237 437.2113703360918
2020 9 15 68.81485290948822 10.240157446528668 442.8642065954037
2020 9 16 68.14393793939807 9.908085207848163 448.5901300613681
2020 9 17 67.47956409928291 9.5867815508304 454.39008570028716
2020 9 18 66.82166761596245 9.27589726726849 460.2650306962142
2020 9 19 66.17018533801725 8.97509447322977 466.2159346089208
2020 9 20 65.5250547297268 8.684046241827357 472.24377953390615
2020 9 21 64.88621386506676 8.40243624790034 478.3495602644751
2020 9 22 64.25360142176469 8.129958424216452 484.53428445591203
2020 9 23 63.62715667541365 7.866316628823534 490.79897279177715
2020 9 24 63.00681949364339 7.611224323188271 497.1446591523529
2020 9 25 62.392530330348166 7.364404260772392 503.5723907852685
2020 9 26 61.78423021997094 7.125588185707848 510.0832284783301
2020 9 27 61.18186077184327 6.894516541243486 516.678246734586
2020 9 28 60.585364164580426 6.6709381876463345 523.3585339496549
2020 9 29 59.994683140531095 6.454610129250911 530.1251925913474
2020 9 30 59.40976100028123 6.245297250359893 536.9793393816092
2020 10 1 58.83054159721147 6.042772059709114 543.9221054808172
2020 10 2 58.25696933210766 5.84681444321916 550.9546366744585
2020 10 3 57.688989147823854 5.657211424764842 558.0780935622225
2020 10 4 57.126546523997405 5.473756934702542 565.2936517495384
2020 10 5 56.56958747181556 5.296251585903849 572.6025020415887
2020 10 6 56.01805852883307 5.1245024570520785 580.0058506398312
2020 10 7 55.471906753840344 4.958322882966145 587.5049193410626
2020 10 8 54.931079721781614 4.797532251723898 595.1009457390547
2020 10 9 54.39552551872268 4.641955808364433 602.7951834287986
2020 10 10 53.86519273686767 4.491424464956027 610.5889022133889
2020 10 11 53.340030469624445 4.345774616823278 618.4833883135834
2020 10 12 52.819988306718045 4.204847964733703 626.4799445800719
2020 10 13 52.30501632935184 4.068491342850548 634.5798907084894
2020 10 14 51.795065105415794 3.936556552264821 642.7845634572095
2020 10 15 51.290085684741534 3.808900199925617 651.0953168679539
2020 10 16 50.790029594403585 3.685383542793681 659.5135224892534
2020 10 17 50.294848834066464 3.565872337048827 668.0405696027992
2020 10 18 49.804495871377156 3.4502366921873215 676.67786545272
2020 10 19 49.31892363740246 3.3383509298506637 685.4268354778235
2020 10 20 48.83808552211087 3.2300934472323224 694.2889235468414
2020 10 21 48.36193536989846 3.125346584913982 703.2655921967148
2020 10 22 47.89042747515843 3.0239964989876493 712.3583228739615
2020 10 23 47.423516577893835 2.925933037324641 721.5686161791631
2020 10 24 46.961157859373046 2.8310496198569717 730.8979921146141
2020 10 25 46.503306937827645 2.7392431227410325 740.347990335172
2020 10 26 46.049919864192205 2.6504137662776563 749.9201704023515
2020 10 27 45.60095311788563 2.5644650064667607 759.6161120417032
2020 10 28 45.156363602633604 2.481303430078703 769.4374154035211
2020 10 29 44.716108642331804 2.4008386531283086 779.3857013269194
2020 10 30 44.280145976949406 2.322983222641225 789.4626116073251
2020 10 31 43.84843375847257 2.24765252160584 799.669809267428
2020 11 1 43.42093054688742 2.174764677007459 810.0089788316345
2020 11 2 42.997595306202264 2.104240470844793 820.4818266040697
2020 11 3 42.578387400508525 2.0360032540320354 831.0900809501737
2020 11 4 42.163266590080106 1.9699788630929682 841.8354925819393
2020 11 5 41.75219302751079 1.9060955395565398 852.7198348468368
2020 11 6 41.34512725388929 1.8442838519663227 863.7449040204751
2020 11 7 40.94203019501158 1.78447662041908 874.9125196030467
2020 11 8 40.542863157630194 1.726608843550428 886.2245246196046
2020 11 9 40.14758782574003 1.67061762788824 897.6827859242228
2020 11 10 39.75616625690043 1.616442119497007 909.2891945080886
2020 11 11 39.368560878593065 1.5640234378388655 921.0456658115786
2020 11 12 38.98473448461538 1.5133046117794096 932.9541400403696
2020 11 13 38.60465023150915 1.4642305176687302 945.0165824856364
2020 11 14 38.22827163502387 1.4167478194303944 957.2349838483898
