2020 6 26 371.1669165702247 349.52657344055 392.80725969989936
2020 6 27 367.5182814808946 325.91320469389893 411.621864727168
2020 6 28 364.1194037621712 304.0847885248669 431.5772063561439
2020 6 29 360.67627644418377 283.65515120929524 452.4102744452601
2020 6 30 357.20573355802793 264.550892274893 474.1737674900747
2020 7 1 353.76858534934684 246.73331087085361 496.98420764521404
2020 7 2 350.290978869934 230.06446479621738 520.788659677945
2020 7 3 346.9931754354587 214.61737398432967 545.9497869227233
2020 7 4 343.68314507036547 200.18067339814723 572.2584503469775
2020 7 5 340.31896728244567 186.6651590006503 599.6921623292089
2020 7 6 336.80380628691944 173.96128907415516 628.1169460688768
2020 7 7 333.2059441977781 162.06053733714432 657.6670905075307
2020 7 8 329.539859056921 150.92204575856996 688.3969251660349
2020 7 9 325.707938063461 140.45468539792088 720.1319417287177
2020 7 10 322.3731437903297 130.90846079120794 754.3305568084419
2020 7 11 319.47563474595904 122.17476712888525 791.0965657768587
2020 7 12 316.9637350057653 114.16125725196004 830.5449174834839
2020 7 13 314.79265053870523 106.78899639364509 872.8016695464615
2020 7 14 312.9234166929533 99.99017227617219 918.0040615269465
2020 7 15 311.32203020224733 93.70624191853823 966.3006903996701
2020 7 16 309.9587293806347 87.88642399357029 1017.8517764673037
2020 7 17 308.80739402420414 82.48646621082705 1072.829510778353
2020 7 18 307.8450425584735 77.467632812732 1131.4184774011717
2020 7 19 307.05140861545385 72.79586916170314 1193.8161457308536
2020 7 20 306.40858283053285 68.4411095129685 1260.2334294734185
2020 7 21 305.90070846478926 64.37670110279916 1330.8953101469865
2020 7 22 305.5137216686252 60.578923143691206 1406.0415239261545
2020 7 23 305.2351289469263 57.02658358328882 1485.9273114819166
2020 7 24 305.0455606360477 53.69913754022122 1570.7840440274822
2020 7 25 304.8561100578318 50.56584475820872 1660.4866832352845
2020 7 26 304.66677713916005 47.61537658209344 1755.3119639108559
2020 7 27 304.4775618069591 44.83706537279825 1855.5524243322118
2020 7 28 304.2884639882011 42.22086593767725 1961.517308737495
2020 7 29 304.0994836099036 39.757319211368014 2073.5335213509074
2020 7 30 303.91062059912935 37.437518055831 2191.946634890129
2020 7 31 303.72187488298647 35.25307505592365 2317.121956666485
2020 8 1 303.5332463886284 33.19609219407161 2449.445655566812
2020 8 2 303.34473504325376 31.259132294393535 2589.32595339379
2020 8 3 303.15634077410635 29.43519213303366 2737.194384240047
2020 8 4 302.96806350847527 27.717677117480477 2893.507125781246
2020 8 5 302.77990317369466 26.100377443322675 3058.746406595216
2020 8 6 302.59185969714383 24.577445642235354 3233.421993848744
2020 8 7 302.4039330062472 23.143375440019526 3418.072765941583
2020 8 8 302.21612302847427 21.79298184825459 3613.2683749593098
2020 8 9 302.02842969133957 20.521382417583656 3819.611004063751
2020 8 10 301.8408529224027 19.323979584851525 4037.7372252425594
2020 8 11 301.65339264926814 18.19644405027015 4268.319963149152
2020 8 12 301.4660487995854 17.13469912451038 4512.070571091493
2020 8 13 301.27882130104894 16.134905989125823 4769.741025574211
2020 8 14 301.0917100813981 15.193449817016695 5042.126246164247
2020 8 15 300.90471506841715 14.306926702751209 5330.066547836899
2020 8 16 300.7178361899351 13.472131355490076 5634.450233367782
2020 8 17 300.53107337382585 12.686045510016971 5956.216333768319
2020 8 18 300.34442654800813 11.945827013974165 6296.357505219058
2020 8 19 300.15789564044536 11.248799551847425 6655.923091437937
2020 8 20 299.97148057914575 10.592442968546445 7036.022360930956
2020 8 21 299.78518129216224 9.97438415759503 7437.827929112279
2020 8 22 299.59899770759233 9.39238848098656 7862.5793758510645
2020 8 23 299.41292975357834 8.844351689682606 8311.587069605264
2020 8 24 299.2269773583071 8.328292315542638 8786.236209939918
2020 8 25 299.0411404500102 7.842344507177289 9287.991100901223
2020 8 26 298.8554189569635 7.384751283822649 9818.399668429838
2020 8 27 298.6698128074877 6.95385818284448 10379.098235749738
2020 8 28 298.4843219299479 6.5481072779044265 10971.816571464833
2020 8 29 298.2989462527537 6.166031546160431 11598.383225936832
2020 8 30 298.1136857043591 5.80624956413558 12260.73117240721
2020 8 31 297.92854021326264 5.4674605130778655 12960.903770266279
2020 9 1 297.7435097080072 5.14843947575238 13701.0610688662
2020 9 2 297.55859411718006 4.848033007661148 14483.486471325323
2020 9 3 297.3737933694129 4.565154966677988 15310.593778881886
2020 9 4 297.1891073933816 4.298782586020164 16184.934637529057
2020 9 5 297.0045361178065 4.047952776358335 17109.206409904364
2020 9 6 296.820079471452 3.811758643694826 18086.26049671849
2020 9 7 296.6357373831269 3.5893462104203238 19119.11113339524
2020 9 8 296.4515097816842 3.3799113276937582 20210.94468906053
2020 9 9 296.26739659602106 3.1826967679818274 21365.129496567984
2020 9 10 296.08339775507875 2.9969894872460316 22585.226243887046
2020 9 11 295.8995131878428 2.82211804687845 23874.998958911227
2020 9 12 295.7157428233427 2.6574501860650743 25238.426621574956
2020 9 13 295.53208659065206 2.502390535799392 26679.715439102645
2020 9 14 295.3485444188886 2.3563784662810714 28203.311822259428
2020 9 15 295.165116237214 2.2188860599168527 29813.916102635616
2020 9 16 294.981801974834 2.0894162025948764 31516.497033283023
2020 9 17 294.79860156099824 1.9675007863313114 33316.30711743797
2020 9 18 294.6155149250003 1.8526990167908164 35218.89881262047
2020 9 19 294.4325419961777 1.7445958195615445 37230.14166009959
2020 9 20 294.24968270391184 1.6428003394224635 39356.24039256981
2020 9 21 294.066936977628 1.5469445271769753 41603.754075901095
2020 9 22 293.8843047467953 1.4566818089434304 43979.61634401527
2020 9 23 293.7017859409266 1.3716858330912536 46491.1567893139
2020 9 24 293.5193804895785 1.2916492902921357 49146.12357464765
2020 9 25 293.3370883223515 1.216282802420099 51952.707336585554
2020 9 26 293.1549093688898 1.1453138762831683 54919.56645372638
2020 9 27 292.9728435588811 1.0784859184037905 58055.853758005454
2020 9 28 292.79089082205695 1.0155573072858624 61371.244771401936
2020 9 29 292.60905108819253 0.9563005198140809 64875.967555157484
2020 9 30 292.4273242871066 0.9005013086270492 68580.83426359188
2020 10 1 292.2457103486615 0.8479579274898645 72497.27449985992
2020 10 2 292.0642092027631 0.7984804018654683 76637.37057655278
2020 10 3 291.8828207793609 0.7518898420474529 81013.89478992383
2020 10 4 291.70154500844774 0.7080177963709051 85640.34882273055
2020 10 5 291.52038182006015 0.6667056421627723 90531.00539725157
2020 10 6 291.33933114427793 0.6278040122296853 95700.95230697915
2020 10 7 291.15839291122444 0.5911722548096636 101166.13896282593
2020 10 8 290.97756705106633 0.5566779250351162 106943.42559744239
2020 10 9 290.79685349401365 0.5241963060684842 113050.63527944115
2020 10 10 290.6162521703198 0.4936099581791577 119506.6088979936
2020 10 11 290.43576301028156 0.4648082941313169 126331.26328742735
2020 10 12 290.2553859442389 0.43768717934748347 133545.65267114056
2020 10 13 290.0751209025752 0.41214855540214196 141172.03361438893
2020 10 14 289.89496781571677 0.3881000854841446 149233.93368632632
2020 10 15 289.7149266141335 0.3654548205460423 157756.22404312307
2020 10 16 289.5349972283382 0.34413088493327915 166765.19615608267
2020 10 17 289.35517958888704 0.32405118035662017 176288.64292146484
2020 10 18 289.17547362637913 0.3051431071375014 186355.9444022409
2020 10 19 288.9958792714568 0.2873383017184447 196998.15846629653
2020 10 20 288.81639645480533 0.2705723894894859 208248.1166007035
2020 10 21 288.6370251071532 0.2547847520369424 220140.525197649
2020 10 22 288.45776515927184 0.23991830797298977 232712.0726244927
2020 10 23 288.2786165419757 0.22591930655362125 246001.5424082649
2020 10 24 288.0995791861221 0.21273713333879954 260049.93288378298
2020 10 25 287.9206530226115 0.20032412719215098 274900.583674503
2020 10 26 287.74183798238704 0.18863540795855088 290599.3093963036
2020 10 27 287.56313399643494 0.17762871419655502 307194.5409966808
2020 10 28 287.38454099578416 0.16726425037898707 324737.4751653892
2020 10 29 287.20605891150655 0.1575045430092241 343282.2322774648
2020 10 30 287.0276876747168 0.1483143051329577 362886.02335588733
2020 10 31 286.8494272165723 0.13966030875556296 383609.3265689659
2020 11 1 286.67127746827316 0.13151126470379065 405516.0738069471
2020 11 2 286.4932383610624 0.12383770949741359 428673.8479134383
2020 11 3 286.31530982622564 0.11661189882180309 453154.0911801102
2020 11 4 286.1374917950911 0.10980770721627767 479032.32574789
2020 11 5 285.95978419902974 0.10340053361553965 506388.3865945875
2020 11 6 285.78218696945515 0.09736721240267764 535306.6678277273
2020 11 7 285.6047000378235 0.09168592965214035 565876.3830424059
2020 11 8 285.42732333563345 0.08633614425985202 598191.8405473849
2020 11 9 285.2500567944263 0.0812985136753093 632352.7343084973
2020 11 10 285.07290034578585 0.07655482396713857 668464.4515069373
2020 11 11 284.8958539213384 0.07208792396926042 706638.397661256
2020 11 12 284.7189174527527 0.06788166326956167 746992.3403160734
2020 11 13 284.54209087173984 0.06392083381686867 789650.7723577934
2020 11 14 284.3653741100535 0.060191114935097025 834745.2960781618
