2020 6 26 38.82828095778946 33.338296850728355 44.318265064850564
2020 6 27 39.30871723780536 28.974459298838806 51.21606418792419
2020 6 28 39.75947576328786 25.155571787440852 59.14103996028961
2020 6 29 40.23341862543437 21.851418985207193 68.31909325728031
2020 6 30 40.743394628562974 18.997764345741086 78.97307517832576
2020 7 1 41.235219798752695 16.50530118796174 91.24077486981119
2020 7 2 41.78903423344666 14.36227964960471 105.53816886969598
2020 7 3 42.30610497820613 12.482319928017588 121.96437796463542
2020 7 4 42.84874295497465 10.85409459595035 141.0024642287371
2020 7 5 43.41128453109288 9.44153782217273 163.05490252445279
2020 7 6 44.02055165457149 8.221367940138663 188.70405157767084
2020 7 7 44.70818126921318 7.171923926050343 218.68717127591015
2020 7 8 45.43963973926619 6.261747501891803 253.59614422631088
2020 7 9 46.20948816732731 5.4707211416855275 294.22509091800123
2020 7 10 46.81283625021866 4.758366538075927 340.2200624048556
2020 7 11 47.26036333522201 4.122129761504157 392.21552624215315
2020 7 12 47.563431377195194 3.557990486547785 450.9230235464476
2020 7 13 47.73372085116571 3.060979298076976 517.140733835348
2020 7 14 47.78293604383617 2.6255918506987728 591.7641578456625
2020 7 15 47.722573498863476 2.246109124800603 675.7980586430268
2020 7 16 47.563746216476964 1.9168359680178517 770.3698185229806
2020 7 17 47.31705580306287 1.6322710934949536 876.744388232385
2020 7 18 46.9925048989299 1.3872213959119 996.3410262122767
2020 7 19 46.59944269486529 1.176872362238872 1130.7520492007718
2020 7 20 46.14653703524674 0.9968248758213565 1281.76384198424
2020 7 21 45.6417673902549 0.8431071005822487 1451.3804037231453
2020 7 22 45.09243378669708 0.7121685543581172 1641.8497415175693
2020 7 23 44.508878391319655 0.6009204836218117 1855.8282090307293
2020 7 24 43.93287497020658 0.5070505085158373 2097.6939937578018
2020 7 25 43.36432579087909 0.4278439913324286 2371.0815850491767
2020 7 26 42.80313438564522 0.3610103487620224 2680.099146819806
2020 7 27 42.2492055352318 0.30461681022420556 3029.390250456218
2020 7 28 41.702445252628294 0.2570325238303283 3424.203653230075
2020 7 29 41.16276076713968 0.216881393571032 3870.4721707704753
2020 7 30 40.630060508645734 0.18300228382133923 4374.901828802575
2020 7 31 40.10425409206402 0.15441544031234547 4945.072633825465
2020 8 1 39.58525230201392 0.13029415649333634 5589.552476998688
2020 8 2 39.072967077679195 0.10994086590026547 6318.025882858019
2020 8 3 38.567311497866356 0.09276696914276676 7141.439537552663
2020 8 4 38.06819976625649 0.07827581212378154 8072.166783439954
2020 8 5 37.575547196847864 0.06604832323677666 9124.193551878941
2020 8 6 37.08927019958699 0.05573089418083936 10313.328528213571
2020 8 7 36.60928626618561 0.04702515391740462 11657.440707070517
2020 8 8 36.135513956121216 0.03967934004037345 13176.727907687824
2020 8 9 35.66787288281876 0.03348101802718097 14894.02028422334
2020 8 10 35.20628370001121 0.028250937817913026 16835.123391857458
2020 8 11 34.75066808827657 0.023837850060104283 19029.20596390509
2020 8 12 34.30094874174916 0.020114132109543947 21509.238227018934
2020 8 13 33.85704935500288 0.016972097294852138 24312.487340996235
2020 8 14 33.41889461010418 0.014320880712981375 27481.077408106103
2020 8 15 32.98641016383264 0.012083811495568536 31062.622467133137
2020 8 16 32.55952263506687 0.010196195554374924 35110.94198406615
2020 8 17 32.1381595923337 0.00860344468474875 39686.86959102831
2020 8 18 31.72224954151848 0.007259497922415953 44859.167226275706
2020 8 19 31.311721913734427 0.006125489500616294 50705.55841194093
2020 8 20 30.90650705334896 0.0051686248860683326 57313.896196467744
2020 8 21 30.50653620616499 0.0043612323897048695 64783.483312273405
2020 8 22 30.11174150775516 0.003679962925589525 73226.56438649623
2020 8 23 29.722055971947047 0.0031051147757411362 82770.01262810777
2020 8 24 29.3374134794574 0.002620063833654339 93557.23633704294
2020 8 25 28.957748766673447 0.002210782849656493 105750.3338842418
2020 8 26 28.582997414579395 0.0018654357750964978 119532.52954524037
2020 8 27 28.213095837826234 0.0015740354741536754 135110.92679030175
2020 8 28 27.84798127394299 0.0013281549045911386 152719.62040446227
2020 8 29 27.487591772687612 0.001120683415053246 172623.21420296252
2020 8 30 27.131866185535646 0.0009456211112377997 195120.79720236917
2020 8 31 26.780744155304966 0.0007979053441922541 220550.43799685367
2020 9 1 26.434166105914755 0.0006732643029269865 249294.26487610402
2020 9 2 26.09207323227704 0.0005680934773718506 281784.20802321733
2020 9 3 25.754407490319018 0.00047935141909260034 318508.4900799212
2020 9 4 25.42111158713452 0.000404471785258127 360018.9626121013
2020 9 5 25.09212897126293 0.0003412891222468519 406939.3987198599
2020 9 6 24.767403823093915 0.00028797624261898063 459974.8664042032
2020 9 7 24.4468810453963 0.00024299138445134242 519922.32354286156
2020 9 8 24.130506253969543 0.00020503362492892122 587682.5936847272
2020 9 9 23.81822576841618 0.00017300525879308107 664273.902621795
2020 9 10 23.509986603033685 0.00014598005366406138 750847.1791511178
2020 9 11 23.20573645782421 0.0001231764642093902 848703.3499495684
2020 9 12 22.905423709620653 0.0001039350305353564 959312.8884495021
2020 9 13 22.60899740332759 8.769930718275929e-05 1084337.9114740288
2020 9 14 22.316407243275542 7.399977121014661e-05 1225657.1556754936
2020 9 15 22.027603584687142 6.244024400036033e-05 1385394.209095235
2020 9 16 21.742537425253726 5.268643412089287e-05 1565949.422077027
2020 9 17 21.461160396820954 4.44562699075802e-05 1770035.977055831
2020 9 18 21.183424757182006 3.751174219839435e-05 2000720.6592384318
2020 9 19 20.909283381977012 3.16520213163199e-05 2261469.9408322843
2020 9 20 20.63868975669729 2.6707649250469962e-05 2556202.0713249883
2020 9 21 20.371597968793072 2.253563907839116e-05 2889345.9565690286
2020 9 22 20.107962699883366 1.9015339909130126e-05 3265907.711441023
2020 9 23 19.84773921806663 1.6044947764825965e-05 3691545.8861546395
2020 9 24 19.590883370330953 1.3538561498571212e-05 4172656.4966443432
2020 9 25 19.33735157506247 1.142369860825676e-05 4716469.136761772
2020 9 26 19.08710081465071 9.639199105906474e-06 5331155.616551678
2020 9 27 18.84008862818966 8.133456824233105e-06 6025952.759102311
2020 9 28 18.596273104273262 6.862927011345616e-06 6811301.20122442
2020 9 29 18.355612873884184 5.790867054550113e-06 7699002.2837007
2020 9 30 18.118067103374575 4.88627391607635e-06 8702395.388677454
2020 10 1 17.883595487537693 4.122987552298934e-06 9836558.38902706
2020 10 2 17.652158242769175 3.478934388120033e-06 11118534.221810782
2020 10 3 17.42371610031682 2.9354889684533764e-06 12567586.990535317
2020 10 4 17.198230299617723 2.476935326327906e-06 14205491.44462223
2020 10 5 16.97566258172164 2.090012490846999e-06 16056860.18606503
2020 10 6 16.755975182799453 1.7635309914903309e-06 18149513.520170696
2020 10 7 16.539130827735665 1.48804926839767e-06 20514897.508090243
2020 10 8 16.32509272380379 1.2556006307026001e-06 23188556.50316566
2020 10 9 16.113824554423612 1.0594628667896032e-06 26210667.271842606
2020 10 10 15.90529047299922 8.939638438043357e-07 29626642.725322437
2020 10 11 15.699455096836799 7.543174745246911e-07 33487814.33415968
2020 10 12 15.496283501141125 6.364853078978051e-07 37852203.480370745
2020 10 13 15.295741213089757 5.37059740562199e-07 42785393.3380733
2020 10 14 15.097794205983908 4.5316547193426766e-07 48361514.38430651
2020 10 15 14.902408893475025 3.823763530262684e-07 54664358.34919001
2020 10 16 14.709552123866075 3.226452243362391e-07 61788637.34462251
2020 10 17 14.519191174486584 2.722447137828908e-07 69841407.0923024
2020 10 18 14.331293746140467 2.2971728261345097e-07 78943675.63775423
2020 10 19 14.145827957625714 1.9383307465573436e-07 89232221.72432184
2020 10 20 13.962762340325 1.6355434995161974e-07 100861650.15162508
2020 10 21 13.782065832866287 1.3800547422367125e-07 114006715.00411558
2020 10 22 13.603707775852548 1.1644759629648587e-07 128864945.66062002
2020 10 23 13.42765790665967 9.825728116590522e-08 145659615.04561442
2020 10 24 13.253886354301693 8.290848080311216e-08 164643094.7258004
2020 10 25 13.082363634362506 6.995732130501079e-08 186100647.26863387
2020 10 26 12.913060643993113 5.902926644856346e-08 210354712.85014206
2020 10 27 12.74594865697366 4.980828643028562e-08 237769754.52639192
2020 10 28 12.580999318839355 4.202771856030322e-08 268757734.97794724
2020 10 29 12.418184642069473 3.546255561022574e-08 303784307.02572423
2020 10 30 12.25747700133861 2.9922938800589505e-08 343375810.9424157
2020 10 31 12.098849128829407 2.5248667250750495e-08 388127183.70727867
2020 11 1 11.942274109605922 2.1304565109312105e-08 438710899.0557477
2020 11 2 11.787725377046877 1.7976572386545565e-08 495887072.66497254
2020 11 3 11.635176708338017 1.5168446439090296e-08 560514884.3247415
2020 11 4 11.484602220022785 1.2798978716752149e-08 633565488.7334403
2020 11 5 11.335976363610595 1.0799646282147466e-08 716136608.9280937
2020 11 6 11.189273921241925 9.112630187191846e-09 809469031.6422857
2020 11 7 11.044470001409527 7.689143399612151e-09 914965252.4658064
2020 11 8 10.901540034734984 6.488019924576624e-09 1034210550.9846963
2020 11 9 10.760459769799951 5.474524320072708e-09 1168996812.5953956
2020 11 10 10.621205269031332 4.6193471782568956e-09 1321349454.960662
2020 11 11 10.483752904639706 3.897757522974443e-09 1493557863.7280157
2020 11 12 10.34807935461032 3.2888876115253886e-09 1688209794.8647542
2020 11 13 10.214161598745962 2.7751294577685047e-09 1908230260.569472
2020 11 14 10.08197691476105 2.34162562453833e-09 2156925483.0942087
