2020 6 26 30.27512362858897 27.141347733269452 33.40889952390849
2020 6 27 31.719227089604686 25.492566691433183 38.6255864592143
2020 6 28 32.90966770814481 23.684717576958743 44.26406662902875
2020 6 29 34.14478623961978 22.00507518486994 50.7256400264104
2020 6 30 35.42625947149227 20.44454751543447 58.13046003327482
2020 7 1 36.755827122011326 18.994687343683715 66.61621976422181
2020 7 2 38.13529420204055 17.64764649410393 76.34071247904923
2020 7 3 39.56653346552704 16.396133358016098 87.48476575878762
2020 7 4 41.0514879519378 15.233373423683734 100.2556040064516
2020 7 5 43.00961689497728 14.307977325044359 115.91017829847137
2020 7 6 45.49850233917549 13.584291712241466 135.1878258616052
2020 7 7 48.285636208970814 12.943254710712647 158.1298745201098
2020 7 8 51.472639491130586 12.393889251965122 185.71569717531588
2020 7 9 55.23638449388935 11.956062598044895 219.43582867843773
2020 7 10 58.292388361362086 11.320940257018602 255.37353780738698
2020 7 11 60.5838681872986 10.538242363881084 293.1068647159113
2020 7 12 62.092156147347886 9.657757283773014 332.19065792059723
2020 7 13 62.832484350214244 8.725549705931593 372.17656020885994
2020 7 14 62.84803689700428 7.781447318372972 412.6302200998918
2020 7 15 62.20318750053287 6.8577293052390855 453.1450735004615
2020 7 16 60.97668779506005 5.97880898624309 493.35247729508575
2020 7 17 59.25537098724759 5.161647011627613 532.9283189816415
2020 7 18 57.12873053097479 4.4166319311275455 571.5964636376689
2020 7 19 54.684552235398876 3.7487003498786806 609.1295379913532
2020 7 20 52.005635153228724 3.1585205714153854 645.3476076062464
2020 7 21 49.167535614404095 2.6436178918587143 680.1152976384091
2020 7 22 46.23720670796475 2.1993681067860322 713.3378606132737
2020 7 23 43.272375447401025 1.819824294017009 744.9566238776489
2020 7 24 40.32149357990026 1.4983696444257601 774.944168713501
2020 7 25 37.4241076595305 1.2282070160643073 803.2995125069768
2020 7 26 34.611512961171776 1.0027058653792194 830.0434912515443
2020 7 27 31.916328277933136 0.8158848321942824 855.424298827856
2020 7 28 29.431016548960123 0.6638717119231564 881.5811927177348
2020 7 29 27.139235051171045 0.540181202666156 908.5379038432285
2020 7 30 25.025913662799898 0.4395363237703827 936.3188887630204
2020 7 31 23.07715576644045 0.3576432851792138 964.9493518607165
2020 8 1 21.280146868730682 0.2910083024232622 994.4552682116002
2020 8 2 19.623070335785908 0.236788542071559 1024.8634071485985
2020 8 3 18.095029690280008 0.1926708385619328 1056.2013565488412
2020 8 4 16.685976959221932 0.15677300813372907 1088.4975478628473
2020 8 5 15.386646601262184 0.12756354964115607 1121.7812819090452
2020 8 6 14.188494579053566 0.10379630646093814 1156.0827554570299
2020 8 7 13.083642176022844 0.08445730198979237 1191.4330886236746
2020 8 8 12.064824188107934 0.06872148058639616 1227.8643531069524
2020 8 9 11.125341149783836 0.05591750840628569 1265.4096012830817
2020 8 10 10.259015280228816 0.045499132435542926 1304.1028961933964
2020 8 11 9.460149859945039 0.037021875820102995 1343.979342448144
2020 8 12 8.72349177070551 0.03012407524870582 1385.0751180752513
2020 8 13 8.044196952500375 0.02451145139158338 1427.42750734295
2020 8 14 7.417798550337028 0.01994455412694425 1471.0749345860443
2020 8 15 6.840177541436141 0.016228546933748624 1516.0569990665049
2020 8 16 6.307535649676218 0.013204894624597594 1562.4145109000222
2020 8 17 5.81637036917952 0.01074459979433593 1610.1895280811075
2020 8 18 5.363451932801378 0.008742699432481219 1659.4253946403378
2020 8 19 4.945802074074036 0.007113786909680938 1710.16677996836
2020 8 20 4.560674442949443 0.005788368293702813 1762.4597193423326
2020 8 21 4.2055365465603245 0.004709897545278984 1816.3516556915713
2020 8 22 3.878053096246976 0.0038323641070244457 1871.8914826402922
2020 8 23 3.576070651344424 0.0031183299652730164 1929.1295888665022
2020 8 24 3.297603458751742 0.0025373324404370286 1988.1179038172809
2020 8 25 3.0408203951684514 0.002064584564491546 2048.909944821931
2020 8 26 2.804032926133748 0.0016799176000771006 2111.560865645738
2020 8 27 2.58568400269054 0.0013669205861489243 2176.127506528394
2020 8 28 2.3843378226618124 0.0011122402008003037 2242.668445752479
2020 8 29 2.1986703892123174 0.0009050110714636071 2311.244052788785
2020 8 30 2.0274608046112874 0.0007363922279399439 2381.9165430667067
2020 8 31 1.869583241946369 0.0005991899220562857 2454.750034419377
2020 9 1 1.7239995419969836 0.0004875507223890718 2529.8106052547687
2020 9 2 1.5897523865862022 0.00039671179062283457 2607.1663545055335
2020 9 3 1.465959003520981 0.00032279768563973996 2686.887463411965
2020 9 4 1.3518053617261854 0.000262655026438165 2769.046259194145
2020 9 5 1.246540818401208 0.00021371796014122354 2853.717280671035
2020 9 6 1.1494731830003613 0.00017389869558684666 2940.977345886048
2020 9 7 1.059964165579146 0.00014149843235834674 3030.905621800454
2020 9 8 0.9774251795759747 0.000115134885240531 3123.5836961178466
2020 9 9 0.9013134714296066 9.368331209337453e-05 3219.095651304838
2020 9 10 0.8311285515817259 7.622852922855909e-05 3317.5281408751343
2020 9 11 0.7664089033959234 6.202586713157251e-05 3418.9704680062
2020 9 12 0.7067289483518407 5.046940079203478e-05 3523.5146665598395
2020 9 13 0.6516962475584355 4.1066099259908306e-05 3631.2555845802012
2020 9 14 0.6009489211842888 3.3414791575865066e-05 3742.290970344954
2020 9 15 0.5541532688358441 2.718905170398198e-05 3856.7215610477124
2020 9 16 0.5110015752358419 2.212327229045921e-05 3974.6511741921636
2020 9 17 0.47121008677269693 1.800133311623073e-05 4096.1868017808165
2020 9 18 0.4345171456151681 1.464738080818418e-05 4221.438707383821
2020 9 19 0.4006814691227722 1.1918326445863007e-05 4350.520526175931
2020 9 20 0.3694805632378221 9.697740990716203e-06 4483.549368032367
2020 9 21 0.3407092594259921 7.890888099953145e-06 4620.645923777104
2020 9 22 0.3141783655447376 6.420682411047117e-06 4761.9345746799945
2020 9 23 0.289713421768051 5.22440086607927e-06 4907.543505302055
2020 9 24 0.2671535533868604 4.251006771885876e-06 5057.6048197913005
2020 9 25 0.24635041294140253 3.4589724329827837e-06 5212.254661734641
2020 9 26 0.2271672047293249 2.8145074647404117e-06 5371.6333376745615
2020 9 27 0.20947778527495253 2.2901172017287735e-06 5535.885444402668
2020 9 28 0.19316583384465333 1.8634296989287794e-06 5705.160000145566
2020 9 29 0.17812408755384038 1.5162412824236959e-06 5879.610579762102
2020 9 30 0.16425363603588639 1.2337399301124489e-06 6059.395454074627
2020 10 1 0.15146327103488794 1.0038733497090822e-06 6244.677733460683
2020 10 2 0.13966888664538124 8.168347944807795e-07 6435.625515835392
2020 10 3 0.12879292625515157 6.646446801957778e-07 6632.412039158806
2020 10 4 0.11876387255438504 5.408101538981913e-07 6835.215838606573
2020 10 5 0.10951577725760413 4.400480907681886e-07 7044.220908546526
2020 10 6 0.1009878274459679 3.580597013442569e-07 7259.616869468131
2020 10 7 0.09312394567832429 2.9134713322566377e-07 7481.599140016264
2020 10 8 0.08587242124145467 2.3706424297439067e-07 7710.369114285367
2020 10 9 0.07918557011471473 1.928951717314187e-07 7946.13434453486
2020 10 10 0.07301942141309284 1.5695554424592427e-07 8189.108729491566
2020 10 11 0.06733342824682205 1.277120761935678e-07 8439.512708409982
2020 10 12 0.062090201096238716 1.0391716000879785e-07 8697.573461066468
2020 10 13 0.05725526194863423 8.455563848110064e-08 8963.525113868796
2020 10 14 0.05279681758037189 6.880149532898397e-08 9237.60895226805
2020 10 15 0.04868555049343477 5.598261505129832e-08 9520.07363966559
2020 10 16 0.044894426131661 4.5552108613278527e-08 9811.17544301368
2020 10 17 0.0413985151089738 3.706498164143552e-08 10111.178465314473
2020 10 18 0.038174829280628195 3.015914972769192e-08 10420.35488522826
2020 10 19 0.03520217057952425 2.4539990902909617e-08 10738.985204008397
2020 10 20 0.03246099162357619 1.996777624542713e-08 11067.358499986927
2020 10 21 0.029933267177529945 1.6247442379457855e-08 11405.772690841777
2020 10 22 0.027602375623997654 1.322026952972581e-08 11754.534803883485
2020 10 23 0.025452989664295315 1.0757110095036917e-08 12113.961254606673
2020 10 24 0.023470975530362533 8.752878852927977e-09 12484.378133758963
2020 10 25 0.0216433000450098 7.1220697322212225e-09 12866.121503187811
2020 10 26 0.01995794491934719 5.795107886550232e-09 13259.53770073365
2020 10 27 0.018403827723838036 4.715381438182408e-09 13664.983654445952
2020 10 28 0.016970729013305052 3.836826258085654e-09 14082.827206407293
2020 10 29 0.015649225126683135 3.1219607422490965e-09 14513.44744645921
2020 10 30 0.014430626219628546 2.540286742357606e-09 14957.235056132618
2020 10 31 0.013306919122504063 2.066988430081591e-09 15414.59266309483
2020 11 1 0.012270714647989981 1.6818735849189862e-09 15885.935206434735
2020 11 2 0.011315199001830404 1.368512137988399e-09 16371.690313117557
2020 11 3 0.010434088977205292 1.1135352196590867e-09 16872.298685950733
2020 11 4 0.00962159063809886 9.060648064428944e-10 17388.214503412877
2020 11 5 0.008872361219977566 7.372496343005101e-10 17919.905831708602
2020 11 6 0.008181473997247085 5.998875791347632e-10 18467.85504942301
2020 11 7 0.0075443858864663585 4.881183941740449e-10 19032.55928516115
2020 11 8 0.006956907572286431 3.971736955692558e-10 19614.530868569458
2020 11 9 0.006415175959670485 3.2317352989548096e-10 20214.29779514839
2020 11 10 0.005915628771248495 2.6296084456301504e-10 20832.40420527798
2020 11 11 0.005454981122765722 2.1396679918574323e-10 21469.41087789084
2020 11 12 0.005030203922591681 1.741011717157806e-10 22125.895739240575
2020 11 13 0.0046385039532506975 1.41663183765696e-10 22802.45438722715
2020 11 14 0.004277305503995739 1.1526894067890035e-10 23499.700631754895
