2020 6 26 15.516414166959853 13.51658790013104 17.516240433788663
2020 6 27 16.06273427724321 12.189079070552875 20.47003305362545
2020 6 28 16.628289866786687 10.991949276396136 23.921928612502285
2020 6 29 17.213758200906724 9.912393561114639 27.95592303356358
2020 6 30 17.81984039087143 8.938864585321433 32.670176611516126
2020 7 1 18.447262233496822 8.060949112045613 38.17940257405266
2020 7 2 19.096775080304557 7.269256622780842 44.61765843034213
2020 7 3 19.769156737281982 6.55531887292035 52.14160802923659
2020 7 4 20.465212396321984 5.911499312185072 60.93433370375332
2020 7 5 21.185775599458083 5.330911401171313 71.2097912637914
2020 7 6 21.931709237049436 4.807344950300585 83.21801624164472
2020 7 7 22.703906581111113 4.335199693264958 97.25120807531384
2020 7 8 23.503292355027064 3.909425384444165 113.65084027772139
2020 7 9 24.330823840926822 3.525467779553635 132.81596960553188
2020 7 10 25.187492026052 3.179219921711834 155.21294641686424
2020 7 11 26.074322789485404 2.866978211864163 181.38676250269953
2020 7 12 26.99237813066392 2.585402793675894 211.9743125218834
2020 7 13 27.942757441146302 2.331481829155882 247.71989173386547
2020 7 14 28.926598821158855 2.1024992828894917 289.49330713976457
2020 7 15 29.945080442495613 1.896005870288631 338.3110427351321
2020 7 16 30.99942195940509 1.7097928591102858 395.3609938943249
2020 7 17 30.069439300622935 1.658499073336977 383.5001640774951
2020 7 18 29.167356121604247 1.6087441011368677 371.99515915517026
2020 7 19 28.29233543795612 1.5604817781027616 360.83530438051514
2020 7 20 27.443565374817435 1.5136673247596786 350.0102452490997
2020 7 21 26.620258413572913 1.4682573050168881 339.5099378916267
2020 7 22 25.821650661165723 1.4242095858663815 329.32463975487786
2020 7 23 25.04700114133075 1.38148329829039 319.4449005622315
2020 7 24 24.295591107090825 1.3400387993416782 309.86155354536453
2020 7 25 23.566723373878098 1.2998376353614278 300.5657069390036
2020 7 26 22.859721672661756 1.260842506300585 291.54873573083347
2020 7 27 22.1739300224819 1.2230172311115675 282.80227365890846
2020 7 28 21.508712121807445 1.1863267141782203 274.3182054491412
2020 7 29 20.86345075815322 1.1507369127528737 266.08865928566695
2020 7 30 20.237547235408623 1.1162148053702874 258.10599950709695
2020 7 31 19.630420818346366 1.0827283612091787 250.36281952188403
2020 8 1 19.041508193795973 1.0502465103729033 242.8519349362275
2020 8 2 18.470262947982093 1.0187391150617162 235.56637688814067
2020 8 3 17.91615505954263 0.9881769416098647 228.49938558149643
2020 8 4 17.37867040775635 0.9585316333615688 221.64440401405153
2020 8 5 16.857310295523657 0.9297756843607217 214.99507189362998
2020 8 6 16.351590986657946 0.9018824138299 208.54521973682108
2020 8 7 15.861043257058208 0.8748259414150029 202.28886314471643
2020 8 8 15.385211959346462 0.8485811631725528 196.22019725037492
2020 8 9 14.923655600566068 0.8231237282773762 190.33359133286368
2020 8 10 14.475945932549086 0.798430016429055 184.62358359287776
2020 8 11 14.041667554572614 0.7744771159361833 179.08487608509142
2020 8 12 13.620417527935436 0.7512428024580978 173.71232980253868
2020 8 13 13.211805002097373 0.7287055183843548 168.5009599084625
2020 8 14 12.815450852034452 0.7068443528328242 163.44593111120864
2020 8 15 12.430987326473419 0.6856390222478395 158.54255317787238
2020 8 16 12.058057706679216 0.6650698515804042 153.7862765825362
2020 8 17 11.69631597547884 0.645117756032992 149.1726882850601
2020 8 18 11.345426496214474 0.6257642233520022 144.6975076365083
2020 8 19 11.005063701328039 0.6069912966514421 140.35658240741304
2020 8 20 10.674911790288197 0.5887815577518989 136.14588493519065
2020 8 21 10.35466443657955 0.571118111019342 132.06150838713492
2020 8 22 10.044024503482165 0.5539845676887617 128.09966313552087
2020 8 23 9.7427037683777 0.5373650306580988 124.25667324145525
2020 8 24 9.450422655326369 0.5212440797383558 120.52897304421158
2020 8 25 9.166909975666577 0.5056067573462052 116.91310385288523
2020 8 26 8.89190267639658 0.49043855462581903 113.40571073729866
2020 8 27 8.625145596104682 0.47572539798704444 110.0035394151797
2020 8 28 8.366391228221541 0.4614536360474331 106.70343323272431
2020 8 29 8.115399491374895 0.4476100269660101 103.50233023574258
2020 8 30 7.871937506633648 0.43418172615702977 100.3972603286703
2020 8 31 7.635779381434638 0.42115627437231884 97.38534251881019
2020 9 1 7.4067059999915985 0.40852158614114925 94.46378224324589
2020 9 2 7.18450481999185 0.3962659385569148 91.62986877594851
2020 9 3 6.968969675392095 0.38437796040020733 88.88097271267006
2020 9 4 6.759900585130332 0.3728466215882011 86.21454353128995
2020 9 5 6.557103567576422 0.361661222940555 83.62810722535124
2020 9 6 6.360390460549129 0.3508113862523384 81.1192640085907
2020 9 7 6.169578746732655 0.3402870446647682 78.68568608833299
2020 9 8 5.984491384330675 0.33007843332482517 76.32511550568299
2020 9 9 5.804956642800755 0.3201760803250804 74.0353620405125
2020 9 10 5.630807943516732 0.31057079791532793 71.81430117929712
2020 9 11 5.46188370521123 0.30125367397786806 69.65987214391821
2020 9 12 5.298027194054893 0.29221606375853204 67.57007597960066
2020 9 13 5.139086378233246 0.28344958184577607 65.54297370021264
2020 9 14 4.984913786886249 0.2749460943904028 63.57668448920626
2020 9 15 4.835366373279662 0.2666977115586907 61.66938395453007
2020 9 16 4.690305382081272 0.25869678021193 59.819302435894166
2020 9 17 4.549596220618834 0.25093587680557206 58.02472336281734
2020 9 18 4.413108334000269 0.2434078005014049 56.28398166193282
2020 9 19 4.280715083980261 0.23610556648636274 54.595462212074835
2020 9 20 4.152293631460853 0.22902239949177186 52.95759834571259
2020 9 21 4.027724822517027 0.2221517275070187 51.36887039534121
2020 9 22 3.906893077841516 0.21548717568180814 49.82780428348097
2020 9 23 3.7896862855062703 0.2090225604113539 48.33297015497654
2020 9 24 3.675995696941082 0.20275188359901328 46.882981050327245
2020 9 25 3.5657158260328496 0.19666932709104287 45.47649161881743
2020 9 26 3.458744351251864 0.19076924727831157 44.1121968702529
2020 9 27 3.3549820207143077 0.18504616985996222 42.78883096414531
2020 9 28 3.2543325600928785 0.17949478476416336 41.50516603522095
2020 9 29 3.156702583290092 0.17410994122123846 40.26001105416432
2020 9 30 3.062001505791389 0.1688866429846013 39.05221072253939
2020 10 1 2.9701414606176475 0.16382004369506326 37.88064440086321
2020 10 2 2.881037216799118 0.15890544238421137 36.744225068837316
2020 10 3 2.794606100295144 0.15413827911268502 35.6418983167722
2020 10 4 2.7107679172862897 0.14951413073930447 34.572641367269036
2020 10 5 2.629444879767701 0.14502870681712535 33.53546212625096
2020 10 6 2.55056153337467 0.1406778456126116 32.52939826246343
2020 10 7 2.47404468737343 0.13645751024423325 31.553516314589526
2020 10 8 2.399823346752227 0.13236378493690626 30.60691082515184
2020 10 9 2.3278286463496602 0.12839287138879907 29.688703500397285
2020 10 10 2.25799378695917 0.12454108524713509 28.798042395385366
2020 10 11 2.190253973350395 0.12080485268972103 27.934101123523803
2020 10 12 2.1245463541498832 0.1171807071090294 27.09607808981809
2020 10 13 2.0608099635253865 0.11366528589575851 26.283195747123546
2020 10 14 1.998985664619625 0.11025532731888575 25.494699874709838
2020 10 15 1.9390160946810362 0.10694766749931918 24.72985887846854
2020 10 16 1.880845611840605 0.10373923747433961 23.987963112114485
2020 10 17 1.8244202434853867 0.10062706035010942 23.26832421875105
2020 10 18 1.769687636180825 0.09760824853960613 22.570274492188517
2020 10 19 1.7165970070954002 0.09468000108341794 21.893166257422862
2020 10 20 1.665099096882538 0.0918396010509154 21.236371269700175
2020 10 21 1.6151461239760618 0.08908441301938794 20.59928013160917
2020 10 22 1.56669174025678 0.0864118806288063 19.981301727660895
2020 10 23 1.5196909880490765 0.0838195242099421 19.38186267583107
2020 10 24 1.4741002584076042 0.08130493848364383 18.800406795556135
2020 10 25 1.429877250655376 0.07886579032913452 18.23639459168945
2020 10 26 1.3869809331357148 0.07649981661926047 17.689302753938765
2020 10 27 1.3453715051416433 0.07420482212068266 17.1586236713206
2020 10 28 1.305010359987394 0.07197867745706218 16.643864961180984
2020 10 29 1.265860049187772 0.06981931713335032 16.144549012345554
2020 10 30 1.2278842477121388 0.06772473761934981 15.660212541975186
