2020 6 26 703.4198374990211 658.925291995776 747.9143830022662
2020 6 27 718.0720962751188 630.094271954077 811.797249431421
2020 6 28 732.967152258338 602.4699785751601 881.0660945736627
2020 6 29 748.241588317785 576.1146506715374 956.3301322596107
2020 6 30 763.8514448065871 550.9254255889922 1038.045385127876
2020 7 1 779.685624910946 526.7644547055814 1126.6052328706485
2020 7 2 795.9479020207657 503.7305384275078 1222.864777482235
2020 7 3 812.3818850431506 481.597834494736 1327.0916255878767
2020 7 4 829.2072073817917 460.46843024762103 1440.2868940359406
2020 7 5 846.4796212857858 440.32081305595324 1563.3085357671994
2020 7 6 864.2512161729128 421.12725788931965 1697.0954729631674
2020 7 7 882.6344426948148 402.8865741922915 1842.8001864044593
2020 7 8 901.5858048231099 385.51681068915224 2001.384208667334
2020 7 9 921.1721460650635 368.99343611953486 2174.121613935862
2020 7 10 941.1839873106708 353.178258701372 2361.7678063576436
2020 7 11 961.6305722594502 338.04092487684676 2565.6095479633777
2020 7 12 982.5213454240345 323.55238205139847 2787.0446598864673
2020 7 13 1003.8659564926995 309.6848228340187 3027.591607759542
2020 7 14 1025.674264786666 296.4116316674264 3288.899914416659
2020 7 15 1047.9563438142336 283.70733374569073 3572.7614713050843
2020 7 16 1070.72248592385 271.5475461212612 3881.1228261733495
2020 7 17 1038.6008113461344 263.40111973762333 3764.689141388149
2020 7 18 1007.4427870057503 255.49908614549463 3651.7484671465045
2020 7 19 977.2195033955778 247.83411356112978 3542.1960131321093
2020 7 20 947.9029182937105 240.3990901542959 3435.930132738146
2020 7 21 919.4658307448992 233.187117449667 3332.8522287560013
2020 7 22 891.8818558225522 226.19150392617698 3232.866661893321
2020 7 23 865.1254001478757 219.40575880839165 3135.8806620365212
2020 7 24 839.1716381434394 212.8235860441399 3041.8042421754253
2020 7 25 813.9964889991362 206.4388784628157 2950.5501149101624
2020 7 26 789.576594329162 200.24571210893123 2862.0336114628576
2020 7 27 765.8892964992872 194.2383407456633 2776.172603118972
2020 7 28 742.9126176043086 188.41119052329339 2692.8874250254025
2020 7 29 720.6252390761794 182.7588548075946 2612.1008022746405
2020 7 30 699.0064819038939 177.27608916336675 2533.7377782064013
2020 7 31 678.0362874467771 171.95780648846574 2457.7256448602093
2020 8 1 657.6951988233737 166.79907229381175 2383.993875514403
2020 8 2 637.9643428586725 161.7951001249974 2312.474059248971
2020 8 3 618.8254125729122 156.94124712124747 2243.099837471502
2020 8 4 600.2606501957248 152.23300970761005 2175.806842347357
2020 8 5 582.252830689853 147.66601941638174 2110.532637076936
2020 8 6 564.7852457691574 143.2360388338903 2047.216657964628
2020 8 7 547.8416883960826 138.93895766887357 1985.800158225689
2020 8 8 531.4064377442002 134.77078893880736 1926.2261534789184
2020 8 9 515.4642446118742 130.72766527064314 1868.4393688745508
2020 8 10 500.0003172735179 126.80583531252384 1812.3861878083142
2020 8 11 485.00030775531235 123.00166025314812 1758.0146021740647
2020 8 12 470.450298522653 119.31161044555367 1705.2741641088428
2020 8 13 456.3367895669734 115.73226213218706 1654.1159391855774
2020 8 14 442.64668587996414 112.26029426822144 1604.49246101001
2020 8 15 429.3672853035652 108.8924854401748 1556.3576871797095
2020 8 16 416.48626674445825 105.62571087696955 1509.666956564318
2020 8 17 403.99167874212446 102.45693955066046 1464.3769478673885
2020 8 18 391.8719283798607 99.38323136414064 1420.4456394313668
2020 8 19 380.1157705284649 96.40173442321642 1377.8322702484256
2020 8 20 368.71229741261095 93.50968239051993 1336.4973021409728
2020 8 21 357.6509284902326 90.70439191880433 1296.4023830767435
2020 8 22 346.92140063552563 87.9832601612402 1257.510311584441
2020 8 23 336.5137586164598 85.34376235640299 1219.7850022369078
2020 8 24 326.418345857966 82.7834494857109 1183.1914521698004
2020 8 25 316.62579548222703 80.29994600113957 1147.6957086047064
2020 8 26 307.1270216177602 77.89094762110538 1113.2648373465652
2020 8 27 297.91321096922735 75.55421919247222 1079.8668922261681
2020 8 28 288.97581464015053 73.28759261669805 1047.470885459383
2020 8 29 280.306540200946 71.0889648381971 1016.0467588956014
2020 8 30 271.8973439949176 68.95629589305119 985.5653561287334
2020 8 31 263.7404236750701 66.88760701625965 955.9983954448713
2020 9 1 255.82821096481797 64.88097880577186 927.3184435815251
2020 9 2 248.15336463587343 62.934549441598705 899.4988902740794
2020 9 3 240.70876369679723 61.04651295835074 872.513923565857
2020 9 4 233.4875007858933 59.21511756960022 846.3385058588813
2020 9 5 226.4828757623165 57.43866404251221 820.9483506831148
2020 9 6 219.688389489447 55.71550412123684 796.3199001626213
2020 9 7 213.09773780476357 54.044038997599735 772.4303031577426
2020 9 8 206.70480567062066 52.42271782767174 749.2573940630103
2020 9 9 200.50366150050203 50.85003629284159 726.77967224112
2020 9 10 194.48855165548696 49.32453520405634 704.9762820738864
2020 9 11 188.65389510582236 47.844799147934644 683.8269936116698
2020 9 12 182.9942782526477 46.4094551734966 663.3121838033196
2020 9 13 177.50444990506824 45.017171518291704 643.41281828922
2020 9 14 172.1793164079162 43.66665637274295 624.1104337405434
2020 9 15 167.0139369156787 42.35665668156066 605.3871207283271
2020 9 16 162.00351880820833 41.08595698111384 587.2255071064773
2020 9 17 157.14341324396207 39.85337827168042 569.608741893283
2020 9 18 152.4291108466432 38.65777692353001 552.5204796364844
2020 9 19 147.85623752124388 37.49804361582411 535.9448652473899
2020 9 20 143.42055039560657 36.373102307349384 519.8665192899682
2020 9 21 139.11793388373837 35.281909238128904 504.27052371126916
2020 9 22 134.9443958672262 34.22345196098504 489.1424079999311
2020 9 23 130.89606399120942 33.196748402155485 474.46813575993315
2020 9 24 126.96918207147313 32.20084595009082 460.23409168713516
2020 9 25 123.16010660932893 31.2348205715881 446.4270689365211
2020 9 26 119.46530341104906 30.297775954440453 433.0342568684255
2020 9 27 115.88134430871759 29.38884267580724 420.0432291623727
2020 9 28 112.40490397945605 28.50717739553302 407.4419322875015
2020 9 29 109.03275686007237 27.65196207366703 395.2186743188765
2020 9 30 105.7617741542702 26.82240321145702 383.3621140893102
2020 10 1 102.58892092964209 26.017731115113307 371.8612506666309
2020 10 2 99.51125330175282 25.237199181659907 360.70541314663194
2020 10 3 96.52591570270023 24.48008320621011 349.88425075223296
2020 10 4 93.63013823161923 23.745680710023805 339.38772322966594
2020 10 5 90.82123408467065 23.03331028872309 329.20609153277593
2020 10 6 88.09659706213053 22.342310980061395 319.32990878679266
2020 10 7 85.45369915026662 21.67204165065955 309.75001152318885
2020 10 8 82.89008817575862 21.021880401139764 300.4575111774932
2020 10 9 80.40338553048586 20.391223989105573 291.4437858421684
2020 10 10 77.99128396457128 19.779487269432405 282.7004722669033
2020 10 11 75.65154544563414 19.186102651349433 274.2194580988962
2020 10 12 73.38199908226511 18.61051957180895 265.9928743559293
2020 10 13 71.18053910979715 18.052203984654682 258.01308812525144
2020 10 14 69.04512293650323 17.51063786511504 250.27269548149388
2020 10 15 66.97376924840813 16.985318729161587 242.76451461704906
2020 10 16 64.96455617095589 16.47575916728674 235.48157917853757
2020 10 17 63.01561948582721 15.981486392268136 228.41713180318143
2020 10 18 61.12515090125239 15.502041800500091 221.56461784908598
2020 10 19 59.29139637421482 15.036980546485088 214.9176793136134
2020 10 20 57.512654482988374 14.585871130090535 208.47014893420499
2020 10 21 55.78727484849872 14.148294996187818 202.21604446617883
2020 10 22 54.11365660304376 13.723846146302183 196.14956313219346
2020 10 23 52.49024690495244 13.312130761913117 190.26507623822766
2020 10 24 50.91553949780387 12.912766839055724 184.55712395108083
2020 10 25 49.38807331286975 12.525383833884051 179.0204102325484
2020 10 26 47.906431113483656 12.149622318867529 173.64979792557193
2020 10 27 46.469238180079145 11.785133649301503 168.44030398780478
2020 10 28 45.07516103467677 11.431579639822457 163.38709486817064
2020 10 29 43.72290620363646 11.088632250627784 158.48548202212552
2020 10 30 42.411219017527365 10.75597328310895 153.73091756146175
