2020 6 26 594.0582500435689 558.3248088588916 629.7916912282465
2020 6 27 614.9943697973041 543.2246689692242 691.2155981089155
2020 6 28 636.5167562639431 528.3990325398801 758.4598489462289
2020 6 29 659.0080514105756 514.1570855924127 832.5029277748553
2020 6 30 682.4768016386674 500.4415646249927 914.0051412096392
2020 7 1 706.4659376819208 486.86064931689805 1003.064055009134
2020 7 2 731.5594743923297 473.82828300839094 1101.1715310447848
2020 7 3 757.2513338066385 460.9549975017565 1208.433654912856
2020 7 4 783.9154622275353 448.47406574098835 1326.2555797547627
2020 7 5 811.6150849907375 436.38633760701214 1455.728546023343
2020 7 6 840.5185129082397 424.7454089276993 1598.244679844303
2020 7 7 870.908733336088 413.6461907679402 1755.5830649052527
2020 7 8 902.9486918754611 403.0986824467372 1929.521122655682
2020 7 9 936.4886731499619 392.9635604036025 2121.3790486119983
2020 7 10 971.2744952502103 383.0832660324556 2332.313969020491
2020 7 11 1007.3524348676092 373.4513921936355 2564.2227652089155
2020 7 12 1044.7704876388095 364.06169284238257 2819.1909309607568
2020 7 13 1083.5784319958404 354.9080789784243 3099.511326803092
2020 7 14 1123.8278953879487 345.9846146974015 3407.7047990881156
2020 7 15 1165.5724229632456 337.28551334157305 3746.542849290223
2020 7 16 1208.8675488015292 328.80513374730367 4119.07255737757
2020 7 17 1172.6015223374834 318.94097973488454 3995.5003806562427
2020 7 18 1137.423476667359 309.372750342838 3875.635369236555
2020 7 19 1103.3007723673381 300.09156783255287 3759.366308159458
2020 7 20 1070.201749196318 291.08882079757626 3646.585318914674
2020 7 21 1038.0956967204284 282.35615617364897 3537.187759347234
2020 7 22 1006.9528258188154 273.8854714884395 3431.072126566817
2020 7 23 976.7442410442509 265.6689073437863 3328.1399627698124
2020 7 24 947.4419138129233 257.69884012347273 3228.295763886718
2020 7 25 919.0186563985355 249.96787491976855 3131.4468909701163
2020 7 26 891.4480967065795 242.46883867217548 3037.5034842410128
2020 7 27 864.704653805382 235.19477351201022 2946.378379713782
2020 7 28 838.7635141912206 228.1389303066499 2857.9870283223686
2020 7 29 813.6006087654839 221.2947623974504 2772.2474174726976
2020 7 30 789.1925905025194 214.65591952552688 2689.0799949485167
2020 7 31 765.5168127874438 208.21624193976106 2608.4075951000614
2020 8 1 742.5513084038205 201.96975468156822 2530.1553672470595
2020 8 2 720.2747691517059 195.91066204112116 2454.2507062296477
2020 8 3 698.6665260771547 190.0333421798875 2380.623185042758
2020 8 4 677.70653029484 184.33234191449088 2309.204489491475
2020 8 5 657.3753343859948 178.80237165705614 2239.928354806731
2020 8 6 637.654074354415 173.43830050734445 2172.730504162529
2020 8 7 618.5244521237826 168.23515149212412 2107.548589037653
2020 8 8 599.9687185600691 163.18809694736038 2044.3221313665235
2020 8 9 581.969657003267 158.29245403893955 1982.9924674255278
2020 8 10 564.510567293169 153.54368041777136 1923.502693402762
2020 8 11 547.5752502743738 148.93737000523822 1865.797612600679
2020 8 12 531.1479927661426 144.46924890508106 1809.8236842226586
2020 8 13 515.2135529831583 140.13517143792862 1755.5289736959787
2020 8 14 499.7571463936635 135.93111629479077 1702.8631044850993
2020 8 15 484.7644320018536 131.85318280594703 1651.7772113505462
2020 8 16 470.221499041798 127.89758732176861 1602.2238950100298
2020 8 17 456.114854070544 124.06065970211554 1554.1571781597288
2020 8 18 442.4314084484277 120.33883991105208 1507.532462814937
2020 8 19 429.15846619497484 116.72867471372051 1462.3064889304887
2020 8 20 416.28371220912555 113.22681447230889 1418.4372942625741
2020 8 21 403.7952008428518 109.83001003813962 1375.8841754346968
2020 8 22 391.68134481756624 106.53510973699542 1334.607650171656
2020 8 23 379.9309044730392 103.33905644488556 1294.5694206665062
2020 8 24 368.532977338848 100.23888475153899 1255.732338046511
2020 8 25 357.47698801868256 97.23171820899282 1218.0603679051155
2020 8 26 346.7526783781221 94.31476666272303 1181.518556867962
2020 8 27 336.3500980267784 91.48532366284134 1146.0730001619231
2020 8 28 326.25959508597504 88.7407639529561 1111.6908101570655
2020 8 29 316.4718072333958 86.07854103436742 1078.3400858523535
2020 8 30 306.9776530163939 83.49618480333639 1045.9898832767828
2020 8 31 297.76832342590205 80.9912992592363 1014.6101867784794
2020 9 1 288.835273723125 78.56156028145921 984.171881175125
2020 9 2 280.17021551143125 76.20471347301543 954.6467247398713
2020 9 3 271.7651090460883 73.91857206882497 926.0073229976751
2020 9 4 263.6121557747056 71.70101490676022 898.2271033077449
2020 9 5 255.70379110146445 69.54998445955741 871.2802902085125
2020 9 6 248.0326773684205 67.46348492577069 845.1418815022571
2020 9 7 240.5916970473679 65.43958037799756 819.7876250571893
2020 9 8 233.37394613594685 63.47639296665763 795.1939963054735
2020 9 9 226.37272775186844 61.5721011776579 771.3381764163094
2020 9 10 219.5815459193124 59.72493814232816 748.1980311238201
2020 9 11 212.99409954173302 57.93318999805832 725.7520901901055
2020 9 12 206.60427655548102 56.19519429811657 703.9795274844023
2020 9 13 200.4061482588166 54.50933846917307 682.8601416598702
2020 9 14 194.3939638110521 52.87405831509788 662.3743374100741
2020 9 15 188.56214489672053 51.28783656564494 642.5031072877719
2020 9 16 182.9052805498189 49.74920146867559 623.2280140691387
2020 9 17 177.41812213332435 48.25672542461532 604.5311736470645
2020 9 18 172.0955784693246 46.80902366187686 586.3952384376526
2020 9 19 166.93271111524487 45.40475295202055 568.803381284523
2020 9 20 161.92472978178753 44.042610363459936 551.7392798459873
2020 9 21 157.0669878883339 42.721332052556136 535.1871014506077
2020 9 22 152.3549782516839 41.43969209097945 519.1314884070894
2020 9 23 147.78432890413336 40.196501328250065 503.5575437548767
2020 9 24 143.35079903700935 38.99060628840256 488.4508174422304
2020 9 25 139.05027506589906 37.82088809975048 473.7972929189635
2020 9 26 134.87876681392208 36.68626145675797 459.5833741313946
2020 9 27 130.83240380950443 35.58567361305523 445.79587290745275
2020 9 28 126.90743169521929 34.51810340466357 432.4219967202292
2020 9 29 123.1002087443627 33.48256030252366 419.44933681862227
2020 9 30 119.40720248203182 32.47808349344795 406.86585671406357
2020 10 1 115.82498640757086 31.50374098864451 394.6598810126417
2020 10 2 112.35023681534373 30.558628758985172 382.82008458226244
2020 10 3 108.97972971088342 29.641869896215617 371.33548204479456
2020 10 4 105.71033781955691 28.752613799329147 360.1954175834507
2020 10 5 102.53902768497021 27.89003538534927 349.3895550559472
2020 10 6 99.4628568544211 27.053334323788793 338.90786840426875
2020 10 7 96.47897114878847 26.24173429407513 328.74063235214066
2020 10 8 93.58460201432482 25.454482265252874 318.8784133815764
2020 10 9 90.77706395389507 24.690847797295287 309.3120609801291
2020 10 10 88.05375203527821 23.95012236337643 300.03269915072525
2020 10 11 85.41213947421986 23.231618692475138 291.03171817620347
2020 10 12 82.84977528999326 22.53467013170088 282.30076663091734
2020 10 13 80.36428203129346 21.858630027749854 273.8317436319898
2020 10 14 77.95335357035465 21.20287112691736 265.6167913230301
2020 10 15 75.61475296324402 20.566784993109838 257.6482875833392
2020 10 16 73.34631037434669 19.949781443316542 249.91883895583902
2020 10 17 71.14592106311629 19.351288000017046 242.42127378716384
2020 10 18 69.0115434312228 18.770749360016534 235.14863557354892
2020 10 19 66.94119712828612 18.207626879216036 228.09417650634245
2020 10 20 64.93296121443754 17.661398072839553 221.25135121115218
2020 10 21 62.984972378004414 17.131556130654367 214.6138106748176
2020 10 22 61.09542320666428 16.617609446734736 208.17539635457308
2020 10 23 59.26256051046435 16.119081163332694 201.93013446393587
2020 10 24 57.484683695150416 15.635508728432713 195.8722304300178
2020 10 25 55.7601431842959 15.16644346657973 189.99606351711725
2020 10 26 54.08733888876702 14.711450162582338 184.2961816116037
2020 10 27 52.46471872210401 14.270106657704867 178.7672961632556
2020 10 28 50.89077716044089 13.842003457973721 173.4042772783579
2020 10 29 49.364053845627666 13.426743354234508 168.20214896000718
2020 10 30 47.88313223025884 13.023941053607473 163.15608449120697
