2020 6 26 3242.601750775361 3093.006909035974 3392.196592514748
2020 6 27 3363.74640053625 3060.376183513541 3681.450843913284
2020 6 28 3485.598453287791 3024.6154992755437 3991.1906803558236
2020 6 29 3613.4473807335758 2990.6461253529246 4328.802915161716
2020 6 30 3746.806116550489 2957.7372702390885 4695.956381073895
2020 7 1 3885.086621123054 2925.190541802736 5094.250481053562
2020 7 2 4031.998888316077 2895.658548710216 5530.952937319191
2020 7 3 4179.889341058151 2863.1374867712934 5998.812664233584
2020 7 4 4333.204295794915 2830.9816679892706 6506.248342444084
2020 7 5 4491.158888741292 2798.5442315626037 7055.130468256932
2020 7 6 4658.950036842339 2769.020039936737 7656.724870721029
2020 7 7 4837.9462646684115 2742.741213811175 8317.730133416382
2020 7 8 5026.382504269113 2718.164804851417 9040.206485801245
2020 7 9 5226.152509999954 2695.9686186059175 9832.620839109033
2020 7 10 5433.862232844606 2673.9536835792424 10694.493838999111
2020 7 11 5649.8272312254485 2652.1185196971137 11631.913845134457
2020 7 12 5874.375605210426 2630.4616589713514 12651.502889013158
2020 7 13 6107.848494971856 2608.981645401179 13760.463452681126
2020 7 14 6350.600599056116 2587.6770348753353 14966.629347807284
2020 7 15 6603.000713251604 2566.5463950749886 16278.52105453625
2020 7 16 6865.432290873616 2545.5883053774382 17705.405911037873
2020 7 17 6659.469322147407 2469.220656216115 17174.243733706735
2020 7 18 6459.685242482985 2395.1440365296316 16659.01642169553
2020 7 19 6265.8946852084955 2323.2897154337425 16159.245929044664
2020 7 20 6077.91784465224 2253.59102397073 15674.468551173324
2020 7 21 5895.580309312672 2185.983293251608 15204.234494638124
2020 7 22 5718.7129000332925 2120.4037944540596 14748.10745979898
2020 7 23 5547.151513032293 2056.7916806204375 14305.66423600501
2020 7 24 5380.736967641325 1995.0879302018243 13876.494308924859
2020 7 25 5219.314858612085 1935.2352922957696 13460.199479657113
2020 7 26 5062.735412853723 1877.1782335268965 13056.393495267399
2020 7 27 4910.853350468111 1820.8628865210896 12664.701690409376
2020 7 28 4763.527749954067 1766.236999925457 12284.760639697095
2020 7 29 4620.621917455445 1713.2498899276932 11916.217820506183
2020 7 30 4482.003259931782 1661.8523932298624 11558.731285890997
2020 7 31 4347.543162133828 1611.9968214329665 11211.969347314267
2020 8 1 4217.116867269813 1563.6369167899775 10875.610266894839
2020 8 2 4090.6033612517185 1516.7278092862782 10549.341958887993
2020 8 3 3967.885260414167 1471.2259750076898 10232.861700121353
2020 8 4 3848.848702601742 1427.089195757459 9925.875849117712
2020 8 5 3733.38324152369 1384.2765198847353 9628.09957364418
2020 8 6 3621.381744277979 1342.7482242881931 9339.256586434854
2020 8 7 3512.74029194964 1302.4657775595472 9059.078888841808
2020 8 8 3407.3580831911504 1263.3918042327607 8787.306522176554
2020 8 9 3305.137340695416 1225.4900501057778 8523.687326511257
2020 8 10 3205.983220474553 1188.7253486026043 8267.97670671592
2020 8 11 3109.8037238603165 1153.0635881445262 8019.937405514442
2020 8 12 3016.5096121445067 1118.4716805001904 7779.339283349008
2020 8 13 2926.0143237801713 1084.9175300851846 7545.959104848537
2020 8 14 2838.233894066766 1052.370004182629 7319.58033170308
2020 8 15 2753.086877244763 1020.79890405715 7099.9929217519875
2020 8 16 2670.49427092742 990.1749369354355 6886.993134099428
2020 8 17 2590.379442799597 960.4696888273725 6680.383340076445
2020 8 18 2512.668059515609 931.6555981625513 6479.971839874152
2020 8 19 2437.288017730141 903.7059302176748 6285.572684677927
2020 8 20 2364.1693771982364 876.5947523111445 6097.005504137589
2020 8 21 2293.2442958822894 850.2969097418102 5914.095339013461
2020 8 22 2224.4469670058206 824.7880024495558 5736.6724788430565
2020 8 23 2157.713557995646 800.0443623760691 5564.572304477765
2020 8 24 2092.982151255777 776.043031504787 5397.635135343432
2020 8 25 2030.1926867181035 752.7617405596434 5235.706081283129
2020 8 26 1969.2869061165602 730.1788883428541 5078.634898844634
2020 8 27 1910.2082989330634 708.2735216925685 4926.275851879295
2020 8 28 1852.9020499650715 687.0253160417914 4778.4875763229165
2020 8 29 1797.3149884661193 666.4145565605376 4635.132949033229
2020 8 30 1743.3955388121358 646.4221198637214 4496.078960562232
2020 8 31 1691.0936726477717 627.0294562678097 4361.196591745365
2020 9 1 1640.3608624683384 608.2185725797754 4230.360693993004
2020 9 2 1591.1500365942882 589.9720154023821 4103.449873173214
2020 9 3 1543.4155354964594 572.2728549403106 3980.3463769780174
2020 9 4 1497.1130694315655 555.1046692921012 3860.935985668677
2020 9 5 1452.1996773486185 538.4515292133382 3745.1079060986167
2020 9 6 1408.6336870281598 522.297983336938 3632.754668915658
2020 9 7 1366.374676417315 506.6290438368299 3523.7720288481883
2020 9 8 1325.3834361247955 491.430172521725 3418.0588679827424
2020 9 9 1285.6219330410515 476.68726734607327 3315.51710194326
2020 9 10 1247.05327504982 462.38664932569105 3216.0515888849623
2020 9 11 1209.6416767983255 448.5150498459203 3119.5700412184133
2020 9 12 1173.3524264943758 435.0595983505427 3025.982939981861
2020 9 13 1138.1518536995445 422.00781040002636 2935.203451782405
2020 9 14 1104.0072980885582 409.34757608802556 2847.1473482289325
2020 9 15 1070.8870791459015 397.06714880538476 2761.7329277820645
2020 9 16 1038.7604667715243 385.15513434122323 2678.8809399486026
2020 9 17 1007.5976527683786 373.60048031098654 2598.5145117501447
2020 9 18 977.3697231853272 362.3924659016569 2520.55907639764
2020 9 19 948.0486314897673 351.5206919246072 2444.9423041057107
2020 9 20 919.6071725450743 340.975071166869 2371.594034982539
2020 9 21 892.018957368722 330.7458190318629 2300.446213933063
2020 9 22 865.2583886476604 320.823444460907 2231.432827515071
2020 9 23 839.3006369882305 311.1987411270798 2164.489842689619
2020 9 24 814.1216178785836 301.86277889326743 2099.55514740893
2020 9 25 789.6979693422261 292.8068955264694 2036.5684929866622
2020 9 26 766.0070302619592 284.0226886606753 1975.4714381970623
2020 9 27 743.0268193541004 275.5020080008551 1916.2072950511504
2020 9 28 720.7360147734775 267.2369477608294 1858.7210761996157
2020 9 29 699.1139343302731 259.2198393280045 1802.9594439136272
2020 9 30 678.1405163003649 251.44324414816438 1748.8706605962184
2020 10 1 657.796300811354 243.89994682371943 1696.4045407783317
2020 10 2 638.0624117870133 236.58294841900783 1645.5124045549817
2020 10 3 618.9205394334028 229.4854599664376 1596.1470324183322
2020 10 4 600.3529232504007 222.60089616744446 1548.262621445782
2020 10 5 582.3423355528887 215.92286928242112 1501.8147428024085
2020 10 6 564.8720654863021 209.4451832039485 1456.7603005183362
2020 10 7 547.9259035217129 203.16182770783004 1413.057491502786
2020 10 8 531.4881264160615 197.06697287659514 1370.6657667577024
2020 10 9 515.5434826235796 191.15496369029728 1329.5457937549713
2020 10 10 500.0771781448722 185.42031477958835 1289.659419942322
2020 10 11 485.07486280052603 179.8577053362007 1250.9696373440524
2020 10 12 470.52261691651023 174.46197417611467 1213.4405482237307
2020 10 13 456.4069384090149 169.2281149508312 1177.0373317770188
2020 10 14 442.7147302567445 164.15127150230626 1141.7262118237081
2020 10 15 429.43328834904213 159.22673335723707 1107.4744254689967
2020 10 16 416.55028969857085 154.44993135651995 1074.2501927049268
2020 10 17 404.05378100761374 149.81643341582435 1042.022686923779
2020 10 18 391.9321675773853 145.3219404133496 1010.7620063160656
2020 10 19 380.17420255006374 140.96228220094912 980.4391461265836
2020 10 20 368.7689764735618 136.73341373492065 951.025971742786
2020 10 21 357.70590717935494 132.63141132287302 922.4951925905025
2020 10 22 346.97472996397426 128.65246898318682 894.8203368127873
2020 10 23 336.56548806505504 124.79289491369121 867.9757267084037
2020 10 24 326.46852342310336 121.04910806628047 841.9364549071516
2020 10 25 316.67446772041023 117.41763482429205 816.6783612599371
2020 10 26 307.1742336887979 113.89510577956328 792.178010422139
2020 10 27 297.95900667813396 110.47825260617638 768.4126701094748
2020 10 28 289.0202364777899 107.16390502799109 745.3602900061906
2020 10 29 280.3496293834562 103.94898787715135 722.9994813060048
2020 10 30 271.9391405019525 100.83051824083681 701.3094968668246
