2020 6 26 5744.501148289256 5512.626875512919 5976.375421065593
2020 6 27 5895.968750704131 5429.389553826085 6381.778116153759
2020 6 28 6042.427087794771 5339.118452706181 6804.936083731794
2020 6 29 6188.974775481931 5247.212552716985 7252.155920092086
2020 6 30 6340.530622837694 5158.121373485462 7730.470692446959
2020 7 1 6495.0530128796645 5069.936976190432 8239.424612533125
2020 7 2 6656.392854354961 4985.642270696938 8785.757955622352
2020 7 3 6818.612989245326 4900.406614740872 9364.189222014853
2020 7 4 6986.388359348038 4817.779376158675 9982.902733068413
2020 7 5 7159.933176941809 4737.677139078979 10644.84126401822
2020 7 6 7347.881042247232 4665.5845978445 11365.675293882497
2020 7 7 7548.098765196077 4599.2472688937405 12146.66952290698
2020 7 8 7759.357700267707 4537.256604722485 12990.318455613382
2020 7 9 7983.547352888819 4480.20518464637 13904.312214795722
2020 7 10 8214.21447468765 4423.871128567106 14882.614219744222
2020 7 11 8451.546217954492 4368.245416356827 15929.749173644186
2020 7 12 8695.735142335323 4313.319141306669 17050.560136038974
2020 7 13 8946.979371065505 4259.0835087006335 18250.23092225966
2020 7 14 9205.482751717518 4205.529834407399 19534.310078869854
2020 7 15 9471.455021593154 4152.649543489824 20908.736546013508
2020 7 16 9745.111977894343 4100.434168831945 22379.867125355544
2020 7 17 9452.758618557513 3977.421143766986 21708.471111594878
2020 7 18 9169.175860000787 3858.0985094539765 21057.21697824703
2020 7 19 8894.100584200763 3742.355554170357 20425.50046889962
2020 7 20 8627.27756667474 3630.0848875452466 19812.73545483263
2020 7 21 8368.459239674497 3521.182340918889 19218.35339118765
2020 7 22 8117.405462484262 3415.5468706913225 18641.80278945202
2020 7 23 7873.883298609734 3313.0804645705825 18082.54870576846
2020 7 24 7637.666799651442 3213.688050633465 17540.072244595405
2020 7 25 7408.536795661898 3117.277409114461 17013.870077257543
2020 7 26 7186.280691792042 3023.759086841027 16503.453974939817
2020 7 27 6970.6922710382805 2933.046314235796 16008.350355691622
2020 7 28 6761.571502907132 2845.0549248087223 15528.099845020874
2020 7 29 6558.724357819918 2759.7032770644605 15062.256849670246
2020 7 30 6361.96262708532 2676.9121787525264 14610.389144180139
2020 7 31 6171.10374827276 2596.604813389951 14172.077469854734
2020 8 1 5985.970635824577 2518.706668988252 13746.91514575909
2020 8 2 5806.391516749839 2443.1454689186044 13334.507691386318
2020 8 3 5632.199771247344 2369.8511048510463 12934.472460644727
2020 8 4 5463.233778109923 2298.7555717055147 12546.438286825385
2020 8 5 5299.3367647666255 2229.792904554349 12170.045138220623
2020 8 6 5140.356661823626 2162.8991174177186 11804.943784074005
2020 8 7 4986.145961968918 2098.012143895187 11450.795470551784
2020 8 8 4836.56158310985 2035.0717795783312 11107.27160643523
2020 8 9 4691.464735616554 1974.0196261909812 10774.053458242173
2020 8 10 4550.720793548057 1914.7990374052517 10450.831854494907
2020 8 11 4414.199169741615 1857.3550662830942 10137.306898860059
2020 8 12 4281.773194649367 1801.6344142946014 9833.187691894256
2020 8 13 4153.319998809886 1747.5853818657633 9538.192061137428
2020 8 14 4028.720398845589 1695.1578204097905 9252.046299303305
2020 8 15 3907.858786880221 1644.3030857974968 8974.484910324205
2020 8 16 3790.6230232738144 1594.9739932235718 8705.250363014478
2020 8 17 3676.9043325755997 1547.1247734268645 8444.092852124044
2020 8 18 3566.5972025983315 1500.7110302240585 8190.770066560322
2020 8 19 3459.5992865203816 1455.6896993173368 7945.046964563512
2020 8 20 3355.81130792477 1412.0190083378168 7706.695555626607
2020 8 21 3255.136968687027 1369.6584380876823 7475.494688957809
2020 8 22 3157.482859626416 1328.5686849450517 7251.229848289074
2020 8 23 3062.7583738376234 1288.7116243967 7033.692952840402
2020 8 24 2970.8756226224946 1250.050275664799 6822.6821642551895
2020 8 25 2881.7493539438196 1212.548767394855 6618.001699327534
2020 8 26 2795.296873325505 1176.1723043730094 6419.4616483477075
2020 8 27 2711.4379671257398 1140.8871352418191 6226.877798897276
2020 8 28 2630.0948281119677 1106.6605211845645 6040.071464930357
2020 8 29 2551.1919832686085 1073.4607055490276 5858.869320982446
2020 8 30 2474.6562237705502 1041.2568843825568 5683.103241352973
2020 8 31 2400.4165370574337 1010.01917785108 5512.610144112384
2020 9 1 2328.4040409457107 979.7186025155476 5347.231839789012
2020 9 2 2258.5519197173394 950.3270444400811 5186.814884595342
2020 9 3 2190.7953621258193 921.8172331068786 5031.210438057482
2020 9 4 2125.071501262045 894.1627161136722 4880.274124915757
2020 9 5 2061.3193562241836 867.337834630262 4733.865901168284
2020 9 6 1999.479775537458 841.3176995913541 4591.849924133236
2020 9 7 1939.4953822713342 816.0781686036134 4454.094426409239
2020 9 8 1881.310520803194 791.595823545505 4320.471593616961
2020 9 9 1824.8712051790983 767.8479488391398 4190.857445808452
2020 9 10 1770.1250690237252 744.8125103739656 4065.1317224341983
2020 9 11 1717.0213169530134 722.4681350627466 3943.1777707611723
2020 9 12 1665.510677444423 700.7940910108641 3824.882437638337
2020 9 13 1615.5453571210903 679.7702682805382 3710.1359645091866
2020 9 14 1567.0789964074577 659.377160232122 3598.8318855739108
2020 9 15 1520.066626515234 639.5958454251584 3490.866929006693
2020 9 16 1474.464627719777 620.4079700624036 3386.140921136492
2020 9 17 1430.2306888881835 601.7957309605315 3284.556693502397
2020 9 18 1387.3237682215379 583.7418590317155 3186.019992697325
2020 9 19 1345.7040551748917 566.2296032607641 3090.4393929164053
2020 9 20 1305.332933519645 549.2427151629412 2997.726211128913
2020 9 21 1266.1729455140555 532.7654337080529 2907.7944247950454
2020 9 22 1228.1877571486339 516.7824706968113 2820.560592051194
2020 9 23 1191.3421244341748 501.27899657590694 2735.943774289658
2020 9 24 1155.6018607011495 486.2406266786297 2653.8654610609683
2020 9 25 1120.9338048801148 471.6534078782708 2574.2494972291393
2020 9 26 1087.3057907337113 457.50380564192267 2497.022012312265
2020 9 27 1054.6866170117 443.778691472665 2422.111351942897
2020 9 28 1023.046018501349 430.465330728485 2349.44801138461
2020 9 29 992.3546379463085 417.5513708066305 2278.9645710430714
2020 9 30 962.5839988079192 405.0248296824316 2210.5956339117793
2020 10 1 933.7064788436816 392.87408479195864 2144.2777648944257
2020 10 2 905.6952844783711 381.0878622481999 2079.949431947593
2020 10 3 878.52442594402 369.6552263807539 2017.5509489891651
2020 10 4 852.1686931656993 358.5655695893313 1957.0244205194901
2020 10 5 826.6036323707283 347.80860250165136 1898.3136879039055
2020 10 6 801.8055233996064 337.3743444266018 1841.3642772667883
2020 10 7 777.7513576976181 327.25311409380373 1786.1233489487847
2020 10 8 754.4188169666895 317.4355206709896 1732.5396484803211
2020 10 9 731.7862524576888 307.91245505085993 1680.5634590259115
2020 10 10 709.832664883958 298.67508139933415 1630.146555255134
2020 10 11 688.5376849374393 289.7148289573541 1581.2421585974798
2020 10 12 667.8815543893161 281.02338408863346 1533.8048938395555
2020 10 13 647.8451077576366 272.5926825659744 1487.7907470243688
2020 10 14 628.4097545249075 264.4149020889952 1443.1570246136378
2020 10 15 609.5574618891602 256.48245502632534 1399.8623138752287
2020 10 16 591.2707380324854 248.78798137553557 1357.8664444589717
2020 10 17 573.5326158915108 241.32434193426948 1317.1304511252026
2020 10 18 556.3266374147654 234.0846116762414 1277.6165375914466
2020 10 19 539.6368382923224 227.06207332595415 1239.2880414637032
2020 10 20 523.4477331435527 220.25021112617551 1202.109400219792
2020 10 21 507.7443011492461 213.64270479239025 1166.0461182131983
2020 10 22 492.5119721147687 207.23342364861853 1131.0647346668022
2020 10 23 477.73661295132564 201.01642093915996 1097.1327926267982
2020 10 24 463.40451456278583 194.98592831098514 1064.2188088479943
2020 10 25 449.5023791259022 189.13635046165558 1032.2922445825545
2020 10 26 436.01730775212513 183.4622599478059 1001.3234772450778
2020 10 27 422.9367885195614 177.95839214937172 971.2837729277254
2020 10 28 410.2486848639745 172.61964038489057 942.1452597398936
2020 10 29 397.9412243180553 167.44105117334385 913.8809019476968
2020 10 30 386.00298758851363 162.41781963814353 886.4644748892658
