2020 6 26 210.62059837497446 195.82548111920264 225.41571563074626
2020 6 27 207.52946605261886 179.3981347017195 237.70877836462634
2020 6 28 204.49711014602892 164.3604325969866 250.68760430517597
2020 6 29 201.50685973437646 150.5814667330693 264.3723703403172
2020 6 30 198.55599385147045 137.95440106608763 278.79847864799984
2020 7 1 195.65047880185762 126.38766846030103 294.01478446689606
2020 7 2 192.78115960366455 115.78666058892485 310.05206890775924
2020 7 3 189.96222518717303 106.07982045384341 326.9774770605651
2020 7 4 187.18041889986026 97.18445711416527 344.8197821856297
2020 7 5 184.43531767258898 89.03292455253491 363.62826808464433
2020 7 6 181.7205433863652 81.56032317486411 383.4430981220977
2020 7 7 179.03790070090295 74.71138946300812 404.3211597322968
2020 7 8 176.38946157833868 68.43533412458227 426.32381698003525
2020 7 9 173.77222132320836 62.68339704130479 449.5045480588966
2020 7 10 171.1938152846564 57.414905836288874 473.94569732681646
2020 7 11 168.6536672464282 52.58922725610629 499.71579817068005
2020 7 12 166.15120954207907 48.16914324095937 526.8871103795768
2020 7 13 163.68588292811359 44.120563880288785 555.5358227624445
2020 7 14 161.25713645900697 40.412264494241256 585.7422667827495
2020 7 15 158.86442736408117 37.01564481323721 617.5911418092401
2020 7 16 156.50722092620768 33.90450839831017 651.1717526143768
2020 7 17 151.81200429842144 32.887373146360865 631.6366000359455
2020 7 18 147.2576441694688 31.900751951970037 612.6875020348672
2020 7 19 142.83991484438474 30.943729393410933 594.3068769738212
2020 7 20 138.5547173990532 30.015417511608604 576.4776706646065
2020 7 21 134.3980758770816 29.114954986260344 559.1833405446683
2020 7 22 130.36613360076913 28.241506336672533 542.4078403283282
2020 7 23 126.45514959274605 27.394261146572354 526.1356051184783
2020 7 24 122.66149510496366 26.572433312175182 510.351536964924
2020 7 25 118.98165025181476 25.775260312809927 495.04099085597625
2020 7 26 115.4122007442603 25.00200250342563 480.189761130297
2020 7 27 111.94983472193249 24.25194242832286 465.78406829638806
2020 7 28 108.59133968027452 23.52438415547317 451.8105462474964
2020 7 29 105.33359948986627 22.818652630808977 438.2562298600715
2020 7 30 102.17359150517028 22.134093051884708 425.10854296426936
2020 7 31 99.10838376001517 21.470070260328168 412.3552866753413
2020 8 1 96.13513224721471 20.82596815251832 399.98462807508105
2020 8 2 93.25107827979826 20.20118910794277 387.9850892328286
2020 8 3 90.45354593140432 19.595153434704486 376.34553655584375
2020 8 4 87.7399395534622 19.007298831663352 365.05517045916844
2020 8 5 85.10774136685832 18.43707986671345 354.10351534539336
2020 8 6 82.55450912585256 17.883967470712047 343.4804098850316
2020 8 7 80.07787385207698 17.347448446590686 333.17599758848064
2020 8 8 77.67553763651466 16.827024993192964 323.1807176608262
2020 8 9 75.34527150741921 16.322214243397173 313.4852961310014
2020 8 10 73.08491336219663 15.832547816095257 304.08073724707134
2020 8 11 70.89236596133073 15.357571381612399 294.9583151296592
2020 8 12 68.7655949824908 14.896844240164027 286.1095656757694
2020 8 13 66.70262713301607 14.449938912959105 277.5262787054963
2020 8 14 64.70154831902558 14.016440745570332 269.2004903443314
2020 8 15 62.76050186945481 13.595947523203222 261.12447563400144
2020 8 16 60.87768681337116 13.188069097507125 253.2907413649814
2020 8 17 59.05135620897003 12.79242702458191 245.69201912403193
2020 8 18 57.27981552270092 12.408654213844452 238.32125855031097
2020 8 19 55.56142105701989 12.036394587429118 231.17162079380162
2020 8 20 53.89457842530929 11.675302749806244 224.23647216998756
2020 8 21 52.27774107255001 11.325043667312057 217.50937800488794
2020 8 22 50.709408840373506 10.985292357292694 210.9840966647413
2020 8 23 49.1881265751623 10.655733586573913 204.65457376479904
2020 8 24 47.71248277790743 10.336061578976695 198.51493655185507
2020 8 25 46.28110829457021 10.025979731607395 192.5594884552994
2020 8 26 44.8926750457331 9.725200339659173 186.78270380164042
2020 8 27 43.545894794361104 9.433444329469397 181.1792226875912
2020 8 28 42.23951795053027 9.150440999585316 175.74384600696345
2020 8 29 40.97233241201436 8.875927769597755 170.47153062675454
2020 8 30 39.74316243965393 8.609649936509822 165.3573847079519
2020 8 31 38.55086756646431 8.351360438414527 160.39666316671332
2020 9 1 37.39434153947038 8.10081962526209 155.58476327171192
2020 9 2 36.27251129328627 7.8577950365042275 150.91722037356055
2020 9 3 35.18433595448768 7.6220611854091 146.38970376235372
2020 9 4 34.12880587585305 7.393399349846827 141.99801264948312
2020 9 5 33.10494169957745 7.171597369351422 137.7380722699986
2020 9 6 32.11179344859013 6.956449448270879 133.60593010189865
2020 9 7 31.148439645132424 6.747755964822753 129.59775219884168
2020 9 8 30.21398645577845 6.54532328587807 125.70981963287642
2020 9 9 29.307566862105094 6.348963587301728 121.93852504389012
2020 9 10 28.42833985624194 6.158494679682676 118.28036929257341
2020 9 11 27.57548966055468 5.973739839292195 114.7319582137962
2020 9 12 26.74822497073804 5.794527644113429 111.28999946738232
2020 9 13 25.945778221615896 5.6206918147900256 107.95129948336084
2020 9 14 25.167404874967417 5.4520710603463245 104.71276049886
2020 9 15 24.412382728718395 5.288508928535935 101.5713776838942
2020 9 16 23.680011246856843 5.129853660679856 98.52423635337738
2020 9 17 22.969610909451138 4.975958050859461 95.56850926277605
2020 9 18 22.280522582167603 4.826679309333677 92.70145398489277
2020 9 19 21.612106904702575 4.681878930053667 89.92041036534599
2020 9 20 20.963743697561497 4.541422562152057 87.2227980543856
2020 9 21 20.33483138663465 4.405179885287495 84.60611411275404
2020 9 22 19.724786445035612 4.27302448872887 82.06793068937142
2020 9 23 19.133042851684543 4.144833754067004 79.60589276869028
2020 9 24 18.559051566134006 4.020488741444994 77.21771598562957
2020 9 25 18.002280019149985 3.899874079201644 74.90118450606067
2020 9 26 17.462211618575484 3.7828778568255945 72.65414897087885
2020 9 27 16.938345270018218 3.6693915211208266 70.47452450175248
2020 9 28 16.43019491191767 3.559309775487202 68.36028876669991
2020 9 29 15.93728906456014 3.4525304822225857 66.30948010369892
2020 9 30 15.459170392623335 3.348954567755908 64.32019570058794
2020 10 1 14.995395280844635 3.2484859307232306 62.3905898295703
2020 10 2 14.545533422419295 3.1510313528015335 60.51887213468319
2020 10 3 14.109167419746715 3.0565004122174875 58.703305970642695
2020 10 4 13.685892397154314 2.9648053998509627 56.94220679152341
2020 10 5 13.275315625239685 2.8758612378554336 55.23394058777771
2020 10 6 12.877056156482494 2.7895854007197705 53.57692237014437
2020 10 7 12.49074447178802 2.7058978386981773 51.969614699040044
2020 10 8 12.11602213763438 2.624720903537232 50.41052625806884
2020 10 9 11.752541473505348 2.545979276431115 48.898210470326774
2020 10 10 11.399965229300188 2.4695998981381813 47.43126415621697
2020 10 11 11.057966272421181 2.395511901194036 46.00832623153046
2020 10 12 10.726227284248546 2.3236465441582146 44.62807644458454
2020 10 13 10.40444046572109 2.253937147833468 43.28923415124701
2020 10 14 10.092307251749457 2.186319033398464 41.9905571267096
2020 10 15 9.789538034196973 2.1207294623965103 40.73084041290831
2020 10 16 9.495851893171062 2.057107578524615 39.50891520052106
2020 10 17 9.21097633637593 1.9953943511688765 38.32364774450543
2020 10 18 8.934647046284653 1.93553252063381 37.173938312170264
2020 10 19 8.666607634896113 1.8774665450147958 36.05872016280516
2020 10 20 8.40660940584923 1.821142548664352 34.976958557921
2020 10 21 8.154411123673752 1.7665082722044214 33.92764980118337
2020 10 22 7.909778789963539 1.7135130240382888 32.90982030714787
2020 10 23 7.6724854262646325 1.66210763331714 31.92252569793343
2020 10 24 7.442310863476694 1.6122444043176258 30.964849926995427
2020 10 25 7.219041537572393 1.563877072188097 30.035904429185564
2020 10 26 7.002470291445221 1.5169607600224542 29.134827296309997
2020 10 27 6.7923961827018635 1.4714519372217805 28.260782477420697
2020 10 28 6.588624297220807 1.427308379105127 27.412959003098077
2020 10 29 6.390965568304183 1.3844891277319733 26.590570233005135
2020 10 30 6.199236601255057 1.342954453900014 25.79285312601498
