2020 6 26 55.905639847810974 52.028486949014145 59.782792746607804
2020 6 27 52.44436566132384 45.419543010504654 59.97409207634594
2020 6 28 49.2916514275762 39.73173988501792 60.27380018449723
2020 6 29 46.287407126323146 34.723115574929004 60.52480184460486
2020 6 30 43.40336195222872 30.29869493159871 60.69459557551033
2020 7 1 40.708527694002235 26.44467540395546 60.878169499812515
2020 7 2 38.095349466466054 23.025243997187484 60.93419529840784
2020 7 3 35.69834889828677 20.077235018590173 61.067739660707794
2020 7 4 33.46312498169729 17.512831886489014 61.22031661374186
2020 7 5 31.316513547088576 15.249101141841027 61.279341107356046
2020 7 6 29.256807769353212 13.253248560073931 61.239025459493334
2020 7 7 27.29174125817374 11.50012440540186 61.113275316235665
2020 7 8 25.428789675729256 9.966314497074645 60.92089453103773
2020 7 9 23.674666464742376 8.62988675243669 60.68518645045222
2020 7 10 22.041545797665783 7.472666589213343 60.45039034431622
2020 7 11 20.521080703465145 6.470623260239015 60.21650268412364
2020 7 12 19.105500000037473 5.6029484088562524 59.98351995502048
2020 7 13 17.787568575264917 4.851623964141161 59.75143865575202
2020 7 14 16.56055040795223 4.201047978993212 59.52025529861017
2020 7 15 15.418174139645856 3.6377106412712585 59.28996640938109
2020 7 16 14.354601021370229 3.1499137300472935 59.06056852729296
2020 7 17 13.923962990729121 3.0554163181458747 57.288751471474164
2020 7 18 13.506244101007248 2.963753828601498 55.57008892732994
2020 7 19 13.10105677797703 2.874841213743453 53.902986259510044
2020 7 20 12.70802507463772 2.7885959773311493 52.28589667172474
2020 7 21 12.326784322398588 2.7049380980112145 50.717319771572996
2020 7 22 11.956980792726629 2.623789955070878 49.195800178425806
2020 7 23 11.598271368944829 2.5450762564187515 47.71992617307303
2020 7 24 11.250323227876484 2.468723968726189 46.28832838788084
2020 7 25 10.91281353104019 2.394662249664403 44.89967853624441
2020 7 26 10.585429125108984 2.322822382174471 43.55268818015708
2020 7 27 10.267866251355715 2.253137710709237 42.24610753475236
2020 7 28 9.959830263815043 2.18554357938796 40.978724308709786
2020 7 29 9.66103535590059 2.119977272006321 39.749362579448494
2020 7 30 9.371204295223572 2.0563779538461313 38.55688170206504
2020 7 31 9.090068166366866 1.9946866152307474 37.40017525100309
2020 8 1 8.81736612137586 1.9348460167738248 36.278169993473
2020 8 2 8.552845137734584 1.87680063627061 35.189824893668806
2020 8 3 8.296259783602547 1.8204966171824917 34.134130146858745
2020 8 4 8.04737199009447 1.7658817186670168 33.11010624245298
2020 8 5 7.8059508303916365 1.7129052671070062 32.11680305517939
2020 8 6 7.571772305479887 1.661518109093796 31.153298963524005
2020 8 7 7.34461913631549 1.611672565820982 30.218699994618284
2020 8 8 7.1242805622260255 1.5633223888463526 29.312138994779733
2020 8 9 6.910552145359245 1.5164227171809619 28.43277482493634
2020 8 10 6.703235580998467 1.470930035665533 27.57979158018825
2020 8 11 6.5021385135685135 1.426802134595567 26.752397832782602
2020 8 12 6.307074358161458 1.3839980705577 25.949825897799123
2020 8 13 6.117862127416614 1.342478128440969 25.171331120865148
2020 8 14 5.934326263594115 1.3022037845877399 24.416191187239193
2020 8 15 5.756296475686291 1.2631376710501077 23.683705451622018
2020 8 16 5.583607581415702 1.2252435409186044 22.97319428807336
2020 8 17 5.416099353973231 1.1884862346910463 22.283998459431157
2020 8 18 5.253616373354034 1.1528316476503149 21.61547850564822
2020 8 19 5.096007882153413 1.1182466982208055 20.96701415047877
2020 8 20 4.9431276456888105 1.0846992972741814 20.33800372596441
2020 8 21 4.794833816318146 1.052158318355956 19.727863614185477
2020 8 22 4.650988801828602 1.0205935688052772 19.13602770575991
2020 8 23 4.511459137773744 0.9899757617411188 18.561946874587115
2020 8 24 4.376115363640531 0.9602764888888852 18.005088468349502
2020 8 25 4.244831902731315 0.9314681942222186 17.464935814299018
2020 8 26 4.117486945649375 0.9035241483955521 16.940987739870046
2020 8 27 3.993962337279894 0.8764184239436855 16.432758107673944
2020 8 28 3.874143467161497 0.850125871225375 15.939775364443726
2020 8 29 3.757919163146652 0.8246220950886137 15.461582103510414
2020 8 30 3.6451815882522522 0.7998834322359553 14.9977346404051
2020 8 31 3.5358261406046845 0.7758869292688766 14.547802601192947
2020 9 1 3.429751356386544 0.7526103213908103 14.111368523157157
2020 9 2 3.3268588156949472 0.7300320117490859 13.688027467462442
2020 9 3 3.227053051224099 0.7081310513966134 13.277386643438568
2020 9 4 3.130241459687376 0.686887119854715 12.87906504413541
2020 9 5 3.036334215896755 0.6662805062590735 12.492693092811347
2020 9 6 2.945244189419852 0.6462920910713014 12.117912300027006
2020 9 7 2.856886863737256 0.6269033283391623 11.754374931026195
2020 9 8 2.7711802578251383 0.6080962284889874 11.40174368309541
2020 9 9 2.688044850090384 0.5898533416343177 11.059691372602547
2020 9 10 2.6074035045876722 0.5721577413852882 10.72790063142447
2020 9 11 2.529181399450042 0.5549930091437295 10.406063612481736
2020 9 12 2.4533059574665406 0.5383432188694176 10.093881704107284
2020 9 13 2.3797067787425443 0.522192922303335 9.791065252984065
2020 9 14 2.3083155753802678 0.5065271346342349 9.497333295394544
2020 9 15 2.23906610811886 0.49133132059520784 9.212413296532707
2020 9 16 2.171894124875294 0.4765913809773516 8.936040897636726
2020 9 17 2.1067373011290353 0.46229363954803104 8.667959670707624
2020 9 18 2.043535182095164 0.4484248303615901 8.407920880586396
2020 9 19 1.982229126632309 0.4349720854507424 8.155683254168803
2020 9 20 1.9227622528333397 0.4219229228872201 7.911012756543739
2020 9 21 1.8650793852483394 0.4092652352006035 7.673682373847427
2020 9 22 1.809127003690889 0.39698727814458534 7.443471902632004
2020 9 23 1.7548531935801623 0.3850776598002478 7.220167745553044
2020 9 24 1.7022075977727573 0.37352533000624033 7.003562713186453
2020 9 25 1.6511413698395745 0.3623195701060531 6.793455831790859
2020 9 26 1.6016071287443872 0.3514499830028715 6.589652156837134
2020 9 27 1.5535589148820554 0.34090648351278535 6.391962592132019
2020 9 28 1.5069521474355938 0.3306792890074018 6.200203714368058
2020 9 29 1.461743583012526 0.32075891033717974 6.014197602937016
2020 9 30 1.4178912755221502 0.3111361430270643 5.833771674848905
2020 10 1 1.3753545372564857 0.3018020587362524 5.658758524603438
2020 10 2 1.3340939011387911 0.2927479969741648 5.488995768865334
2020 10 3 1.2940710841046275 0.28396555706493987 5.324325895799374
2020 10 4 1.2552489515814886 0.2754465903529917 5.164596118925393
2020 10 5 1.217591483034044 0.2671831926424019 5.009658235357631
2020 10 6 1.1810637385430227 0.25916769686312985 4.859368488296902
2020 10 7 1.145631826386732 0.251392665957236 4.713587433647995
2020 10 8 1.11126287159513 0.2438508859785189 4.572179810638556
2020 10 9 1.077924985447276 0.23653535939916331 4.435014416319399
2020 10 10 1.0455872358838578 0.2294392986171884 4.301963983829817
2020 10 11 1.014219618807342 0.22255611965867275 4.172905064314922
2020 10 12 0.9837930302431217 0.21587943606891255 4.047717912385474
2020 10 13 0.954279239335828 0.20940305298684517 3.92628637501391
2020 10 14 0.9256508621557532 0.2031209613972398 3.8084977837634924
2020 10 15 0.8978813362910806 0.19702733255532262 3.6942428502505873
2020 10 16 0.8709448962023482 0.19111651257866294 3.5834155647430697
2020 10 17 0.8448165493162777 0.18538301720130304 3.4759130978007775
2020 10 18 0.8194720528367894 0.17982152668526394 3.3716357048667542
2020 10 19 0.7948878912516857 0.174426880884706 3.2704866337207514
2020 10 20 0.7710412545141351 0.1691940744581648 3.1723720347091287
2020 10 21 0.7479100168787111 0.16411825222441986 3.077200873667855
2020 10 22 0.7254727163723497 0.15919470465768726 2.984884847457819
2020 10 23 0.7037085348811791 0.15441886351795664 2.8953383020340846
2020 10 24 0.6825972788347437 0.14978629761241793 2.808478152973062
2020 10 25 0.6621193604697014 0.1452927086840454 2.72422380838387
2020 10 26 0.6422557796556104 0.14093392742352404 2.6424970941323536
2020 10 27 0.6229881062659421 0.1367059096008183 2.563222181308383
2020 10 28 0.6042984630779639 0.13260473231279374 2.4863255158691313
2020 10 29 0.5861695091856249 0.12862659034340992 2.411735750393057
2020 10 30 0.5685844239100561 0.12476779263310762 2.3393836778812656
