2020 6 26 31.56914922040701 28.66914922217309 34.46914921864093
2020 6 27 30.056572121803345 24.783703272020087 35.837601791035645
2020 6 28 28.646725202432894 21.44979012679311 37.296460620626064
2020 6 29 27.18765490550882 18.47798248685321 38.66452099977293
2020 6 30 25.799487444452467 15.915591197687764 40.07791000037127
2020 7 1 24.49629729753631 13.717231320291807 41.564867990070866
2020 7 2 23.242216422314847 11.813161013397744 43.07862818009182
2020 7 3 22.105150187160806 10.20023468710384 44.74540413280705
2020 7 4 21.039375952967553 8.814759483140046 46.50837716020891
2020 7 5 20.026307118930518 7.618023467843742 48.343730126068856
2020 7 6 19.122395188295375 6.606729627744145 50.39726098346097
2020 7 7 18.220431509117194 5.716262331598291 52.43562913731488
2020 7 8 17.365413772698275 4.947194962854125 54.569109980269815
2020 7 9 16.555858736708498 4.28311937415389 56.80617708653441
2020 7 10 15.784044198289056 3.7081844784764235 59.134953022936436
2020 7 11 15.04821074011372 3.210424675387395 61.55919740379484
2020 7 12 14.346680966809528 2.779480539913972 64.08282396926145
2020 7 13 13.677855681190394 2.4063832211943255 66.70990690372771
2020 7 14 13.040210238750207 2.0833677818894913 69.44468741325518
2020 7 15 12.432291072105128 1.8037115935594499 72.29158057264866
2020 7 16 11.852712377462277 1.5615944246724172 75.25518245322581
2020 7 17 11.497131006138408 1.5147465919322447 72.99752697962904
2020 7 18 11.152217075954256 1.4693041941742773 70.80760117024018
2020 7 19 10.81765056367563 1.4252250683490488 68.68337313513297
2020 7 20 10.49312104676536 1.3824683162985774 66.62287194107898
2020 7 21 10.178327415362398 1.34099426680962 64.62418578284661
2020 7 22 9.872977592901526 1.3007644388053314 62.68546020936121
2020 7 23 9.57678826511448 1.2617415056411714 60.80489640308037
2020 7 24 9.289484617161046 1.2238892604719362 58.980749510987955
2020 7 25 9.010800078646215 1.1871725826577781 57.21132702565831
2020 7 26 8.740476076286829 1.1515574051780448 55.49498721488856
2020 7 27 8.478261793998223 1.1170106830227036 53.8301375984419
2020 7 28 8.223913940178276 1.0835003625320225 52.21523347048864
2020 7 29 7.977196521972927 1.0509953516560617 50.64877646637398
2020 7 30 7.737880626313739 1.0194654911063799 49.12931317238276
2020 7 31 7.505744207524327 0.9888815263731884 47.65543377721127
2020 8 1 7.280571881298597 0.9592150805819927 46.225770763894936
2020 8 2 7.062154724859639 0.9304386281645328 44.838997640978086
2020 8 3 6.850290083113849 0.9025254693195968 43.49382771174874
2020 8 4 6.644781380620434 0.8754497052400089 42.18901288039628
2020 8 5 6.44543793920182 0.8491862140828086 40.923342493984386
2020 8 6 6.252074801025765 0.8237106276603243 39.69564221916485
2020 8 7 6.064512556994992 0.7989993088305146 38.5047729525899
2020 8 8 5.882577180285142 0.7750293295655991 37.34962976401221
2020 8 9 5.706099864876587 0.7517784496786312 36.229140871091836
2020 8 10 5.5349168689302894 0.7292250961882722 35.14226664495908
2020 8 11 5.36886936286238 0.7073483433026241 34.087998645610305
2020 8 12 5.207803281976509 0.6861278930035454 33.06535868624199
2020 8 13 5.051569183517214 0.665544056213439 32.07339792565473
2020 8 14 4.900022108011697 0.6455777345270358 31.11119598788509
2020 8 15 4.753021444771346 0.6262104024912247 30.177860108248534
2020 8 16 4.610430801428206 0.6074240904164879 29.272524305001077
2020 8 17 4.472117877385359 0.5892013677039932 28.394348575851044
2020 8 18 4.337954341063798 0.5715253266728734 27.54251811857551
2020 8 19 4.207815710831884 0.5543795668726872 26.716242575018246
2020 8 20 4.081581239506927 0.5377481798665066 25.914755297767698
2020 8 21 3.9591338023217193 0.5216157344705113 25.137312638834665
2020 8 22 3.8403597882520675 0.505967262436396 24.383193259669625
2020 8 23 3.7251489946045053 0.4907882445633041 23.651697461879536
2020 8 24 3.61339452476637 0.476064597226405 22.94214653802315
2020 8 25 3.504992689023379 0.4617826593096128 22.253882141882453
2020 8 26 3.3998429083526776 0.4479291795303244 21.586265677625978
2020 8 27 3.2978476211020973 0.43449130414441467 20.9386777072972
2020 8 28 3.1989121924690345 0.4214565650200822 20.310517376078284
2020 8 29 3.1029448266949635 0.40881286806947975 19.701201854795936
2020 8 30 3.0098564818941145 0.39654848202739534 19.110165799152057
2020 8 31 2.919560787437291 0.38465202756657346 18.536860825177495
2020 9 1 2.831973963814172 0.37311246673957627 17.98075500042217
2020 9 2 2.747014744899747 0.361919092737389 17.441332350409507
2020 9 3 2.664604302552754 0.3510615199552673 16.91809237989722
2020 9 4 2.5846661734761716 0.34052967435660925 16.410549608500304
2020 9 5 2.5071261882718865 0.33031378412591095 15.918233120245294
2020 9 6 2.43191240262373 0.3204043706021336 15.440686126637935
2020 9 7 2.358955030545018 0.3107922394840696 14.977465542838797
2020 9 8 2.288186379628667 0.3014684722995475 14.528141576553633
2020 9 9 2.219540788239807 0.292424418130561 14.092297329257024
2020 9 10 2.152954564592613 0.28365168558664416 13.669528409379312
2020 9 11 2.0883659276548343 0.27514213501904483 13.259442557097932
2020 9 12 2.0257149498251894 0.2668878709684735 12.861659280384995
2020 9 13 1.9649435013304337 0.25888123483941927 12.475809501973444
2020 9 14 1.9059951962905206 0.2511147977942367 12.10153521691424
2020 9 15 1.8488153404018048 0.24358135386040958 11.738489160406813
2020 9 16 1.7933508801897506 0.2362739132445973 11.386334485594608
2020 9 17 1.739550353784058 0.22918569584725937 11.04474445102677
2020 9 18 1.6873638431705362 0.22231012497184158 10.713402117495965
2020 9 19 1.6367429278754202 0.21564082122268632 10.392000053971087
2020 9 20 1.5876406400391576 0.20917159658600573 10.080240052351954
2020 9 21 1.540011420837983 0.20289644868842555 9.777832850781396
2020 9 22 1.4938110782128433 0.19680955522777277 9.484497865257953
2020 9 23 1.4489967458664579 0.1909052685709396 9.199962929300215
2020 9 24 1.4055268434904642 0.1851781105138114 8.923964041421208
2020 9 25 1.3633610381857502 0.17962276719839704 8.656245120178571
2020 9 26 1.3224602070401776 0.17423408418244513 8.396557766573213
2020 9 27 1.2827864008289722 0.16900706165697177 8.144661033576016
2020 9 28 1.244302808804103 0.1639368498072626 7.900321202568735
2020 9 29 1.2069737245399799 0.15901874431304472 7.6633115664916724
2020 9 30 1.1707645128037805 0.15424818198365337 7.433412219496922
2020 10 1 1.135641577419667 0.14962073652414376 7.210409852912014
2020 10 2 1.101572330097077 0.14513211442841945 6.994097557324654
2020 10 3 1.0685251601941648 0.14077815099556687 6.784274630604914
2020 10 4 1.0364694053883399 0.13655480646569987 6.580746391686766
2020 10 5 1.0053753232266895 0.13245816227172888 6.383323999936163
2020 10 6 0.9752140635298888 0.12848441740357702 6.191824279938078
2020 10 7 0.9459576416239921 0.12462988488146971 6.006069551539935
2020 10 8 0.9175789123752723 0.12089098833502562 5.825887464993737
2020 10 9 0.8900515450040142 0.11726425868497485 5.651110841043924
2020 10 10 0.8633499986538937 0.1137463309244256 5.4815775158126065
2020 10 11 0.8374494986942769 0.11033394099669283 5.317130190338228
2020 10 12 0.8123260137334486 0.10702392276679204 5.157616284628081
2020 10 13 0.7879562333214452 0.10381320508378827 5.002887796089238
2020 10 14 0.7643175463218018 0.10069880893127463 4.852801162206561
2020 10 15 0.7413880199321478 0.09767784466333639 4.707217127340365
2020 10 16 0.7191463793341833 0.09474750932343629 4.566000613520154
2020 10 17 0.6975719879541579 0.0919050840437332 4.429020595114549
2020 10 18 0.6766448283155331 0.0891479315224212 4.296149977261113
2020 10 19 0.656345483466067 0.08647349357674856 4.167265477943279
2020 10 20 0.636655118962085 0.0838792887694461 4.0422475136049805
2020 10 21 0.6175554653932225 0.08136291010636272 3.920980088196831
2020 10 22 0.5990288014314258 0.07892202280317184 3.803350685550926
2020 10 23 0.581057937388483 0.07655436211907668 3.689250164984398
2020 10 24 0.5636261992668284 0.07425773125550438 3.578572660034866
2020 10 25 0.5467174132888236 0.07202999931783924 3.47121548023382
2020 10 26 0.5303158908901588 0.06986909933830406 3.3670790158268056
2020 10 27 0.5144064141634541 0.06777302635815494 3.2660666453520015
2020 10 28 0.4989742217385505 0.06573983556741028 3.1680846459914416
2020 10 29 0.48400499508639394 0.06376764050038797 3.073042106611698
2020 10 30 0.46948484523380213 0.061854611285376324 2.980850843413347
