2020 6 26 62.481080288961394 55.16100065707375 69.80115992084905
2020 6 27 61.84622105445083 48.2065700804411 77.1828760010418
2020 6 28 61.188063450468725 42.105732111163654 85.30810805051198
2020 6 29 60.75652141663225 36.92811541803495 94.59488475148551
2020 6 30 60.5618221140951 32.529279163472474 105.2566484933577
2020 7 1 60.41480490639745 28.67970354196594 117.20188397498315
2020 7 2 60.44474317928523 25.36952756139788 130.845338435832
2020 7 3 60.427729096618584 22.42169520110532 145.97535512113853
2020 7 4 60.457673774028144 19.833810818349622 162.96832522071986
2020 7 5 60.61066891566627 17.584980058843456 182.2710965488452
2020 7 6 61.00177450203149 15.660100719984408 204.57507519945472
2020 7 7 61.43565619320208 13.956255089342653 229.74331632481648
2020 7 8 61.99621011098756 12.465865674712381 258.4700885982754
2020 7 9 62.70479107065803 11.163371107103897 291.3846349909075
2020 7 10 63.421470702416826 9.99696753733851 328.4906426474251
2020 7 11 64.14634156941949 8.952435512871448 370.3218678990589
2020 7 12 64.87949729276512 8.017041299051687 417.4800376016829
2020 7 13 65.62103256358803 7.179381644055557 470.6435047562729
2020 7 14 66.37104315528764 6.429244763538739 530.5770063683997
2020 7 15 67.1296259358981 5.757485850291207 598.1426639099936
2020 7 16 67.89687888059944 5.155915591251814 674.3123846209935
2020 7 17 65.85997251418146 5.001238123514259 654.0830130823637
2020 7 18 63.88417333875602 4.851200979808831 634.4605226898927
2020 7 19 61.96764813859334 4.705664950414566 615.426707009196
2020 7 20 60.108618694435535 4.564495001902129 596.9639057989201
2020 7 21 58.30536013360247 4.427560151845065 579.0549886249524
2020 7 22 56.55619932959439 4.294733347289713 561.6833389662039
2020 7 23 54.85951334970656 4.165891346871022 544.8328387972177
2020 7 24 53.21372794921536 4.0409146064648915 528.4878536333011
2020 7 25 51.6173161107389 3.919687168270945 512.6332180243021
2020 7 26 50.06879662741673 3.8020965532228166 497.254221483573
2020 7 27 48.566732728594225 3.688033656626132 482.3365948390658
2020 7 28 47.109730746736396 3.577392646927348 467.8664969938938
2020 7 29 45.6964388243343 3.470070867519527 453.83050208407695
2020 7 30 44.32554565960427 3.365968741493941 440.21558702155465
2020 7 31 42.99577928981614 3.2649896792491226 427.009119410908
2020 8 1 41.705905911121654 3.167039988871649 414.1988458285808
2020 8 2 40.454728733788 3.0720287892054996 401.77288045372336
2020 8 3 39.241086871774364 2.9798679255293345 389.7196940401117
2020 8 4 38.06385426562113 2.8904718877634545 378.0281032189083
2020 8 5 36.921938637652495 2.803757731130551 366.68726012234106
2020 8 6 35.81428047852292 2.719644999196634 355.6866423186708
2020 8 7 34.73985206416723 2.638055649220735 345.0160430491107
2020 8 8 33.69765650224221 2.558913979744113 334.66556175763736
2020 8 9 32.68672680717494 2.4821465603517896 324.6255949049082
2020 8 10 31.70612500295969 2.407682163541236 314.88682705776097
2020 8 11 30.7549412528709 2.3354516986349987 305.44022224602816
2020 8 12 29.832293015284773 2.2653881476759485 296.2770155786473
2020 8 13 28.937324224826227 2.19742650324567 287.3887051112879
2020 8 14 28.06920449808144 2.1315037081483 278.7670439579492
2020 8 15 27.227128363138995 2.067558596903851 270.40403263921075
2020 8 16 26.410314512244824 2.005531838996735 262.29191166003443
2020 8 17 25.618005076877477 1.945365883826833 254.4231543102334
2020 8 18 24.84946492457115 1.887004907312028 246.7904596809264
2020 8 19 24.103980976834016 1.830394760092667 239.38674589049862
2020 8 20 23.380861547528994 1.775482917289887 232.20514351378364
2020 8 21 22.679435701103124 1.7222184297711902 225.23898920837013
2020 8 22 21.99905263007003 1.6705518768780545 218.481819532119
2020 8 23 21.339081051167927 1.6204353205717128 211.92736494615542
2020 8 24 20.69890861963289 1.5718222609545613 205.56954399777075
2020 8 25 20.0779413610439 1.5246675931259244 199.40245767783762
2020 8 26 19.475603120212583 1.4789275653321465 193.42038394750247
2020 8 27 18.891335026606203 1.4345597383721822 187.6177724290774
2020 8 28 18.324594975808015 1.3915229462210168 181.98923925620508
2020 8 29 17.774857126533774 1.3497772578343863 176.52956207851892
2020 8 30 17.24161141273776 1.3092839400993546 171.23367521616336
2020 8 31 16.72436307035563 1.2700054218963739 166.09666495967846
2020 9 1 16.22263217824496 1.2319052592394826 161.1137650108881
2020 9 2 15.735953212897611 1.194948101462298 156.28035206056146
2020 9 3 15.263874616510682 1.159099658418429 151.5919414987446
2020 9 4 14.805958378015362 1.1243266686658762 147.04418325378225
2020 9 5 14.3617796266749 1.0905968686058998 142.6328577561688
2020 9 6 13.930926237874653 1.0578789625477227 138.35387202348372
2020 9 7 13.512998450738413 1.0261425936712911 134.2032558627792
2020 9 8 13.10760849721626 0.9953583158611523 130.1771581868958
2020 9 9 12.714380242299772 0.9654975663853177 126.27184344128894
2020 9 10 12.332948835030779 0.9365326393937582 122.48368813805027
2020 9 11 11.962960369979855 0.9084366602119455 118.80917749390876
2020 9 12 11.60407155888046 0.8811835604055871 115.2449021690915
2020 9 13 11.255949412114045 0.8547480535934194 111.78755510401875
2020 9 14 10.918270929750623 0.8291056119856168 108.43392845089818
2020 9 15 10.590722801858103 0.8042324436260483 105.18091059737124
2020 9 16 10.273001117802359 0.7801054703172668 102.0254832794501
2020 9 17 9.964811084268288 0.7567023062077488 98.9647187810666
2020 9 18 9.66586675174024 0.7340012370215163 95.9957772176346
2020 9 19 9.375890749188033 0.7119811999108708 93.11590390110555
2020 9 20 9.09461402671239 0.6906217639135447 90.32242678407239
2020 9 21 8.821775605911018 0.6699031109961383 87.61275398055022
2020 9 22 8.557122337733688 0.6498060176662541 84.98437136113371
2020 9 23 8.300408667601676 0.6303118371362665 82.43484022029969
2020 9 24 8.051396407573625 0.6114024820221785 79.9617950136907
2020 9 25 7.809854515346416 0.5930604075615131 77.56294116327999
2020 9 26 7.575558879886023 0.5752685953346677 75.23605292838158
2020 9 27 7.348292113489442 0.5580105374746276 72.97897134053014
2020 9 28 7.127843350084758 0.5412702213503887 70.78960220031423
2020 9 29 6.914008049582215 0.525032114709877 68.6659141343048
2020 9 30 6.706587808094748 0.5092811512685806 66.60593671027566
2020 10 1 6.5053901738519055 0.4940027167305232 64.60775860896739
2020 10 2 6.310228468636348 0.4791826352286075 62.66952585069836
2020 10 3 6.120921614577258 0.4648071561717492 60.78944007517741
2020 10 4 5.93729396613994 0.4508629414865967 58.965756872922086
2020 10 5 5.759175147155742 0.4373370532419988 57.196784166734425
2020 10 6 5.58639989274107 0.42421694164473883 55.48088064173239
2020 10 7 5.418807895958837 0.41149043339539665 53.81645422248042
2020 10 8 5.256243659080072 0.39914572039353474 52.201960595806
2020 10 9 5.098556349307669 0.3871713487817287 50.63590177793182
2020 10 10 4.945599658828439 0.37555620831827685 49.11682472459386
2020 10 11 4.797231669063586 0.36428952206872856 47.64331998285604
2020 10 12 4.653314718991679 0.3533608364066667 46.21402038337036
2020 10 13 4.5137152774219285 0.3427600113144667 44.82759977186925
2020 10 14 4.378303819099271 0.3324772109750327 43.48277177871317
2020 10 15 4.246954704526293 0.3225028946457817 42.178288625351776
2020 10 16 4.119546063390504 0.31282780780640823 40.912939966591225
2020 10 17 3.995959681488789 0.303442973572216 39.68555176759349
2020 10 18 3.876080891044125 0.29433968436504954 38.49498521456568
2020 10 19 3.759798464312801 0.285509493834098 37.34013565812871
2020 10 20 3.6470045103834168 0.27694420901907507 36.219931588384846
2020 10 21 3.5375943750719143 0.2686358827485028 35.1333336407333
2020 10 22 3.4314665438197567 0.26057680626604773 34.0793336315113
2020 10 23 3.328522547505164 0.2527595020780663 33.056953622565956
2020 10 24 3.228666871080009 0.2451767170157243 32.065245013888976
2020 10 25 3.1318068649476087 0.23782141550525257 31.103287663472305
2020 10 26 3.0378526589991806 0.230686773040095 30.170189033568136
2020 10 27 2.946717079229205 0.22376616984889214 29.26508336256109
2020 10 28 2.858315566852329 0.21705318475342536 28.387130861684255
2020 10 29 2.7725660998467587 0.21054158921082258 27.535516935833726
2020 10 30 2.689389116851356 0.2042253415344979 26.709451427758715
