2020 6 26 4874.43035923407 4532.6083645600265 5216.252353908115
2020 6 27 5190.430108633045 4486.950840833371 5945.115104267405
2020 6 28 5490.955004593458 4410.666600838088 6734.632132700877
2020 6 29 5807.082945397836 4334.235605729534 7626.793418936356
2020 6 30 6143.311920930421 4260.547731520026 8639.638951947547
2020 7 1 6486.273317998829 4179.28047635879 9769.08125860059
2020 7 2 6874.919573274613 4116.662763340372 11086.143194431857
2020 7 3 7258.349231141756 4037.9154467157973 12534.807208055056
2020 7 4 7680.190101777666 3970.146538006774 14202.176958271813
2020 7 5 8158.808786472646 3920.191925688421 16150.996253249446
2020 7 6 8735.352699870224 3903.5861776910415 18502.038104618037
2020 7 7 9419.750878380608 3917.0415565785247 21337.461523289574
2020 7 8 10203.693698398663 3949.6397525199977 24711.436255783014
2020 7 9 11106.065982316632 4003.096886109947 28747.72826644759
2020 7 10 12088.240322514584 4057.2775452137935 33443.29612926107
2020 7 11 13157.274081347296 4112.191522522132 38905.82398800647
2020 7 12 14320.84874497948 4167.848743266547 45260.584792100286
2020 7 13 15587.325118302893 4224.2592670135155 52653.313199442804
2020 7 14 16965.803401062625 4281.433289482588 61253.54773061844
2020 7 15 18466.188576866436 4339.381144389177 71258.5188205565
2020 7 16 20099.261584926444 4398.113305312288 82897.67193290926
2020 7 17 19496.28373737865 4266.169906152919 80410.74177492197
2020 7 18 18911.39522525729 4138.184808968331 77998.41952167431
2020 7 19 18344.053368499568 4014.039264699281 75658.46693602408
2020 7 20 17793.73176744458 3893.6180867583025 73388.71292794336
2020 7 21 17259.919814421242 3776.8095441555533 71187.05154010505
2020 7 22 16742.122219988603 3663.5052578308864 69051.43999390189
2020 7 23 16239.858553388945 3553.6001000959595 66979.89679408484
2020 7 24 15752.662796787277 3446.9920970930807 64970.49989026229
2020 7 25 15280.08291288366 3343.5823341802884 63021.38489355442
2020 7 26 14821.680425497148 3243.2748641548797 61130.74334674779
2020 7 27 14377.030012732233 3145.9766182302333 59296.82104634535
2020 7 28 13945.719112350265 3051.597319683326 57517.91641495499
2020 7 29 13527.347538979757 2960.049400092826 55792.37892250634
2020 7 30 13121.527112810363 2871.2479180900414 54118.60755483115
2020 7 31 12727.881299426052 2785.11048054734 52495.049328186215
2020 8 1 12346.04486044327 2701.55716613092 50920.19784834063
2020 8 2 11975.66351462997 2620.510451146992 49392.591912890406
2020 8 3 11616.393609191071 2541.8951376125824 47910.81415550369
2020 8 4 11267.901800915339 2465.6382834842047 46473.48973083858
2020 8 5 10929.864746887879 2391.6691349796783 45079.28503891342
2020 8 6 10601.968804481243 2319.9190609302877 43726.90648774601
2020 8 7 10283.909740346806 2250.321489102379 42415.09929311363
2020 8 8 9975.392448136401 2182.8118444293077 41142.64631432022
2020 8 9 9676.13067469231 2117.3274890964285 39908.366924890615
2020 8 10 9385.846754451539 2053.8076644235357 38711.1159171439
2020 8 11 9104.271351817992 1992.1934344908295 37549.782439629584
2020 8 12 8831.143211263452 1932.4276314561046 36423.2889664407
2020 8 13 8566.208914925548 1874.4548025124213 35330.590297447474
2020 8 14 8309.222647477782 1818.2211584370486 34270.67258852405
2020 8 15 8059.945968053448 1763.6745236839372 33242.55241086833
2020 8 16 7818.1475890118445 1710.764287973419 32245.275838542282
2020 8 17 7583.603161341489 1659.4413593342163 31277.917563386014
2020 8 18 7356.095066501244 1609.6581185541897 30339.580036484433
2020 8 19 7135.4122145062065 1561.368374997564 29429.3926353899
2020 8 20 6921.3498480710205 1514.527323747637 28546.5108563282
2020 8 21 6713.70935262889 1469.091504035208 27690.115530638355
2020 8 22 6512.298072050023 1425.0187589141517 26859.412064719203
2020 8 23 6316.929129888522 1382.2681961467272 26053.629702777627
2020 8 24 6127.421255991866 1340.8001502623254 25272.0208116943
2020 8 25 5943.5986183121095 1300.5761457544556 24513.86018734347
2020 8 26 5765.290659762746 1261.558861381822 23778.444381723166
2020 8 27 5592.331939969864 1223.7120955403673 23065.09105027147
2020 8 28 5424.5619817707675 1187.0007326741563 22373.138318763326
2020 8 29 5261.825122317644 1151.3907106939316 21701.944169200426
2020 8 30 5103.970368648114 1116.8489893731137 21050.885844124412
2020 8 31 4950.851257588671 1083.3435196919202 20419.35926880068
2020 9 1 4802.325719861011 1050.8432141011626 19806.77849073666
2020 9 2 4658.25594826518 1019.3179176781277 19212.57513601456
2020 9 3 4518.508269817225 988.7383801477839 18636.19788193412
2020 9 4 4382.9530217227075 959.0762287433504 18077.111945476096
2020 9 5 4251.464431071026 930.3039418810498 17534.79858711181
2020 9 6 4123.920498138896 902.3948236246183 17008.754629498457
2020 9 7 4000.2028831947287 875.3229789158797 16498.491990613504
2020 9 8 3880.196796698887 849.0632895484033 16003.537230895097
2020 9 9 3763.79089279792 823.5913908619511 15523.431113968243
2020 9 10 3650.8771660139823 798.8836491360926 15057.728180549195
2020 9 11 3541.350851033563 774.9171396620097 14605.996335132719
2020 9 12 3435.110325502556 751.6696254721494 14167.816445078737
2020 9 13 3332.057015737479 729.1195367079849 13742.781951726374
2020 9 14 3232.0953052653545 707.2459506067454 13330.498493174582
2020 9 15 3135.1324461073937 686.028572088543 12930.583538379344
2020 9 16 3041.0784727241717 665.4477149258867 12542.666032227962
2020 9 17 2949.846118542446 645.48428347811 12166.386051261123
2020 9 18 2861.350734986173 626.1197549737667 11801.39446972329
2020 9 19 2775.510212936588 607.3361623245537 11447.35263563159
2020 9 20 2692.2449065484902 589.1160774548171 11103.932056562642
2020 9 21 2611.4775593520353 571.4425951311725 10770.814094865762
2020 9 22 2533.1332325714743 554.2993172772374 10447.68967201979
2020 9 23 2457.13923559433 537.6703377589203 10134.258981859195
2020 9 24 2383.4250585265 521.5402276261526 9830.23121240342
2020 9 25 2311.922306770705 505.894020797368 9535.324276031317
2020 9 26 2242.5646375675838 490.71720017344694 9249.264547750377
2020 9 27 2175.287698440556 475.99568416824354 8971.786611317866
2020 9 28 2110.0290674873395 461.7158136431962 8702.63301297833
2020 9 29 2046.7281954627192 447.8643392339003 8441.55402258898
2020 9 30 1985.3263495988376 434.42840905688325 8188.30740191131
2020 10 1 1925.7665591108725 421.3955567851767 7942.658179853971
2020 10 2 1867.9935623375463 408.7536900816214 7704.378434458352
2020 10 3 1811.9537554674198 396.4910793791728 7473.247081424601
2020 10 4 1757.5951428033973 384.5963469977976 7249.049668981863
2020 10 5 1704.8672885192952 373.05845658786365 7031.578178912407
2020 10 6 1653.7212698637163 361.8667028902277 6820.630833545034
2020 10 7 1604.1096317678048 351.0107018035209 6616.011908538683
2020 10 8 1555.9863428147705 340.48038074941525 6417.531551282523
2020 10 9 1509.3067525303275 330.2659693269328 6225.005604744047
2020 10 10 1464.0275499544175 320.3579902471248 6038.255436601725
2020 10 11 1420.106723455785 310.74725053971105 5857.107773503673
2020 10 12 1377.5035217521113 301.4248330235197 5681.394540298563
2020 10 13 1336.1784160995478 292.38208803281407 5510.9527040896055
2020 10 14 1296.0930636165613 283.6106253918296 5345.624122966918
2020 10 15 1257.2102717080643 275.10230663007474 5185.25539927791
2020 10 16 1219.4939635568223 266.84923743117247 5029.6977372995725
2020 10 17 1182.9091446501177 258.8437603082373 4878.806805180585
2020 10 18 1147.4218703106142 251.07844749899016 4732.442601025167
2020 10 19 1112.9992142012957 243.54609407402046 4590.469322994412
2020 10 20 1079.6092377752568 236.23971125179983 4452.755243304579
2020 10 21 1047.220960641999 229.15251991424583 4319.172586005442
2020 10 22 1015.804331822739 222.27794431681843 4189.597408425278
2020 10 23 985.3302018680567 215.60960598731387 4063.90948617252
2020 10 24 955.770295812015 209.14131780769443 3941.992201587344
2020 10 25 927.0971869376546 202.8670782734636 3823.7324355397236
2020 10 26 899.2842713295249 196.78106592525967 3709.020462473532
2020 10 27 872.3057431896392 190.87763394750186 3597.749848599326
2020 10 28 846.13657089395 185.15130492907682 3489.8173531413463
2020 10 29 820.7524737671314 179.5967657812045 3385.1228325471056
2020 10 30 796.1298995541174 174.20886280776838 3283.569147570692
