2020 6 26 1646.7720145383432 1582.1389028909002 1711.405126185786
2020 6 27 1688.6559367354637 1558.650985057965 1823.8676836406312
2020 6 28 1729.9337883272246 1533.969089047627 1941.9153884343202
2020 6 29 1775.1313824801998 1512.2590548444693 2070.871005617657
2020 6 30 1824.4087839427934 1493.3259265774082 2211.772009267259
2020 7 1 1873.1581285093635 1473.0779190158994 2359.961292680179
2020 7 2 1926.5472051576696 1455.728811627902 2522.2836772796522
2020 7 3 1976.5956546702243 1434.909979559506 2689.4050014392674
2020 7 4 2028.8246280250266 1415.0279739676535 2868.797265802151
2020 7 5 2084.8433150128985 1397.102077775237 3063.5628558549433
2020 7 6 2146.6388700362486 1382.2379686547802 3277.7672016392758
2020 7 7 2215.471417745013 1370.883768176538 3514.8969203898864
2020 7 8 2290.501920896933 1362.092265534317 3775.513294388833
2020 7 9 2373.0722325955894 1356.3297662679906 4063.6930525913654
2020 7 10 2458.619121747341 1350.5916459652885 4373.869176999546
2020 7 11 2547.2498910031286 1344.8778014879995 4707.720620116044
2020 7 12 2639.0757111675293 1339.1881301342507 5067.054486588293
2020 7 13 2734.2117606418406 1333.522529636663 5453.815814886158
2020 7 14 2832.777369893948 1327.8808981605114 5870.098105601666
2020 7 15 2934.8961711361885 1322.2631343018957 6318.154653359437
2020 7 16 3040.69625339895 1316.6691370859169 6800.410743676308
2020 7 17 2949.4753657969814 1277.1690629733394 6596.398421366019
2020 7 18 2860.991104823072 1238.8539910841391 6398.506468725038
2020 7 19 2775.1613716783795 1201.688371351615 6206.551274663287
2020 7 20 2691.9065305280283 1165.6377202110664 6020.354736423388
2020 7 21 2611.1493346121874 1130.6685886047344 5839.7440943306865
2020 7 22 2532.814854573822 1096.7485309465924 5664.551771500765
2020 7 23 2456.830408936607 1063.8460750181946 5494.615218355742
2020 7 24 2383.1254966685087 1031.9306927676487 5329.77676180507
2020 7 25 2311.6317317684534 1000.9727719846192 5169.883458950918
2020 7 26 2242.2827798154 970.9435888250806 5014.786955182391
2020 7 27 2175.0142964209376 941.8152811603281 4864.343346526919
2020 7 28 2109.763867528309 913.5608227255183 4718.4130461311115
2020 7 29 2046.47095150246 886.1539980437527 4576.860654747178
2020 7 30 1985.076822957386 859.5693781024402 4439.554835104763
2020 7 31 1925.5245182686642 833.7822967593669 4306.368190051619
2020 8 1 1867.7587827206044 808.7688278565859 4177.177144350071
2020 8 2 1811.7260192389863 784.5057630208883 4051.861830019569
2020 8 3 1757.3742386618167 760.9705901302616 3930.3059751189817
2020 8 4 1704.653011501962 738.1414724263537 3812.396795865412
2020 8 5 1653.5134211569032 715.9972282535631 3698.0248919894498
2020 8 6 1603.908018522196 694.5173114059562 3587.0841452297664
2020 8 7 1555.7907779665302 673.6817920637775 3479.4716208728732
2020 8 8 1509.1170546275343 653.4713383018642 3375.087472246687
2020 8 9 1463.8435429887084 633.8671981528082 3273.834848079286
2020 8 10 1419.9282366990471 614.8511822082239 3175.6198026369075
2020 8 11 1377.3303895980757 596.4056467419772 3080.3512085578
2020 8 12 1336.0104779101334 578.5134773397178 2987.9406723010657
2020 8 13 1295.9301635728293 561.1580730195263 2898.3024521320335
2020 8 14 1257.0522586656443 544.3233308289406 2811.3533785680725
2020 8 15 1219.340690905675 527.9936309040723 2727.0127772110304
2020 8 16 1182.7604701785049 512.1538219769502 2645.2023938946995
2020 8 17 1147.2776560731497 496.7892073176417 2565.8463220778585
2020 8 18 1112.8593263909552 481.88553109811244 2488.870932415523
2020 8 19 1079.4735465992264 467.4289651651691 2414.204804443057
2020 8 20 1047.0893402012496 453.406096210214 2341.778660309765
2020 8 21 1015.676659995212 439.8039133239076 2271.525300500472
2020 8 22 985.2063601953556 426.60979592419034 2203.3795414854576
2020 8 23 955.6501693894949 413.8115020464646 2137.2781552408937
2020 8 24 926.98066430781 401.3971569850707 2073.159810583667
2020 8 25 899.1712443785757 389.35524227551855 2010.965016266157
2020 8 26 872.1961070472184 377.674585007253 1950.6360657781722
2020 8 27 846.0302238358018 366.3443474570354 1892.116983804827
2020 8 28 820.6493171207278 355.35401703332434 1835.353474290682
2020 8 29 796.029837607106 344.6933965223246 1780.2928700619616
2020 8 30 772.1489424788928 334.3525946266548 1726.8840839601028
2020 8 31 748.984474204526 324.32201678785515 1675.0775614412996
2020 9 1 726.5149399783902 314.5923562842195 1624.8252345980607
2020 9 2 704.7194917790384 305.1545855956929 1576.0804775601189
2020 9 3 683.5779070256673 295.9999480278221 1528.7980632333154
2020 9 4 663.0705698148972 287.1199495869874 1482.934121336316
2020 9 5 643.1784527204503 278.50635109937775 1438.4460976962264
2020 9 6 623.8830991388368 270.1511605663964 1395.2927147653395
2020 9 7 605.1666061646716 262.04662574940454 1353.4339333223793
2020 9 8 587.0116079797315 254.1852269769224 1312.8309153227078
2020 9 9 569.4012597403395 246.5596701676147 1273.4459878630266
2020 9 10 552.3192219481293 239.16288006258625 1235.2426082271359
2020 9 11 535.7496452896854 231.98799366070867 1198.1853299803217
2020 9 12 519.6771559309948 225.0283538508874 1162.239770080912
2020 9 13 504.0868412530649 218.2775032353608 1127.3725769784846
2020 9 14 488.9642360154729 211.72917813829997 1093.55139966913
2020 9 15 474.29530893500873 205.37730279415098 1060.744857679056
2020 9 16 460.0664496669585 199.21598371032644 1028.9225119486841
2020 9 17 446.2644561769497 193.23950419901664 998.0548365902235
2020 9 18 432.8765224916412 187.44231907304612 968.1131914925168
2020 9 19 419.8902268168919 181.81904950085473 939.0697957477412
2020 9 20 407.29352001238516 176.3644780158291 910.8977018753089
2020 9 21 395.0747144120136 171.07354367535422 883.5707708190497
2020 9 22 383.22247297965316 165.94133736509357 857.0636476944782
2020 9 23 371.7257987902636 160.96309724414076 831.3517382636438
2020 9 24 360.57402482655567 156.13420432681653 806.4111861157345
2020 9 25 349.756804081759 151.45017819701204 782.2188505322624
2020 9 26 339.26409995930624 146.90667285110166 758.7522850162945
2020 9 27 329.08617696052704 142.49947266556862 735.9897164658057
2020 9 28 319.2135916517112 138.22448848560157 713.9100249718315
2020 9 29 309.6371839021599 134.0777538310335 692.4927242226765
2020 9 30 300.3480683850951 130.0554212161025 671.7179424959962
2020 10 1 291.33762633354223 126.15375857961942 651.5664042211163
2020 10 2 282.59749754353595 122.36914582223083 632.0194120944827
2020 10 3 274.1195726172299 118.6980714475639 613.0588297316482
2020 10 4 265.895985438713 115.13712930413699 594.6670648396987
2020 10 5 257.9191058755516 111.68301542501288 576.8270528945077
2020 10 6 250.18153269928507 108.3325249622625 559.5222413076724
2020 10 7 242.67608671830652 105.08254921339461 542.7365740684422
2020 10 8 235.39580411675732 101.93007273699277 526.454476846389
2020 10 9 228.3339299932546 98.87217055488298 510.6608425409973
2020 10 10 221.48391209345695 95.90600543823649 495.34101726476734
2020 10 11 214.83939473065323 93.02882527508939 480.4807867468243
2020 10 12 208.39421288873362 90.23796051683671 466.0663631444196
2020 10 13 202.14238650207162 87.5308217013316 452.084372250087
2020 10 14 196.07811490700945 84.90489705029165 438.52184108258433
2020 10 15 190.19577145979918 82.3577501387829 425.3661858501068
2020 10 16 184.4898983160052 79.88701763461941 412.60520027460353
2020 10 17 178.95520136652505 77.49040710558083 400.2270442663654
2020 10 18 173.5865453255293 75.1656948924134 388.2202329383744
2020 10 19 168.3789489657634 72.91072404564099 376.5736259502232
2020 10 20 163.32758049679052 70.72340232427176 365.27641717171645
2020 10 21 158.4277530818868 68.6017002545436 354.3181246565649
2020 10 22 153.6749204894302 66.5436492469073 343.688580916868
2020 10 23 149.0646728747473 64.54733976950007 333.37792348936193
2020 10 24 144.59273268850487 62.610919576415064 323.3765857846811
2020 10 25 140.25495070784973 60.73259198912261 313.67528821114064
2020 10 26 136.04730218661425 58.91061422944893 304.2650295648064
2020 10 27 131.96588312101582 57.14329580256546 295.13707867786223
2020 10 28 128.00690662738535 55.428996928488495 286.28296631752636
2020 10 29 124.16669942856379 53.76612702063384 277.6944773280006
2020 10 30 120.44169844570688 52.153143210014825 269.3636430081605
