2020 6 26 12.239373251704409 9.804015810817265 14.674730692591552
2020 6 27 13.311226368021039 8.543786948636068 19.131306625000462
2020 6 28 14.542609475856946 7.487696452989661 25.035675589616805
2020 6 29 15.89986055458958 6.568304482549505 32.78285420014095
2020 6 30 17.328226259297658 5.738851224408782 42.812814355019825
2020 7 1 18.902717457709922 5.020040084621801 55.95545331615606
2020 7 2 20.65523849762976 4.400548860543742 73.23611677559171
2020 7 3 22.49382229474876 3.8412244137946123 95.58259784674263
2020 7 4 24.54692072672309 3.361676693718637 124.96374897813931
2020 7 5 26.77227739201274 2.939924003668895 163.29932253304426
2020 7 6 29.243400714954337 2.575918141260934 213.663750917992
2020 7 7 32.0317705894813 2.2648350831581747 280.21289193522597
2020 7 8 35.13978008045275 1.9951219239685245 367.96022938364956
2020 7 9 38.65047269355459 1.7632692309138887 484.24405009121466
2020 7 10 42.51190633564038 1.558360089845169 637.2762090118497
2020 7 11 46.759122317064 1.377263396335441 838.6700187560709
2020 7 12 51.430662803026166 1.2172119109351012 1103.7088634627341
2020 7 13 56.56892057174665 1.0757599745004962 1452.5060250669444
2020 7 14 62.220523715752925 0.9507461374151888 1911.5310411086589
2020 7 15 68.4367587773301 0.8402601316614462 2515.618426404494
2020 7 16 75.27403615795478 0.7426136810602535 3310.61119655974
2020 7 17 73.01581507321613 0.7203352706284458 3211.292860662948
2020 7 18 70.82534062101965 0.6987252125095924 3114.9540748430595
2020 7 19 68.70058040238905 0.6777634561343047 3021.5054525977675
2020 7 20 66.63956299031737 0.6574305524502755 2930.8602890198345
2020 7 21 64.64037610060785 0.6377076358767672 2842.9344803492395
2020 7 22 62.701164817589614 0.6185764068004641 2757.646445938762
2020 7 23 60.82012987306192 0.6000191145964502 2674.917052560599
2020 7 24 58.99552597687006 0.5820185411585567 2594.669540983781
2020 7 25 57.22566019756396 0.5645579849237999 2516.8294547542678
2020 7 26 55.50889039163704 0.5476212453760859 2441.3245711116397
2020 7 27 53.843623679887926 0.5311926080148033 2368.0848339782906
2020 7 28 52.22831496949129 0.5152568297743592 2297.0422889589418
2020 7 29 50.661465520406544 0.4997991248811284 2228.1310202901736
2020 7 30 49.14162155479435 0.4848051511346945 2161.2870896814684
2020 7 31 47.66737290815052 0.4702609966006537 2096.448476991024
2020 8 1 46.237351720906 0.45615316670263406 2033.5550226812934
2020 8 2 44.850231169278814 0.442468571701555 1972.5483720008544
2020 8 3 43.504724234200445 0.42919451455050833 1913.3719208408288
2020 8 4 42.19958250717443 0.41631867911399306 1855.970763215604
2020 8 5 40.9335950319592 0.40382911874057326 1800.2916403191357
2020 8 6 39.705587181000425 0.39171424517835607 1746.2828911095617
2020 8 7 38.514419565570414 0.3799628178230054 1693.8944043762747
2020 8 8 37.3589869786033 0.3685639332883152 1643.0775722449864
2020 8 9 36.2382173692452 0.3575070152896658 1593.7852450776368
2020 8 10 35.15107084816784 0.3467818048309758 1545.9716877253077
2020 8 11 34.096538722722805 0.33637835068604655 1499.5925370935483
2020 8 12 33.07364256104112 0.32628700016546514 1454.604760980742
2020 8 13 32.081433284209886 0.3164983901605012 1410.9666181513196
2020 8 14 31.118990285683587 0.3070034384556861 1368.63761960678
2020 8 15 30.185420577113078 0.2977933353020155 1327.5784910185764
2020 8 16 29.279857959799685 0.28885953524295505 1287.751136288019
2020 8 17 28.401462221005694 0.28019374918566636 1249.1186021993785
2020 8 18 27.549418354375522 0.2717879367100964 1211.645044133397
2020 8 19 26.722935803744257 0.2636342986087935 1175.2956928093952
2020 8 20 25.92124772963193 0.2557252696505297 1140.0368220251132
2020 8 21 25.14361029774297 0.24805351156101382 1105.8357173643599
2020 8 22 24.38930198881068 0.2406119062141834 1072.6606458434292
2020 8 23 23.65762292914636 0.23339354902775789 1040.4808264681262
2020 8 24 22.947894241271968 0.22639174255692515 1009.2664016740824
2020 8 25 22.259457414033808 0.2195999902802174 978.98840962386
2020 8 26 21.591673691612794 0.21301199057181086 949.6187573351442
2020 8 27 20.94392348086441 0.20662163085465654 921.1301946150899
2020 8 28 20.315605776438478 0.20042298192901684 893.4962887766371
2020 8 29 19.706137603145322 0.19441029247114633 866.691400113338
2020 8 30 19.11495347505096 0.18857798369701192 840.6906581099378
2020 8 31 18.541504870799432 0.18292064418610157 815.4699383666397
2020 9 1 17.985259724675448 0.1774330248605185 791.0058402156404
2020 9 2 17.445701932935183 0.17211003411470296 767.2756650091712
2020 9 3 16.92233087494713 0.16694673309126187 744.2573950588961
2020 9 4 16.414660948698714 0.161938331098524 721.9296732071292
2020 9 5 15.922221120237753 0.1570801811655683 700.2717830109153
2020 9 6 15.44455448663062 0.15236777573060123 679.2636295205879
2020 9 7 14.981217852031701 0.14779674245868318 658.8857206349702
2020 9 8 14.53178131647075 0.14336284018492268 639.119149015921
2020 9 9 14.095827876976628 0.13906195497937499 619.9455745454434
2020 9 10 13.672953040667329 0.13489009632999374 601.3472073090801
2020 9 11 13.262764449447308 0.13084339344009394 583.3067910898077
2020 9 12 12.864881515963889 0.1269180916368911 565.8075873571134
2020 9 13 12.478935070484972 0.12311054888778437 548.8333597364
2020 9 14 12.104567018370423 0.11941723242115083 532.3683589443079
2020 9 15 11.741430007819309 0.11583471544851631 516.3973081759787
2020 9 16 11.38918710758473 0.11235967398506082 500.9053889306993
2020 9 17 11.047511494357188 0.10898888376550898 485.8782272627783
2020 9 18 10.716086149526472 0.10571921725254371 471.30188044489495
2020 9 19 10.394603565040677 0.1025476407349674 457.1628240315481
2020 9 20 10.082765458089456 0.09947121151291838 443.44793931060167
2020 9 21 9.780282494346773 0.09648707516753083 430.1445011312836
2020 9 22 9.48687401951637 0.0935924629125049 417.2401660973451
2020 9 23 9.202267798930878 0.09078468902512976 404.7229611144247
2020 9 24 8.926199764962952 0.08806114835437587 392.581272280992
2020 9 25 8.658413772014063 0.08541931390374459 380.8038341125622
2020 9 26 8.39866135885364 0.08285673448663225 369.3797190891853
2020 9 27 8.146701518088031 0.08037103245203328 358.29832751650974
2020 9 28 7.90230047254539 0.07795990147847227 347.54937769101446
2020 9 29 7.6652314583690275 0.0756211044341181 337.122896360284
2020 9 30 7.435274514617957 0.07335247130109455 327.0092094694755
2020 10 1 7.212216279179418 0.07115189716206172 317.1989331853912
2020 10 2 6.995849790804035 0.06901734024719987 307.6829651898294
2020 10 3 6.785974297079914 0.06694682003978387 298.4524762341345
2020 10 4 6.582395068167516 0.06493841543859036 289.4989019471105
2020 10 5 6.38492321612249 0.06299026297543264 280.81393488869713
2020 10 6 6.193375519638815 0.06110055508616966 272.3895168420362
2020 10 7 6.007574254049651 0.05926753843358457 264.2178313367751
2020 10 8 5.827347026428161 0.05748951228057703 256.29129639667184
2020 10 9 5.652526615635316 0.05576482691215972 248.60255750477168
2020 10 10 5.482950817166256 0.054091882104794924 241.14448077962854
2020 10 11 5.318462292651269 0.05246912564165108 233.91014635623966
2020 10 12 5.158908423871731 0.050895051872401544 226.89284196555246
2020 10 13 5.004141171155579 0.049368200316229495 220.08605670658588
2020 10 14 4.854016936020912 0.04788715430674261 213.4834750053883
2020 10 15 4.708396427940285 0.046450539677540335 207.07897075522663
2020 10 16 4.567144535102076 0.045057023487214125 200.86660163256983
2020 10 17 4.430130199049014 0.0437053127825977 194.84060358359272
2020 10 18 4.297226293077543 0.04239415339911977 188.99538547608495
2020 10 19 4.168309504285216 0.041122328797146175 183.3255239118024
2020 10 20 4.043260219156659 0.03988865893323179 177.82575819444833
2020 10 21 3.9219624125819594 0.03869199916523484 172.49098544861488
2020 10 22 3.8043035402045007 0.037531239190277794 167.31625588515644
2020 10 23 3.6901744339983655 0.03640530201456946 162.29676820860175
2020 10 24 3.5794692009784144 0.035313142954132376 157.4278651623437
2020 10 25 3.4720851249490616 0.034253748665508406 152.7050292074734
2020 10 26 3.3679225712005896 0.033226136205543155 148.1238783312492
2020 10 27 3.266884894064572 0.03222935211937686 143.6801619813117
2020 10 28 3.1688783472426345 0.03126247155579555 139.36975712187234
2020 10 29 3.073811996825355 0.030324597409121683 135.18866440821617
2020 10 30 2.9815976369205943 0.029414859486848032 131.13300447596967
