2020 6 26 325.08026773755773 299.2703938179734 350.890141657142
2020 6 27 323.38183677496585 274.070500347726 376.7700895695781
2020 6 28 321.6987461480455 250.9980301427858 404.566350622064
2020 6 29 320.0136938091129 229.85953751044372 434.3998009136466
2020 6 30 318.32893537888395 210.49515281187453 466.42164129862994
2020 7 1 316.6541075340892 192.76281111960554 500.8055304972252
2020 7 2 314.9838700857914 176.5216914991979 537.7174709938313
2020 7 3 313.3308408021053 161.6536645674825 577.3643480338442
2020 7 4 311.6854423112571 148.03739950080663 619.9325364360623
2020 7 5 310.0455679562012 135.5665671984148 665.6330137639875
2020 7 6 308.4050215774923 124.14222507493399 714.6824944312083
2020 7 7 306.7673313155083 113.67828015021696 767.3328590029462
2020 7 8 305.1302264806951 104.09333518178038 823.8416656935973
2020 7 9 303.48619736930954 95.3112157812662 884.4696748202443
2020 7 10 301.8510262191632 87.27002394379149 949.559409596038
2020 7 11 300.22466530392524 79.90724928562821 1019.4392165402688
2020 7 12 298.6070671544123 73.16565528282727 1094.461605790793
2020 7 13 296.998184557203 66.99283432758982 1175.0050293487461
2020 7 14 295.39797055326 61.340800323526736 1261.4757901875246
2020 7 15 293.8063784365593 56.16561565273524 1354.3100918565763
2020 7 16 292.22336175272704 51.42704961482003 1453.9762389192676
2020 7 17 283.4566609001452 49.88423812637543 1410.3569517516896
2020 7 18 274.95296107314084 48.38771098258417 1368.0462431991389
2020 7 19 266.7043722409466 46.93607965310664 1327.0048559031648
2020 7 20 258.70324107371823 45.52799726351344 1287.1947102260697
2020 7 21 250.9421438415067 44.16215734560804 1248.5788689192875
2020 7 22 243.4138795262615 42.8372926252398 1211.1215028517088
2020 7 23 236.11146314047363 41.5521738464826 1174.7878577661575
2020 7 24 229.02811924625942 40.30560863108813 1139.5442220331727
2020 7 25 222.15727566887162 39.096440372155485 1105.3578953721774
2020 7 26 215.49255739880547 37.92354716099082 1072.197158511012
2020 7 27 209.0277806768413 36.7858407461611 1040.0312437556818
2020 7 28 202.75694725653605 35.682265523776266 1008.8303064430113
2020 7 29 196.67423883883995 34.611797558062975 978.565397249721
2020 7 30 190.77401167367475 33.573443631321084 949.2084353322293
2020 7 31 185.0507913234645 32.566240322381454 920.7321822722624
2020 8 1 179.49926758376054 31.589253112710008 893.1102168040945
2020 8 2 174.1142895562477 30.641575519328708 866.3169102999717
2020 8 3 168.89086086956027 29.722328253748845 840.3274029909726
2020 8 4 163.82413504347346 28.83065840613638 815.1175809012434
2020 8 5 158.90941099216926 27.965738653952286 790.6640534742061
2020 8 6 154.14212866240416 27.126766494333715 766.9441318699799
2020 8 7 149.51786480253205 26.312963499503702 743.9358079138805
2020 8 8 145.03232885845608 25.52357459451859 721.617733676464
2020 8 9 140.6813589927024 24.75786735668303 699.9692016661701
2020 8 10 136.46091822292132 24.015131335982538 678.970125616185
2020 8 11 132.3670906762337 23.29467739590306 658.6010218476994
2020 8 12 128.39607795594668 22.59583707402597 638.8429911922684
2020 8 13 124.54419561726827 21.91796196180519 619.6777014565004
2020 8 14 120.80786974875022 21.260423102951034 601.0873704128053
2020 8 15 117.18363365628771 20.622610409862503 583.0547493004211
2020 8 16 113.66812464659908 20.003932097566626 565.5631068214085
2020 8 17 110.2580809072011 19.403814134639628 548.5962136167662
2020 8 18 106.95033847998506 18.821699710600438 532.1383272082633
2020 8 19 103.74182832558552 18.257048719282423 516.1741773920154
2020 8 20 100.62957347581795 17.70933725770395 500.6889520702549
2020 8 21 97.61068627154341 17.178057139972832 485.6682835081472
2020 8 22 94.68236568339711 16.662715425773648 471.0982350029028
2020 8 23 91.8418947128952 16.162833963000438 456.9652879528157
2020 8 24 89.08663787150834 15.677948944110424 443.2563293142312
2020 8 25 86.41403873536309 15.207610475787112 429.95863943480424
2020 8 26 83.82161757330219 14.751382161513497 417.0598802517601
2020 8 27 81.30696904610312 14.308840696668092 404.54808384420727
2020 8 28 78.86775997472003 13.87957547576805 392.41164132888105
2020 8 29 76.50172717547842 13.463188211495009 380.6392920890146
2020 8 30 74.20667536021406 13.059292565150159 369.2201133263441
2020 8 31 71.98047509940764 12.667513788195654 358.1435099265538
2020 9 1 69.82106084642541 12.287488374549785 347.39920462875716
2020 9 2 67.72642902103264 11.91886372331329 336.97722848989446
2020 9 3 65.69463615040166 11.56129781161389 326.86791163519763
2020 9 4 63.72379706588961 11.214458877265473 317.0618742861417
2020 9 5 61.81208315391292 10.878025110947508 307.55001805755745
2020 9 6 59.95772065929553 10.551684357619083 298.3235175158307
2020 9 7 58.15898903951666 10.23513382689051 289.37381199035576
2020 9 8 56.41421936833116 9.928079812083794 280.6925976306451
2020 9 9 54.721792787281224 9.63023741772128 272.27181970172575
2020 9 10 53.08013900366279 9.341330295189643 264.10366511067394
2020 9 11 51.4877348335529 9.061090386333953 256.1805551573537
2020 9 12 49.94310278854631 8.789257674743935 248.49513850263307
2020 9 13 48.44480970488992 8.525579944501617 241.04028434755406
2020 9 14 46.99146541374322 8.269812546166568 233.80907581712742
2020 9 15 45.58172145133092 8.02171816978157 226.79480354261358
2020 9 16 44.21426980779099 7.781066624688123 219.99095943633517
2020 9 17 42.88784171355726 7.547634625947479 213.39123065324512
2020 9 18 41.601206462150536 7.321205587169055 206.98949373364775
2020 9 19 40.35317026828602 7.101569419553983 200.7798089216383
2020 9 20 39.14257516023744 6.888522336967363 194.75641465398914
2020 9 21 37.96829790543032 6.681866666858342 188.91372221436947
2020 9 22 36.82924896826741 6.481410666852592 183.24631054793838
2020 9 23 35.72437149921939 6.286968346847014 177.74892123150022
2020 9 24 34.652640354242806 6.098359296441603 172.4164535945552
2020 9 25 33.61306114361552 5.915408517548355 167.24395998671855
2020 9 26 32.60466930930705 5.737946262021904 162.226641187117
2020 9 27 31.626529230027835 5.565807874161247 157.35984195150348
2020 9 28 30.677733353127 5.398833637936409 152.63904669295837
2020 9 29 29.75740135253319 5.236868628798317 148.0598752921696
2020 9 30 28.864679311957193 5.079762569934367 143.6180790334045
2020 10 1 27.998738932598478 4.9273696928363355 139.30953666240237
2020 10 2 27.158776764620523 4.779548602051245 135.13025056253028
2020 10 3 26.344013461681907 4.636162143989708 131.07634304565437
2020 10 4 25.55369305783145 4.497077279670017 127.14405275428473
2020 10 5 24.787082266096505 4.362164961279916 123.32973117165618
2020 10 6 24.04346979811361 4.231300012441518 119.62983923650648
2020 10 7 23.3221657041702 4.1043610120682725 116.04094405941129
2020 10 8 22.622500733045094 3.9812301817062243 112.55971573762895
2020 10 9 21.94382571105374 3.8617932762550375 109.18292426550008
2020 10 10 21.285510939722126 3.7459394779673865 105.90743653753508
2020 10 11 20.646945611530462 3.6335612936283646 102.73021344140902
2020 10 12 20.027537243184547 3.5245544548195133 99.64830703816675
2020 10 13 19.42671112588901 3.418817821174928 96.65885782702175
2020 10 14 18.84390979211234 3.31625328653968 93.75909209221109
2020 10 15 18.278592498348967 3.21676568794349 90.94631932944476
2020 10 16 17.730234723398496 3.120262717305185 88.21792974956142
2020 10 17 17.19832768169654 3.0266548357860295 85.57139185707457
2020 10 18 16.682377851245644 2.9358551907124486 83.00425010136233
2020 10 19 16.181906515708274 2.847779534991075 80.51412259832146
2020 10 20 15.696449320237026 2.762346148941343 78.09869892037182
2020 10 21 15.225555840629914 2.679475764473102 75.75573795276065
2020 10 22 14.768789165411016 2.599091491538909 73.48306581417783
2020 10 23 14.325725490448686 2.521118746792742 71.2785738397525
2020 10 24 13.895953725735225 2.4454851843889593 69.14021662455993
2020 10 25 13.479075113963168 2.3721206288572905 67.06601012582313
2020 10 26 13.074702860544273 2.3009570099915715 65.05402982204843
2020 10 27 12.682461774727944 2.231928299691824 63.10240892738698
2020 10 28 12.301987921486106 2.164970450701069 61.20933665956537
2020 10 29 11.932928283841521 2.100021337180037 59.37305655977841
2020 10 30 11.574940435326276 2.037020697064636 57.591864862985055
