2020 6 26 185.25843560317668 162.90047471531133 207.616396491042
2020 6 27 194.21986749534196 150.10949853294406 244.00436444258028
2020 6 28 202.72239936216704 137.6331596737676 285.6487495854562
2020 6 29 211.9076388215196 126.40458642899807 334.838102212915
2020 6 30 221.18450361984844 115.89847942674115 391.98514104117186
2020 7 1 230.5287287936874 106.08807926964097 458.28514727959697
2020 7 2 240.62078522470117 97.27057712072312 536.500974370109
2020 7 3 250.7861212308344 89.0369636187483 627.2442557434285
2020 7 4 261.3809049923687 81.50029664784797 733.3357722696574
2020 7 5 272.82360394349683 74.72640606770727 858.4946701820451
2020 7 6 285.18509009534364 68.62997606611104 1006.329369692064
2020 7 7 299.9265966190804 63.46888012156681 1186.0434947950457
2020 7 8 316.18039543935254 58.85467991091379 1400.8186284170647
2020 7 9 334.50145315760227 54.79677706687463 1659.7427774025916
2020 7 10 353.88412367903993 51.018657844402796 1966.5258808365163
2020 7 11 374.3899221061899 47.50103176812076 2330.0140796827773
2020 7 12 396.0839280312164 44.22593839919212 2760.688615606024
2020 7 13 419.03499208010334 41.17665563217968 3270.9680592892946
2020 7 14 443.3159544250267 38.33761431463684 3875.5664019508004
2020 7 15 469.00387595841534 35.69431875349331 4591.917335687274
2020 7 16 496.1802828623821 33.233272702353695 5440.676956836978
2020 7 17 481.2948743765106 32.236274521283086 5277.456648131869
2020 7 18 466.8560281452153 31.269186285644594 5119.132948687913
2020 7 19 452.85034730085886 30.331110697075253 4965.558960227276
2020 7 20 439.2648368818331 29.421177376162994 4816.592191420457
2020 7 21 426.0868917753781 28.538542054878103 4672.094425677844
2020 7 22 413.30428502211674 27.68238579323176 4531.931592907508
2020 7 23 400.9051564714532 26.851914219434807 4395.9736451202825
2020 7 24 388.8780017773096 26.04635679285176 4264.094435766674
2020 7 25 377.2116617239903 25.264966089066206 4136.171602693674
2020 7 26 365.89531187227055 24.50701710639422 4012.0864546128632
2020 7 27 354.91845251610243 23.771806593202392 3891.7238609744772
2020 7 28 344.27089894061936 23.05865239540632 3774.972145145243
2020 7 29 333.94277197240075 22.36689282354413 3661.7229807908857
2020 7 30 323.9244888132287 21.695886038837806 3551.871291367159
2020 7 31 314.20675414883186 21.04500945767267 3445.315152626144
2020 8 1 304.7805515243669 20.413659173942488 3341.9556980473594
2020 8 2 295.63713497863586 19.801249398724213 3241.6970271059386
2020 8 3 286.76802092927676 19.207211916762486 3144.4461162927605
2020 8 4 278.16498030139843 18.63099555925961 3050.1127328039775
2020 8 5 269.82003089235644 18.07206569248182 2958.6093508198583
2020 8 6 261.72542996558576 17.529903721707367 2869.8510702952626
2020 8 7 253.87366706661817 17.004006610056145 2783.7555381864045
2020 8 8 246.2574570546196 16.49388641175446 2700.2428720408125
2020 8 9 238.86973334298102 15.999069819401825 2619.235585879588
2020 8 10 231.70364134269158 15.519097724819769 2540.6585183032003
2020 8 11 224.75253210241084 15.053524793075175 2464.438762754104
2020 8 12 218.0099561393385 14.60191904928292 2390.505599871481
2020 8 13 211.46965745515834 14.163861477804431 2318.7904318753367
2020 8 14 205.1255677315036 13.738945633470298 2249.2267189190766
2020 8 15 198.9718006995585 13.32677726446619 2181.7499173515043
2020 8 16 193.00264667857172 12.926973946532204 2116.2974198309594
2020 8 17 187.21256727821458 12.539164728136237 2052.8084972360307
2020 8 18 181.59619025986814 12.16298978629215 1991.2242423189498
2020 8 19 176.1483045520721 11.798100092703384 1931.4875150493813
2020 8 20 170.86385541550993 11.444157089922282 1873.5428895978998
2020 8 21 165.73793975304463 11.100832377224613 1817.3366029099627
2020 8 22 160.7658015604533 10.767807405907874 1762.8165048226638
2020 8 23 155.94282751363968 10.444773183730637 1709.9320096779838
2020 8 24 151.26454268823048 10.131429988218718 1658.6340493876444
2020 8 25 146.72660640758355 9.827487088572157 1608.875027906015
2020 8 26 142.32480821535603 9.532662475914993 1560.6087770688346
2020 8 27 138.05506396889535 9.246682601637543 1513.7905137567695
2020 8 28 133.91341204982848 8.969282123588417 1468.3767983440664
2020 8 29 129.89600968833363 8.700203659880765 1424.3254943937443
2020 8 30 125.99912939768362 8.439197550084343 1381.5957295619319
2020 8 31 122.2191555157531 8.186021623581812 1340.147857675074
2020 9 1 118.5525808502805 7.940440974874358 1299.9434219448217
2020 9 2 114.99600342477208 7.702227745628127 1260.945119286477
2020 9 3 111.54612332202892 7.471160913259283 1223.1167657078827
2020 9 4 108.19973962236804 7.247026085861504 1186.4232627366462
2020 9 5 104.953747433697 7.0296153032856585 1150.8305648545468
2020 9 6 101.80513501068609 6.818726844187089 1116.3056479089103
2020 9 7 98.7509809603655 6.6141650388614766 1082.816478471643
2020 9 8 95.78845153155453 6.415740087695632 1050.3319841174937
2020 9 9 92.91479798560789 6.223267885064763 1018.8220245939689
2020 9 10 90.12735404603966 6.03656984851282 988.2573638561498
2020 9 11 87.42353342465846 5.855472753057436 958.6096429404653
2020 9 12 84.8008274219187 5.679808570465712 929.8513536522513
2020 9 13 82.25680259926114 5.509414313351741 901.9558130426838
2020 9 14 79.7890985212833 5.344131883951189 874.8971386514032
2020 9 15 77.39542556564479 5.183807927432653 848.6502244918611
2020 9 16 75.07356279867544 5.028293689609673 823.1907177571052
2020 9 17 72.82135591471517 4.8774448789213825 798.494996224392
2020 9 18 70.63671523727372 4.731121532553741 774.5401463376602
2020 9 19 68.5176137801555 4.589187886577128 751.3039419475303
2020 9 20 66.46208536675083 4.451512249979814 728.7648236891044
2020 9 21 64.4682228057483 4.31796688248042 706.9018789784313
2020 9 22 62.53417612157585 4.188427876006007 685.6948226090784
2020 9 23 60.65815083792857 4.062775039725826 665.1239779308061
2020 9 24 58.83840631279071 3.9408917885340515 645.1702585928819
2020 9 25 57.07325412340699 3.82266503487803 625.8151508350953
2020 9 26 55.36105649970478 3.707985083831689 607.0406963100424
2020 9 27 53.700224804713635 3.596745531316738 588.8294754207411
2020 9 28 52.08921806057222 3.4888431653772356 571.1645911581189
2020 9 29 50.52654151875505 3.384177870415918 554.0296534233753
2020 9 30 49.0107452731924 3.2826525343034407 537.408763820674
2020 10 1 47.540422914996626 3.1841729582743374 521.2865009060538
2020 10 2 46.11421022754673 3.088647769526107 505.64790587887217
2020 10 3 44.73078392072033 2.9959883364403237 490.478468702506
2020 10 4 43.38886040309872 2.906108686347114 475.7641146414308
2020 10 5 42.087194591005755 2.8189254257567002 461.49119120218785
2020 10 6 40.82457875327558 2.734357662983999 447.6464554661222
2020 10 7 39.59984139067731 2.652326933094479 434.2170618021385
2020 10 8 38.41184614895699 2.5727571251016443 421.19054994807436
2020 10 9 37.25949076448828 2.495574411348595 408.5548334496321
2020 10 10 36.141706041553626 2.4207071790081374 396.2981884461431
2020 10 11 35.05745486030702 2.3480859636378932 384.4092427927588
2020 10 12 34.00573121449781 2.2776433847287563 372.876965508976
2020 10 13 32.98555927806287 2.2093140831868934 361.6906565437067
2020 10 14 31.995992499720984 2.1430346606912867 350.8399368473955
2020 10 15 31.036112724729353 2.078743620870548 340.31473874197366
2020 10 16 30.10502934298747 2.0163813122444316 330.10529657971443
2020 10 17 29.201878462697845 1.9558898728770986 320.202137682323
2020 10 18 28.325822108816908 1.8972131766907856 310.5960735518533
2020 10 19 27.4760474455524 1.840296781390062 301.27819134529767
2020 10 20 26.65176602218583 1.78508787794836 292.23984560493875
2020 10 21 25.852213041520255 1.7315352416099092 283.47265023679057
2020 10 22 25.076646650274647 1.679589184361612 274.9684707296868
2020 10 23 24.324347250766408 1.6292015088307636 266.71941660779623
2020 10 24 23.594616833243414 1.5803254635658406 258.7178341095623
2020 10 25 22.886778328246113 1.5329156996588653 250.95629908627544
2020 10 26 22.200174978398728 1.4869282286690992 243.42761011368717
2020 10 27 21.534169729046766 1.4423203818090262 236.12478181027655
2020 10 28 20.888144637175362 1.3990507703547554 229.04103835596825
2020 10 29 20.2615002980601 1.3570792472441127 222.1698072052892
2020 10 30 19.653655289118294 1.3163668698267892 215.50471298913052
