2020 6 26 627.4316419106559 589.37892432809 665.4843594932217
2020 6 27 604.1305457182303 533.0684233311255 679.637593475384
2020 6 28 582.9603925224553 483.2546805871118 695.5156173760413
2020 6 29 562.0267446339401 437.6769763740879 711.1616748909297
2020 6 30 541.3576075455535 396.01848403981955 726.5432207433036
2020 7 1 521.3312794995504 358.23926145501304 742.099997081214
2020 7 2 501.2925768487948 323.5465132390956 756.9177112214699
2020 7 3 482.78457870187924 292.70431703412754 773.179546164824
2020 7 4 464.5762737920998 264.56957518292717 789.176367899226
2020 7 5 446.5512935243289 238.85246314847797 804.6490240511367
2020 7 6 428.3869463209618 215.1865334184844 818.9137446529227
2020 7 7 410.043403224225 193.40430505657176 831.6763532303014
2020 7 8 392.04299184348133 173.61834258720202 843.7406833658606
2020 7 9 374.00015065506705 155.48782293021392 854.1880713379533
2020 7 10 356.7876880856393 139.2506270899034 864.7648212308247
2020 7 11 340.36738794498336 124.70904010042182 875.4725348330362
2020 7 12 324.702792851651 111.68599386434121 886.312833766857
2020 7 13 309.7591232879928 100.02291105296922 897.2873597338502
2020 7 14 295.50320038048926 89.57777416264214 908.397774763499
2020 7 15 281.90337223393243 80.22339621453276 919.6457614649115
2020 7 16 268.9294436559005 71.84587204085628 931.0330232816425
2020 7 17 260.8615603462235 69.69049587963059 903.1020325831932
2020 7 18 253.03571353583678 67.59978100324167 876.0089716056974
2020 7 19 245.44464212976166 65.57178757314442 849.7287024575264
2020 7 20 238.0813028658688 63.604633945950084 824.2368413838007
2020 7 21 230.93886377989273 61.69649492757158 799.5097361422866
2020 7 22 224.01069786649595 59.84560007974443 775.5244440580179
2020 7 23 217.29037693050105 58.05023207735209 752.2587107362774
2020 7 24 210.77166562258603 56.30872511503153 729.690949414189
2020 7 25 204.44851565390843 54.61946336158058 707.8002209317633
2020 7 26 198.31506018429118 52.980879460733156 686.5662143038104
2020 7 27 192.36560837876243 51.39145307691116 665.9692278746961
2020 7 28 186.59464012739954 49.84970948460383 645.9901510384552
2020 7 29 180.99680092357755 48.35421820006571 626.6104465073015
2020 7 30 175.56689689587023 46.90359165406374 607.8121331120824
2020 7 31 170.29988998899412 45.496483904441824 589.5777691187199
2020 8 1 165.1908932893243 44.131589387308566 571.8904360451583
2020 8 2 160.23516649064456 42.807641705689306 554.7337229638035
2020 8 3 155.4281114959252 41.52341245451863 538.0917112748895
2020 8 4 150.76526815104745 40.27771008088307 521.9489599366427
2020 8 5 146.24231010651602 39.069378778456574 506.2904911385434
2020 8 6 141.85504080332052 37.89729741510288 491.1017764043871
2020 8 7 137.5993895792209 36.76037849264979 476.3687231122555
2020 8 8 133.47140789184428 35.657567137870295 462.0776614188878
2020 8 9 129.46726565508894 34.58784012373418 448.2153315763212
2020 8 10 125.58324768543626 33.55020492002215 434.76887162903154
2020 8 11 121.81575025487317 32.543698772421486 421.7258054801606
2020 8 12 118.16127774722696 31.56738780924884 409.07403131575575
2020 8 13 114.61643941481015 30.620366174971373 396.8018103762831
2020 8 14 111.17794623236584 29.70175518972223 384.89775606499455
2020 8 15 107.84260784539487 28.810702534030565 373.3508233830447
2020 8 16 104.60732961003302 27.946381458009647 362.15029868155335
2020 8 17 101.46910972173202 27.107990014269358 351.28578972110677
2020 8 18 98.42503643008006 26.294750313841277 340.7472160294736
2020 8 19 95.47228533717765 25.505907804426037 330.5247995485894
2020 8 20 92.60811677706232 24.740730570293255 320.6090555621317
2020 8 21 89.82987327375045 23.99850865318446 310.9907838952677
2020 8 22 87.13497707553793 23.278553393588926 301.6610603784097
2020 8 23 84.52092776327179 22.58019679178126 292.61122856705737
2020 8 24 81.98529993037363 21.90279088802782 283.83289171004566
2020 8 25 79.52574093246241 21.245707161386985 275.3179049587443
2020 8 26 77.13996870448854 20.608335946545374 267.058367809982
2020 8 27 74.82576964335388 19.990085868149013 259.0466167756825
2020 8 28 72.58099655405326 19.39038329210454 251.275218272412
2020 8 29 70.40356665743165 18.808671793341404 243.73696172423962
2020 8 30 68.2914596577087 18.244411639541163 236.42485287251242
2020 8 31 66.24271586797744 17.697079290354928 229.33210728633705
2020 9 1 64.25543439193811 17.16616691164428 222.45214406774693
2020 9 2 62.327771360179966 16.65118190429495 215.77857974571452
2020 9 3 60.45793821937457 16.1516464471661 209.30522235334308
2020 9 4 58.64420007279333 15.667097053751117 203.0260656827428
2020 9 5 56.88487407060953 15.197084142138584 196.9352837122605
2020 9 6 55.17832784849124 14.741171617874427 191.0272252008927
2020 9 7 53.52297801303651 14.298936469338194 185.2964084448659
2020 9 8 51.91728867264541 13.869968375258049 179.73751619151992
2020 9 9 50.35977001246605 13.453869324000307 174.34539070577432
2020 9 10 48.84897691209207 13.050253244280297 169.11502898460108
2020 9 11 47.3835076047293 12.658745646951887 164.04157811506303
2020 9 12 45.96200237658742 12.27898327754333 159.12033077161115
2020 9 13 44.5831423052898 11.91061377921703 154.3467208484628
2020 9 14 43.2456480361311 11.553295365840519 149.71631922300892
2020 9 15 41.948278595047164 11.206696504865302 145.22482964631865
2020 9 16 40.68983023719575 10.870495609719343 140.86808475692908
2020 9 17 39.46913533007988 10.544380741427762 136.6420422142212
2020 9 18 38.28506127017748 10.22804931918493 132.54278094779454
2020 9 19 37.13650943207215 9.921207839609382 128.5664975193607
2020 9 20 36.022414149109984 9.6235716044211 124.70950259377987
2020 9 21 34.941741724636685 9.334864456288466 120.96821751596647
2020 9 22 33.893489472897585 9.054818522599811 117.33917099048747
2020 9 23 32.876684788710655 8.783173966921817 113.81899586077284
2020 9 24 31.890384245049333 8.519678747914162 110.40442598494965
2020 9 25 30.933672717697853 8.264088385476736 107.09229320540116
2020 9 26 30.005662536166916 8.016165733912434 103.87952440923912
2020 9 27 29.105492660081907 7.77568076189506 100.76313867696194
2020 9 28 28.23232788027945 7.5424103390382085 97.74024451665308
2020 9 29 27.385358043871065 7.316138028867062 94.80803718115348
2020 9 30 26.56379730255493 7.09665388800105 91.96379606571887
2020 10 1 25.766883383478284 6.883754271361019 89.2048821837473
2020 10 2 24.993876881973936 6.677241643220188 86.52873571823488
2020 10 3 24.244060575514716 6.476924393923582 83.93287364668784
2020 10 4 23.516738758249275 6.282616662105874 81.4148874372872
2020 10 5 22.811236595501796 6.0941381622426976 78.97244081416859
2020 10 6 22.126899497636742 5.911314017375417 76.60326758974354
2020 10 7 21.46309251270764 5.733974596854154 74.30516956205123
2020 10 8 20.81919973732641 5.561955358948529 72.0760144751897
2020 10 9 20.194623745206616 5.3950966981800725 69.913734040934
2020 10 10 19.588785032850417 5.23324379723467 67.81632201970598
2020 10 11 19.001121481864903 5.07624648331763 65.7818323591148
2020 10 12 18.431087837408956 4.9239590888181 63.808377388341356
2020 10 13 17.87815520228669 4.776240316153557 61.894126066691115
2020 10 14 17.34181054621809 4.632953106668951 60.03730228469038
2020 10 15 16.821556229831547 4.493964513468882 58.23618321614966
2020 10 16 16.3169095429366 4.359145578064815 56.48909771966517
2020 10 17 15.8274022566485 4.228371210722871 54.79442478807521
2020 10 18 15.352580188949046 4.101520074401185 53.150592044432955
2020 10 19 14.892002783280574 3.978474472169149 51.55607428309997
2020 10 20 14.445242699782156 3.8591202380040746 50.00939205460697
2020 10 21 14.01188541878869 3.743346630863952 48.50911029296876
2020 10 22 13.591528856225029 3.631046231938033 47.05383698417969
2020 10 23 13.183782990538278 3.522114844979892 45.6422218746543
2020 10 24 12.78826950082213 3.4164513996304953 44.272955218414666
2020 10 25 12.404621415797466 3.3139578576415802 42.944766561862224
2020 10 26 12.032482773323542 3.214539121912333 41.65642356500636
2020 10 27 11.671508290123835 3.118102948254963 40.406730858056164
2020 10 28 11.32136304142012 3.024559859807314 39.194528932314476
2020 10 29 10.981722150177516 2.9338230640130942 38.018693064345044
2020 10 30 10.65227048567219 2.8458083720927014 36.87813227241469
