2020 6 26 291.6998639305778 283.4522729710675 299.94745489008807
2020 6 27 288.57498823415875 272.4905236427545 305.1206523830839
2020 6 28 285.75635044010914 262.21024942835396 310.6714733389426
2020 6 29 282.9258542126464 252.2816763825593 316.28045237627254
2020 6 30 280.0621104814331 242.6744015269963 321.9221887484974
2020 7 1 277.27147254727316 233.4712159663245 327.71527477822065
2020 7 2 274.4103622272227 224.53429785117237 333.49644995221223
2020 7 3 271.735480134616 216.06769390457666 339.57005668851434
2020 7 4 269.0545664262943 207.89481504956922 345.71415502122954
2020 7 5 266.3471207784551 199.99014168600763 351.90134601340213
2020 7 6 263.4938398981806 192.2560643462236 357.97059291414837
2020 7 7 260.48692794319834 184.68668353911005 363.89427429822723
2020 7 8 257.39583981336267 177.33130930091127 369.7504524789744
2020 7 9 254.18354622151764 170.16009721222156 375.4740703869905
2020 7 10 251.01134197271597 163.27888626897933 381.28628805664937
2020 7 11 247.87872675296714 156.6759489328939 387.1884769837234
2020 7 12 244.7852064921866 150.34003192295432 393.1820298942976
2020 7 13 241.73029328627203 144.2603370366416 399.2683610734084
2020 7 14 238.71350532015202 138.4265027467241 405.4489066987689
2020 7 15 235.73436679179505 132.8285865422716 411.7251251796606
2020 7 16 232.79240783716702 127.45704798379207 418.098497501071
2020 7 17 225.808635602052 123.6333365442783 405.5555425760389
2020 7 18 219.03437653399044 119.92433644794994 393.3888762987577
2020 7 19 212.4633452379707 116.32660635451144 381.58721000979494
2020 7 20 206.0894448808316 112.8368081638761 370.13959370950107
2020 7 21 199.90676153440663 109.45170391895981 359.035405898216
2020 7 22 193.90955868837443 106.16815280139102 348.26434372126954
2020 7 23 188.0922719277232 102.98310821734928 337.8164134096314
2020 7 24 182.4495037698915 99.8936149708288 327.68192100734245
2020 7 25 176.97601865679474 96.89680652170394 317.8514633771222
2020 7 26 171.6667380970909 93.98990232605281 308.31591947580847
2020 7 27 166.51673595417816 91.17020525627123 299.0664418915342
2020 7 28 161.5212338755528 88.4350990985831 290.0944486347882
2020 7 29 156.67559685928623 85.7820461256256 281.39161517574456
2020 7 30 151.97532895350764 83.20858474185682 272.94986672047224
2020 7 31 147.4160690849024 80.71232719960112 264.7613707188581
2020 8 1 142.99358701235533 78.29095738361309 256.8185295972923
2020 8 2 138.70377940198466 75.9422286621047 249.1139737093735
2020 8 3 134.54266601992512 73.66396180224156 241.64055449809229
2020 8 4 130.50638603932737 71.4540429481743 234.39133786314952
2020 8 5 126.59119445814754 69.31042165972907 227.35959772725502
2020 8 6 122.79345862440312 67.2311090099372 220.53880979543737
2020 8 7 119.10965486567102 65.21417573963909 213.92264550157424
2020 8 8 115.53636521970088 63.25775046744992 207.504966136527
2020 8 9 112.07027426310985 61.360017953426414 201.27981715243118
2020 8 10 108.70816603521655 59.51921741482362 195.24142263785825
2020 8 11 105.44692105416006 57.733640892378915 189.38417995872248
2020 8 12 102.28351342253525 56.00163166560755 183.7026545599608
2020 8 13 99.21500801985918 54.321582715639316 178.19157492316197
2020 8 14 96.2385577792634 52.69193523417014 172.8458276754671
2020 8 15 93.3514010458855 51.11117717714503 167.66045284520308
2020 8 16 90.55085901450893 49.57784186183068 162.630639259847
2020 8 17 87.83433324407366 48.090506605975754 157.75172008205158
2020 8 18 85.19930324675146 46.64779140779648 153.01916847959004
2020 8 19 82.64332414934891 45.24835766556259 148.42859342520234
2020 8 20 80.16402442486844 43.89090693559571 143.97573562244625
2020 8 21 77.7591036921224 42.574179727527834 139.65646355377285
2020 8 22 75.42633058135873 41.296954335702 135.46676964715965
2020 8 23 73.16354066391796 40.05804570563094 131.40276655774485
2020 8 24 70.96863444400041 38.85630433446201 127.4606835610125
2020 8 25 68.8395754106804 37.69061520442815 123.63686305418213
2020 8 26 66.77438814835999 36.5598967482953 119.92775716255666
2020 8 27 64.77115650390918 35.46309984584644 116.32992444767996
2020 8 28 62.8280218087919 34.399206850471046 112.84002671424956
2020 8 29 60.94318115452814 33.36723064495691 109.45482591282207
2020 8 30 59.11488571989229 32.366213725608205 106.17118113543741
2020 8 31 57.34143914829552 31.395227313839957 102.98604570137428
2020 9 1 55.62119597384665 30.453370494424757 99.89646433033305
2020 9 2 53.95256009463125 29.539769379592013 96.89957040042306
2020 9 3 52.333983291792315 28.65357629820425 93.99258328841036
2020 9 4 50.76396379303854 27.79396900925812 91.17280578975804
2020 9 5 49.24104487924738 26.960149938980376 88.4376216160653
2020 9 6 47.76381353286996 26.151345440810964 85.78449296758333
2020 9 7 46.330899126883864 25.366805077586633 83.21095817855583
2020 9 8 44.94097215307735 24.605800925259032 80.71462943319915
2020 9 9 43.59274298848503 23.86762689750126 78.29319055020318
2020 9 10 42.284960698830474 23.151598090576222 75.94439483369707
2020 9 11 41.01641187786556 22.457050147858936 73.66606298868616
2020 9 12 39.78591952152959 21.783338643423168 71.45608109902558
2020 9 13 38.5923419358837 21.129838484120473 69.31239866605482
2020 9 14 37.43457167780719 20.49594332959686 67.23302670607318
2020 9 15 36.31153452747297 19.881065029708953 65.21603590489097
2020 9 16 35.22218849164878 19.284633078817684 63.25955482774424
2020 9 17 34.165522836899314 18.706094086453152 61.36176818291191
2020 9 18 33.140557151792336 18.14491126385956 59.52091513742455
2020 9 19 32.146340437238564 17.60056392594377 57.73528768330181
2020 9 20 31.181950224121405 17.072547008165458 56.00322905280276
2020 9 21 30.246491717397763 16.560370597920492 54.323132181218675
2020 9 22 29.33909696587583 16.063559479982878 52.693438215782116
2020 9 23 28.45892405689955 15.581652695583392 51.11263506930865
2020 9 24 27.605156335192564 15.11420311471589 49.57925601722939
2020 9 25 26.777001645136785 14.660777021274413 48.091878336712504
2020 9 26 25.973691595782682 14.22095371063618 46.64912198661113
2020 9 27 25.1944808479092 13.794325099317096 45.24964832701279
2020 9 28 24.438646422471923 13.380495346337582 43.892158877202405
2020 9 29 23.705487029797766 12.979080485947454 42.57539411088633
2020 9 30 22.99432241890383 12.58970807136903 41.29813228755974
2020 10 1 22.304492746336717 12.212016829227958 40.05918831893295
2020 10 2 21.635357963946614 11.845656324351118 38.857412669364955
2020 10 3 20.986297225028213 11.490286634620585 37.691690289284004
2020 10 4 20.356708308277366 11.145578035581966 36.560939580605485
2020 10 5 19.746007059029044 10.811210694514507 35.464111393187316
2020 10 6 19.15362684725817 10.486874373679072 34.400188051391694
2020 10 7 18.579018041840424 10.172268142468699 33.36818240984994
2020 10 8 18.02164750058521 9.867100098194637 32.36713693755444
2020 10 9 17.480998075567655 9.571087095248798 31.396122829427807
2020 10 10 16.956568133300625 9.283954482391334 30.45423914454497
2020 10 11 16.447871089301607 9.005435847919593 29.54061197020862
2020 10 12 15.954434956622558 8.735272772482004 28.65439361110236
2020 10 13 15.47580190792388 8.473214589307544 27.79476180276929
2020 10 14 15.011527850686164 8.219018151628317 26.96091894868621
2020 10 15 14.56118201516558 7.972447607079467 26.152091380225624
2020 10 16 14.124346554710613 7.733274178867084 25.367528638818854
2020 10 17 13.700616158069295 7.501275953501071 24.60650277965429
2020 10 18 13.289597673327215 7.276237674896039 23.868307696264658
2020 10 19 12.890909743127398 7.057950544649158 23.15225846537672
2020 10 20 12.504182450833577 6.846212028309683 22.457690711415417
2020 10 21 12.129056977308569 6.640825667460392 21.783959990072955
2020 10 22 11.765185267989311 6.44160089743658 21.130441190370764
2020 10 23 11.412229709949631 6.248352870513483 20.49652795465964
2020 10 24 11.069862818651142 6.060902284398079 19.88163211601985
2020 10 25 10.737766934091608 5.879075215866136 19.285183152539254
2020 10 26 10.41563392606886 5.702702959390152 18.706627657963075
2020 10 27 10.103164908286795 5.531621870608447 18.145428828224183
2020 10 28 9.80006996103819 5.365673214490194 17.601065963377458
2020 10 29 9.506067862207043 5.204703018055488 17.073033984476133
2020 10 30 9.220885826340831 5.048561927513823 16.56084296494185
