2020 6 26 199.8508016452032 177.4544270857122 222.2471762046942
2020 6 27 203.73586379737887 160.62149864209954 251.96993119617125
2020 6 28 207.1121888922968 144.92468293621658 284.9451447484624
2020 6 29 211.03942032453324 131.10818519858248 322.9167702286573
2020 6 30 215.5454582317003 118.92221349904278 366.7201743102377
2020 7 1 219.94166450511423 107.75519880777652 416.114922481134
2020 7 2 224.9531479310938 97.89429912315956 473.157237253701
2020 7 3 229.64874881306858 88.7486335569704 537.1144928427858
2020 7 4 234.88141312459507 80.6270637177901 610.7438012726823
2020 7 5 240.90688571586952 73.47993305927557 696.2178977864094
2020 7 6 248.1232195570147 67.2824371459279 796.6490244832365
2020 7 7 256.2672711540612 61.800603453555375 913.8521697454999
2020 7 8 265.70750363961565 57.013521406528625 1051.9672318771832
2020 7 9 276.8734051710041 52.89290994943111 1216.4116433822342
2020 7 10 288.50853453864426 49.07011273641954 1406.5621450161455
2020 7 11 300.63261023653274 45.523605456137716 1626.4371346293833
2020 7 12 313.26617939451313 42.233419451428524 1880.6831694386842
2020 7 13 326.4306526002743 39.18102928554002 2174.6731604329148
2020 7 14 340.14834018468355 36.349248434403506 2514.619916611886
2020 7 15 354.44249003194864 33.72213251767755 2907.707438557056
2020 7 16 369.33732697868663 31.28488952369909 3362.242735924758
2020 7 17 358.257207169326 30.346342837988114 3261.3754538470153
2020 7 18 347.50949095424625 29.43595255284847 3163.5341902316045
2020 7 19 337.08420622561886 28.552873976263015 3068.6281645246563
2020 7 20 326.9716800388503 27.696287756975124 2976.5693195889166
2020 7 21 317.16252963768477 26.86539912426587 2887.272240001249
2020 7 22 307.6476537485542 26.059437150537892 2800.6540728012114
2020 7 23 298.4182241360976 25.277654036021755 2716.634450617175
2020 7 24 289.46567741201466 24.519324414941103 2635.1354170986597
2020 7 25 280.7817070896542 23.78374468249287 2556.0813545857
2020 7 26 272.35825587696456 23.070232342018084 2479.3989139481287
2020 7 27 264.1875082006556 22.37812537175754 2405.016946529685
2020 7 28 256.26188295463595 21.706781610604814 2332.8664381337944
2020 7 29 248.57402646599687 21.05557816228667 2262.8804449897807
2020 7 30 241.11680567201697 20.42391081741807 2194.994031640087
2020 7 31 233.88330150185644 19.811193492895526 2129.1442106908844
2020 8 1 226.86680245680074 19.21685768810866 2065.269884370158
2020 8 2 220.0607983830967 18.640351957465402 2003.311787839053
2020 8 3 213.4589744316038 18.08114139874144 1943.2124342038815
2020 8 4 207.05520519865567 17.538707156779196 1884.916061177765
2020 8 5 200.843549042696 17.01254594207582 1828.368579342432
2020 8 6 194.8182425714151 16.502169563813545 1773.517521962159
2020 8 7 188.97369529427266 16.007104476899137 1720.311996303294
2020 8 8 183.30448443544446 15.526891342592162 1668.7026364141952
2020 8 9 177.80534990238112 15.061084602314397 1618.6415573217694
2020 8 10 172.47118940530967 14.609252064244965 1570.0823106021162
2020 8 11 167.29705372315038 14.170974502317616 1522.9798412840526
2020 8 12 162.27814211145588 13.745845267248088 1477.2904460455309
2020 8 13 157.4097978481122 13.333469909230645 1432.9717326641648
2020 8 14 152.68750391266883 12.933465811953726 1389.9825806842398
2020 8 15 148.10687879528876 12.545461837595113 1348.2831032637125
2020 8 16 143.6636724314301 12.169097982467258 1307.834610165801
2020 8 17 139.3537622584872 11.80402504299324 1268.599571860827
2020 8 18 135.17314939073256 11.449904291703442 1230.5415847050022
2020 8 19 131.1179549090106 11.106407162952339 1193.625337163852
2020 8 20 127.18441626174027 10.773214948063767 1157.8165770489363
2020 8 21 123.36888377388806 10.450018499621853 1123.0820797374681
2020 8 22 119.66781726067141 10.136517944633198 1089.389617345344
2020 8 23 116.07778274285127 9.832422406294201 1056.7079288249838
2020 8 24 112.59544926056573 9.537449734105374 1025.0066909602342
2020 8 25 109.21758578274876 9.251326242082213 994.2564902314272
2020 8 26 105.94105820926629 8.973786454819747 964.4287955244844
2020 8 27 102.7628264629883 8.704572861175155 935.4959316587498
2020 8 28 99.67994166909865 8.4434356753399 907.4310537089873
2020 8 29 96.6895434190257 8.190132605079704 880.2081220977177
2020 8 30 93.78885711645492 7.944428626927312 853.8018784347862
2020 8 31 90.97519140296127 7.706095768119493 828.1878220817426
2020 9 1 88.24593566087243 7.474912895075907 803.3421874192903
2020 9 2 85.59855759104626 7.25066550822363 779.2419217967116
2020 9 3 83.03060086331487 7.0331455429769205 755.8646641428103
2020 9 4 80.53968283741543 6.822151176687613 733.188724218526
2020 9 5 78.12349235229296 6.617486641386984 711.1930624919702
2020 9 6 75.77978758172416 6.418962042145374 689.857270617211
2020 9 7 73.50639395427244 6.226393180881012 669.1615524986947
2020 9 8 71.30120213564426 6.039601385454581 649.0867059237339
2020 9 9 69.16216607157493 5.858413343890944 629.6141047460219
2020 9 10 67.08730108942768 5.6826609435742155 610.7256816036412
2020 9 11 65.07468205674485 5.512181115266989 592.4039111555319
2020 9 12 63.1224415950425 5.346815681808979 574.6317938208659
2020 9 13 61.22876834719123 5.18641121135471 557.3928400062399
2020 9 14 59.39190529677549 5.030818875014069 540.6710548060527
2020 9 15 57.61014813787222 4.879894308763647 524.4509231618711
2020 9 16 55.88184369373605 4.733497479500738 508.7173954670149
2020 9 17 54.20538838292397 4.591492555115716 493.4558736030045
2020 9 18 52.57922673143625 4.453747778462244 478.6521973949143
2020 9 19 51.00184992949316 4.320135345108376 464.2926314730669
2020 9 20 49.471794431608366 4.190531284755124 450.3638525288749
2020 9 21 47.987640598660114 4.0648153462124705 436.8529369530086
2020 9 22 46.54801138070031 3.942870885826096 423.74734884441835
2020 9 23 45.1515710392793 3.824584759251313 411.0349283790858
2020 9 24 43.79702390810092 3.7098472164737735 398.7038805277132
2020 9 25 42.48311319085789 3.59855179997956 386.7427641118818
2020 9 26 41.20861979513216 3.490595245980173 375.1404811885253
2020 9 27 39.97236120127819 3.385877388600768 363.8862667528695
2020 9 28 38.77319036523984 3.284301066942745 352.96967875028344
2020 9 29 37.609994654282644 3.1857720349344625 342.38058838777494
2020 9 30 36.48169481465416 3.0901988738864286 332.10917073614166
2020 10 1 35.387243970214534 2.9974929076698356 322.1458956140574
2020 10 2 34.325626651108095 2.9075681204397403 312.48151874563564
2020 10 3 33.29585785157485 2.820341076826548 303.10707318326655
2020 10 4 32.29698211602761 2.735730844521752 294.01386098776857
2020 10 5 31.328072652546776 2.6536589191860993 285.1934451581355
2020 10 6 30.38823047297037 2.574049151610516 276.63764180339143
2020 10 7 29.476583558781257 2.4968276770622007 268.3385125492897
2020 10 8 28.59228605201782 2.4219228467503346 260.288357172811
2020 10 9 27.734517470457284 2.3492651613478244 252.47970645762666
2020 10 10 26.902481946343563 2.2787872065073898 244.90531526389785
2020 10 11 26.095407487953256 2.210423590312168 237.5581558059809
2020 10 12 25.312545263314657 2.144110882602803 230.43141113180147
2020 10 13 24.553168905415216 2.0797875561247188 223.51846879784742
2020 10 14 23.816573838252758 2.0173939294409773 216.81291473391198
2020 10 15 23.102076623105173 1.9568721115577479 210.30852729189462
2020 10 16 22.409014324412016 1.8981659482110154 203.99927147313778
2020 10 17 21.736743894679655 1.8412209697646849 197.87929332894365
2020 10 18 21.084641577839264 1.7859843406717442 191.94291452907532
2020 10 19 20.452102330504086 1.732404810451592 186.18462709320306
2020 10 20 19.838539260588963 1.680432666138044 180.59908828040696
2020 10 21 19.24338308277129 1.6300196861539027 175.18111563199474
2020 10 22 18.66608159028815 1.5811190955692855 169.9256821630349
2020 10 23 18.106099142579506 1.533685522702207 164.82791169814385
2020 10 24 17.56291616830212 1.4876749570211407 159.88307434719954
2020 10 25 17.036028683253058 1.4430447083105065 155.08658211678355
2020 10 26 16.524947822755465 1.3997533670611912 150.43398465328005
2020 10 27 16.0291993880728 1.3577607660493554 145.92096511368163
2020 10 28 15.548323406430617 1.3170279430678746 141.54333616027117
2020 10 29 15.081873704237697 1.2775171047758385 137.29703607546304
2020 10 30 14.629417493110566 1.2391915916325633 133.17812499319913
