2020 6 26 203.5886960515112 194.59920002787888 212.5781920751435
2020 6 27 204.1967464174176 186.55893556854284 222.63109329074257
2020 6 28 204.70861746867584 178.7613402466464 233.0525577992082
2020 6 29 205.2638749427285 171.32642726235485 244.00978879034432
2020 6 30 205.86989225132376 164.24185216374602 255.54073740233832
2020 7 1 206.4212425780815 157.40519322328726 267.5465160362403
2020 7 2 207.06605648665973 150.92325811779543 280.2355745432867
2020 7 3 207.57802216758722 144.6099520769088 293.3439252718405
2020 7 4 208.12683154635852 138.5855248655719 307.1157123617841
2020 7 5 208.71276384468138 132.83582721028847 321.5866896705102
2020 7 6 209.39335384619923 127.38387085693819 336.88283245893587
2020 7 7 210.23527114338967 122.25247103507442 353.1625112890681
2020 7 8 211.15288042775038 117.3698258669341 370.3503609547346
2020 7 9 212.1834284539741 112.74273985156022 388.5657791131929
2020 7 10 213.21900614984858 108.29806805411269 407.6771096121499
2020 7 11 214.25963806306703 104.02861913499007 427.7284172605974
2020 7 12 215.30534886112957 99.92748525971373 448.7659341637052
2020 7 13 216.356163331928 95.98803092226838 470.83816631973696
2020 7 14 217.41210638433336 92.20388220906126 493.9960054598587
2020 7 15 218.4732030487863 88.56891648612991 518.2928463887088
2020 7 16 219.53947847789058 85.07725249291235 543.78471009628
2020 7 17 212.95329412355386 82.52493491812498 527.4711687933916
2020 7 18 206.56469529984724 80.04918687058124 511.64703372958985
2020 7 19 200.36775444085183 77.6477112644638 496.29762271770215
2020 7 20 194.35672180762626 75.31827992652988 481.4086940361711
2020 7 21 188.52602015339747 73.05873152873399 466.96643321508594
2020 7 22 182.87023954879555 70.86696958287196 452.95744021863334
2020 7 23 177.38413236233168 68.74096049538579 439.36871701207434
2020 7 24 172.06260839146174 66.67873168052422 426.1876555017121
2020 7 25 166.9007301397179 64.6783697301085 413.4020258366607
2020 7 26 161.89370823552636 62.73801863820524 400.9999650615609
2020 7 27 157.03689698846057 60.85587807905908 388.96996610971405
2020 7 28 152.32579007880676 59.03020173668731 377.30086712642265
2020 7 29 147.75601637644255 57.25929568458669 365.98184111263
2020 7 30 143.32333588514928 55.54151681404909 355.00238587925105
2020 7 31 139.0236358085948 53.875271309627614 344.35231430287354
2020 8 1 134.85292673433696 52.25901317033878 334.0217448737873
2020 8 2 130.80733893230686 50.691242775228616 324.0010925275737
2020 8 3 126.88311876433765 49.17050549197176 314.28105975174645
2020 8 4 123.07662520140752 47.69539032721261 304.8526279591941
2020 8 5 119.38432644536529 46.26452861739623 295.7070491204183
2020 8 6 115.80279665200433 44.876592758874345 286.8358376468057
2020 8 7 112.3287127524442 43.53029497610812 278.23076251740156
2020 8 8 108.95885136987087 42.224386126824875 269.8838396418795
2020 8 9 105.69008582877474 40.957654543020126 261.7873244526231
2020 8 10 102.5193832539115 39.728924906729524 253.9337047190444
2020 8 11 99.44380175629415 38.537057159527635 246.31569357747307
2020 8 12 96.46048770360532 37.380945444741805 238.92622277014888
2020 8 13 93.56667307249717 36.25951708139955 231.7584360870444
2020 8 14 90.75967288032226 35.17173156895756 224.80568300443306
2020 8 15 88.03688269391259 34.11657962188883 218.06151251430006
2020 8 16 85.3957762130952 33.09308223323217 211.51966713887106
2020 8 17 82.83390292670235 32.1002897662352 205.17407712470492
2020 8 18 80.34888583890128 31.137281073248143 199.01885481096377
2020 8 19 77.93841926373425 30.2031626410507 193.04828916663485
2020 8 20 75.60026668582222 29.29706776181918 187.25684049163578
2020 8 21 73.33225868524755 28.418155728964603 181.63913527688672
2020 8 22 71.13229092469012 27.565611057095666 176.18996121858012
2020 8 23 68.99832219694942 26.738642725382796 170.90426238202272
2020 8 24 66.92837253104094 25.936483443621313 165.77713451056204
2020 8 25 64.9205213551097 25.158388940312673 160.80382047524517
2020 8 26 62.97290571445641 24.403637272103293 155.97970586098782
2020 8 27 61.08371854302271 23.671528153940194 151.30031468515818
2020 8 28 59.25120698673203 22.961382309321987 146.76130524460345
2020 8 29 57.47367077713007 22.27254084004233 142.35846608726533
2020 8 30 55.749460653816165 21.604364614841057 138.08771210464735
2020 8 31 54.07697683420168 20.956233676395826 133.94508074150792
2020 9 1 52.45466752917563 20.32754666610395 129.92672831926268
2020 9 2 50.88102750330036 19.71772026612083 126.02892646968479
2020 9 3 49.35459667820135 19.126188658137202 122.24805867559424
2020 9 4 47.87395877785531 18.552402998393084 118.5806169153264
2020 9 5 46.43774001451965 17.99583090844129 115.0231984078666
2020 9 6 45.04460781408406 17.45595598118805 111.5725024556306
2020 9 7 43.69326957966154 16.93227730175241 108.22532738196168
2020 9 8 42.38247149227169 16.424308982699838 104.97856756050282
2020 9 9 41.11099734750354 15.931579713218841 101.82921053368774
2020 9 10 39.877667427078435 15.453632321822276 98.77433421767711
2020 9 11 38.68133740426608 14.990023352167608 95.8111041911468
2020 9 12 37.5208972821381 14.54032265160258 92.93677106541239
2020 9 13 36.39527036367396 14.104112972054502 90.14866793345001
2020 9 14 35.30341225276374 13.680989582892867 87.44420789544651
2020 9 15 34.244309885180826 13.27055989540608 84.82088165858312
2020 9 16 33.2169805886254 12.872443098543897 82.27625520882562
2020 9 17 32.22047117096663 12.48626980558758 79.80796755256084
2020 9 18 31.253857035837633 12.111681711419953 77.41372852598401
2020 9 19 30.316241324762505 11.748331260077354 75.09131667020449
2020 9 20 29.406754085019628 11.395881322275033 72.83857717009836
2020 9 21 28.524551462469038 11.054004882606781 70.6534198549954
2020 9 22 27.668814918594965 10.722384736128578 68.53381725934554
2020 9 23 26.838750471037116 10.400713194044721 66.47780274156517
2020 9 24 26.033587956906 10.08869179822338 64.48346865931822
2020 9 25 25.25258031819882 9.786031044276678 62.54896459953867
2020 9 26 24.495002908652854 9.492450112948378 60.67249566155251
2020 9 27 23.760152821393266 9.207676609559925 58.852320791705935
2020 9 28 23.047348236751468 8.931446311273127 57.08675116795476
2020 9 29 22.355927789648923 8.663502921934933 55.37414863291612
2020 9 30 21.685249955959456 8.403597834276885 53.712924173928634
2020 10 1 21.034692457280673 8.15148989924858 52.101536448710775
2020 10 2 20.403651683562252 7.906945202271122 50.53849035524945
2020 10 3 19.791542133055383 7.669736846202988 49.02233564459197
2020 10 4 19.19779586906372 7.439644740816898 47.55166557525421
2020 10 5 18.62186199299181 7.216455398592391 46.125115607996584
2020 10 6 18.063206133202055 6.999961736634619 44.74136213975669
2020 10 7 17.521309949205992 6.78996288453558 43.399121275563985
2020 10 8 16.995670650729814 6.586263997999512 42.09714763729706
2020 10 9 16.485800531207918 6.388676078059526 40.83423320817815
2020 10 10 15.99122651527168 6.19701579571774 39.6092062119328
2020 10 11 15.51148971981353 6.011105321846208 38.42093002557482
2020 10 12 15.046145028219124 5.830772162190821 37.268302124807576
2020 10 13 14.59476067737255 5.655848997325096 36.150253061063346
2020 10 14 14.156917857051374 5.486173527405343 35.065745469231445
2020 10 15 13.732210321339831 5.3215883215831825 34.0137731051545
2020 10 16 13.320244011699636 5.161940671935687 32.99335991199986
2020 10 17 12.920636691348646 5.007082451777617 32.00355911463986
2020 10 18 12.533017590608186 4.856869978224288 31.043452341200666
2020 10 19 12.15702706288994 4.711163878877559 30.112148770964644
2020 10 20 11.79231625100324 4.569828962511232 29.208784307835703
2020 10 21 11.438546763473143 4.4327340936358945 28.33252077860063
2020 10 22 11.095390360568949 4.299752070826818 27.48254515524261
2020 10 23 10.76252864975188 4.170759508702013 26.658068800585333
2020 10 24 10.439652790259323 4.0456367234409525 25.858326736567772
2020 10 25 10.126463206551543 3.924267621737724 25.082576934470737
2020 10 26 9.822669310354996 3.806539593085592 24.330099626436613
2020 10 27 9.527989231044346 3.692343405293024 23.600196637643513
2020 10 28 9.242149554113016 3.5815731031342333 22.89219073851421
2020 10 29 8.964885067489625 3.474125910040206 22.20542501635878
2020 10 30 8.695938515464936 3.369902132739 21.539262265868018
