2020 6 26 726.3364211675673 686.9645528051284 765.7082895300064
2020 6 27 739.6799899252721 661.63115871762 822.0792828780721
2020 6 28 753.0876969466028 637.0700927344886 882.3991155121057
2020 6 29 767.6137575918433 614.1612547851075 948.1705191558552
2020 6 30 781.9034672202457 591.6629325574792 1018.206288547163
2020 7 1 795.2633833331187 569.0839202060603 1091.8579896252413
2020 7 2 810.06781161953 548.2368978457231 1172.5071058174742
2020 7 3 824.2062863329469 527.5163353398143 1257.7504813485068
2020 7 4 839.0957274445452 507.90160826588914 1349.9606219304972
2020 7 5 854.8701208447504 489.38906429791786 1449.9220068979284
2020 7 6 872.0392766850167 472.1799827306098 1559.14794859828
2020 7 7 892.6028853181238 457.22731996244886 1682.054662462308
2020 7 8 916.1868622024119 444.0469310553344 1819.4279505390318
2020 7 9 941.7474991603731 431.90250565999554 1970.7084484163618
2020 7 10 968.0212506462223 420.09022323844647 2134.567509259723
2020 7 11 995.0280117952302 408.60099987346206 2312.051006453395
2020 7 12 1022.788232795737 397.4260000876719 2504.291774916047
2020 7 13 1051.3229343745409 386.55663004887475 2712.5168417163904
2020 7 14 1080.6537237143134 375.98453096118357 2938.0552578949073
2020 7 15 1110.802810815093 365.701572636919 3182.3465814803058
2020 7 16 1141.7930253122472 355.69984724430793 3446.950065845779
2020 7 17 1107.5392345528799 345.02885182697867 3343.5415638704058
2020 7 18 1074.3130575162934 334.6779862721693 3243.2353169542935
2020 7 19 1042.0836657908046 324.6376466840042 3145.9382574456645
2020 7 20 1010.8211558170805 314.89851728348407 3051.5601097222943
2020 7 21 980.496521142568 305.45156176497954 2960.0133064306256
2020 7 22 951.0816255082909 296.2880149120302 2871.2129072377065
2020 7 23 922.5491767430422 287.3993744646693 2785.076520020575
2020 7 24 894.8727014407509 278.7773932307292 2701.5242244199576
2020 7 25 868.0265203975283 270.41407143380735 2620.478497687359
2020 7 26 841.9857247856024 262.30164929079314 2541.864142756738
2020 7 27 816.7261530420343 254.43259981206933 2465.6082184740358
2020 7 28 792.2243684507732 246.79962181770725 2391.639971919815
2020 7 29 768.45763739725 239.39563316317603 2319.8907727622204
2020 7 30 745.4039082753325 232.21376416828073 2250.2940495793537
2020 7 31 723.0417910270725 225.24735124323232 2182.785228091973
2020 8 1 701.3505372962603 218.48993070593534 2117.3016712492135
2020 8 2 680.3100211773725 211.93523278475726 2053.782621111737
2020 8 3 659.9007205420513 205.57717580121454 1992.169142478385
2020 8 4 640.1036989257898 199.4098605271781 1932.4040682040334
2020 8 5 620.9005879580161 193.42756471136275 1874.4319461579123
2020 8 6 602.2735703192756 187.62473777002185 1818.1989877731748
2020 8 7 584.2053632096972 181.99599563692118 1763.6530181399796
2020 8 8 566.6792023134063 176.53611576781353 1710.74342759578
2020 8 9 549.6788262440041 171.24003229477913 1659.4211247679066
2020 8 10 533.188461456684 166.10283132593574 1609.6384910248694
2020 8 11 517.1928076129834 161.11974638615766 1561.3493362941233
2020 8 12 501.6770233845939 156.2861539945729 1514.5088562052995
2020 8 13 486.62671268305604 151.5975693747357 1469.0735905191405
2020 8 14 472.02791130256435 147.04964229349363 1425.0013828035662
2020 8 15 457.8670739634874 142.63815302468882 1382.2513413194592
2020 8 16 444.1310617445828 138.35900843394816 1340.7838010798755
2020 8 17 430.80712989224526 134.20823818092973 1300.5602870474793
2020 8 18 417.8829159954779 130.18199103550182 1261.5434784360548
2020 8 19 405.3464285156136 126.27653130443676 1223.697174082973
2020 8 20 393.18603566014514 122.48823536530365 1186.986258860484
2020 8 21 381.39045459034077 118.81358830434453 1151.3766710946695
2020 8 22 369.94874095263054 115.24918065521419 1116.8353709618293
2020 8 23 358.85027872405163 111.79170523555776 1083.3303098329743
2020 8 24 348.08477036233006 108.43795407849102 1050.830400537985
2020 8 25 337.64222725146016 105.18481545613628 1019.3054885218455
2020 8 26 327.51296043391636 102.02927099245218 988.7263238661901
2020 8 27 317.68757162089884 98.96839286267861 959.0645341502044
2020 8 28 308.15694447227185 95.99934107679825 930.2925981256982
2020 8 29 298.9122361381037 93.1193608444943 902.3838201819273
2020 8 30 289.9448690539606 90.32578001915947 875.3123055764694
2020 8 31 281.2465229823418 87.61600661858468 849.0529364091752
2020 9 1 272.80912729287155 84.98752642002714 823.5813483169
2020 9 2 264.6248534740854 82.43790062742632 798.873907867393
2020 9 3 256.68610786986284 79.96476360860352 774.9076906313711
2020 9 4 248.98552463376694 77.56582070034541 751.6604599124299
2020 9 5 241.51595889475394 75.23884607933505 729.110646115057
2020 9 6 234.2704801279113 72.981680696955 707.2373267316052
2020 9 7 227.24236572407395 70.79223027604634 686.020206929657
2020 9 8 220.42509475235173 68.66846336776494 665.4396007217673
2020 9 9 213.81234190978117 66.608409466732 645.4764127001142
2020 9 10 207.39797165248774 64.61015718273003 626.1121203191108
2020 9 11 201.1760325029131 62.67185246724813 607.3287567095374
2020 9 12 195.1407515278257 60.791696893230686 589.1088940082512
2020 9 13 189.28652898199093 58.96794598643376 571.4356271880037
2020 9 14 183.60793311253119 57.19890760684075 554.2925583723635
2020 9 15 178.09969511915526 55.482940378635526 537.6637816211926
2020 9 16 172.7567042655806 53.81845216727646 521.5338681725568
2020 9 17 167.57400313761318 52.203898602258164 505.8878521273801
2020 9 18 162.54678304348477 50.63778164419042 490.71121656355865
2020 9 19 157.6703795521802 49.118648194864704 475.9898800666519
2020 9 20 152.9402681656148 47.64508874901876 461.71018366465233
2020 9 21 148.35206012064637 46.2157360865482 447.8588781547127
2020 9 22 143.90149831702698 44.82926400395175 434.42311181007136
2020 9 23 139.58445336751618 43.48438608383319 421.39041845576924
2020 9 24 135.3969197664907 42.1798545013182 408.74870590209616
2020 9 25 131.33501217349598 40.91445886627865 396.48624472503326
2020 9 26 127.3949618082911 39.68702510029029 384.59165738328227
2020 9 27 123.57311295404236 38.49641434728158 373.0539076617838
2020 9 28 119.86591956542108 37.34152191686313 361.86229043193026
2020 9 29 116.26994197845845 36.22127625935723 351.0064217189723
2020 9 30 112.78184371910469 35.13463797157652 340.47622906740315
2020 10 1 109.39838840753154 34.08059883242922 330.26194219538104
2020 10 2 106.11643675530559 33.05818086745634 320.3540839295196
2020 10 3 102.93294365264641 32.06643544143265 310.74346141163403
2020 10 4 99.84495534306701 31.10444237818967 301.421157569285
2020 10 5 96.849606682775 30.171309106843978 292.37852284220645
2020 10 6 93.94411848229176 29.266169833638656 283.60716715694025
2020 10 7 91.125794927823 28.388184738629494 275.098952142232
2020 10 8 88.3920210799883 27.53653919647061 266.84598357796506
2020 10 9 85.74026044758864 26.71044302057649 258.8406040706261
2020 10 10 83.16805263416097 25.909129729959197 251.07538594850732
2020 10 11 80.67301105513614 25.13185583806042 243.54312437005208
2020 10 12 78.25282072348206 24.377900162918607 236.23683063895052
2020 10 13 75.90523610177759 23.646563158031046 229.149725719782
2020 10 14 73.62807901872426 22.937166263290113 222.27523394818854
2020 10 15 71.41923664816254 22.24905127539141 215.60697692974287
2020 10 16 69.27665954871766 21.581579737129665 209.13876762185058
2020 10 17 67.19835976225613 20.934132345015776 202.86460459319505
2020 10 18 65.18240896938845 20.306108374665303 196.7786664553992
2020 10 19 63.226936700306794 19.696925123425345 190.8753064617372
2020 10 20 61.33012859929759 19.106017369722583 185.1490472678851
2020 10 21 59.490224741318656 18.532836848630904 179.59457584984852
2020 10 22 57.70551799907909 17.976851743171977 174.20673857435307
2020 10 23 55.97435245910672 17.437546190876816 168.98053641712247
2020 10 24 54.295121885333515 16.914419805150512 163.9111203246088
2020 10 25 52.66626822877351 16.406987210995997 158.9937867148705
2020 10 26 51.086280181910304 15.914777594666116 154.2239731134244
2020 10 27 49.55369177645299 15.437334266826133 149.59725392002164
2020 10 28 48.0670810231594 14.974214238821348 145.10933630242099
2020 10 29 46.62506859246462 14.524987811656707 140.75605621334836
2020 10 30 45.22631653469068 14.089238177307006 136.5333745269479
