2020 6 26 186.12779384612273 168.7958524096705 203.45973528257502
2020 6 27 174.56827224268372 143.5661702006761 208.59872615153378
2020 6 28 164.50004424256616 122.74357178582025 214.79166827095406
2020 6 29 155.0125014595276 104.94104839379395 221.16846833045892
2020 6 30 146.01395383136943 89.68117353067585 227.65154764520952
2020 7 1 137.62548895082716 76.6941676971322 234.46141839790104
2020 7 2 129.38824406594614 65.40356443541062 240.91161802905248
2020 7 3 121.9063435518221 55.90771805100782 248.02769521152064
2020 7 4 114.87539316334538 47.798955661930435 255.39121649852183
2020 7 5 108.01705278168318 40.76936632353211 262.4555640768489
2020 7 6 101.20317955768542 34.63582806998521 268.8284735644565
2020 7 7 94.44930313066872 29.298477031999287 274.37373469409
2020 7 8 88.02038470924953 24.7445936962736 279.6680283471768
2020 7 9 81.93422109695783 20.87186058102721 284.7631284888317
2020 7 10 76.26888486048298 17.605242157580534 289.95105313247524
2020 7 11 70.99527791907684 14.849876474778414 295.2334933907314
2020 7 12 66.08631417683797 12.525748259658304 300.61217118556687
2020 7 13 61.516780404154034 10.5653652897927 306.0888398095877
2020 7 14 57.2632067384875 8.91179843253544 311.66528449756174
2020 7 15 53.30374613937589 7.517028434300296 317.34332300835337
2020 7 16 49.618062178507984 6.340551450960396 323.1248062174597
2020 7 17 48.129520313152746 6.150334907431584 313.4310620309359
2020 7 18 46.68563470375816 5.965824860208636 304.0281301700078
2020 7 19 45.285065662645415 5.786850114402377 294.90728626490755
2020 7 20 43.92651369276605 5.613244610970305 286.06006767696033
2020 7 21 42.608718281983066 5.444847272641196 277.4782656466515
2020 7 22 41.330456733523576 5.28150185446196 269.15391767725197
2020 7 23 40.09054303151787 5.1230567988281015 261.07930014693443
2020 7 24 38.88782674057233 4.969365094863258 253.2469211425264
2020 7 25 37.72119193835516 4.8202841420173606 245.64951350825058
2020 7 26 36.589556180204504 4.6756756177568395 238.28002810300305
2020 7 27 35.491869494798365 4.535405349224134 231.13162725991296
2020 7 28 34.427113409954416 4.39934318874741 224.19767844211557
2020 7 29 33.39430000765578 4.267362893084988 217.4717480888521
2020 7 30 32.3924710074261 4.139342006292438 210.94759564618653
2020 7 31 31.42069687720332 4.015161746103664 204.61916777680094
2020 8 1 30.478075970887218 3.8947068937205542 198.4805927434969
2020 8 2 29.5637336917606 3.7778656869089375 192.526174961192
2020 8 3 28.67682168100778 3.6645297163016695 186.75038971235622
2020 8 4 27.816517030577547 3.554593824812619 181.14787802098553
2020 8 5 26.98202151966022 3.4479560100682405 175.71344168035597
2020 8 6 26.17256087407041 3.344517329766193 170.44203842994528
2020 8 7 25.387384047848297 3.2441818098732074 165.32877727704692
2020 8 8 24.625762526412846 3.146856355577011 160.3689139587355
2020 8 9 23.88698965062046 3.0524506649097005 155.55784653997344
2020 8 10 23.170379961101847 2.9608771449624096 150.89111114377422
2020 8 11 22.47526856226879 2.8720508306135373 146.364377809461
2020 8 12 21.801010505400725 2.785889305695131 141.97344647517716
2020 8 13 21.146980190238704 2.702312626524277 137.71424308092185
2020 8 14 20.512570784531544 2.6212432477285486 133.5828157884942
2020 8 15 19.897193660995597 2.542605950296692 129.57533131483936
2020 8 16 19.300277851165728 2.466327771787791 125.68807137539417
2020 8 17 18.721269515630755 2.3923379386341574 121.91742923413234
2020 8 18 18.15963143016183 2.3205678004751324 118.25990635710836
2020 8 19 17.614842487256976 2.2509507664608783 114.71210916639511
2020 8 20 17.086397212639266 2.183422243467052 111.27074589140325
2020 8 21 16.573805296260087 2.1179195761630405 107.93262351466115
2020 8 22 16.076591137372283 2.0543819888781494 104.6946448092213
2020 8 23 15.594293403251115 1.9927505292118048 101.55380546494466
2020 8 24 15.12646460115358 1.9329680133354505 98.50719130099631
2020 8 25 14.672670663118973 1.874978972935387 95.55197556196642
2020 8 26 14.232490543225403 1.8187296037473253 92.68541629510742
2020 8 27 13.80551582692864 1.7641677156349054 89.9048538062542
2020 8 28 13.391350352120782 1.7112426841658581 87.20770819206656
2020 8 29 12.989609841557158 1.6599054036408822 84.59147694630457
2020 8 30 12.599921546310442 1.6101082415316557 82.05373263791543
2020 8 31 12.221923899921128 1.561804994285706 79.59212065877797
2020 9 1 11.855266182923494 1.5149508444571347 77.20435703901462
2020 9 2 11.499608197435789 1.4695023191234207 74.88822632784418
2020 9 3 11.154619951512714 1.425417249549718 72.64157953800886
2020 9 4 10.819981352967332 1.3826547320632263 70.4623321518686
2020 9 5 10.495381912378312 1.3411750901013295 68.34846218731253
2020 9 6 10.180520455006961 1.3009398373982897 66.29800832169316
2020 9 7 9.875104841356752 1.261911642276341 64.30906807204236
2020 9 8 9.578851696116049 1.2240542930080507 62.37979602988109
2020 9 9 9.291486145232566 1.187332664217809 60.50840214898466
2020 9 10 9.01274156087559 1.1517126842912748 58.69315008451512
2020 9 11 8.742359314049322 1.1171613037625365 56.932355581979664
2020 9 12 8.480088534627843 1.0836464646496604 55.22438491452027
2020 9 13 8.225685878589006 1.0511370707101706 53.56765336708466
2020 9 14 7.978915302231336 1.0196029585888655 51.96062376607212
2020 9 15 7.739547843164395 0.9890148698311996 50.40180505308995
2020 9 16 7.507361407869463 0.9593444237362636 48.88975090149725
2020 9 17 7.282140565633379 0.9305640910241757 47.42305837445233
2020 9 18 7.063676348664377 0.9026471682934504 46.00036662321876
2020 9 19 6.851766058204446 0.8755677532446469 44.6203556245222
2020 9 20 6.646213076458313 0.8493007206473074 43.28174495578653
2020 9 21 6.446826684164563 0.8238216990278882 41.98329260711293
2020 9 22 6.253421883639626 0.7991070480570515 40.72379382889954
2020 9 23 6.0658192271304365 0.7751338366153399 39.50208001403255
2020 9 24 5.883844650316523 0.7518798215168796 38.317017613611576
2020 9 25 5.707329310807027 0.7293234268713732 37.167507085203226
2020 9 26 5.536109431482816 0.7074437240652319 36.05248187264713
2020 9 27 5.370026148538332 0.6862204123432749 34.97090741646771
2020 9 28 5.208925364082182 0.6656337999729767 33.92178019397368
2020 9 29 5.052657603159717 0.6456647859737874 32.90412678815447
2020 9 30 4.901077875064925 0.6262948423945738 31.917002984509836
2020 10 1 4.754045538812978 0.6075059971227366 30.959492894974538
2020 10 2 4.611424172648588 0.5892808172090545 30.0307081081253
2020 10 3 4.473081447469131 0.5716023926927828 29.129786864881538
2020 10 4 4.338889004045057 0.5544543209119993 28.255893258935092
2020 10 5 4.2087223339237045 0.5378206912846393 27.40821646116704
2020 10 6 4.0824606639059935 0.5216860705461001 26.585969967332026
2020 10 7 3.9599868439888137 0.506035488429717 25.788390868312064
2020 10 8 3.841187238669149 0.4908544237768255 25.0147391422627
2020 10 9 3.7259516215090747 0.4761287910635207 24.26429696799482
2020 10 10 3.614173072863802 0.46184492733161503 23.536368058954974
2020 10 11 3.505747880677888 0.44798957951166657 22.830277017186322
2020 10 12 3.400575444257551 0.43454989212631656 22.14536870667073
2020 10 13 3.2985581809298243 0.4215133953625271 21.48100764547061
2020 10 14 3.1996014355019295 0.40886799350165126 20.83657741610649
2020 10 15 3.1036133924368716 0.39660195369660173 20.211480093623294
2020 10 16 3.0105049906637653 0.3847038950857037 19.605135690814596
2020 10 17 2.9201898409438525 0.37316277823313254 19.016981620090156
2020 10 18 2.8325841457155367 0.36196789488613856 18.44647217148745
2020 10 19 2.7476066213440706 0.3511088580395544 17.893078006342826
2020 10 20 2.6651784227037485 0.34057559229836776 17.35628566615254
2020 10 21 2.585223070022636 0.3303583245294167 16.835597096167962
2020 10 22 2.5076663779219572 0.3204475747935342 16.330529183282923
2020 10 23 2.4324363865842984 0.31083414754972816 15.840613307784436
2020 10 24 2.3594632949867695 0.3015091231232363 15.365394908550902
2020 10 25 2.2886793961371663 0.2924638494295392 14.904433061294375
2020 10 26 2.2200190142530514 0.283689933946653 14.457300069455544
2020 10 27 2.1534184438254598 0.2751792359282534 14.023581067371877
2020 10 28 2.0888158905106957 0.26692385885040576 13.60287363535072
2020 10 29 2.026151413795375 0.2589161430848936 13.194787426290198
2020 10 30 1.9653668713815136 0.25114865879234677 12.79894380350149
