2020 6 26 319.24427155660976 298.30559777153894 340.1829453416806
2020 6 27 306.12185785393643 267.2767272638466 347.60159455512706
2020 6 28 294.44247836710866 240.26436387491833 356.208114982577
2020 6 29 282.33953288923345 215.27277172921038 363.9762382475
2020 6 30 269.9700883576324 192.298222230924 370.9288796038999
2020 7 1 258.22556885482595 171.83471466873547 378.1283866214999
2020 7 2 246.24559485030565 153.05216894458349 384.374687094454
2020 7 3 235.33629596459957 136.64268772797874 391.52787157229403
2020 7 4 224.78005202871003 121.91691900632703 398.59747263476737
2020 7 5 214.1029073575202 108.45572450924892 404.74066871988686
2020 7 6 203.24825254462309 96.13398870266273 409.6842252425861
2020 7 7 192.43560295318133 84.9717111886441 413.66357600489056
2020 7 8 181.77292829628362 74.91773140965078 416.767453563881
2020 7 9 171.25503331691507 65.86952262096948 418.8719690642232
2020 7 10 161.34573344482624 57.914113637395765 420.9871115591959
2020 7 11 152.0098136483657 50.91952127397739 423.1129347110386
2020 7 12 143.2140965370648 44.7697026497672 425.2494924529645
2020 7 13 134.9273244579642 39.362629993398826 427.39683899052886
2020 7 14 127.12004841418013 34.6085979645272 429.5550288030041
2020 7 15 119.76452341095595 30.4287354089689 431.72411664476215
2020 7 16 112.83460985728671 26.753696857008375 433.90415754666327
2020 7 17 109.4495715615681 25.951085951298122 420.88703282026336
2020 7 18 106.16608441472106 25.17255337275918 408.26042183565545
2020 7 19 102.98110188227942 24.417376771576404 396.0126091805858
2020 7 20 99.89166882581104 23.68485546842911 384.1322309051682
2020 7 21 96.8949187610367 22.974309804376237 372.60826397801316
2020 7 22 93.9880711982056 22.28508051024495 361.4300160586728
2020 7 23 91.16842906225943 21.6165280949376 350.5871155769126
2020 7 24 88.43337619039166 20.968032252089472 340.0695021096052
2020 7 25 85.7803749046799 20.338991284526788 329.86741704631703
2020 7 26 83.2069636575395 19.728821545990982 319.9713945349275
2020 7 27 80.71075474781331 19.136956899611253 310.3722526988797
2020 7 28 78.2894321053789 18.562848192622916 301.0610851179133
2020 7 29 75.94074914221754 18.00596274684423 292.0292525643759
2020 7 30 73.66252666795101 17.4657838644389 283.2683749874446
2020 7 31 71.45265086791248 16.941810348505733 274.77032373782123
2020 8 1 69.30907134187511 16.43355603805056 266.5272140256866
2020 8 2 67.22979920161886 15.940549356909044 258.531397604916
2020 8 3 65.2129052255703 15.462332876201772 250.7754556767685
2020 8 4 63.25651806880319 14.998462889915718 243.25219200646544
2020 8 5 61.35882252673909 14.548509003218246 235.95462624627146
2020 8 6 59.51805785093691 14.112053733121698 228.87598745888332
2020 8 7 57.73251611540881 13.688692121128046 222.0097078351168
2020 8 8 56.00054063194654 13.278031357494203 215.3494166000633
2020 8 9 54.32052441298814 12.879690416769376 208.8889341020614
2020 8 10 52.6909086805985 12.493299704266295 202.62226607899956
2020 8 11 51.11018142018054 12.118500713138307 196.54359809662958
2020 8 12 49.57687597757512 11.754945691744156 190.6472901537307
2020 8 13 48.089569698247864 11.402297320991831 184.92787144911875
2020 8 14 46.64688260730043 11.060228401362076 179.38003530564518
2020 8 15 45.24747612908141 10.728421549321213 173.99863424647583
2020 8 16 43.89005184520897 10.406568902841578 168.77867521908155
2020 8 17 42.573350289852705 10.09437183575633 163.7153149625091
2020 8 18 41.29614978115712 9.79154068068364 158.8038555136338
2020 8 19 40.0572652877224 9.497794460263131 154.0397398482248
2020 8 20 38.855547329090726 9.212860626455237 149.41854765277805
2020 8 21 37.689880909218004 8.936474807661579 144.9359912231947
2020 8 22 36.559184481941465 8.66838056343173 140.58791148649885
2020 8 23 35.46240894748322 8.408329146528779 136.37027414190388
2020 8 24 34.39853667905872 8.156079272132915 132.27916591764676
2020 8 25 33.36658057868696 7.911396893968928 128.31079094011736
2020 8 26 32.36558316132635 7.6740549871498605 124.46146721191383
2020 8 27 31.39461566648656 7.443833337535365 120.7276231955564
2020 8 28 30.45277719649196 7.220518337409303 117.10579449968971
2020 8 29 29.539193880597203 7.003902787287024 113.59262066469901
2020 8 30 28.653018064179285 6.793785703668413 110.18484204475804
2020 8 31 27.793427522253907 6.58997213255836 106.8792967834153
2020 9 1 26.95962469658629 6.392272968581609 103.67291787991283
2020 9 2 26.1508359556887 6.20050477952416 100.56273034351544
2020 9 3 25.366310877018037 6.0144896361384355 97.54584843320997
2020 9 4 24.605321550707494 5.834054947054282 94.61947298021367
2020 9 5 23.86716190418627 5.659033298642654 91.78088879080725
2020 9 6 23.15114704706068 5.489262299683374 89.02746212708303
2020 9 7 22.45661263564886 5.324584430692873 86.35663826327054
2020 9 8 21.782914256579392 5.164846897772087 83.76593911537242
2020 9 9 21.12942682888201 5.009901490838924 81.25296094191124
2020 9 10 20.49554402401555 4.859604446113757 78.81537211365391
2020 9 11 19.880677703295085 4.713816312730343 76.45091095024429
2020 9 12 19.284257372196233 4.572401823348433 74.15738362173695
2020 9 13 18.705729651030346 4.4352297686479805 71.93266211308485
2020 9 14 18.144557761499435 4.302172875588541 69.7746822496923
2020 9 15 17.600221028654452 4.173107689320885 67.68144178220153
2020 9 16 17.07221439779482 4.047914458641258 65.65099852873549
2020 9 17 16.560047965860974 3.92647702488202 63.68146857287342
2020 9 18 16.063246526885145 3.8086827141355597 61.771024515687216
2020 9 19 15.58134913107859 3.6944222327114926 59.917893780216595
2020 9 20 15.113908657146231 3.5835895657301475 58.12035696681009
2020 9 21 14.660491397431844 3.476081878758243 56.37674625780579
2020 9 22 14.220676655508889 3.3717994223954952 54.685443870071616
2020 9 23 13.794056355843622 3.2706454397236304 53.04488055396946
2020 9 24 13.380234665168313 3.172526076531921 51.45353413735038
2020 9 25 12.978827625213263 3.0773502942359636 49.90992811322987
2020 9 26 12.589462796456864 2.9850297854088845 48.41263026983297
2020 9 27 12.211778912563158 2.895478891846618 46.960251361737974
2020 9 28 11.845425545186263 2.8086145250912193 45.55144382088584
2020 9 29 11.490062778830675 2.7243560893384826 44.18490050625926
2020 9 30 11.145360895465753 2.642625406658328 42.85935349107148
2020 10 1 10.81100006860178 2.563346644458578 41.573572886339335
2020 10 2 10.486670066543727 2.486446245124821 40.326365699749154
2020 10 3 10.172069964547415 2.411852857771076 39.116574728756675
2020 10 4 9.866907865610992 2.339497272037944 37.943077486893976
2020 10 5 9.570900629642662 2.2693123538768054 36.80478516228715
2020 10 6 9.283773610753382 2.201232983260501 35.70064160741854
2020 10 7 9.00526040243078 2.135195993762686 34.629622359195984
2020 10 8 8.735102590357856 2.0711401139498054 33.5907336884201
2020 10 9 8.47304951264712 2.009005910531311 32.583011677767495
2020 10 10 8.218858027267707 1.9487357332153716 31.60552132743447
2020 10 11 7.972292286449676 1.8902736612189104 30.657355687611435
2020 10 12 7.7331235178561855 1.833565451382343 29.73763501698309
2020 10 13 7.5011298123204995 1.7785584878408727 28.8455059664736
2020 10 14 7.276095917950884 1.7252017332056464 27.98014078747939
2020 10 15 7.057813040412357 1.673445681209477 27.140736563855008
2020 10 16 6.8460786491999865 1.6232423107731926 26.326514466939358
2020 10 17 6.640696289723987 1.5745450414499969 25.536719032931178
2020 10 18 6.4414754010322675 1.527308690206497 24.770617461943242
2020 10 19 6.248231139001299 1.481489429500302 24.027498938084946
2020 10 20 6.0607842048312595 1.437044746615293 23.3066739699424
2020 10 21 5.8789606786863216 1.393933404216834 22.607473750844125
2020 10 22 5.702591858325731 1.352115402090329 21.9292495383188
2020 10 23 5.531514102575959 1.311551940027619 21.271372052169234
2020 10 24 5.36556867949868 1.2722053818267904 20.633230890604157
2020 10 25 5.20460161911372 1.2340392203719868 20.01423396388603
2020 10 26 5.048463570540308 1.197018043760827 19.41380694496945
2020 10 27 4.8970096634240985 1.1611075024480022 18.831392736620366
2020 10 28 4.750099373521375 1.1262742773745622 18.266450954521755
2020 10 29 4.607596392315734 1.0924860490533252 17.7184574258861
2020 10 30 4.469368500546262 1.0597114675817254 17.186903703109518
