2020 6 26 24.334020750870998 23.650432246138898 25.017609255603098
2020 6 27 23.622338620774293 22.313039490580998 24.968964360832157
2020 6 28 22.984715790840735 21.101568066701713 24.976694541670614
2020 6 29 22.338399931406347 19.932091011738233 24.95627815912454
2020 6 30 21.685082495340367 18.804964291820824 24.907752518144154
2020 7 1 21.07531151285702 17.76276808208059 24.88739249000172
2020 7 2 20.435182783222977 16.738294181949428 24.810952479742873
2020 7 3 19.837527567877643 15.791771380743935 24.76270941382027
2020 7 4 19.25735160682715 14.898772875590547 24.714560152978773
2020 7 5 18.672440488779184 14.039480906878609 24.638650986022228
2020 7 6 18.06320709373317 13.198103665508164 24.507439012156244
2020 7 7 17.42635081929262 12.372442745086676 24.31247889812358
2020 7 8 16.775287565335365 11.572405867964116 24.0679223437838
2020 7 9 16.12869739403112 10.810407306600172 23.797344756600722
2020 7 10 15.507029528708156 10.098583429234143 23.529809070153405
2020 7 11 14.909323358823674 9.433630425279059 23.26528108663492
2020 7 12 14.334655299807336 8.812462027409309 23.003726992698613
2020 7 13 13.782137365924488 8.232195187170872 22.745113355135906
2020 7 14 13.250915798147233 7.690136693797708 22.4894071166027
2020 7 15 12.74016974491313 7.183770674127778 22.236575591393795
2020 7 16 12.249109993733011 6.710746915601679 21.986586461264853
2020 7 17 11.88163669392102 6.509424508133629 21.326988867426905
2020 7 18 11.52518759310339 6.314141772889619 20.6871792014041
2020 7 19 11.179431965310288 6.124717519702931 20.066563825361975
2020 7 20 10.844049006350978 5.9409759941118425 19.464566910601114
2020 7 21 10.51872753616045 5.762746714288487 18.88062990328308
2020 7 22 10.203165710075636 5.589864312859832 18.314211006184586
2020 7 23 9.897070738773367 5.422168383474037 17.764784675999046
2020 7 24 9.600158616610166 5.259503331969816 17.231841135719073
2020 7 25 9.312153858111861 5.101718232010721 16.7148859016475
2020 7 26 9.032789242368505 4.948666685050399 16.213439324598074
2020 7 27 8.76180556509745 4.800206684498887 15.727036144860131
2020 7 28 8.498951398144527 4.656200483963921 15.255225060514327
2020 7 29 8.24398285620019 4.516514469445003 14.797568308698898
2020 7 30 7.9966633705141845 4.3810190353616525 14.35364125943793
2020 7 31 7.756763469398758 4.249588464300802 13.923032021654793
2020 8 1 7.524060565316796 4.122100810371778 13.505341061005149
2020 8 2 7.298338748357292 3.9984377860606246 13.100180829174993
2020 8 3 7.079388585906573 3.878484652478806 12.707175404299743
2020 8 4 6.867006928329375 3.7621301129044418 12.32596014217075
2020 8 5 6.660996720479494 3.6492662095173083 11.956181337905628
2020 8 6 6.461166818865109 3.5397882232317888 11.597495897768459
2020 8 7 6.267331814299155 3.433594576534835 11.249571020835404
2020 8 8 6.07931185987018 3.3305867392387896 10.912083890210342
2020 8 9 5.8969325040740745 3.230669137061626 10.584721373504031
2020 8 10 5.7200245289518525 3.133749062949777 10.26717973229891
2020 8 11 5.5484237930832965 3.0397365910612835 9.959164340329943
2020 8 12 5.381971079290797 2.948544493329445 9.660389410120045
2020 8 13 5.220511946912073 2.8600881585295617 9.370577727816443
2020 8 14 5.063896588504711 2.7742855137736746 9.089460395981948
2020 8 15 4.91197969084957 2.6910569483604645 8.81677658410249
2020 8 16 4.764620300124083 2.6103252399096504 8.552273286579416
2020 8 17 4.62168169112036 2.5320154827123607 8.295705087982032
2020 8 18 4.483031240386749 2.4560550182309897 8.04683393534257
2020 8 19 4.348540303175146 2.38237336768406 7.805428917282294
2020 8 20 4.218084094079892 2.310902166653538 7.571266049763825
2020 8 21 4.091541571257495 2.241575101653932 7.344128068270909
2020 8 22 3.96879532411977 2.174327848604314 7.123804226222782
2020 8 23 3.849731464396177 2.1090980131461845 6.910090099436098
2020 8 24 3.7342395204642913 2.045825072751799 6.702787396453015
2020 8 25 3.6222123348503623 1.984450320569245 6.501703774559425
2020 8 26 3.5135459648048513 1.9249168109521675 6.306652661322642
2020 8 27 3.4081395858607055 1.8671693066236024 6.117453081482962
2020 8 28 3.305895398284884 1.8111542274248942 5.933929489038473
2020 8 29 3.2067185363363375 1.7568196006021473 5.755911604367318
2020 8 30 3.1105169802462473 1.7041150125840827 5.583234256236299
2020 8 31 3.01720147083886 1.6529915622065603 5.41573722854921
2020 9 1 2.926685426713694 1.6034018153403635 5.253265111692733
2020 9 2 2.8388848639122832 1.5552997608801526 5.095667158341951
2020 9 3 2.7537183179949145 1.5086407680537481 4.942797143591692
2020 9 4 2.671106768455067 1.4633815450121357 4.794513229283941
2020 9 5 2.590973565401415 1.4194800986617715 4.650677832405423
2020 9 6 2.5132443584393727 1.3768956957019183 4.51115749743326
2020 9 7 2.437847027686191 1.3355888248308607 4.375822772510262
2020 9 8 2.3647116168556055 1.2955211600859349 4.2445480893349545
2020 9 9 2.2937702683499372 1.2566555252833569 4.117211646654906
2020 9 10 2.224957160299439 1.2189558595248562 3.9936952972552584
2020 9 11 2.1582084454904558 1.1823871837391104 3.8738844383376008
2020 9 12 2.093462192125742 1.1469155682269372 3.7576679051874726
2020 9 13 2.0306583263619697 1.112508101180129 3.6449378680318483
2020 9 14 1.9697385765711106 1.079132858144725 3.5355897319908927
2020 9 15 1.9106464192739772 1.0467588724003833 3.429522040031166
2020 9 16 1.8533270266957578 1.0153561062283718 3.326636378830231
2020 9 17 1.797727215894885 0.9848954230415207 3.2268372874653237
2020 9 18 1.7437953994180384 0.955348560350275 3.130032168841364
2020 9 19 1.6914815374354972 0.9266881035397667 3.0361312037761228
2020 9 20 1.6407370913124322 0.8988874604335737 2.945047267662839
2020 9 21 1.5915149785730591 0.8719208366205665 2.856695849632954
2020 9 22 1.5437695292158673 0.8457632115219496 2.7709949741439655
2020 9 23 1.4974564433393913 0.820390315176291 2.6878651249196466
2020 9 24 1.4525327500392096 0.7957786057210022 2.607229171172057
2020 9 25 1.4089567675380332 0.7719052475493722 2.5290122960368953
2020 9 26 1.3666880645118922 0.748748090122891 2.453141927155788
2020 9 27 1.3256874225765354 0.7262856474192042 2.3795476693411146
2020 9 28 1.2859167998992393 0.7044970779966281 2.308161239260881
2020 9 29 1.2473392959022622 0.6833621656567292 2.2389164020830545
2020 9 30 1.2099191170251944 0.6628613006870273 2.171748910020563
2020 10 1 1.1736215435144386 0.6429754616664165 2.106596442719946
2020 10 2 1.1384128972090053 0.623686197816424 2.0433985494383475
2020 10 3 1.1042605102927352 0.6049756118819313 1.982096592955197
2020 10 4 1.071132694983953 0.5868263435254734 1.922633695166541
2020 10 5 1.0389987141344343 0.5692215532197091 1.8649546843115448
2020 10 6 1.0078287527104013 0.5521449066231179 1.8090060437821984
2020 10 7 0.9775938901290893 0.5355805594244243 1.7547358624687324
2020 10 8 0.9482660734252165 0.5195131426416916 1.7020937865946704
2020 10 9 0.9198180912224599 0.5039277483624408 1.6510309729968302
2020 10 10 0.8922235484857861 0.4888099159115676 1.6015000438069253
2020 10 11 0.8654568420312125 0.47414561843422054 1.5534550424927176
2020 10 12 0.8394931367702761 0.4599212498811939 1.506851391217936
2020 10 13 0.8143083426671679 0.4461236123847581 1.461645849481398
2020 10 14 0.7898790923871528 0.4327399040132154 1.417796473996956
2020 10 15 0.7661827196155382 0.4197577068928189 1.3752625797770472
2020 10 16 0.743197238027072 0.4071649756860343 1.3340047023837358
2020 10 17 0.7209013208862599 0.3949500264154533 1.2939845613122236
2020 10 18 0.6992742812596721 0.38310152562298966 1.255165024472857
2020 10 19 0.6782960528218819 0.37160847985429996 1.2175100737386713
2020 10 20 0.6579471712372255 0.36046022545867096 1.1809847715265112
2020 10 21 0.6382087561001086 0.3496464186949108 1.1455552283807158
2020 10 22 0.6190624934171054 0.33915702613406346 1.1111885715292942
2020 10 23 0.6004906186145922 0.3289823153500415 1.0778529143834152
2020 10 24 0.5824759000561543 0.31911284588954025 1.0455173269519127
2020 10 25 0.5650016230544697 0.309539460512854 1.0141518071433553
2020 10 26 0.5480515743628356 0.3002532766974684 0.9837272529290546
2020 10 27 0.5316100271319505 0.2912456783965443 0.9542154353411829
2020 10 28 0.515661726317992 0.282508308044648 0.9255889722809474
2020 10 29 0.5001918745284523 0.2740330588033085 0.897821303112519
2020 10 30 0.48518611829259867 0.2658120670392093 0.8708866640191434
