2020 6 26 352.535949828773 299.2944129798008 405.7774866777453
2020 6 27 360.1992780344942 259.66777426403564 477.1438609265891
2020 6 28 366.00871731732724 223.83115118783473 558.3853902159311
2020 6 29 372.63042430300385 193.37976203083738 654.5558721093548
2020 6 30 379.99898973062085 167.39658879233158 768.3912393888312
2020 7 1 387.7264180697021 144.9985025865141 902.4550009874189
2020 7 2 397.56837931382097 126.32934527436713 1064.4652517899253
2020 7 3 405.764592442707 109.46159100567522 1250.484572024594
2020 7 4 415.1540056796342 95.12235619635558 1472.1679349463293
2020 7 5 426.390801937136 83.03503061116021 1738.9313742475997
2020 7 6 440.92144164641394 73.0658700678098 2066.226319767671
2020 7 7 459.14189815486105 64.82299308539926 2470.094027260015
2020 7 8 479.70779001221416 57.73486461975605 2961.4696686316342
2020 7 9 502.9842738892566 51.63715631442034 3561.6414970959513
2020 7 10 527.390184290026 46.18346175748158 4283.444226425999
2020 7 11 552.9803234896098 41.305762984262564 5151.527590820837
2020 7 12 579.8121528907956 36.94322579523138 6195.536842820337
2020 7 13 607.9459220508342 33.04144103759654 7451.1251457022745
2020 7 14 637.4448039688652 29.551746019479705 8961.171137454363
2020 7 15 668.3750369377899 26.430617593407465 10777.243246419335
2020 7 16 700.8060732791092 23.639129339716742 12961.360765339216
2020 7 17 679.7818910807359 22.92995545952524 12572.519942379038
2020 7 18 659.3884343483138 22.24205679573948 12195.344344107667
2020 7 19 639.6067813178644 21.574795091867294 11829.484013784437
2020 7 20 620.4185778783284 20.927551239111274 11474.599493370903
2020 7 21 601.8060205419786 20.299724701937937 11130.361508569775
2020 7 22 583.7518399257192 19.6907329608798 10796.450663312682
2020 7 23 566.2392847279476 19.100010972053404 10472.557143413302
2020 7 24 549.2521061861091 18.527010642891803 10158.380429110903
2020 7 25 532.7745430005258 17.971200323605046 9853.629016237575
2020 7 26 516.79130671051 17.432064313896895 9558.020145750448
2020 7 27 501.2875675091946 16.909102384479986 9271.279541377935
2020 7 28 486.2489404839188 16.401829312945587 8993.141155136596
2020 7 29 471.6614722694012 15.909774433557219 8723.346920482498
2020 7 30 457.51162810131916 15.432481200550502 8461.646512868023
2020 7 31 443.7862792582796 14.969506764533985 8207.797117481981
2020 8 1 430.4726908805312 14.520421561597965 7961.563203957522
2020 8 2 417.55851015411525 14.084808914750026 7722.716307838797
2020 8 3 405.0317548494918 13.662264647307525 7491.034818603633
2020 8 4 392.880802204007 13.2523967078883 7266.303774045524
2020 8 5 381.0943781378868 12.854824806651651 7048.314660824158
2020 8 6 369.6615467937502 12.469180062452102 6836.8652209994325
2020 8 7 358.5717003899377 12.095104660578539 6631.75926436945
2020 8 8 347.8145493782396 11.732251520761181 6432.806486438366
2020 8 9 337.3801128968924 11.380283975138346 6239.822291845215
2020 8 10 327.25870950998564 11.038875455884195 6052.627623089858
2020 8 11 317.44094822468605 10.70770919220767 5871.048794397162
2020 8 12 307.9177197779455 10.38647791644144 5694.917330565247
2020 8 13 298.6801881846071 10.074883578948196 5524.069810648289
2020 8 14 289.7197825390689 9.77263707157975 5358.34771632884
2020 8 15 281.0281890628968 9.479457959432358 5197.597284838975
2020 8 16 272.5973433910099 9.195074220649387 5041.669366293805
2020 8 17 264.4194230892796 8.919221994029904 4890.419285304991
2020 8 18 256.48684039660117 8.651645334209007 4743.706706745841
2020 8 19 248.79223518470312 8.392095974182737 4601.395505543465
2020 8 20 241.32846812916202 8.140333094957255 4463.353640377161
2020 8 21 234.08861408528716 7.896123102108537 4329.453031165846
2020 8 22 227.06595566272853 7.659239409045281 4199.569440230871
2020 8 23 220.25397699284667 7.429462226773922 4073.5823570239445
2020 8 24 213.64635768306127 7.206578359970704 3951.374886313226
2020 8 25 207.23696695256942 6.990381009171583 3832.833639723829
2020 8 26 201.01985794399232 6.780669578896435 3717.848630532114
2020 8 27 194.98926220567256 6.577249491529542 3606.3131716161506
2020 8 28 189.1395843395024 6.379932006783656 3498.123776467666
2020 8 29 183.46539680931733 6.188534046580146 3393.180063173636
2020 8 30 177.9614349050378 6.002878025182741 3291.384661278427
2020 8 31 172.62259185788668 5.8227916844272585 3192.643121440074
2020 9 1 167.44391410215007 5.64810793389444 3096.8638277968716
2020 9 2 162.42059667908558 5.478664695877607 3003.9579129629656
2020 9 3 157.547978778713 5.314304755001279 2913.8391755740763
2020 9 4 152.8215394153516 5.1548756123512405 2826.424000306854
2020 9 5 148.23689323289105 5.0002293439807035 2741.631280297648
2020 9 6 143.78978643590432 4.850222463661282 2659.3823418887187
2020 9 7 139.47609284282717 4.704715789751444 2579.600871632057
2020 9 8 135.29181005754236 4.563574316058901 2502.2128454830954
2020 9 9 131.23305575581608 4.426667086577134 2427.1464601186026
2020 9 10 127.2960640831416 4.29386707397982 2354.3320663150444
2020 9 11 123.47718216064735 4.165051061760425 2283.702104325593
2020 9 12 119.77286669582791 4.040099529907613 2215.191041195825
2020 9 13 116.17968069495308 3.918896544010384 2148.7353099599504
2020 9 14 112.69429027410449 3.801329647690072 2084.273250661152
2020 9 15 109.31346156588135 3.6872897582593698 2021.7450531413174
2020 9 16 106.0340577189049 3.5766710655115888 1961.092701547078
2020 9 17 102.85303598733775 3.469370933546241 1902.2599205006654
2020 9 18 99.76744490771762 3.3652898055398537 1845.1921228856454
2020 9 19 96.77442156048609 3.264331111373658 1789.836359199076
2020 9 20 93.8711889136715 3.1664011780324484 1736.1412684231036
2020 9 21 91.05505324626135 3.0714091426914747 1684.0570303704105
2020 9 22 88.32340164887351 2.9792668684107304 1633.535319459298
2020 9 23 85.6736995994073 2.8898888623584083 1584.529259875519
2020 9 24 83.10348861142508 2.803192196487656 1536.9933820792535
2020 9 25 80.61038395308232 2.719096430593026 1490.8835806168759
2020 9 26 78.19207243448984 2.6375235376752353 1446.1570731983695
2020 9 27 75.84631026145514 2.558397831544978 1402.7723610024184
2020 9 28 73.57092095361149 2.4816458965986286 1360.689190172346
2020 9 29 71.36379332500314 2.4071965197006695 1319.8685144671754
2020 9 30 69.22287952525305 2.3349806241096496 1280.27245903316
2020 10 1 67.14619313949545 2.26493120538636 1241.8642852621651
2020 10 2 65.13180734531059 2.1969832692247695 1204.6083567043001
2020 10 3 63.17785312495127 2.1310737711480265 1168.4701060031712
2020 10 4 61.28251753120273 2.067141558013586 1133.416002823076
2020 10 5 59.444042005266645 2.0051273112731782 1099.4135227383838
2020 10 6 57.66072074510864 1.9449734919349828 1066.4311170562323
2020 10 7 55.93089912275538 1.8866242871769332 1034.4381835445454
2020 10 8 54.25297214907271 1.8300255585616252 1003.405038038209
2020 10 9 52.62538298460053 1.7751247918047763 973.3028868970626
2020 10 10 51.04662149506251 1.721871048050633 944.1038002901507
2020 10 11 49.515222850210634 1.670214916609114 915.7806862814462
2020 10 12 48.02976616470431 1.6201084691108405 888.3072656930027
2020 10 13 46.58887317976318 1.5715052150375153 861.6580477222126
2020 10 14 45.19120698437029 1.5243600585863897 835.8083062905462
2020 10 15 43.83547077483918 1.478629256828798 810.7340571018298
2020 10 16 42.520406651594 1.434270379123934 786.4120353887748
2020 10 17 41.24479445204618 1.3912422677502159 762.8196743271116
2020 10 18 40.00745061848479 1.3495049997177093 739.9350840972982
2020 10 19 38.807227099930245 1.309019849726178 717.7370315743792
2020 10 20 37.64301028693234 1.2697492542343927 696.2049206271478
2020 10 21 36.51371997832437 1.231656776607361 675.3187730083333
2020 10 22 35.418308378974636 1.19470707330914 655.0592098180833
2020 10 23 34.355759127605396 1.158865861109866 635.4074335235408
2020 10 24 33.32508635377723 1.1240998852765698 616.3452105178346
2020 10 25 32.32533376316391 1.0903768887182728 597.8548542022995
2020 10 26 31.35557375026899 1.0576655820567245 579.9192085762305
2020 10 27 30.41490653776092 1.0259356145950227 562.5216323189436
2020 10 28 29.502459341628093 0.995157546157172 545.6459833493752
2020 10 29 28.617385561379248 0.9653028197724568 529.276603848894
2020 10 30 27.75886399453787 0.936343735179283 513.3983057334272
