2020 6 26 388.1541171371002 335.7304017109121 440.57783256328827
2020 6 27 383.5394912997374 286.95223324517576 494.1135071493638
2020 6 28 379.623310177378 245.74253881107683 554.9835579899774
2020 6 29 375.60011304835996 210.35587849858373 623.1373080226035
2020 6 30 371.47410844376503 179.98340232095842 699.4192564448505
2020 7 1 367.44137742882447 154.0195229943126 785.1296118233964
2020 7 2 363.215283414406 131.70171455917597 880.8366319001957
2020 7 3 359.36597636114436 112.73680983317166 989.0061781251857
2020 7 4 355.55746374982084 96.502830915311 1110.4592894367897
2020 7 5 351.74341871142946 82.59407107503675 1246.6838944550225
2020 7 6 347.74327558671973 70.63664768975366 1398.815136286805
2020 7 7 343.48190311935997 60.34803728023936 1568.2769609511445
2020 7 8 339.15895571166067 51.53802544702512 1757.748955663532
2020 7 9 334.72187072642305 43.98854654202183 1969.2385718068992
2020 7 10 330.3428344019525 37.54494298328444 2206.174289108429
2020 7 11 326.02108731014965 32.04522209597175 2471.6177428198143
2020 7 12 321.7558799582184 27.351120486115676 2768.9989393768487
2020 7 13 317.54647265868573 23.34462808856783 3102.160578246455
2020 7 14 313.39213540112297 19.925021385145648 3475.4077065093006
2020 7 15 309.29214772554445 17.00633120786065 3893.563347804444
2020 7 16 305.24579859746297 14.515181467612813 4362.030824461942
2020 7 17 296.0884246395391 14.079726023584428 4231.169899728084
2020 7 18 287.2057719003529 13.657334242876894 4104.234802736241
2020 7 19 278.58959874334226 13.247614215590588 3981.107758654154
2020 7 20 270.23191078104196 12.85018578912287 3861.6745258945293
2020 7 21 262.1249534576107 12.464680215449183 3745.824290117693
2020 7 22 254.26120485388233 12.090739808985708 3633.4495614141624
2020 7 23 246.63336870826586 11.728017614716137 3524.4460745717374
2020 7 24 239.23436764701788 11.376177086274653 3418.7126923345854
2020 7 25 232.05733661760735 11.034891773686413 3316.151311564548
2020 7 26 225.09561651907913 10.70384502047582 3216.6667722176117
2020 7 27 218.34274802350674 10.382729669861545 3120.166769051083
2020 7 28 211.79246558280153 10.071247779765699 3026.5617659795503
2020 7 29 205.43869161531748 9.769110346372727 2935.7649130001637
2020 7 30 199.27553086685796 9.476037035981545 2847.6919656101586
2020 7 31 193.29726494085222 9.191755924902099 2762.2612066418537
2020 8 1 187.49834699262664 8.916003247155036 2679.393370442598
2020 8 2 181.87339658284785 8.648523149740384 2599.01156932932
2020 8 3 176.4171946853624 8.389067455248172 2521.0412222494406
2020 8 4 171.12467884480154 8.137395431590727 2445.4099855819572
2020 8 5 165.9909384794575 7.893273568643005 2372.0476860144986
2020 8 6 161.01121032507376 7.656475361583715 2300.8862554340635
2020 8 7 156.18087401532154 7.4267811007362035 2231.8596677710416
2020 8 8 151.4954477948619 7.203977667714117 2164.90387773791
2020 8 9 146.95058436101604 6.9878583376826935 2099.956761405773
2020 8 10 142.54206683018555 6.778222587552213 2036.9580585635995
2020 8 11 138.26580482528 6.574875909925646 1975.8493168066914
2020 8 12 134.1178306805216 6.377629632627877 1916.5738373024906
2020 8 13 130.09429576010595 6.18630074364904 1859.0766221834158
2020 8 14 126.19146688730277 6.000711721339569 1803.3043235179132
2020 8 15 122.40572288068368 5.820690369699382 1749.2051938123757
2020 8 16 118.73355119426317 5.6460696586084005 1696.7290379980043
2020 8 17 115.17154465843527 5.476687568850148 1645.8271668580642
2020 8 18 111.71639831868221 5.312386941784644 1596.4523518523222
2020 8 19 108.36490636912174 5.153015333531105 1548.5587812967524
2020 8 20 105.11395917804809 4.998424873525171 1502.1020178578497
2020 8 21 101.96054040270664 4.8484721273194165 1457.0389573221141
2020 8 22 98.90172419062544 4.703017963499834 1413.3277886024507
2020 8 23 95.93467246490668 4.561927424594838 1370.9279549443772
2020 8 24 93.05663229095948 4.425069601856993 1329.8001162960459
2020 8 25 90.2649333222307 4.292317513801283 1289.9061128071644
2020 8 26 87.55698532256378 4.163547988387244 1251.2089294229495
2020 8 27 84.93027576288686 4.038641548735627 1213.672661540261
2020 8 28 82.38236749000026 3.917482302273558 1177.2624816940531
2020 8 29 79.91089646530025 3.799957833205351 1141.9446072432315
2020 8 30 77.51356957134125 3.6859590982091905 1107.6862690259345
2020 8 31 75.18816248420102 3.575380325262915 1074.4556809551564
2020 9 1 72.93251760967499 3.4681189155050274 1042.2220105265017
2020 9 2 70.74454208138474 3.3640753480398766 1010.9553502107066
2020 9 3 68.62220581894319 3.2631530875986803 980.6266897043854
2020 9 4 66.56353964437488 3.1652584949707196 951.2078890132539
2020 9 5 64.56663345504364 3.070300740121598 922.6716523428562
2020 9 6 62.629634451392334 2.97819171791795 894.9915027725705
2020 9 7 60.75074541785056 2.888845966380411 868.1417576893933
2020 9 8 58.928223055315044 2.8021805873889987 842.0975049587115
2020 9 9 57.160376363655594 2.7181151697673287 816.8345798099501
2020 9 10 55.44556507274592 2.6365717146743086 792.3295424156516
2020 9 11 53.78219812056354 2.5574745632340794 768.5596561431821
2020 9 12 52.168732176946634 2.480750326337057 745.5028664588866
2020 9 13 50.60367021163823 2.4063278165469453 723.13778046512
2020 9 14 49.08556010528908 2.334137982050537 701.4436470511664
2020 9 15 47.61299330213041 2.264113842589021 680.4003376396314
2020 9 16 46.1846035030665 2.19619042731135 659.9883275104424
2020 9 17 44.7990653979745 2.1303047144920093 640.1886776851292
2020 9 18 43.45509343603526 2.066395573057249 620.9830173545753
2020 9 19 42.151440632954206 2.0044037058655317 602.353526833938
2020 9 20 40.88689741396558 1.9442715946895657 584.2829210289198
2020 9 21 39.66029049154661 1.8859434468488787 566.7544333980521
2020 9 22 38.47048177680021 1.8293651434434124 549.7518003961105
2020 9 23 37.31636732349621 1.77448418914011 533.2592463842271
2020 9 24 36.19687630379132 1.7212496634659067 517.2614689927003
2020 9 25 35.11097001467758 1.6696121735619294 501.7436249229193
2020 9 26 34.05764091423725 1.6195238083550714 486.6913161752317
2020 9 27 33.03591168681013 1.570938094104419 472.09057668997474
2020 9 28 32.044834336205824 1.5238099512812864 457.9278593892755
2020 9 29 31.08348930611965 1.4780956527428477 444.19002360759725
2020 9 30 30.150984626936058 1.4337527831605623 430.8643228993693
2020 10 1 29.246455088127977 1.3907401996657454 417.93839321238823
2020 10 2 28.369061435484138 1.349017993675773 405.40024141601657
2020 10 3 27.517989592419614 1.3085474538654998 393.23823417353606
2020 10 4 26.692449904647024 1.2692910302495348 381.44108714833
2020 10 5 25.891676407507614 1.2312122993420487 369.99785453388006
2020 10 6 25.114926115282383 1.1942759303617871 358.89791889786363
2020 10 7 24.36147833182391 1.1584476524509335 348.13098133092774
2020 10 8 23.63063398186919 1.1236942228774054 337.6870518909999
2020 10 9 22.921714962413116 1.0899833961910832 327.5564403342699
2020 10 10 22.234063513540722 1.0572838943053506 317.7297471242418
2020 10 11 21.5670416081345 1.0255653774761901 308.19785471051455
2020 10 12 20.920030359890465 0.9947984161519045 298.9519190691991
2020 10 13 20.29242944909375 0.9649544636673473 289.9833614971231
2020 10 14 19.683656565620936 0.9360058297573268 281.2838606522094
2020 10 15 19.09314686865231 0.907925654864607 272.8453448326431
2020 10 16 18.52035246259274 0.8806878852186687 264.6599844876638
2020 10 17 17.964741888714958 0.8542672486621086 256.7201849530339
2020 10 18 17.425799632053508 0.8286392312022453 249.01857940444285
2020 10 19 16.9030256430919 0.8037800542661778 241.54802202230957
2020 10 20 16.395934873799142 0.7796666526381925 234.30158136164027
2020 10 21 15.904056827585167 0.7562766530590467 227.27253392079106
2020 10 22 15.426935122757612 0.7335883534672752 220.45435790316733
2020 10 23 14.964127069074884 0.7115807028632569 213.8407271660723
2020 10 24 14.515203257002637 0.6902332817773592 207.42550535109012
2020 10 25 14.079747159292557 0.6695262833240384 201.20274019055742
2020 10 26 13.65735474451378 0.6494404948243172 195.1666579848407
2020 10 27 13.247634102178367 0.6299572799795877 189.31165824529546
2020 10 28 12.850205079113016 0.6110585615802001 183.6323084979366
2020 10 29 12.464698926739624 0.592726804732794 178.1233392429985
2020 10 30 12.090757958937434 0.5749450005908102 172.77963906570855
