2020 6 26 384.2538975084917 363.41752909217223 405.0902659248112
2020 6 27 391.83692345089173 350.4821317610919 435.49739174084607
2020 6 28 399.1384289563919 337.6214925977738 467.70774542338773
2020 6 29 407.01519242192893 325.60427327108323 502.8151016264683
2020 6 30 415.5359833380706 314.40564984288886 541.161290093721
2020 7 1 423.98574922566837 303.4034771823678 582.1070668977435
2020 7 2 433.2011195511083 293.21121884651865 626.9661424024608
2020 7 3 441.88009477353313 282.8627215138678 674.2160005926276
2020 7 4 450.95396416648083 273.0209399372438 725.3639579408438
2020 7 5 460.6652697644916 263.7947019760775 781.1177562056754
2020 7 6 471.55343424541513 255.43440471008552 842.7978745294407
2020 7 7 483.5637568257199 247.80752112100822 910.8941509141741
2020 7 8 496.85065953789336 240.9058006960587 986.3209434435395
2020 7 9 511.7377403292649 234.7951552664347 1070.4453083546055
2020 7 10 527.0708810588379 228.83950812850273 1161.7447300448398
2020 7 11 542.8634469706959 223.03492770568803 1260.831176757197
2020 7 12 559.1292037702375 217.37758214699483 1368.3688121585717
2020 7 13 575.8823296231537 211.86373679743792 1485.0784471431593
2020 7 14 593.1374275139301 206.48975173263784 1611.7423713348715
2020 7 15 610.9095379746443 201.25207935595157 1749.2095966737434
2020 7 16 629.2141521951561 196.14726205655273 1898.4015482334175
2020 7 17 610.3377276293014 190.26284419485614 1841.4495017864149
2020 7 18 592.0275958004223 184.55495886901045 1786.2060167328225
2020 7 19 574.2667679264097 179.01831010294012 1732.6198362308378
2020 7 20 557.0387648886174 173.6477607998519 1680.6412411439126
2020 7 21 540.3276019419588 168.43832797585634 1630.222003909595
2020 7 22 524.1177738837 163.38517813658063 1581.3153437923072
2020 7 23 508.394240667189 158.4836227924832 1533.8758834785378
2020 7 24 493.14241344717334 153.7291141087087 1487.8596069741816
2020 7 25 478.3481410437581 149.11724068544743 1443.2238187649561
2020 7 26 463.9976968124454 144.643723464884 1399.9271042020075
2020 7 27 450.077765908072 140.30441176093748 1357.9292910759473
2020 7 28 436.57543293082983 136.09527940810935 1317.1914123436688
2020 7 29 423.4781699429049 132.01242102586608 1277.6756699733587
2020 7 30 410.77382484461776 128.05204839509008 1239.345399874158
2020 7 31 398.45061009927923 124.21048694323737 1202.1650378779332
2020 8 1 386.4970917963008 120.48417233494024 1166.100086741595
2020 8 2 374.9021790424118 116.86964716489203 1131.1170841393473
2020 8 3 363.6551136711394 113.36355774994527 1097.1835716151668
2020 8 4 352.74546026100523 109.96265101744692 1064.2680644667118
2020 8 5 342.16309645317506 106.66377148692351 1032.3400225327105
2020 8 6 331.89820355957977 103.4638583423158 1001.3698218567291
2020 8 7 321.94125745279234 100.35994259204632 971.3287272010272
2020 8 8 312.28301972920855 97.34914431428493 942.1888653849963
2020 8 9 302.9145291373323 94.42866998485638 913.9231994234465
2020 8 10 293.8270932632123 91.59580988531069 886.505503440743
2020 8 11 285.01228046531594 88.84793558875137 859.9103383375207
2020 8 12 276.4619120513565 86.18249752108882 834.113028187395
2020 8 13 268.1680546898158 83.59702259545615 809.0896373417731
2020 8 14 260.1230130491213 81.08911191759246 784.81694822152
2020 8 15 252.31932265764766 78.65643856006469 761.2724397748743
2020 8 16 244.74974297791823 76.29674540326275 738.4342665816281
2020 8 17 237.4072506885807 74.00784304116486 716.2812385841793
2020 8 18 230.28503316792327 71.78760774992992 694.7928014266539
2020 8 19 223.37648217288557 69.63397951743202 673.9490173838543
2020 8 20 216.675187707699 67.54496013190906 653.7305468623387
2020 8 21 210.17493207646802 65.51861132795179 634.1186304564685
2020 8 22 203.869684114174 63.55305298811323 615.0950715427745
2020 8 23 197.75359359074878 61.64646139846983 596.6422193964912
2020 8 24 191.82098578302632 59.797067556515735 578.7429528145965
2020 8 25 186.0663562095355 58.00315552982026 561.3806642301586
2020 8 26 180.48436552324944 56.26306086392565 544.5392443032538
2020 8 27 175.06983455755196 54.57516903800788 528.2030669741562
2020 8 28 169.8177395208254 52.93791396686764 512.3569749649315
2020 8 29 164.72320733520064 51.34977654786161 496.98626571598356
2020 8 30 159.7815111151446 49.80928325142576 482.076677744504
2020 8 31 154.98806578169027 48.31500475388299 467.6143774121689
2020 9 1 150.33842380823955 46.8655546112665 453.5859460898038
2020 9 2 145.82827109399236 45.4595879729285 439.9783677071097
2020 9 3 141.45342296117258 44.09580033374065 426.7790166758964
2020 9 4 137.2098202723374 42.77292632372843 413.9756461756195
2020 9 5 133.09352566416726 41.489738534016574 401.5563767903509
2020 9 6 129.10071989424225 40.245046377996076 389.50968548664036
2020 9 7 125.22769829741497 39.03769498665619 377.82439492204117
2020 9 8 121.47086734849252 37.86656413705651 366.4896630743799
2020 9 9 117.82674132803774 36.73056721294481 355.4949731821485
2020 9 10 114.2919390881966 35.628650196556464 344.83012398668404
2020 9 11 110.8631809155507 34.55979069065977 334.4852202670835
2020 9 12 107.53728548808418 33.522996969939975 324.450663659071
2020 9 13 104.31116692344165 32.51730706084177 314.7171437492988
2020 9 14 101.1818319157384 31.54178784901652 305.2756294368198
2020 9 15 98.14637695826625 30.59553421354602 296.11736055371523
2020 9 16 95.20198564951825 29.677668187139638 287.2338397371038
2020 9 17 92.3459260800327 28.78733814152545 278.61682454499066
2020 9 18 89.57554829763171 27.923717997279685 270.2583198086409
2020 9 19 86.88828184870276 27.086006457361293 262.1505702143817
2020 9 20 84.28163339324168 26.273426263640452 254.2860531079502
2020 9 21 81.75318439144442 25.48522347573124 246.6574715147117
2020 9 22 79.30058885970108 24.7206667714593 239.25774736927033
2020 9 23 76.92157119391004 23.97904676831552 232.08001494819223
2020 9 24 74.61392405809273 23.259675365266055 225.11761449974645
2020 9 25 72.37550633634996 22.56188510430807 218.36408606475405
2020 9 26 70.20424114625946 21.88502855117883 211.81316348281143
2020 9 27 68.09811391187168 21.228477694643466 205.4587685783271
2020 9 28 66.05517049451552 20.59162336380416 199.29500552097727
2020 9 29 64.07351537968006 19.973874662890037 193.31615535534795
2020 9 30 62.151309918289655 19.374658423003336 187.5166706946875
2020 10 1 60.28677062074097 18.793418670313233 181.89117057384686
2020 10 2 58.47816750211874 18.229616110203835 176.43443545663146
2020 10 3 56.72382247705517 17.68272762689772 171.14140239293252
2020 10 4 55.02210780274351 17.15224579809079 166.00716032114454
2020 10 5 53.371444568661204 16.637678424148064 161.0269455115102
2020 10 6 51.770301231601366 16.13854807142362 156.1961371461649
2020 10 7 50.21719219465332 15.654391629280912 151.51025303177994
2020 10 8 48.71067642881372 15.184759880402485 146.96494544082654
2020 10 9 47.249356135949306 14.72921708399041 142.55599707760175
2020 10 10 45.83187545187082 14.287340571470697 138.27931716527368
2020 10 11 44.45691918831469 13.858720354326575 134.13093765031547
2020 10 12 43.12321161266525 13.442958743696778 130.107009520806
2020 10 13 41.82951526428529 13.039669981385874 126.20379923518182
2020 10 14 40.57462980635673 12.648479881944297 122.41768525812635
2020 10 15 39.35739091216603 12.269025485485967 118.74515470038256
2020 10 16 38.17666918480105 11.900954720921387 115.18280005937108
2020 10 17 37.031369109257014 11.543926079293746 111.72731605758995
2020 10 18 35.920428035979306 11.197608296914932 108.37549657586224
2020 10 19 34.84281519489993 10.861680048007484 105.12423167858637
2020 10 20 33.79753073905293 10.53582964656726 101.97050472822878
2020 10 21 32.78360481688134 10.219754757170241 98.91138958638192
2020 10 22 31.800096672374902 9.913162114455133 95.94404789879046
2020 10 23 30.846093772203655 9.615767251021479 93.06572646182674
2020 10 24 29.920710959037546 9.327294233490834 90.27375466797194
2020 10 25 29.02308963026642 9.04747540648611 87.56554202793278
2020 10 26 28.152396941358425 8.776051144291525 84.93857576709479
2020 10 27 27.307825033117673 8.51276960996278 82.39041849408194
2020 10 28 26.488590282124143 8.257386521663896 79.91870593925948
2020 10 29 25.69393257366042 8.00966492601398 77.5211447610817
2020 10 30 24.923114596450606 7.76937497823356 75.19551041824924
