2020 6 26 513.7315943959328 489.5391996170011 537.9239891748645
2020 6 27 523.2765299403386 475.1461280322949 573.7284766439794
2020 6 28 532.9667342437622 461.1471084717138 611.8809637973978
2020 6 29 543.4897129452243 448.1258250225421 653.3206246859985
2020 6 30 554.3537044802099 435.58208541406174 697.7269604981115
2020 7 1 564.7213377050739 422.8288163027772 744.2535426357464
2020 7 2 575.8712842723088 410.88951587909486 794.6581413187299
2020 7 3 586.6060474608075 398.8340285542651 847.5996871628209
2020 7 4 597.6847325500953 387.2300296622301 904.2760965093399
2020 7 5 609.412247400101 376.24845441443927 965.4073794462456
2020 7 6 621.8928007697012 365.9011613926372 1031.499686666942
2020 7 7 635.7724563874326 356.51123201162625 1104.013377786549
2020 7 8 651.1620838208785 348.03528707694426 1183.7088665839908
2020 7 9 667.8601434683239 340.26108236507883 1270.8586706088652
2020 7 10 684.986399417301 332.6605332023665 1364.424822906514
2020 7 11 702.5518321096403 325.22976057469975 1464.8797229919815
2020 7 12 720.5677035638755 317.9649721150752 1572.730550490793
2020 7 13 739.0455645958489 310.86246016812237 1688.521825802221
2020 7 14 757.9972622244783 303.91859989786536 1812.8381592897383
2020 7 15 777.4349472674336 297.12984743775297 1946.3072028788483
2020 7 16 797.3710821315932 290.4927380820119 2089.6028189644085
2020 7 17 773.4499496676453 281.77795593955153 2026.9147343954762
2020 7 18 750.246451177616 273.324617261365 1966.1072923636118
2020 7 19 727.7390576422875 265.12487874352405 1907.1240735927033
2020 7 20 705.9068859130189 257.17113238121834 1849.9103513849223
2020 7 21 684.7296793356282 249.45599840978178 1794.4130408433746
2020 7 22 664.1877889555594 241.9723184574883 1740.5806496180733
2020 7 23 644.2621552868926 234.71314890376365 1688.363230129531
2020 7 24 624.9342906282858 227.67175443665073 1637.7123332256451
2020 7 25 606.1862619094372 220.8416018035512 1588.5809632288758
2020 7 26 588.0006740521541 214.21635374944466 1540.9235343320095
2020 7 27 570.3606538305894 207.78986313696132 1494.6958283020492
2020 7 28 553.2498342156717 201.55616724285247 1449.8549534529877
2020 7 29 536.6523391892016 195.5094822255669 1406.359304849398
2020 7 30 520.5527690135256 189.6441977587999 1364.1685257039162
2020 7 31 504.93618594311977 183.95487182603588 1323.2434699327987
2020 8 1 489.78810036482616 178.4362256712548 1283.5461658348147
2020 8 2 475.09445735388135 173.08313890111714 1245.0397808597702
2020 8 3 460.8416236332649 167.89064473408362 1207.688587433977
2020 8 4 447.0163749242669 162.85392539206111 1171.4579298109577
2020 8 5 433.6058836765389 157.96830763029928 1136.314191916629
2020 8 6 420.59770716624274 153.2292584013903 1102.22476615913
2020 8 7 407.9797759512555 148.6323806493486 1069.158023174356
2020 8 8 395.74038267271783 144.17340922986813 1037.0832824791253
2020 8 9 383.8681711925363 139.84820695297208 1005.9707840047515
2020 8 10 372.3521260567602 135.6527607443829 975.791660484609
2020 8 11 361.1815622750574 131.58317792205142 946.5179106700707
2020 8 12 350.34611540680567 127.63568258438987 918.1223733499686
2020 8 13 339.8357319446015 123.80661210685817 890.5787021494696
2020 8 14 329.6406599862634 120.09241374365241 863.8613410849855
2020 8 15 319.7514401866755 116.48964133134284 837.9455008524359
2020 8 16 310.1588969810752 112.99495209140255 812.8071358268628
2020 8 17 300.85413007164294 109.60510352866048 788.4229217520569
2020 8 18 291.82850616949366 106.31695042280066 764.7702340994952
2020 8 19 283.07365098440886 103.12744191011663 741.8271270765102
2020 8 20 274.5814414548766 100.03361865281313 719.5723132642149
2020 8 21 266.3439982112303 97.03261009322874 697.9851438662885
2020 8 22 258.3536782648934 94.12163179043188 677.0455895502998
2020 8 23 250.6030679169466 91.29798283671892 656.7342218637908
2020 8 24 243.0849758794382 88.55904335161735 637.0321952078771
2020 8 25 235.79242660305505 85.90227205106882 617.9212293516407
2020 8 26 228.7186538049634 83.32520388953675 599.3835924710914
2020 8 27 221.85709419081448 80.82544777285065 581.4020846969587
2020 8 28 215.20138136509004 78.40068433966513 563.96002215605
2020 8 29 208.74533992413734 76.04866380947517 547.0412214913684
2020 8 30 202.48297972641322 73.76720389519092 530.6299848466274
2020 8 31 196.4084903346208 71.55418777833519 514.7110853012285
2020 9 1 190.51623562458218 69.40756214498514 499.26975274219166
2020 9 2 184.8007485558447 67.32533528063558 484.29166015992587
2020 9 3 179.25672609916936 65.30557522221652 469.7629103551281
2020 9 4 173.87902431619426 63.34640796555002 455.67002304447425
2020 9 5 168.66265358670842 61.44601572658352 441.99992235314
2020 9 6 163.60277397910716 59.60263525478601 428.7399246825458
2020 9 7 158.69469075973393 57.81455619714243 415.8777269420694
2020 9 8 153.93385003694192 56.080119511228155 403.4013951338073
2020 9 9 149.31583453583366 54.39771592589131 391.2993532797931
2020 9 10 144.83635949975866 52.76578444811457 379.56037268139926
2020 9 11 140.49126871476588 51.18281091467114 368.17356150095725
2020 9 12 136.2765306533229 49.647326587231 357.12835465592855
2020 9 13 132.18823473372322 48.15790678961407 346.4145040162507
2020 9 14 128.2225876917115 46.71316958592564 336.0220688957632
2020 9 15 124.37591006096017 45.31177449834787 325.9414068288903
2020 9 16 120.64463275913135 43.95242126339743 316.1631646240236
2020 9 17 117.02529377635742 42.63384862549551 306.67826968530284
2020 9 18 113.5145349630667 41.35483316673064 297.47792159474375
2020 9 19 110.1090989141747 40.11418817172872 288.5535839469014
2020 9 20 106.80582594674945 38.91076252657686 279.8969764284944
2020 9 21 103.60165116834696 37.74343965077956 271.50006713563954
2020 9 22 100.49360163329655 36.611136461256166 263.35506512157036
2020 9 23 97.47879358429765 35.51280236741848 255.45441316792324
2020 9 24 94.55442977676871 34.447418296395924 247.79078077288554
2020 9 25 91.71779688346565 33.413995747504046 240.35705734969898
2020 9 26 88.96626297696169 32.411575875078924 233.146345629208
2020 9 27 86.29727508765284 31.439228598826556 226.15195526033176
2020 9 28 83.70835683502325 30.49605174086176 219.3673966025218
2020 9 29 81.19710612997255 29.581170188635905 212.78637470444616
2020 9 30 78.76119294607338 28.693735082976826 206.40278346331277
2020 10 1 76.39835715769118 27.83292303048752 200.21069995941338
2020 10 2 74.10640644296045 26.997935339572894 194.20437896063098
2020 10 3 71.88321424967164 26.187997279385705 188.37824759181206
2020 10 4 69.72671782218148 25.40235736100413 182.7269001640577
2020 10 5 67.63491628751603 24.640286640174008 177.24509315913596
2020 10 6 65.60586879889055 23.901078040968788 171.92774036436188
2020 10 7 63.63769273492384 23.184045699739723 166.76990815343103
2020 10 8 61.72856195287612 22.48852432874753 161.7668109088281
2020 10 9 59.87670509428983 21.813868598885104 156.91380658156325
2020 10 10 58.080403941461135 21.15945254091855 152.20639238411636
2020 10 11 56.3379918232173 20.524668964690992 147.64020061259285
2020 10 12 54.647852068520784 19.90892889575026 143.21099459421507
2020 10 13 53.00841650646516 19.311661028877754 138.91466475638862
2020 10 14 51.4181640112712 18.73231119801142 134.74722481369696
2020 10 15 49.875619090933064 18.170341862071076 130.70480806928606
2020 10 16 48.37935051820507 17.625231606208942 126.78366382720748
2020 10 17 46.92797000265892 17.09647465802267 122.98015391239124
2020 10 18 45.52013090257915 16.58358041828199 119.29074929501951
2020 10 19 44.154526975501774 16.086073005733528 115.71202681616892
2020 10 20 42.82989116623672 15.603490815561521 112.24066601168384
2020 10 21 41.54499443124962 15.135386091094675 108.87344603133333
2020 10 22 40.29864459831213 14.681324508361834 105.60724265039333
2020 10 23 39.089685260362764 14.240884773110979 102.43902537088152
2020 10 24 37.91699470255188 13.81365822991765 99.36585460975508
2020 10 25 36.779484861475325 13.39924848302012 96.38487897146243
2020 10 26 35.67610031563106 12.997271028529516 93.49333260231855
2020 10 27 34.60581730616213 12.60735289767363 90.68853262424899
2020 10 28 33.56764278697727 12.22913231074342 87.96787664552151
2020 10 29 32.56061350336795 11.862258341421118 85.32884034615587
2020 10 30 31.583795098266908 11.506390591178484 82.7689751357712
