2020 6 26 24.819740672266022 21.343542856387668 28.295938488144376
2020 6 27 26.67775312129649 19.728214951118034 34.67392262104849
2020 6 28 28.419288242610286 18.046145572177167 42.157351646664964
2020 6 29 30.27451152068074 16.507492990071746 51.255876564185044
2020 6 30 32.540869579634844 15.258168346439511 62.80909532670937
2020 7 1 34.976887811235414 14.103395435534077 76.96644209800158
2020 7 2 37.59526702154825 13.03601836700524 94.31489465676063
2020 7 3 40.40965880239048 12.049422824572646 115.5737372241976
2020 7 4 43.43473670740713 11.137495078467458 141.62438270836162
2020 7 5 46.686272756407874 10.294584099905737 173.54691696622803
2020 7 6 50.18121966683899 9.515466542824715 212.66488024526177
2020 7 7 53.93779924112536 8.795314375880965 260.6001424878813
2020 7 8 57.975597370712634 8.129664964132633 319.34014768391523
2020 7 9 62.31566615213747 7.514393415008061 391.3203152892638
2020 7 10 66.98063364753422 6.9456870171944365 479.5250151561256
2020 7 11 71.99482186184262 6.420021614049548 587.6113024965438
2020 7 12 77.38437355182091 5.934139765127507 720.0605430548077
2020 7 13 83.17738852801567 5.485030560489912 882.3642150202415
2020 7 14 89.40407016033375 5.069910962715896 1081.2515912138047
2020 7 15 96.09688285106067 4.686208560991315 1324.9687414800305
2020 7 16 103.29072129635138 4.331545630407732 1623.6204230029552
2020 7 17 100.19199965746084 4.201599261495501 1574.9118103128665
2020 7 18 97.18623966773701 4.075551283650635 1527.6644560034804
2020 7 19 94.2706524777049 3.9532847451411164 1481.834522323376
2020 7 20 91.44253290337375 3.834686202786883 1437.3794866536746
2020 7 21 88.69925691627253 3.7196456167032763 1394.2581020540642
2020 7 22 86.03827920878436 3.608056248202178 1352.4303589924423
2020 7 23 83.45713083252083 3.4998145607561124 1311.857448222669
2020 7 24 80.9534169075452 3.394820123933429 1272.501724775989
2020 7 25 78.52481440031885 3.292975520215426 1234.3266730327093
2020 7 26 76.16906996830927 3.194186254608963 1197.296872841728
2020 7 27 73.88399786926 3.0983606669706942 1161.377966656476
2020 7 28 71.6674779331822 3.0054098469615735 1126.5366276567818
2020 7 29 69.51745359518674 2.915247551552726 1092.7405288270784
2020 7 30 67.43192998733113 2.8277901250061444 1059.958312962266
2020 7 31 65.40897208771119 2.74295642125596 1028.1595635733981
2020 8 1 63.446702925079855 2.660667728618281 997.3147766661962
2020 8 2 61.543301837327455 2.5808476967597325 967.3953333662103
2020 8 3 59.697002782207626 2.5034222658569405 938.373473365224
2020 8 4 57.906092698741396 2.428319597881232 910.2222691642672
2020 8 5 56.16890991777915 2.355470009944795 882.9156010893391
2020 8 6 54.483842620245774 2.284805909646451 856.4281330566589
2020 8 7 52.8493273416384 2.2162617323570575 830.7352890649591
2020 8 8 51.263847521389245 2.1497738803863458 805.8132303930104
2020 8 9 49.72593209574757 2.085280663974755 781.63883348122
2020 8 10 48.23415413287514 2.0227222440555126 758.1896684767834
2020 8 11 46.78712950888888 1.9620405767338471 735.4439784224799
2020 8 12 45.383515623622216 1.9031793594318316 713.3806590698055
2020 8 13 44.022010154913545 1.8460839786488765 691.9792392977113
2020 8 14 42.70134985026614 1.7907014592894102 671.2198621187799
2020 8 15 41.42030935475815 1.7369804155107278 651.0832662552165
2020 8 16 40.17770007411541 1.684871003045406 631.55076826756
2020 8 17 38.97236907189195 1.6343248729540436 612.6042452195331
2020 8 18 37.80319799973519 1.5852951267654223 594.2261178629471
2020 8 19 36.66910205974313 1.5377362729624595 576.3993343270587
2020 8 20 35.56902899795084 1.4916041847735857 559.107354297247
2020 8 21 34.50195812801231 1.446856059230378 542.3341336683295
2020 8 22 33.46689938417194 1.4034503774534668 526.0641096582796
2020 8 23 32.46289240264678 1.3613468661298627 510.28218636853114
2020 8 24 31.489005630567377 1.3205064601459668 494.9737207774752
2020 8 25 30.544335461650356 1.280891266341588 480.1245091541509
2020 8 26 29.628005397800845 1.2424645283513402 465.7207738795264
2020 8 27 28.739165235866817 1.2051905925008 451.7491506631406
2020 8 28 27.876990278790814 1.169034874725776 438.19667614324635
2020 8 29 27.04068057042709 1.1339638284840026 425.05077585894895
2020 8 30 26.229460153314275 1.0999449136294825 412.2992525831805
2020 8 31 25.442576348714844 1.0669465662205981 399.9302750056851
2020 9 1 24.6792990582534 1.03493816923398 387.9323667555145
2020 9 2 23.938920086505796 1.0038900241569606 376.2943957528491
2020 9 3 23.220752483910623 0.9737733234322518 365.0055638802636
2020 9 4 22.524129909393302 0.9445601237292842 354.0553969638557
2020 9 5 21.848406012111504 0.9162233200174057 343.43373505494003
2020 9 6 21.19295383174816 0.8887366204168835 333.1307230032918
2020 9 7 20.557165216795713 0.8620745218043769 323.136801313193
2020 9 8 19.94045026029184 0.8362122861502456 313.4426972737972
2020 9 9 19.342236752483085 0.8111259175657382 304.0394163555833
2020 9 10 18.761969649908593 0.786792140038766 294.9182338649158
2020 9 11 18.199110560411334 0.763188375837603 286.0706868489683
2020 9 12 17.653137243598994 0.7402927245624749 277.48856624349924
2020 9 13 17.123543126291025 0.7180839428256006 269.16390925619424
2020 9 14 16.609836832502292 0.6965414245408326 261.08899197850843
2020 9 15 16.111541727527225 0.6756451818046075 253.25632221915316
2020 9 16 15.628195475701407 0.6553758263504693 245.65863255257855
2020 9 17 15.159349611430365 0.6357145515599553 238.28887357600118
2020 9 18 14.704569123087454 0.6166431150131566 231.14020736872115
2020 9 19 14.26343204939483 0.5981438215627619 224.20600114765952
2020 9 20 13.835529087912985 0.5801995069158791 217.47982111322972
2020 9 21 13.420463215275594 0.5627935217084027 210.95542647983282
2020 9 22 13.017849318817326 0.5459097160571506 204.62676368543782
2020 9 23 12.627313839252807 0.529532424575436 198.4879607748747
2020 9 24 12.248494424075222 0.5136464518381729 192.53332195162844
2020 9 25 11.881039591352964 0.4982370582830277 186.75732229307957
2020 9 26 11.524608403612374 0.4832899465345369 181.15460262428718
2020 9 27 11.178870151504002 0.46879124813850076 175.71996454555855
2020 9 28 10.843504046958882 0.45472751069434575 170.4483656091918
2020 9 29 10.518198925550116 0.4410856853735154 165.33491464091603
2020 9 30 10.202652957783613 0.4278531148123099 160.37486720168855
2020 10 1 9.896573369050104 0.4150175213679406 155.56362118563788
2020 10 2 9.5996761679786 0.4025669957269024 150.89671255006874
2020 10 3 9.311685882939242 0.3904899858550953 146.3698111735667
2020 10 4 9.032335306451065 0.37877528627944246 141.97871683835967
2020 10 5 8.761365247257533 0.3674120276910592 137.71935533320888
2020 10 6 8.498524289839807 0.3563896668603274 133.5877746732126
2020 10 7 8.243568561144613 0.3456979768545176 129.58014143301622
2020 10 8 7.996261504310275 0.33532703754888205 125.69273719002574
2020 10 9 7.756373659180967 0.32526722642241557 121.92195507432497
2020 10 10 7.523682449405538 0.3155092096297431 118.26429642209521
2020 10 11 7.297971975923371 0.3060439333408508 114.71636752943236
2020 10 12 7.07903281664567 0.29686261534062525 111.2748765035494
2020 10 13 6.8666618321463 0.28795673688040646 107.9366302084429
2020 10 14 6.660661977181911 0.27931803477399425 104.69853130218962
2020 10 15 6.460842117866453 0.2709384937307744 101.55757536312393
2020 10 16 6.26701685433046 0.26281033891885114 98.51084810223021
2020 10 17 6.0790063487005455 0.2549260287512856 95.5555226591633
2020 10 18 5.896636158239529 0.24727824788874703 92.6888569793884
2020 10 19 5.719737073492343 0.2398599004520846 89.90819127000675
2020 10 20 5.548144961287573 0.23266410343852206 87.21094553190655
2020 10 21 5.381700612448945 0.22568418033536639 84.59461716594934
2020 10 22 5.220249594075477 0.2189136549253054 82.05677865097086
2020 10 23 5.063642106253212 0.21234624527754623 79.59507529144173
2020 10 24 4.911732843065615 0.20597585791921982 77.20722303269848
2020 10 25 4.764380857773647 0.19979658218164323 74.89100634171753
2020 10 26 4.621449432040437 0.1938026847161939 72.644276151466
2020 10 27 4.482805949079224 0.18798860417470808 70.46494786692202
2020 10 28 4.348321770606847 0.18234894604946683 68.35099943091436
2020 10 29 4.217872117488642 0.17687847766798281 66.30046944798693
2020 10 30 4.091335953963982 0.17157212333794333 64.31145536454731
