2020 6 26 1236.4215287539976 1201.7269262536415 1271.1161312543536
2020 6 27 1256.1292153169898 1186.6260953864712 1327.6102909299002
2020 6 28 1276.4524677430738 1171.999780941011 1386.9338999073054
2020 6 29 1296.9258510194643 1157.389687287595 1448.714204712123
2020 6 30 1317.4423190739321 1142.7071234651128 1512.9277999939584
2020 7 1 1338.4414198541454 1128.3479320172253 1580.169165758145
2020 7 2 1359.3603583571107 1113.819426331917 1649.9092416250837
2020 7 3 1381.0955639564627 1099.8789211145947 1723.3211700211293
2020 7 4 1403.1783000392084 1086.112894525603 1799.9995273181478
2020 7 5 1425.3615778882506 1072.3236830769806 1879.765685941784
2020 7 6 1447.5107509304778 1058.4200415792484 1962.5591622679121
2020 7 7 1469.4806461941093 1044.3139183887592 2048.289524432328
2020 7 8 1491.430866137521 1030.144837955213 2137.272620832146
2020 7 9 1513.3279448555447 1015.9048270129273 2229.5753618871927
2020 7 10 1535.5465148791798 1001.8616601494208 2325.8643964656917
2020 7 11 1558.0912963202231 988.012616328066 2426.311881275813
2020 7 12 1580.967078590808 974.3550121259667 2531.0974079855446
2020 7 13 1604.1787214208653 960.8862012140123 2640.408324317513
2020 7 14 1627.7311558905249 947.6035738441184 2754.44006901098
2020 7 15 1651.6293854776736 934.504556343556 2873.396521249898
2020 7 16 1675.8784871208948 921.5866106162712 2997.490365181767
2020 7 17 1625.602132507268 893.939012297783 2907.565654226314
2020 7 18 1576.8340685320497 867.1208419288496 2820.3386845995246
2020 7 19 1529.5290464760883 841.107216670984 2735.728524061539
2020 7 20 1483.6431750818056 815.8740001708545 2653.6566683396927
2020 7 21 1439.1338798293514 791.3977801657288 2574.046968289502
2020 7 22 1395.959863434471 767.655846760757 2496.825559240817
2020 7 23 1354.0810675314367 744.6261713579343 2421.920792463592
2020 7 24 1313.4586355054935 722.2873862171962 2349.2631686896843
2020 7 25 1274.0548764403286 700.6187646306803 2278.7852736289938
2020 7 26 1235.8332301471187 679.6002016917598 2210.4217154201237
2020 7 27 1198.758233242705 659.212195641007 2144.10906395752
2020 7 28 1162.795486245424 639.4358297717769 2079.785792038794
2020 7 29 1127.9116216580612 620.2527548786236 2017.3922182776303
2020 7 30 1094.0742730083193 601.6451722322648 1956.8704517293013
2020 7 31 1061.2520448180696 583.5958170652968 1898.1643381774222
2020 8 1 1029.4144834735275 566.0879425533379 1841.2194080320994
2020 8 2 998.5320489693216 549.1053042767378 1785.9828257911363
2020 8 3 968.576087500242 532.6321451484356 1732.4033410174022
2020 8 4 939.5188048752348 516.6531807939825 1680.4312407868802
2020 8 5 911.3332407289777 501.15358537016306 1630.0183035632738
2020 8 6 883.9932435071083 486.11897780905815 1581.1177544563755
2020 8 7 857.4734462018951 471.5354084747864 1533.684221822684
2020 8 8 831.7492428158382 457.3893462205428 1487.6736951680036
2020 8 9 806.796765531363 443.6676658339265 1443.0434843129635
2020 8 10 782.5928625654221 430.3576358589087 1399.7521797835745
2020 8 11 759.1150766884595 417.4469067831414 1357.7596143900673
2020 8 12 736.3416243878056 404.92349957964717 1317.0268259583652
2020 8 13 714.2513756561714 392.77579459225774 1277.5160211796142
2020 8 14 692.8238343864862 380.99252075449 1239.1905405442258
2020 8 15 672.0391193548916 369.56274513185525 1202.0148243278989
2020 8 16 651.8779457742448 358.4758627778996 1165.954379598062
2020 8 17 632.3216074010174 347.72158689456256 1130.97574821012
2020 8 18 613.3519591789869 337.2899392877257 1097.0464757638163
2020 8 19 594.9514004036173 327.1712411090939 1064.1350814909017
2020 8 20 577.1028583915088 317.3561038758211 1032.2110290461746
2020 8 21 559.7897726397636 307.8354207595464 1001.2446981747894
2020 8 22 542.9960794605706 298.60035813676 971.2073572295457
2020 8 23 526.7061970767535 289.6423473926572 942.0711365126592
2020 8 24 510.90501116445085 280.9530769708775 913.8090024172794
2020 8 25 495.5778608295173 272.52448466175116 886.394732344761
2020 8 26 480.7105250046318 264.3487501218986 859.8028903744181
2020 8 27 466.28920925449285 256.41828761824166 834.0088036631855
2020 8 28 452.30053297685805 248.7257389896944 808.9885395532899
2020 8 29 438.7315169875523 241.26396682000356 784.7188833666912
2020 8 30 425.5695714779257 234.02604781540344 761.1773168656905
2020 8 31 412.8024843335879 227.00526638094132 738.3419973597198
2020 9 1 400.4184098035803 220.19510838951308 716.1917374389282
2020 9 2 388.40585750947287 213.58925513782768 694.7059853157602
2020 9 3 376.75368178418864 207.18157748369285 673.8648057562874
2020 9 4 365.45107133066296 200.96613015918206 653.6488615835988
2020 9 5 354.48753919074306 194.9371462544066 634.0393957360908
2020 9 6 343.85291301502076 189.0890318667744 615.0182138640081
2020 9 7 333.53732562457014 183.41636091077117 596.5676674480878
2020 9 8 323.53120585583304 177.91387008344805 578.6706374246452
2020 9 9 313.82526968015804 172.5764539809446 561.3105183019059
2020 9 10 304.4105115897533 167.39916036151624 544.4712027528486
2020 9 11 295.2781962420607 162.37718555067076 528.1370666702632
2020 9 12 286.4198503547989 157.50586998415062 512.2929546701553
2020 9 13 277.82725484415494 152.7806938846261 496.92416603005057
2020 9 14 269.49243719883026 148.1972730680873 482.016441049149
2020 9 15 261.4076640828653 143.75135487604467 467.55594781767456
2020 9 16 253.56543416037937 139.43881422976332 453.5292693831443
2020 9 17 245.95847113556798 135.2556498028704 439.92339130165
2020 9 18 238.57971700150094 131.19798030878428 426.72568956260045
2020 9 19 231.4223254914559 127.26204089952076 413.92391887572245
2020 9 20 224.47965572671222 123.44417967253513 401.5062013094508
2020 9 21 217.74526605491084 119.74085428235907 389.46101527016725
2020 9 22 211.21290807326352 116.1486286538883 377.7771848120622
2020 9 23 204.87652083106562 112.66416979427164 366.44386926770034
2020 9 24 198.73022520613364 109.2842447004435 355.45055318966934
2020 9 25 192.76831844994962 106.0057173594302 344.7870365939792
2020 9 26 186.98526889645112 102.82554583864729 334.4434254961598
2020 9 27 181.3757108295576 99.74077946348787 324.410122731275
2020 9 28 175.93443950467085 96.74855607958322 314.67781904933673
2020 9 29 170.65640631953073 93.84609939719573 305.23748447785664
2020 9 30 165.5367141299448 91.03071641527985 296.08035994352093
2020 10 1 160.57061270604646 88.29979492282146 287.1979491452153
2020 10 2 155.75349432486507 85.65080107513681 278.58201067085884
2020 10 3 151.08088949511912 83.0812770428827 270.22455035073307
2020 10 4 146.54846281026553 80.58883873159623 262.11781384021106
2020 10 5 142.15200892595757 78.17117356964833 254.2542794250047
2020 10 6 137.88744865817884 75.82603836255888 246.62665104225457
2020 10 7 133.75082519843346 73.55125721168211 239.2278515109869
2020 10 8 129.73830044248047 71.34471949533165 232.05101596565729
2020 10 9 125.84615142920605 69.20437791047169 225.08948548668755
2020 10 10 122.07076688632986 67.12824657315754 218.33680092208692
2020 10 11 118.40864387973997 65.11439917596282 211.7866968944243
2020 10 12 114.85638456334777 63.16096720068393 205.43309598759157
2020 10 13 111.41069302644733 61.26613818466341 199.27010310796382
2020 10 14 108.06837223565391 59.428154039123505 193.2920000147249
2020 10 15 104.82632106858429 57.6453094179498 187.49324001428315
2020 10 16 101.68153143652675 55.9159501354113 181.86844281385464
2020 10 17 98.63108549343094 54.23847163134896 176.412389529439
2020 10 18 95.67215292862801 52.61131748240849 171.12001784355581
2020 10 19 92.80198834076917 51.03297795793623 165.98641730824914
2020 10 20 90.0179286905461 49.501988619198144 161.00682478900166
2020 10 21 87.31739082982972 48.016928960622195 156.1766200453316
2020 10 22 84.69786910493482 46.576421091803525 151.49132144397163
2020 10 23 82.15693303178678 45.179128459049416 146.94658180065247
2020 10 24 79.69222504083318 43.823754605277934 142.5381843466329
2020 10 25 77.30145828960818 42.50904196711959 138.2620388162339
2020 10 26 74.98241454091993 41.23377070810601 134.1141776517469
2020 10 27 72.73294210469233 39.99675758686283 130.09075232219448
2020 10 28 70.55095384155156 38.79685485925694 126.18802975252864
2020 10 29 68.43442522630501 37.63294921347923 122.40238885995278
2020 10 30 66.38139246951586 36.50396073707485 118.7303171941542
