2020 6 26 26.8121910495194 24.826450317837214 28.797931781201584
2020 6 27 26.432890648162466 22.664326497696678 30.491146421187025
2020 6 28 26.10923784071827 20.733614088044764 32.34191756904381
2020 6 29 25.789547942255943 18.967373824042653 34.30502801022932
2020 6 30 25.47377242964442 17.351594770369573 36.38729658717053
2020 7 1 25.161863373885428 15.873459545225847 38.59595603676236
2020 7 2 24.829841436485786 14.506145051607296 40.9019686586814
2020 7 3 24.525816878737633 13.270405958711894 43.38466256721312
2020 7 4 24.202187856697925 12.127314350241072 45.97678852420196
2020 7 5 23.882829263016394 11.08268683016527 48.723787576411624
2020 7 6 23.544969268349394 10.11750087406256 51.58857075135387
2020 7 7 23.174565276783547 9.220334214083726 54.54001450053401
2020 7 8 22.789416016585324 8.3945385489252 57.611897955649525
2020 7 9 22.41825416591092 7.645497641608821 60.87597915520389
2020 7 10 22.053137275725884 6.963293318288495 64.32499135782096
2020 7 11 21.693966894243616 6.341961780569998 67.96941208345288
2020 7 12 21.340646173121286 5.7760713771133165 71.82031247033392
2020 7 13 20.993079841345217 5.260675120389822 75.88939090723947
2020 7 14 20.65117417954157 4.791267440347895 80.1890085712269
2020 7 15 20.314836994705423 4.363744796929561 84.7322269788159
2020 7 16 19.983977595341425 3.9743698071145763 89.53284766468249
2020 7 17 19.384458267481183 3.8551387129011387 86.84686223474202
2020 7 18 18.802924519456745 3.7394845515141046 84.24145636769975
2020 7 19 18.238836783873044 3.6273000149686814 81.71421267666877
2020 7 20 17.69167168035685 3.518481014519621 79.2627862963687
2020 7 21 17.160921529946144 3.4129265840840324 76.88490270747764
2020 7 22 16.646093884047758 3.3105387865615112 74.5783556262533
2020 7 23 16.146711067526326 3.211222622964666 72.3410049574657
2020 7 24 15.662309735500536 3.1148859442757257 70.17077480874173
2020 7 25 15.192440443435519 3.021439365947454 68.06565156447947
2020 7 26 14.736667230132452 2.9307961849690303 66.02368201754508
2020 7 27 14.29456721322848 2.8428722994199593 64.04297155701873
2020 7 28 13.865730196831624 2.7575861304373603 62.12168241030817
2020 7 29 13.449758290926676 2.6748585465242396 60.25803193799892
2020 7 30 13.046265542198874 2.5946127901285125 58.450290979858956
2020 7 31 12.654877575932908 2.516774406424657 56.69678225046319
2020 8 1 12.27523124865492 2.4412711742319173 54.99587878294929
2020 8 2 11.906974311195272 2.3680330390049598 53.34600241946081
2020 8 3 11.549765081859414 2.2969920478348107 51.745622346876985
2020 8 4 11.203272129403631 2.2280822863997662 50.193253676470675
2020 8 5 10.867173965521522 2.161239817807773 48.68745606617655
2020 8 6 10.541158746555876 2.0964026232735398 47.226832384191255
2020 8 7 10.224923984159199 2.0335105445753334 45.81002741266552
2020 8 8 9.918176264634424 1.9725052282380733 44.435726590285554
2020 8 9 9.620630976695391 1.9133300713909311 43.102654792576985
2020 8 10 9.33201204739453 1.8559301692492032 41.809575148799674
2020 8 11 9.052051685972694 1.8002522641717271 40.555287894335684
2020 8 12 8.780490135393514 1.7462446962465752 39.338629257505616
2020 8 13 8.517075431331708 1.6938573553591778 38.15847037978045
2020 8 14 8.261563168391756 1.6430416346984025 37.01371626838703
2020 8 15 8.013716273340004 1.5937503856574504 35.90330478033542
2020 8 16 7.773304785139803 1.5459378740877268 34.82620563692535
2020 8 17 7.540105641585609 1.4995597378650949 33.78141946781759
2020 8 18 7.31390247233804 1.454572945729142 32.767976883783064
2020 8 19 7.094485398167899 1.4109357573572678 31.78493757726957
2020 8 20 6.881650836222862 1.3686076846365498 30.831389449951484
2020 8 21 6.675201311136176 1.3275494540974533 29.90644776645294
2020 8 22 6.47494527180209 1.2877229704745297 29.00925433345935
2020 8 23 6.280696913648027 1.2490912813602937 28.13897670345557
2020 8 24 6.092276006238587 1.2116185429194848 27.2948074023519
2020 8 25 5.909507726051428 1.1752699866319003 26.475963180281344
2020 8 26 5.732222494269886 1.1400118870329432 25.6816842848729
2020 8 27 5.560255819441789 1.105811530421955 24.911233756326713
2020 8 28 5.393448144858535 1.0726371845092961 24.16389674363691
2020 8 29 5.231644700512779 1.0404580689740173 23.438979841327804
2020 8 30 5.074695359497395 1.0092443269047968 22.735810446087967
2020 8 31 4.922454498712472 0.9789669970976529 22.05373613270533
2020 9 1 4.774780863751098 0.9495979871847233 21.392124048724167
2020 9 2 4.631537437838565 0.9211100475691816 20.75036032726244
2020 9 3 4.492591314703408 0.8934767461421061 20.127849517444567
2020 9 4 4.3578135752623055 0.8666724437578429 19.52401403192123
2020 9 5 4.227079168004436 0.8406722704451076 18.93829361096359
2020 9 6 4.100266792964303 0.8154521023317544 18.370144802634684
2020 9 7 3.9772587891753735 0.7909885392618017 17.819040458555644
2020 9 8 3.857941025500112 0.7672588830839476 17.284469244798974
2020 9 9 3.7422027947351086 0.7442411165914292 16.765935167455005
2020 9 10 3.6299367108930554 0.7219138830936863 16.262957112431355
2020 9 11 3.5210386095662636 0.7002564666008757 15.775068399058414
2020 9 12 3.4154074512792754 0.6792487726028494 15.30181634708666
2020 9 13 3.312945227740897 0.6588713094247639 14.842761856674061
2020 9 14 3.2135568709086697 0.639105170142021 14.397479000973838
2020 9 15 3.1171501647814095 0.6199320150377603 13.965554630944624
2020 9 16 3.023635659837967 0.6013340545866275 13.546587992016285
2020 9 17 2.932926590042828 0.5832940329490286 13.140190352255797
2020 9 18 2.844938792341543 0.5657952119605577 12.745984641688123
2020 9 19 2.7595906285712966 0.548821355601741 12.363605102437479
2020 9 20 2.6768029097141577 0.5323567149336887 11.992696949364355
2020 9 21 2.596498822422733 0.516386013485678 11.632916040883424
2020 9 22 2.518603857750051 0.5008944330811077 11.283928559656921
2020 9 23 2.4430457420175493 0.48586760008867447 10.945410702867214
2020 9 24 2.3697543697570227 0.47129157208601424 10.617048381781197
2020 9 25 2.298661738664312 0.4571528249234338 10.298536930327762
2020 9 26 2.2297018865043827 0.44343824017573075 9.98958082241793
2020 9 27 2.162810829909251 0.4301350929704588 9.689893397745392
2020 9 28 2.0979265050119733 0.41723104018134505 9.399196595813029
2020 9 29 2.034988709861614 0.4047141089759047 9.117220697938638
2020 9 30 1.9739390485657657 0.39257268570662757 8.84370407700048
2020 10 1 1.9147208771087927 0.3807955051354287 8.578392954690464
2020 10 2 1.857279250795529 0.36937163998136585 8.321041166049751
2020 10 3 1.801560873271663 0.3582904907819249 8.071409931068258
2020 10 4 1.747514047073513 0.34754177605846714 7.82926763313621
2020 10 5 1.6950886256613076 0.33711552277671314 7.5943896041421235
2020 10 6 1.6442359668914683 0.32700205709341174 7.36655791601786
2020 10 7 1.5949088878847242 0.3171919953806094 7.145561178537324
2020 10 8 1.5470616212481825 0.3076762355191911 6.931194343181204
2020 10 9 1.500649772610737 0.2984459484536154 6.723258512885768
2020 10 10 1.455630279432415 0.2894925700000069 6.521560757499195
2020 10 11 1.4119613710494425 0.2808077929000067 6.325913934774219
2020 10 12 1.3696025299179593 0.2723835591130065 6.136136516730992
2020 10 13 1.3285144540204206 0.2642120523396163 5.9520524212290615
2020 10 14 1.2886590203998078 0.2562856907694278 5.773490848592189
2020 10 15 1.2499992497878136 0.24859712004634496 5.600286123134423
2020 10 16 1.2124992722941792 0.2411392064449546 5.43227753944039
2020 10 17 1.1761242941253538 0.23390503025160594 5.269309213257178
2020 10 18 1.1408405653015932 0.22688787934405777 5.111229936859463
2020 10 19 1.1066153483425454 0.22008124296373602 4.957893038753679
2020 10 20 1.073416887892269 0.21347880567482394 4.809156247591068
2020 10 21 1.0412143812555008 0.2070744415045792 4.664881560163336
2020 10 22 1.0099779498178358 0.20086220825944182 4.524935113358437
2020 10 23 0.9796786113233007 0.19483634201165856 4.389187059957683
2020 10 24 0.9502882529836016 0.1889912517513088 4.257511448158953
2020 10 25 0.9217796053940935 0.18332151419876952 4.129786104714184
2020 10 26 0.8941262172322707 0.17782186877280642 4.0058925215727585
2020 10 27 0.8673024307153026 0.17248721270962222 3.885715745925576
2020 10 28 0.8412833577938434 0.16731259632833356 3.7691442735478082
2020 10 29 0.8160448570600282 0.16229321843848354 3.656069945341374
2020 10 30 0.7915635113482273 0.15742442188532904 3.546387846981133
