2020 6 26 133.7457207000434 120.32085940659637 147.1705819934904
2020 6 27 131.3723855512607 106.33391805812107 159.05560147531278
2020 6 28 129.22360728236103 94.12058684493994 172.1213030884175
2020 6 29 126.99033683942343 83.22291869645036 186.10093907939643
2020 6 30 124.73687685282172 73.54850240324059 201.12984809493526
2020 7 1 122.5234048057562 64.9987081742449 217.372443120414
2020 7 2 120.23577588713282 57.3826246229003 234.72548868453154
2020 7 3 118.21349373618916 50.76519177450301 253.8984735237359
2020 7 4 116.22522496493929 44.91088919055116 274.6375573396833
2020 7 5 114.27039749198612 39.731711776946426 297.07066314621466
2020 7 6 112.24265447775291 35.11301868383336 321.0611276204723
2020 7 7 110.06903919702158 30.974345011303402 346.46880311455806
2020 7 8 107.83051678777508 27.293374611346724 373.55034690722624
2020 7 9 105.48028451154778 24.010049770985027 402.20400321412603
2020 7 10 103.1812769898405 21.121700713605275 433.05557481290435
2020 7 11 100.9323777476979 18.580812838390504 466.27365560231306
2020 7 12 98.73249464442134 16.34558743240364 502.03977169136755
2020 7 13 96.58055934318882 14.379254063542634 540.549373381047
2020 7 14 94.47552679223492 12.649465690906808 582.0129032372173
2020 7 15 92.41637471733861 11.127766541876294 626.6569460914511
2020 7 16 90.40210312537282 9.789124002250615 674.7254672541295
2020 7 17 87.69004003161163 9.495450282183096 654.4837032365056
2020 7 18 85.05933883066328 9.210586773717603 634.8491921394104
2020 7 19 82.50755866574337 8.934269170506075 615.8037163752281
2020 7 20 80.03233190577107 8.666241095390893 597.3296048839712
2020 7 21 77.63136194859794 8.406253862529166 579.4097167374521
2020 7 22 75.30242109014 8.15406624665329 562.0274252353285
2020 7 23 73.0433484574358 7.909444259253691 545.1666024782686
2020 7 24 70.85204800371272 7.67216093147608 528.8116044039206
2020 7 25 68.72648656360134 7.441996103531798 512.947256271803
2020 7 26 66.6646919666933 7.218736220425844 497.5588385836489
2020 7 27 64.66475120769249 7.002174133813068 482.6320734261394
2020 7 28 62.724808671461716 6.792108909798676 468.1531112233552
2020 7 29 60.84306441131786 6.5883456425047155 454.10851788665457
2020 7 30 59.01777247897832 6.390695273229574 440.48526235005494
2020 7 31 57.247239304608975 6.198974415032687 427.2707044795533
2020 8 1 55.5298221254707 6.013005182581706 414.45258334516666
2020 8 2 53.86392746170658 5.8326150271042545 402.01900584481166
2020 8 3 52.24800963785538 5.657636576291127 389.9584356694673
2020 8 4 50.68056934871972 5.487907479002393 378.25968259938327
2020 8 5 49.16015226825813 5.323270254632321 366.91189212140176
2020 8 6 47.685347700210386 5.163572146993352 355.9045353577597
2020 8 7 46.25478726920407 5.008664982583551 345.2273992970269
2020 8 8 44.86714365112795 4.858405033106044 334.8705773181161
2020 8 9 43.521129341594104 4.712652882112863 324.8244599985726
2020 8 10 42.21549546134628 4.571273295649477 315.0797261986154
2020 8 11 40.94903059750589 4.434135096779992 305.6273344126569
2020 8 12 39.72055967958071 4.301111043876593 296.4585143802772
2020 8 13 38.52894288919329 4.172077712560295 287.56475894886887
2020 8 14 37.37307460251749 4.046915381183486 278.9378161804028
2020 8 15 36.25188236444197 3.9255079197479814 270.5696816949907
2020 8 16 35.16432589350871 3.807742682155542 262.452591244141
2020 8 17 34.10939611670345 3.6935104016908755 254.57901350681675
2020 8 18 33.086114233202345 3.5827050896401493 246.94164310161224
2020 8 19 32.093530806206275 3.4752239369509446 239.53339380856386
2020 8 20 31.130724882020086 3.370967218842416 232.34739199430695
2020 8 21 30.19680313555948 3.2698382022771435 225.37697023447774
2020 8 22 29.290899041492697 3.171743056208829 218.6156611274434
2020 8 23 28.412172070247916 3.076590764522564 212.0571912936201
2020 8 24 27.559806908140477 2.984293041586887 205.69547555481148
2020 8 25 26.73301270089626 2.8947642503392803 199.52461128816714
2020 8 26 25.93102231986937 2.807921322829102 193.53887294952213
2020 8 27 25.15309165027329 2.723683683144229 187.73270676103647
2020 8 28 24.39849890076509 2.641973172649902 182.10072555820537
2020 8 29 23.666543933742137 2.562713977470405 176.63770379145922
2020 8 30 22.95654761572987 2.485832558146293 171.33857267771543
2020 8 31 22.267851187257975 2.411257581401904 166.19841549738396
2020 9 1 21.599815651640235 2.3389198539598466 161.21246303246244
2020 9 2 20.951821182091027 2.2687522583410513 156.37608914148856
2020 9 3 20.323266546628297 2.2006896905908198 151.6848064672439
2020 9 4 19.713568550229446 2.134668999873095 147.13426227322657
2020 9 5 19.12216149372256 2.0706289298769023 142.72023440502977
2020 9 6 18.548496648910884 2.008510061980595 138.43862737287887
2020 9 7 17.99204174944356 1.9482547601211773 134.2854685516925
2020 9 8 17.452280496960253 1.889807117317542 130.25690449514173
2020 9 9 16.928712082051444 1.8331129037980156 126.34919736028748
2020 9 10 16.4208507195899 1.778119516684075 122.55872143947884
2020 9 11 15.928225198002202 1.7247759311835529 118.88195979629448
2020 9 12 15.450378442062137 1.6730326532480462 115.31550100240564
2020 9 13 14.986867088800272 1.6228416736506048 111.85603597233347
2020 9 14 14.537261076136264 1.5741564234410867 108.50035489316346
2020 9 15 14.101143243852176 1.526931730737854 105.24534424636856
2020 9 16 13.67810894653661 1.4811237788157183 102.0879839189775
2020 9 17 13.267765678140512 1.4366900654512467 99.02534440140818
2020 9 18 12.869732707796295 1.3935893634877092 96.05458406936593
2020 9 19 12.483640726562406 1.351781682583078 93.17294654728495
2020 9 20 12.109131504765534 1.3112282321055855 90.3777581508664
2020 9 21 11.745857559622568 1.2718913851424178 87.66642540634041
2020 9 22 11.39348183283389 1.2337346435881453 85.0364326441502
2020 9 23 11.051677377848874 1.196722604280501 82.48533966482569
2020 9 24 10.720127056513407 1.1608209261520859 80.01077947488092
2020 9 25 10.398523244818005 1.1259962983675234 77.61045609063449
2020 9 26 10.086567547473464 1.0922164094164977 75.28214240791544
2020 9 27 9.78397052104926 1.0594499171340026 73.02367813567798
2020 9 28 9.490451405417783 1.0276664196199825 70.83296779160764
2020 9 29 9.20573786325525 0.996836427031383 68.70797875785941
2020 9 30 8.929565727357591 0.9669313342204414 66.64673939512362
2020 10 1 8.661678755536864 0.9379233941938282 64.6473372132699
2020 10 2 8.401828392870758 0.9097856923680133 62.70791709687181
2020 10 3 8.149773541084635 0.8824921215969729 60.82667958396566
2020 10 4 7.905280334852096 0.8560173579490636 59.00187919644669
2020 10 5 7.668121924806533 0.8303368372105917 57.23182282055328
2020 10 6 7.438078267062337 0.805426732094274 55.51486813593668
2020 10 7 7.2149359190504665 0.7812639301314457 53.84942209185858
2020 10 8 6.998487841478952 0.7578260122275023 52.23393942910282
2020 10 9 6.788533206234583 0.7350912318606773 50.666921246229734
2020 10 10 6.584877210047545 0.7130384949048569 49.14691360884284
2020 10 11 6.387330893746118 0.6916473400577112 47.67250620057755
2020 10 12 6.195710966933735 0.6708979198559799 46.24233101456022
2020 10 13 6.009839637925722 0.6507709822603005 44.85506108412341
2020 10 14 5.82954444878795 0.6312478527924915 43.509409251599706
2020 10 15 5.654658115324311 0.6123104172087167 42.20412697405171
2020 10 16 5.485018371864582 0.5939411046924552 40.93800316483016
2020 10 17 5.320467820708644 0.5761228715516815 39.70986306988525
2020 10 18 5.160853786087385 0.558839185405131 38.5185671777887
2020 10 19 5.006028172504763 0.542074009842977 37.36301016245503
2020 10 20 4.85584732732962 0.5258117895476877 36.24211985758138
2020 10 21 4.710171907509731 0.510037435861257 35.154856261853936
2020 10 22 4.568866750284439 0.4947363127854193 34.10021057399832
2020 10 23 4.431800747775906 0.4798942234018567 33.077204256778366
2020 10 24 4.298846725342629 0.465497396699801 32.08488812907501
2020 10 25 4.1698813235823495 0.451532474798807 31.12234148520276
2020 10 26 4.044784883874879 0.4379865005548428 30.188671240646677
2020 10 27 3.9234413373586325 0.4248469055381975 29.283011103427278
2020 10 28 3.8057380972378736 0.41210149837205157 28.40452077032446
2020 10 29 3.6915659543207373 0.39973845342089 27.552385147214725
2020 10 30 3.5808189756911153 0.38774629981826325 26.725813592798282
