2020 6 26 21.941745709172576 20.877476209332695 23.00601520901246
2020 6 27 20.9314700491635 18.949956968494266 23.011495658260532
2020 6 28 20.04655573024386 17.271777226731285 23.103657127331534
2020 6 29 19.167959784061235 15.715425423728723 23.160353112035594
2020 6 30 18.28539904898834 14.264494066965522 23.16587032736579
2020 7 1 17.43942292021161 12.944359705357945 23.166255844474914
2020 7 2 16.582351813778732 11.709113497294215 23.099911094738527
2020 7 3 15.796796067237185 10.612499301967366 23.074703526652762
2020 7 4 15.037953856331535 9.611533802699594 23.034185029794234
2020 7 5 14.288908244273467 8.687941336366599 22.95290700898583
2020 7 6 13.545511986587318 7.833848373031058 22.82105753583028
2020 7 7 12.822783538533109 7.0533046850290955 22.659625791205563
2020 7 8 12.114750364087158 6.337404370022742 22.457160922226798
2020 7 9 11.416687388830042 5.678931124931033 22.202515712793637
2020 7 10 10.758847439452959 5.088875009185301 21.950757964643397
2020 7 11 10.13891282848602 4.560127300262899 21.701854936407493
2020 7 12 9.55469941572712 4.086317890902986 21.455774257976767
2020 7 13 9.004148913126444 3.66173854500754 21.212483926291718
2020 7 14 8.485321633070576 3.281274127459279 20.971952301180465
2020 7 15 7.99638965451708 2.940340979345231 20.73414810124392
2020 7 16 7.535630382902653 2.6348316961592126 20.4990403997876
2020 7 17 7.309561471415573 2.5557867452744363 19.884069187793973
2020 7 18 7.090274627273105 2.479113142916203 19.28754711216015
2020 7 19 6.877566388454912 2.404739748628717 18.708920698795346
2020 7 20 6.671239396801264 2.3325975561698553 18.147653077831485
2020 7 21 6.4711022148972255 2.26261962948476 17.60322348549654
2020 7 22 6.276969148450308 2.194741040600217 17.075126780931644
2020 7 23 6.088660073996799 2.1288988093822105 16.562872977503694
2020 7 24 5.906000271776895 2.0650318451007443 16.065986788178584
2020 7 25 5.728820263623588 2.003080889747722 15.584007184533226
2020 7 26 5.55695565571488 1.9429884630552903 15.11648696899723
2020 7 27 5.390246986043434 1.8846988091636314 14.662992359927312
2020 7 28 5.228539576462131 1.8281578448887223 14.223102589129493
2020 7 29 5.071683389168267 1.7733131095420607 13.796409511455607
2020 7 30 4.919532887493219 1.720113716255799 13.382517226111938
2020 7 31 4.771946900868422 1.668510304768125 12.98104170932858
2020 8 1 4.62878849384237 1.618454995625081 12.591610458048722
2020 8 2 4.489924839027099 1.5699013457563287 12.21386214430726
2020 8 3 4.355227093856286 1.5228043053836389 11.847446279978042
2020 8 4 4.224570281040597 1.4771201762221298 11.492022891578701
2020 8 5 4.097833172609379 1.4328065709354658 11.147262204831339
2020 8 6 3.9748981774310974 1.3898223738074018 10.812844338686398
2020 8 7 3.855651232108164 1.3481277025931797 10.488459008525806
2020 8 8 3.739981695144919 1.3076838715153842 10.173805238270033
2020 8 9 3.6277822442905716 1.2684533553699227 9.86859108112193
2020 8 10 3.5189487769618544 1.230399754708825 9.572533348688273
2020 8 11 3.4133803136529988 1.1934877620675601 9.285357348227624
2020 8 12 3.3109789042434086 1.1576831292055334 9.006796627780796
2020 8 13 3.2116495371161062 1.1229526353293673 8.736592728947372
2020 8 14 3.115300051002623 1.0892640562694862 8.47449494707895
2020 8 15 3.021841049472544 1.0565861345814016 8.220260098666582
2020 8 16 2.931185817988368 1.0248885505439596 7.973652295706584
2020 8 17 2.8432502434487166 0.9941418940276407 7.734442726835386
2020 8 18 2.757952736145255 0.9643176372068115 7.502409445030325
2020 8 19 2.6752141540608974 0.9353881080906071 7.277337161679415
2020 8 20 2.5949577294390704 0.9073264648478889 7.059017046829032
2020 8 21 2.5171089975558982 0.8801066709024522 6.847246535424161
2020 8 22 2.4415957276292213 0.8537034707753786 6.641829139361437
2020 8 23 2.368347855800345 0.8280923666521172 6.4425742651805935
2020 8 24 2.2972974201263345 0.8032495956525536 6.249297037225175
2020 8 25 2.2283784975225442 0.7791521077829769 6.061818126108419
2020 8 26 2.161527142596868 0.7557775445494876 5.879963582325167
2020 8 27 2.096681328318962 0.733104218213003 5.703564674855412
2020 8 28 2.0337808884693933 0.7111110916666129 5.532457734609749
2020 8 29 1.9727674618153115 0.6897777589166145 5.366484002571457
2020 8 30 1.913584437960852 0.6690844261491161 5.205489482494313
2020 8 31 1.8561769048220265 0.6490118933646426 5.049324798019484
2020 9 1 1.8004915976773657 0.6295415365637033 4.897845054078899
2020 9 2 1.7464768497470446 0.6106552904667921 4.750909702456532
2020 9 3 1.6940825442546332 0.5923356317527884 4.608382411382836
2020 9 4 1.6432600679269942 0.5745655628002047 4.470130939041351
2020 9 5 1.5939622658891843 0.5573285959161985 4.33602701087011
2020 9 6 1.5461433979125088 0.5406087380387126 4.205946200544006
2020 9 7 1.4997590959751335 0.5243904758975512 4.079767814527686
2020 9 8 1.4547663230958794 0.5086587616206246 3.957374780091855
2020 9 9 1.4111233334030029 0.4933989987720059 3.8386535366890993
2020 9 10 1.3687896334009129 0.4785970288088457 3.7234939305884263
2020 9 11 1.3277259443988854 0.4642391179445803 3.6117891126707735
2020 9 12 1.2878941660669188 0.45031194440624284 3.50343543929065
2020 9 13 1.2492573410849113 0.43680258607405553 3.3983323761119304
2020 9 14 1.211779620852364 0.4236985084918339 3.2963824048285724
2020 9 15 1.175426232226793 0.41098755323707886 3.1974909326837153
2020 9 16 1.1401634452599891 0.39865792663996646 3.1015662047032038
2020 9 17 1.1059585419021893 0.38669818884076745 3.0085192185621077
2020 9 18 1.0727797856451236 0.37509724317554444 2.9182636420052446
2020 9 19 1.04059639207577 0.3638443258802781 2.8307157327450874
2020 9 20 1.0093785003134967 0.35292899610386974 2.7457942607627346
2020 9 21 0.9790971453040919 0.34234112622075363 2.6634204329398523
2020 9 22 0.949724230944969 0.332070892434131 2.583517819951657
2020 9 23 0.9212325040166199 0.3221087656611071 2.506012285353107
2020 9 24 0.8935955288961213 0.31244550269127386 2.430831916792514
2020 9 25 0.8667876630292376 0.30307213761053564 2.3579069592887385
2020 9 26 0.8407840331383605 0.29397997348221955 2.2871697505100763
2020 9 27 0.8155605121442097 0.28516057427775293 2.218554657994774
2020 9 28 0.7910936967798834 0.2766057570494203 2.1519980182549308
2020 9 29 0.7673608858764869 0.26830758433793767 2.087438077707283
2020 9 30 0.7443400593001922 0.2602583568077995 2.0248149353760643
2020 10 1 0.7220098575211864 0.2524506061035655 1.9640704873147823
2020 10 2 0.7003495617955507 0.24487708792045854 1.9051483726953389
2020 10 3 0.6793390749416842 0.23753077528284477 1.8479939215144787
2020 10 4 0.6589589026934337 0.23040485202435942 1.7925541038690442
2020 10 5 0.6391901356126307 0.22349270646362865 1.7387774807529728
2020 10 6 0.6200144315442517 0.2167879252697198 1.6866141563303836
2020 10 7 0.6014139985979242 0.2102842875116282 1.636015731640472
2020 10 8 0.5833715786399865 0.20397575888627933 1.5869352596912578
2020 10 9 0.5658704312807868 0.19785648611969095 1.53932720190052
2020 10 10 0.5488943183423632 0.19192079153610023 1.4931473858435043
2020 10 11 0.5324274887920923 0.1861631677900172 1.4483529642681992
2020 10 12 0.5164546641283295 0.1805782727563167 1.404902375340153
2020 10 13 0.5009610242044796 0.17516092457362717 1.3627553040799485
2020 10 14 0.4859321934783452 0.16990609683641836 1.32187264495755
2020 10 15 0.4713542276739948 0.1648089139313258 1.2822164656088235
2020 10 16 0.45721360084377494 0.15986464651338603 1.2437499716405587
2020 10 17 0.44349719281846167 0.15506870711798446 1.2064374724913418
2020 10 18 0.43019227703390783 0.15041664590444492 1.1702443483166016
2020 10 19 0.4172865087228906 0.14590414652731157 1.1351370178671036
2020 10 20 0.40476791346120383 0.1415270221314922 1.1010829073310906
2020 10 21 0.39262487605736773 0.13728121146754743 1.0680504201111578
2020 10 22 0.3808461297756467 0.133162775123521 1.0360089075078232
2020 10 23 0.3694207458823773 0.12916789186981537 1.0049286402825883
2020 10 24 0.35833812350590594 0.1252928551137209 0.9747807810741107
2020 10 25 0.34758797980072875 0.12153406946030927 0.9455373576418874
2020 10 26 0.3371603404067069 0.1178880473765 0.9171712369126308
2020 10 27 0.32704553019450566 0.11435140595520499 0.8896560998052518
2020 10 28 0.31723416428867046 0.11092086377654883 0.8629664168110943
2020 10 29 0.3077171393600103 0.10759323786325237 0.8370774243067615
2020 10 30 0.29848562517921 0.10436544072735479 0.8119651015775586
