2020 6 26 261.197814889763 246.0566116606499 276.339018118876
2020 6 27 251.45027808012395 223.1480011978587 281.4418410482199
2020 6 28 241.93428418527725 202.25491208937834 286.49089957418624
2020 6 29 232.93499329787858 183.44891453538443 291.8159499056579
2020 6 30 224.53426627501264 166.59929841985485 297.5704794738248
2020 7 1 216.47102103957565 151.32291151275072 303.48422507636946
2020 7 2 209.02831213810262 137.67866671262848 309.9795148068141
2020 7 3 201.8042966897806 125.2401712049639 316.55865065805534
2020 7 4 194.78586420363422 113.89806855517395 323.20828084551334
2020 7 5 188.24158472268056 103.71766455362773 330.37933693896963
2020 7 6 182.13798612884258 94.5688651385234 338.0970388931267
2020 7 7 176.2904938617996 86.25728847076128 346.10306495979853
2020 7 8 170.72756946001684 78.72358994900205 354.488784098888
2020 7 9 165.35758806315957 71.85590790708709 363.1138140075246
2020 7 10 160.15651143249676 65.58734814426782 371.94869862599063
2020 7 11 155.1190269201932 59.86564448061366 380.99854390750653
2020 7 12 150.23998897983805 54.643090328884604 390.26858003771184
2020 7 13 145.51441391051853 49.87614092516048 399.76416445735146
2020 7 14 140.93747476621078 45.52505026004166 409.49078495850654
2020 7 15 136.50449642528832 41.55353968321579 419.4540628561591
2020 7 16 132.21095081511177 37.92849541827193 429.65975623692424
2020 7 17 128.2446222906584 36.79064055572377 416.7699635498165
2020 7 18 124.39728362193866 35.686921339052056 404.266864643322
2020 7 19 120.66536511328049 34.6163136988805 392.1388587040223
2020 7 20 117.04540415988207 33.57782428791408 380.3746929429016
2020 7 21 113.5340420350856 32.57048955927666 368.9634521546146
2020 7 22 110.12802077403303 31.59337487249836 357.8945485899761
2020 7 23 106.82418015081204 30.645573626323408 347.15771213227686
2020 7 24 103.61945474628767 29.726206417533707 336.74298076830854
2020 7 25 100.51087110389904 28.834420225007694 326.64069134525926
2020 7 26 97.49554497078206 27.969387618257464 316.8414706049015
2020 7 27 94.5706786216586 27.13030598970974 307.3362264867544
2020 7 28 91.73355826300885 26.316396810018446 298.11613969215176
2020 7 29 88.98155151511858 25.526904905717892 289.1726555013872
2020 7 30 86.31210496966503 24.761097758546356 280.4974758363456
2020 7 31 83.72274182057508 24.018264825789963 272.08255156125523
2020 8 1 81.21105956595783 23.297716881016264 263.9200750144176
2020 8 2 78.77472777897908 22.598785374585777 256.00247276398505
2020 8 3 76.41148594560971 21.9208218133482 248.3223985810655
2020 8 4 74.11914136724143 21.263197158947754 240.87272662363353
2020 8 5 71.89556712622418 20.625301244179322 233.64654482492452
2020 8 6 69.73870011243746 20.006542206853943 226.6371484801768
2020 8 7 67.64653910906434 19.406345940648325 219.8380340257715
2020 8 8 65.6171429357924 18.824155562428874 213.24289300499834
2020 8 9 63.648628647718624 18.259430895556008 206.84560621484837
2020 8 10 61.739169788287064 17.711647968689327 200.6402380284029
2020 8 11 59.88699469463845 17.180298529628647 194.6210308875508
2020 8 12 58.0903848537993 16.66488957373979 188.78239996092427
2020 8 13 56.34767330818532 16.164942886527594 183.11892796209654
2020 8 14 54.65724310893976 15.679994599931765 177.62536012323363
2020 8 15 53.01752581567157 15.209594761933811 172.29659931953663
2020 8 16 51.42700004120142 14.753306919075797 167.12770133995053
2020 8 17 49.884190039965375 14.310707711503523 162.11387029975202
2020 8 18 48.38766433876641 13.881386480158417 157.25045419075946
2020 8 19 46.93603440860342 13.464944885753663 152.53294056503665
2020 8 20 45.527953376345316 13.060996539181053 147.95695234808554
2020 8 21 44.16211477505495 12.669166643005621 143.51824377764297
2020 8 22 42.8372513318033 12.289091643715452 139.21269646431367
2020 8 23 41.5521337918492 11.920418894403987 135.03631557038426
2020 8 24 40.30556977809373 11.562806327571867 130.98522610327274
2020 8 25 39.09640268475091 11.21592213774471 127.05566932017454
2020 8 26 37.92351060420838 10.879444473612368 123.24399924056931
2020 8 27 36.78580528608213 10.553061139403997 119.54667926335223
2020 8 28 35.68223112749966 10.236469305221878 115.96027888545166
2020 8 29 34.611764193674674 9.92937522606522 112.4814705188881
2020 8 30 33.57341126786443 9.631493969283264 109.10702640332146
2020 8 31 32.5662089298285 9.342549150204766 105.83381561122181
2020 9 1 31.589222661933643 9.062272675698622 102.65880114288515
2020 9 2 30.641545982075634 8.790404495427664 99.5790371085986
2020 9 3 29.722299602613365 8.526692360564834 96.59166599534063
2020 9 4 28.830630614534964 8.270891589747889 93.69391601548041
2020 9 5 27.965711696098914 8.022764842055452 90.883098535016
2020 9 6 27.126740345215946 7.7820818967937875 88.15660557896553
2020 9 7 26.31293813485947 7.548619439889974 85.51190741159655
2020 9 8 25.523549990813684 7.322160856693275 82.94655018924865
2020 9 9 24.75784349108927 7.1024960309924765 80.4581536835712
2020 9 10 24.015108186356592 6.889421150062702 78.04440907306406
2020 9 11 23.294654940765895 6.682738515560821 75.70307680087214
2020 9 12 22.595815292542916 6.482256360093996 73.43198449684597
2020 9 13 21.91794083376663 6.287788669291176 71.2290249619406
2020 9 14 21.26040260875363 6.099155009212441 69.09215421308238
2020 9 15 20.62259053049102 5.916180358936067 67.01938958668991
2020 9 16 20.00391281457629 5.738694948167985 65.0088078990892
2020 9 17 19.403795430139 5.566534099722945 63.05854366211653
2020 9 18 18.82168156723483 5.399538076731257 61.16678735225303
2020 9 19 18.257031120217786 5.237551934429319 59.33178373168544
2020 9 20 17.70932018661125 5.080425376396439 57.551830219734875
2020 9 21 17.17804058101291 4.928012615104546 55.825275313142825
2020 9 22 16.662699363582522 4.780172236651409 54.15051705374854
2020 9 23 16.162818382675045 4.636767069551866 52.52600154213608
2020 9 24 15.677933831194792 4.49766405746531 50.95022149587199
2020 9 25 15.207595816258948 4.362734135741351 49.42171485099583
2020 9 26 14.751367941771178 4.23185211166911 47.93906340546596
2020 9 27 14.308826903518042 4.1048965483190365 46.50089150330198
2020 9 28 13.879562096412501 3.9817496518694653 45.10586475820292
2020 9 29 13.463175233520126 3.8622971623133813 43.75268881545683
2020 9 30 13.05927997651452 3.74642824744398 42.44010815099312
2020 10 1 12.667501577219085 3.6340354000206605 41.16690490646332
2020 10 2 12.287476529902511 3.5250143380200405 39.931897759269425
2020 10 3 11.918852234005435 3.419263907879439 38.73394082649134
2020 10 4 11.561286666985271 3.3166859906430557 37.5719226016966
2020 10 5 11.214448066975713 3.217185410923764 36.4447649236457
2020 10 6 10.878014624966442 3.120669848596051 35.351421975936326
2020 10 7 10.551674186217449 3.0270497531381695 34.290879316658234
2020 10 8 10.235123960630926 2.9362382605440245 33.26215293715848
2020 10 9 9.928070241811998 2.8481511127277037 32.264288349043724
2020 10 10 9.630228134557639 2.7627065793458727 31.296359698572413
2020 10 11 9.34132129052091 2.6798253819654962 30.35746890761524
2020 10 12 9.061081651805281 2.5994306205065314 29.44674484038678
2020 10 13 8.789249202251122 2.5214477018913355 28.563342495175178
2020 10 14 8.525571726183589 2.4458042708345955 27.70644222031992
2020 10 15 8.269804574398082 2.3724301427095575 26.875248953710322
2020 10 16 8.021710437166139 2.3012572384282706 26.068991485099012
2020 10 17 7.781059124051154 2.2322195212754226 25.286921740546042
2020 10 18 7.547627350329619 2.16525293563716 24.528314088329658
2020 10 19 7.32119852981973 2.100295347568045 23.792464665679766
2020 10 20 7.101562573925138 2.0372864871410035 23.07869072570937
2020 10 21 6.888515696707383 1.9761678925267734 22.386330003938088
2020 10 22 6.681860225806162 1.91688285575097 21.714740103819945
2020 10 23 6.481404419031977 1.859376370078441 21.063297900705347
2020 10 24 6.2869622864610175 1.8035950789760877 20.431398963684185
2020 10 25 6.0983534178671865 1.7494872266068051 19.81845699477366
2020 10 26 5.915402815331171 1.6970026098086008 19.223903284930447
2020 10 27 5.737940730871236 1.6460925315143429 18.647186186382534
2020 10 28 5.565802508945098 1.5967097555689125 18.087770600791057
2020 10 29 5.398828433676745 1.548808462901845 17.545137482767323
2020 10 30 5.2368635806664425 1.5023442090147896 17.018783358284303
