2020 6 26 132.72117662980108 124.73137902625379 140.7109742333484
2020 6 27 131.76873878482678 116.38378361963737 148.1084484109165
2020 6 28 130.9085499602335 108.670288936855 155.99082919189246
2020 6 29 130.0539764645929 101.46801668017764 164.2927128941597
2020 6 30 129.2049816409311 94.74308488303882 173.03642560242054
2020 7 1 128.3615290715717 88.46385715261803 182.24548160301507
2020 7 2 127.52358257657357 82.60079384136473 191.94464662040667
2020 7 3 126.73243738423544 77.15308450416211 202.22221485154625
2020 7 4 125.94620038772048 72.06466392972418 213.05008969766857
2020 7 5 125.16484113700957 67.31183621082485 224.45773701720265
2020 7 6 124.34776268144462 62.85065206168786 236.40345227780048
2020 7 7 123.48228230361957 58.65797862934621 248.8827627321112
2020 7 8 122.60414917249832 54.73612020903512 261.98319000527306
2020 7 9 121.70444507851498 51.06405808697653 275.7137464480936
2020 7 10 120.81134326889308 47.63834225648487 290.16392226888144
2020 7 11 119.92479529419344 44.44244617379493 305.3714327671805
2020 7 12 119.04475306051263 41.46095200535217 321.37596990389665
2020 7 13 118.17116882687395 38.67947624817543 338.2193058982512
2020 7 14 117.30399520263755 36.0846003400992 355.94540225425806
2020 7 15 116.44318514492957 33.663805925141226 374.60052450128535
2020 7 16 115.58869195609014 31.405414461698815 394.2333629481779
2020 7 17 112.12103119740743 30.46325202784785 382.40636205973254
2020 7 18 108.7574002614852 29.549354467012414 370.93417119794054
2020 7 19 105.49467825364064 28.662873833002042 359.8061460620023
2020 7 20 102.32983790603141 27.80298761801198 349.01196168014224
2020 7 21 99.25994276885046 26.968897989471618 338.54160282973794
2020 7 22 96.28214448578495 26.159831049787467 328.3853547448458
2020 7 23 93.3936801512114 25.375036118293842 318.53379410250045
2020 7 24 90.59186974667506 24.613785034745025 308.9777802794254
2020 7 25 87.87411365427481 23.875371483702672 299.70844687104267
2020 7 26 85.23789024464656 23.159110339191592 290.71719346491136
2020 7 27 82.68075353730717 22.464337029015844 281.995677660964
2020 7 28 80.20033093118795 21.79040691814537 273.5358073311351
2020 7 29 77.7943210032523 21.136694710601006 265.32973311120105
2020 7 30 75.46049137315474 20.502593869282975 257.369841117865
2020 7 31 73.19667663196009 19.887516053204486 249.64874588432906
2020 8 1 71.00077633300128 19.29089057160835 242.1592835077992
2020 8 2 68.87075304301125 18.7121638544601 234.8945050025652
2020 8 3 66.80463045172091 18.1507989388263 227.84766985248825
2020 8 4 64.80049153816928 17.60627497066151 221.0122397569136
2020 8 5 62.8564767920242 17.078086721541663 214.3818725642062
2020 8 6 60.970782488263474 16.565744119895413 207.95041638728
2020 8 7 59.141659013615566 16.06877179629855 201.7119038956616
2020 8 8 57.3674092432071 15.586708642409592 195.66054677879174
2020 8 9 55.646386965910885 15.119107383137305 189.79073037542798
2020 8 10 53.97699535693356 14.665534161643185 184.09700846416513
2020 8 11 52.35768549622555 14.225568136793889 178.57409821024018
2020 8 12 50.786954931338784 13.798801092690072 173.21687526393296
2020 8 13 49.26334628339862 13.38483705990937 168.02036900601496
2020 8 14 47.78544589489666 12.983291948112088 162.9797579358345
2020 8 15 46.35188251804976 12.593793189668725 158.09036519775947
2020 8 16 44.96132604250827 12.215979393978662 153.3476542418267
2020 8 17 43.612486261233016 11.849500012159302 148.74722461457188
2020 8 18 42.30411167339602 11.494015011794522 144.28480787613472
2020 8 19 41.03498832319414 11.149194561440686 139.95626363985068
2020 8 20 39.803938673498315 10.814718724597464 135.75757573065516
2020 8 21 38.609820513293364 10.49027716285954 131.6848484587355
2020 8 22 37.45152589789456 10.175568847973754 127.73430300497343
2020 8 23 36.327980120957726 9.870301782534542 123.90227391482422
2020 8 24 35.238140717328996 9.574192729058504 120.18520569737949
2020 8 25 34.180996495809126 9.286966947186748 116.5796495264581
2020 8 26 33.155566600934854 9.008357938771146 113.08226004066435
2020 8 27 32.16089960290681 8.738107200608011 109.68979223944442
2020 8 28 31.196072614819606 8.475963984589772 106.39909847226107
2020 8 29 30.260190436375016 8.221685065052078 103.20712551809324
2020 8 30 29.352384723283766 7.975034513100516 100.11091175255044
2020 8 31 28.47181318158525 7.7357834777075 97.10758439997392
2020 9 1 27.617658786137692 7.503709973376274 94.19435686797469
2020 9 2 26.78912902255356 7.278598674174986 91.36852616193545
2020 9 3 25.985455151876952 7.060240713949736 88.62747037707739
2020 9 4 25.205891497320643 6.848433492531244 85.96864626576506
2020 9 5 24.44971475240102 6.642980487755307 83.38958687779211
2020 9 6 23.71622330982899 6.443691073122648 80.88789927145835
2020 9 7 23.00473661053412 6.250380340928968 78.4612622933146
2020 9 8 22.314594512218097 6.062868930701099 76.10742442451516
2020 9 9 21.645156676851553 5.880982862780066 73.8242016917797
2020 9 10 20.995801976546005 5.704553376896664 71.60947564102631
2020 9 11 20.365927917249625 5.533416775589764 69.46119137179552
2020 9 12 19.754950079732136 5.367414272322071 67.37735563064166
2020 9 13 19.162301577340173 5.206391844152408 65.35603496172241
2020 9 14 18.587432530019967 5.050200088827836 63.39535391287074
2020 9 15 18.029809554119367 4.898694086163001 61.49349329548461
2020 9 16 17.488915267495788 4.751733263578111 59.648688496620075
2020 9 17 16.964247809470912 4.609181265670768 57.85922784172147
2020 9 18 16.455320375186783 4.470905827700644 56.12345100646982
2020 9 19 15.96166076393118 4.336778652869625 54.43974747627573
2020 9 20 15.482810941013245 4.206675293283536 52.80655505198745
2020 9 21 15.018326612782847 4.08047503448503 51.22235840042783
2020 9 22 14.56777681439936 3.958060783450479 49.68568764841499
2020 9 23 14.13074350996738 3.8393189599469646 48.19511701896254
2020 9 24 13.706821204668357 3.7241393911485554 46.74926350839366
2020 9 25 13.295616568528306 3.6124152094140984 45.346785603141846
2020 9 26 12.896748071472457 3.5040427531316753 43.98638203504759
2020 9 27 12.509845629328282 3.398921470537725 42.66679057399616
2020 9 28 12.134550260448433 3.296953826421593 41.386786856776276
2020 9 29 11.77051375263498 3.1980452116289455 40.145183251072986
2020 9 30 11.41739834005593 3.102103855280077 38.940827753540795
2020 10 1 11.074876389854252 3.0090407396216747 37.77260292093457
2020 10 2 10.742630098158624 2.9187695174330246 36.63942483330653
2020 10 3 10.420351195213865 2.831206431910034 35.54024208830733
2020 10 4 10.107740659357448 2.7462702389527327 34.47403482565811
2020 10 5 9.804508439576725 2.663882131784151 33.439813780888365
2020 10 6 9.510373186389424 2.583965667830626 32.43661936746171
2020 10 7 9.225061990797741 2.506446697795707 31.463520786437858
2020 10 8 8.948310131073809 2.431253296861836 30.519615162844723
2020 10 9 8.679860827141594 2.3583156979559807 29.60402670795938
2020 10 10 8.419465002327346 2.2875662270173014 28.7159059067206
2020 10 11 8.166881052257525 2.2189392402067822 27.854428729518983
2020 10 12 7.921874620689799 2.1523710630005786 27.01879586763341
2020 10 13 7.684218382069105 2.087799931110561 26.208231991604407
2020 10 14 7.453691830607031 2.0251659331772442 25.421985031856273
2020 10 15 7.23008107568882 1.9644109551819269 24.659325480900584
2020 10 16 7.013178643418155 1.905478626526469 23.919545716473564
2020 10 17 6.80278328411561 1.8483142677306748 23.201959344979358
2020 10 18 6.598699785592141 1.7928648396987545 22.505900564629975
2020 10 19 6.400738792024377 1.739078894507792 21.830723547691075
2020 10 20 6.2087166282636455 1.686906527672558 21.17580184126034
2020 10 21 6.022455129415736 1.6362993318423813 20.54052778602253
2020 10 22 5.8417814755332635 1.58721035188711 19.924311952441855
2020 10 23 5.666528031267266 1.5395940413304965 19.326582593868597
2020 10 24 5.496532190329248 1.4934062200905815 18.74678511605254
2020 10 25 5.33163622461937 1.448604033487864 18.184381562570962
2020 10 26 5.171687137880789 1.4051459124832282 17.638850115693835
2020 10 27 5.0165365237443655 1.3629915351087314 17.10968461222302
2020 10 28 4.866040428032035 1.3221017890554694 16.59639407385633
2020 10 29 4.720059215191074 1.2824387353838054 16.09850225164064
2020 10 30 4.578457438735342 1.2439655733222912 15.615547184091419
