2020 6 26 440.85474073965304 412.96814058756195 468.74134089174413
2020 6 27 454.78212962486623 399.06666980163607 514.1370204925423
2020 6 28 469.149509607452 385.6331549450393 563.9290857897629
2020 6 29 486.5156591602924 374.74369155245296 621.602314239887
2020 6 30 506.5039483671865 365.68630753779263 687.7026926180392
2020 7 1 528.6872007850794 357.83966002805886 762.6973035790439
2020 7 2 554.7098463216234 352.10246411254394 850.007359715037
2020 7 3 582.0133590320181 346.45725189992663 947.3122668446001
2020 7 4 611.4500604889251 341.3723836950389 1057.040851398054
2020 7 5 644.8631782216737 337.75096309459155 1183.7798600667704
2020 7 6 685.3492219667679 336.9161301871228 1335.346886332826
2020 7 7 731.0104062970045 337.3779000926049 1511.4508526778834
2020 7 8 782.2581732109871 339.0146104945501 1716.0400922221565
2020 7 9 841.1828809540496 342.42926774359006 1957.2819332582321
2020 7 10 904.5461759839063 345.8783184487451 2232.437682326091
2020 7 11 972.6824011909525 349.36210903126266 2546.2749748949727
2020 7 12 1045.9510843185858 352.8809894016492 2904.2316831979324
2020 7 13 1124.7388350480226 356.4353129948151 3312.5101384773257
2020 7 14 1209.4613849837224 360.0254368055738 3778.1845990443476
2020 7 15 1300.5657813036103 363.6517214244979 4309.323826256301
2020 7 16 1398.532745649118 367.3145310741369 4915.130892290811
2020 7 17 1356.5767632796444 356.2950951419128 4767.676965522087
2020 7 18 1315.879460381255 345.6062422876554 4624.646656556424
2020 7 19 1276.4030765698174 335.2380550190257 4485.907256859731
2020 7 20 1238.1109842727228 325.1809133684549 4351.330039153939
2020 7 21 1200.967654744541 315.42548596740124 4220.79013797932
2020 7 22 1164.9386251022047 305.9627213883792 4094.1664338399405
2020 7 23 1129.9904663491386 296.7838397467278 3971.341440824742
2020 7 24 1096.0907523586645 287.8803245543259 3852.2011976
2020 7 25 1063.2080297879045 279.2439148176961 3736.635161672
2020 7 26 1031.3117888942672 270.86659737316523 3624.53610682184
2020 7 27 1000.3724352274392 262.7405994519703 3515.8000236171847
2020 7 28 970.361262170616 254.85838146841118 3410.326022908669
2020 7 29 941.2504243054975 247.21263002435884 3308.016242221409
2020 7 30 913.0129115763326 239.79625112362808 3208.7757549547664
2020 7 31 885.6225242290426 232.60236358991924 3112.5124823061233
2020 8 1 859.0538485021713 225.62429268222166 3019.1371078369393
2020 8 2 833.282233047106 218.855563901755 2928.562994601831
2020 8 3 808.2837660556928 212.28989698470235 2840.7061047637762
2020 8 4 784.035253074022 205.92120007516127 2755.4849216208627
2020 8 5 760.5141954818013 199.74356407290642 2672.8203739722367
2020 8 6 737.6987696173472 193.75125715071923 2592.6357627530697
2020 8 7 715.5678065288268 187.93871943619766 2514.8566898704776
2020 8 8 694.100772332962 182.3005578531117 2439.4109891743633
2020 8 9 673.2777491629731 176.83154111751836 2366.2286594991324
2020 8 10 653.0794166880839 171.5265948839928 2295.2417997141583
2020 8 11 633.4870341874414 166.380797037473 2226.3845457227335
2020 8 12 614.4824231618181 161.3893731263488 2159.5930093510515
2020 8 13 596.0479504669636 156.54769193255834 2094.80521907052
2020 8 14 578.1665119529547 151.8512611745816 2031.961062498404
2020 8 15 560.821516594366 147.29572333934414 1971.0022306234519
2020 8 16 543.9968710965351 142.87685163916382 1911.8721637047483
2020 8 17 527.676964963639 138.5905460899889 1854.5159987936058
2020 8 18 511.8466560147298 134.43282970728922 1798.8805188297977
2020 8 19 496.49125633428787 130.39984481607053 1744.9141032649036
2020 8 20 481.5965186442592 126.4878494715884 1692.5666801669565
2020 8 21 467.14862308493144 122.69321398744074 1641.7896797619478
2020 8 22 453.13416439238347 119.01241756781752 1592.5359893690893
2020 8 23 439.54013946061195 115.44204504078299 1544.7599096880165
2020 8 24 426.3539352767936 111.97878368955949 1498.4171123973758
2020 8 25 413.5633172184898 108.6194201788727 1453.4645990254546
2020 8 26 401.1564177019351 105.36083757350652 1409.860661054691
2020 8 27 389.121725170877 102.20001244630132 1367.5648412230503
2020 8 28 377.4480734157507 99.13401207291227 1326.5378959863588
2020 8 29 366.1246312132782 96.1599917107249 1286.7417591067679
2020 8 30 355.1408922768798 93.27519195940314 1248.139506333565
2020 8 31 344.4866655085734 90.47693620062105 1210.695321143558
2020 9 1 334.1520655433162 87.76262811460242 1174.3744615092512
2020 9 2 324.12750357701674 85.12974927116434 1139.1432276639737
2020 9 3 314.4036784697062 82.57585679302942 1104.9689308340544
2020 9 4 304.971568115615 80.09858108923854 1071.8198629090327
2020 9 5 295.82242107214654 77.69562365656138 1039.6652670217618
2020 9 6 286.94774843998215 75.36475494686454 1008.475309011109
2020 9 7 278.33931598678265 73.10381229845859 978.2210497407757
2020 9 8 269.9891365071792 70.91069792950483 948.8744182485524
2020 9 9 261.8894624119638 68.78337699161969 920.4081857010958
2020 9 10 254.03277853960486 66.7198756818711 892.795940130063
2020 9 11 246.4117951834167 64.71827941141497 866.012061926161
2020 9 12 239.0194413279142 62.776731029072515 840.0317000683762
2020 9 13 231.84885808807675 60.893429098200336 814.8307490663249
2020 9 14 224.89339234543445 59.066626225254325 790.3858265943351
2020 9 15 218.1465905750714 57.2946274384967 766.674251796505
2020 9 16 211.60219285781926 55.57578861534179 743.6740242426099
2020 9 17 205.25412707208469 53.90851495688154 721.3638035153316
2020 9 18 199.09650325992214 52.291259508175095 699.7228894098716
2020 9 19 193.12360816212447 50.72252172292984 678.7312027275755
2020 9 20 187.32989991726072 49.20084607124195 658.3692666457482
2020 9 21 181.7100029197429 47.72482068910469 638.6181886463758
2020 9 22 176.2587028321506 46.293076068431546 619.4596429869845
2020 9 23 170.97094174718606 44.9042837863786 600.875853697375
2020 9 24 165.84181349477046 43.55715527278724 582.8495780864537
2020 9 25 160.86655908992734 42.250440614603626 565.3640907438601
2020 9 26 156.0405623172295 40.982927396165515 548.4031680215443
2020 9 27 151.3593454477126 39.75343957428055 531.951072980898
2020 9 28 146.8185650842812 38.560836387052134 515.992540791471
2020 9 29 142.41400813175275 37.40401129544057 500.5127645677269
2020 9 30 138.14158788780017 36.28189095657735 485.4973816306951
2020 10 1 133.99734025116615 35.193434227880026 470.9324601817742
2020 10 2 129.97742004363116 34.137631201043625 456.804486376321
2020 10 3 126.07809744232222 33.113502265012315 443.10035178503136
2020 10 4 122.29575451905255 32.120097197061945 429.8073412314804
2020 10 5 118.62688188348098 31.156494281150085 416.913120994536
2020 10 6 115.06807542697655 30.221799452715583 404.4057273646999
2020 10 7 111.61603316416725 29.315145469134116 392.2735555437589
2020 10 8 108.26755216924222 28.43569110506009 380.5053488774461
2020 10 9 105.01952560416495 27.582620371908288 369.0901884111227
2020 10 10 101.86893983604 26.755141760751037 358.017482758789
2020 10 11 98.81287164095879 25.952487507928506 347.2769582760253
2020 10 12 95.84848549173002 25.17391288269065 336.85864952774455
2020 10 13 92.97303092697811 24.41869549620993 326.7528900419122
2020 10 14 90.18383999916877 23.686134631323633 316.95030334065484
2020 10 15 87.4783247991937 22.97555059238392 307.4417942404352
2020 10 16 84.85397505521789 22.286284074612404 298.2185404132221
2020 10 17 82.30835580356135 21.61769555237403 289.27198420082544
2020 10 18 79.83910512945451 20.96916468580281 280.59382467480066
2020 10 19 77.44393197557088 20.340089745228724 272.17600993455665
2020 10 20 75.12061401630375 19.729887052871863 264.01072963651995
2020 10 21 72.86699559581463 19.137990441285705 256.09040774742436
2020 10 22 70.68098572794018 18.563850728047132 248.40769551500162
2020 10 23 68.56055615610198 18.006935206205718 240.95546464955157
2020 10 24 66.50373947141892 17.466727150019544 233.72680071006502
2020 10 25 64.50862728727635 16.942725335518958 226.71499668876305
2020 10 26 62.57336846865806 16.43444357545339 219.91354678810015
2020 10 27 60.696167414598314 15.941410268189788 213.31614038445713
2020 10 28 58.875282392160365 15.463167960144094 206.9166561729234
2020 10 29 57.10902392039555 14.999272921339772 200.7091564877357
2020 10 30 55.39575320278368 14.549294733699579 194.68788179310363
