2020 6 26 600.5616942422372 579.7968249074727 621.3265635770017
2020 6 27 583.932851130368 544.2571876012884 625.0042416169015
2020 6 28 566.8782987859812 510.0700803295666 627.7552183399978
2020 6 29 550.493900065059 478.18522106023653 630.7088324749915
2020 6 30 534.9410845609441 448.604507650631 634.0865406510759
2020 7 1 519.6885097060876 420.7369636008532 637.3173802829857
2020 7 2 505.9524012914357 395.4762033740654 641.8910665371787
2020 7 3 492.40385982697694 371.59490447425446 646.2749251286863
2020 7 4 479.1754255589053 349.12348262667695 650.6326809217788
2020 7 5 467.0918705408908 328.586194386296 656.0918135583934
2020 7 6 455.96110553398086 309.71292026213115 662.5070563577605
2020 7 7 445.99840255946134 292.53692673576614 670.2968110978152
2020 7 8 436.46094205634193 276.4496164619984 678.4901000238317
2020 7 9 427.06782426469596 261.2092289972299 686.6908712795142
2020 7 10 417.87685666186655 246.80902866329868 694.9907635823361
2020 7 11 408.88368875425346 233.2026967943272 703.3909749881483
2020 7 12 400.08406367564646 220.3464682255926 711.8927180334583
2020 7 13 391.47381617226137 208.19899052159312 720.4972199104546
2020 7 14 383.04887063114 196.72119096472915 729.2057226441472
2020 7 15 374.8052391509816 185.87615087676318 738.0194832716483
2020 7 16 366.7390196544917 175.62898686881076 746.9397740236212
2020 7 17 355.7368490648569 170.36011726274643 724.5315808029126
2020 7 18 345.0647435929112 165.24931374486403 702.7956333788252
2020 7 19 334.7128012851239 160.2918343325181 681.7117643774604
2020 7 20 324.6714172465702 155.48307930254256 661.2604114461366
2020 7 21 314.9312747291731 150.81858692346628 641.4225991027524
2020 7 22 305.4833364872979 146.2940293157623 622.1799211296699
2020 7 23 296.3188363926789 141.90520843628943 603.5145234957797
2020 7 24 287.42927130089856 137.64805218320075 585.4090877909063
2020 7 25 278.8063931618716 133.51861061770472 567.8468151571791
2020 7 26 270.44220136701546 129.51305229917358 550.8114107024637
2020 7 27 262.32893532600497 125.62766073019837 534.2870683813898
2020 7 28 254.45906726622482 121.85883090829242 518.2584563299481
2020 7 29 246.82529524823806 118.20306598104364 502.71070264004965
2020 7 30 239.42053639079091 114.65697400161233 487.6293815608481
2020 7 31 232.23792029906718 111.21726478156396 473.00050011402266
2020 8 1 225.27078269009516 107.88074683811703 458.810485110602
2020 8 2 218.5126592093923 104.64432443297352 445.0461705572839
2020 8 3 211.95727943311053 101.50499469998431 431.6947854405654
2020 8 4 205.5985610501172 98.45984485898478 418.74394187734845
2020 8 5 199.4306042186137 95.50604951321523 406.181623621028
2020 8 6 193.44768609205528 92.64086802781877 393.9961749123971
2020 8 7 187.6442555092936 89.8616419869842 382.1762896650252
2020 8 8 182.01492784401478 87.16579272737467 370.71100097507446
2020 8 9 176.55448000869433 84.55081894555342 359.5896709458222
2020 8 10 171.25784560843348 82.01429437718681 348.80198081744754
2020 8 11 166.12011024018048 79.5538655458712 338.3379213929241
2020 8 12 161.13650693297507 77.16724957949506 328.18778375113635
2020 8 13 156.3024117249858 74.85223209211021 318.34215023860224
2020 8 14 151.61333937323622 72.60666512934691 308.79188573144415
2020 8 15 147.06493919203913 70.4284651754665 299.5281291595008
2020 8 16 142.65299101627795 68.3156112202025 290.5422852847158
2020 8 17 138.3734012857896 66.26614288359642 281.8260167261743
2020 8 18 134.2221992472159 64.27815859708852 273.37123622438907
2020 8 19 130.19553326979943 62.349813839175866 265.17009913765736
2020 8 20 126.28966727170544 60.479319424000586 257.21499616352764
2020 8 21 122.50097725355427 58.664939841280564 249.4985462786218
2020 8 22 118.82594793594764 56.90499164604215 242.01358989026315
2020 8 23 115.2611694978692 55.19784189666088 234.75318219355526
2020 8 24 111.80333441293313 53.54190663976105 227.7105867277486
2020 8 25 108.44923438054514 51.93564944056822 220.87926912591612
2020 8 26 105.19575734912878 50.37757995735117 214.25289105213864
2020 8 27 102.03988462865492 48.866252558630634 207.82530432057447
2020 8 28 98.97868808979527 47.400264981871715 201.59054519095724
2020 8 29 96.00932744710141 45.97825703241556 195.54282883522853
2020 8 30 93.12904762368836 44.598909321443095 189.67654397017168
2020 8 31 90.3351761949777 43.2609420417998 183.98624765106652
2020 9 1 87.62512090912837 41.963113780545804 178.4666602215345
2020 9 2 84.99636728185452 40.70422036712943 173.11266041488847
2020 9 3 82.44647626339888 39.483093756115544 167.9192806024418
2020 9 4 79.97308197549691 38.29860094343208 162.88170218436855
2020 9 5 77.573889516232 37.149642915129114 157.9952511188375
2020 9 6 75.24667283074504 36.03515362767524 153.25539358527237
2020 9 7 72.9892726458227 34.954099018844985 148.6577317777142
2020 9 8 70.79959446644801 33.90547604827964 144.19799982438275
2020 9 9 68.67560663245457 32.88831176683125 139.87205982965125
2020 9 10 66.61533843348093 31.901662413826312 135.6758980347617
2020 9 11 64.6168782804765 30.944612541411523 131.60562109371884
2020 9 12 62.678371932062205 30.016274165169175 127.65745246090727
2020 9 13 60.79802077410034 29.1157859402141 123.82772888708004
2020 9 14 58.97408015087733 28.242312362007677 120.11289702046764
2020 9 15 57.204857746351 27.395042991147445 116.50951010985361
2020 9 16 55.48871201396047 26.57319170141302 113.01422480655799
2020 9 17 53.824050653541654 25.77599595037063 109.62379806236125
2020 9 18 52.209329133935405 25.00271607185951 106.33508412049041
2020 9 19 50.64304925991734 24.252634589703725 103.1450315968757
2020 9 20 49.12375778211982 23.525055552012613 100.05068064896942
2020 9 21 47.650045048656224 22.819303885452236 97.04916022950033
2020 9 22 46.22054369719654 22.134724768888667 94.13768542261532
2020 9 23 44.83392738628064 21.470683025822005 91.31355485993686
2020 9 24 43.48890956469222 20.826562535047344 88.57414821413875
2020 9 25 42.18424227775145 20.201765658995924 85.91692376771458
2020 9 26 40.918715009418904 19.595712689226048 83.33941605468314
2020 9 27 39.69115355913634 19.007841308549267 80.83923357304265
2020 9 28 38.500418952362246 18.437606069292787 78.41405656585137
2020 9 29 37.34540638379138 17.884477887214004 76.06163486887583
2020 9 30 36.225044192277636 17.347943550597584 73.77978582280956
2020 10 1 35.1382928665093 16.827505244079656 71.56639224812527
2020 10 2 34.08414408051402 16.322680086757266 69.4194004806815
2020 10 3 33.0616197580986 15.832999684154547 67.33681846626105
2020 10 4 32.06977116535564 15.35800969362991 65.31671391227322
2020 10 5 31.10767803039497 14.897269402821012 63.35721249490501
2020 10 6 30.174447689483117 14.450351320736381 61.456496120057864
2020 10 7 29.269214258798623 14.01684078111429 59.61280123645613
2020 10 8 28.391137831034662 13.596335557680861 57.82441719936244
2020 10 9 27.539403696103623 13.188445490950436 56.08968468338157
2020 10 10 26.713221585220513 12.792792126221922 54.40699414288012
2020 10 11 25.911824937663898 12.409008362435264 52.77478431859372
2020 10 12 25.13447018953398 12.036738111562206 51.191540789035905
2020 10 13 24.38043608384796 11.67563596821534 49.65579456536483
2020 10 14 23.649023001332523 11.32536688916888 48.16612072840388
2020 10 15 22.939552311292548 10.985605882493813 46.721137106551765
2020 10 16 22.25136574195377 10.656037706018997 45.31950299335521
2020 10 17 21.583824769695156 10.336356574838428 43.95991790355455
2020 10 18 20.9363100266043 10.026265877593275 42.64112036644791
2020 10 19 20.30822072580617 9.725477901265476 41.36188675545447
2020 10 20 19.698974104031983 9.433713564227512 40.12103015279084
2020 10 21 19.10800488091102 9.150702157300687 38.91739924820711
2020 10 22 18.53476473448369 8.876181092581666 37.7498772707609
2020 10 23 17.97872179244918 8.609895659804215 36.61738095263807
2020 10 24 17.439360138675703 8.351598790010089 35.51885952405893
2020 10 25 16.91617933451543 8.101050826309786 34.453293738337166
2020 10 26 16.40869395447997 7.858019301520492 33.41969492618705
2020 10 27 15.916433135845569 7.622278722474877 32.41710407840144
2020 10 28 15.438940141770201 7.39361036080063 31.444590956049392
2020 10 29 14.975771937517095 7.171802049976611 30.50125322736791
2020 10 30 14.526498779391583 6.956647988477313 29.586215630546874
