2020 6 26 732.4149879402174 677.0479773488075 787.7819985316274
2020 6 27 743.7201724003057 635.4375255258831 860.5176161721331
2020 6 28 752.9158288404376 594.4329120275613 937.3261620638058
2020 6 29 762.6520646568715 556.4113408004395 1021.5219622712036
2020 6 30 773.1988378487254 521.3212260187611 1114.1977157044005
2020 7 1 783.4165510420413 488.1238669126735 1214.596951609573
2020 7 2 794.9537526889964 457.7784956851439 1325.879434625731
2020 7 3 804.8204413649498 428.25980072967945 1444.2881413822724
2020 7 4 815.3419523431274 400.92782336698883 1574.2267767052044
2020 7 5 826.6944237005637 375.68117165825225 1717.1944426484054
2020 7 6 840.1969829222168 352.9295654317732 1877.2838933752544
2020 7 7 855.7130720556769 332.3089736917335 2056.3042013349586
2020 7 8 872.8835915210344 313.4243890407451 2255.68321023434
2020 7 9 892.058622861423 296.20902768633414 2478.6836422854885
2020 7 10 911.6548808470097 279.93924898893977 2723.730251951193
2020 7 11 931.6816187553238 264.5631152318424 2993.002559436604
2020 7 12 952.1482931348557 250.03154146470735 3288.8955557830263
2020 7 13 973.0645682704028 236.29813881059624 3614.0410046577035
2020 7 14 994.4403207465073 223.3190663796045 3971.330850072436
2020 7 15 1016.2856441111417 211.0528913163908 4363.942938226518
2020 7 16 1038.610853641843 199.46045653483156 4795.369282252003
2020 7 17 1007.4525280325877 193.4766428387866 4651.508203784443
2020 7 18 977.22895219161 187.672343553623 4511.962957670909
2020 7 19 947.9120836258617 182.0421732470143 4376.604068940782
2020 7 20 919.4747211170858 176.58090804960386 4245.305946872559
2020 7 21 891.8904794835731 171.28348080811574 4117.946768466381
2020 7 22 865.133765099066 166.14497638387226 3994.4083654123897
2020 7 23 839.179752146094 161.1606270923561 3874.576114450018
2020 7 24 814.0043595817111 156.3258082795854 3758.3388310165174
2020 7 25 789.5842287942597 151.63603403119782 3645.588666086022
2020 7 26 765.896701930432 147.08695301026188 3536.221006103441
2020 7 27 742.919800872519 142.67434441995402 3430.134375920338
2020 7 28 720.6322068463434 138.3941140873554 3327.2303446427277
2020 7 29 699.0132406409531 134.24229066473475 3227.4134343034457
2020 7 30 678.0428434217245 130.2150219447927 3130.591031274342
2020 7 31 657.7015581190727 126.30857128644892 3036.673300336112
2020 8 1 637.9705113755006 122.51931414785545 2945.5731013260283
2020 8 2 618.8313960342356 118.84373472341979 2857.2059082862474
2020 8 3 600.2664541532085 115.27842268171719 2771.48973103766
2020 8 4 582.2584605286123 111.82007000126568 2688.3450391065303
2020 8 5 564.790706712754 108.4654679012277 2607.6946879333345
2020 8 6 547.8469855113713 105.21150386419086 2529.4638472953343
2020 8 7 531.4115759460301 102.05515874826513 2453.5799318764743
2020 8 8 515.4692286676492 98.99350398581717 2379.97253392018
2020 8 9 500.0051518076197 96.02369886624265 2308.5733579025746
2020 8 10 485.0049972533911 93.14298790025538 2239.3161571654973
2020 8 11 470.45484733578934 90.34869826324771 2172.1366724505324
2020 8 12 456.34120191571566 87.63823731535028 2106.9725722770163
2020 8 13 442.65096585824415 85.00909019588977 2043.7633951087057
2020 8 14 429.3714368824968 82.45881749001308 1982.4504932554444
2020 8 15 416.49029377602193 79.98505296531268 1922.976978457781
2020 8 16 403.99558496274125 77.58550137635329 1865.2876691040474
2020 8 17 391.875717413859 75.2579363350627 1809.329039030926
2020 8 18 380.1194458914432 73.00019824501081 1755.049167859998
2020 8 19 368.7158625146999 70.81019229766048 1702.3976928241982
2020 8 20 357.65438663925886 68.68588652873066 1651.3257620394722
2020 8 21 346.9247550400811 66.62530993286875 1601.785989178288
2020 8 22 336.51701238887864 64.62655063488268 1553.7324095029394
2020 8 23 326.4215020172123 62.68775411583619 1507.120437217851
2020 8 24 316.6288569566959 60.807121492361105 1461.9068241013156
2020 8 25 307.12999124799506 58.98290784759027 1418.049619378276
2020 8 26 297.9160915105552 57.21342061216256 1375.5081307969276
2020 8 27 288.9786087652385 55.49701799379768 1334.2428868730196
2020 8 28 280.3092505022813 53.832107453983745 1294.215600266829
2020 8 29 271.8999729872129 52.217144230364234 1255.389132258824
2020 8 30 263.7429737975965 50.65062990345331 1217.7274582910593
2020 8 31 255.8306845836686 49.131111006349705 1181.1956345423275
2020 9 1 248.15576404615854 47.657177676159215 1145.7597655060576
2020 9 2 240.7110911247738 46.227462345874436 1111.3869725408758
2020 9 3 233.48975839103056 44.8406384754982 1078.0453633646496
2020 9 4 226.48506563929965 43.49541932123326 1045.7040024637101
2020 9 5 219.69051367012065 42.19055674159626 1014.3328823897988
2020 9 6 213.09979826001702 40.924840039348375 983.9028959181048
2020 9 7 206.70680431221652 39.69709483816792 954.3858090405616
2020 9 8 200.50560018285003 38.506181993022885 925.7542347693447
2020 9 9 194.49043217736454 37.3509965332322 897.9816077262644
2020 9 10 188.6557192120436 36.23046663723523 871.0421594944764
2020 9 11 182.9960476356823 35.14355263811817 844.9108947096421
2020 9 12 177.50616620661182 34.089246058974624 819.5635678683528
2020 9 13 172.18098122041346 33.06656867720538 794.9766608323022
2020 9 14 167.01555178380104 32.074571616889216 771.1273610073331
2020 9 15 162.005085230287 31.11233446838254 747.9935401771131
2020 9 16 157.14493267337838 30.17896443433106 725.5537339717997
2020 9 17 152.43058469317702 29.273595501301127 703.7871219526457
2020 9 18 147.8576671523817 28.395387636262093 682.6735082940663
2020 9 19 143.42193713781026 27.54352600717423 662.1933030452443
2020 9 20 139.11927902367594 26.717220226959 642.327503953887
2020 9 21 134.94570065296566 25.91570362015023 623.0576788352704
2020 9 22 130.89732963337667 25.13823251154572 604.3659484702123
2020 9 23 126.97040974437537 24.384085536199347 586.2349700161059
2020 9 24 123.16129745204411 23.652562970113365 568.6479209156226
2020 9 25 119.46645852848279 22.942986081009963 551.588483288154
2020 9 26 115.8824647726283 22.254696498579662 535.0408287895093
2020 9 27 112.40599082944945 21.58705560362227 518.989603925824
2020 9 28 109.03381110456597 20.9394439355136 503.41991580804927
2020 9 29 105.762796771429 20.311260617448195 488.3173183338078
2020 9 30 102.58991286828612 19.70192279892475 473.66779878379356
2020 10 1 99.51221548223754 19.110865114957004 459.45776482027975
2020 10 2 96.5268490177704 18.537539161508295 445.67403187567135
2020 10 3 93.63104354723728 17.981412986663045 432.3038109194012
2020 10 4 90.82211224082016 17.441970597063154 419.3346965918192
2020 10 5 88.09744887359555 16.91871147915126 406.7546556940646
2020 10 6 85.45452540738768 16.411150134776722 394.55201602324263
2020 10 7 82.89088964516604 15.91881563073342 382.7154555425453
2020 10 8 80.40416295581106 15.441251161811417 371.23399187626893
2020 10 9 77.99203806713673 14.978013626957074 360.0969721199809
2020 10 10 75.65227692512264 14.528673218148361 349.2940629563814
2020 10 11 73.38270861736895 14.09281302160391 338.81524106768995
2020 10 12 71.18122735884788 13.670028630955791 328.65078383565924
2020 10 13 69.04579053808244 13.259927772027117 318.79126032058946
2020 10 14 66.97441682193997 12.862129938866303 309.22752251097177
2020 10 15 64.96518431728177 12.476266040700313 299.9506968356426
2020 10 16 63.01622878776331 12.101978059479304 290.9521759305733
2020 10 17 61.12574192413041 11.738918717694924 282.2236106526561
2020 10 18 59.291969666406494 11.386751156164076 273.75690233307637
2020 10 19 57.513210576414295 11.045148621479154 265.5441952630841
2020 10 20 55.787814259121866 10.713794162834779 257.57786940519156
2020 10 21 54.11417983134821 10.392380337949735 249.85053332303582
2020 10 22 52.49075443640776 10.080608927811243 242.35501732334473
2020 10 23 50.916031803315526 9.778190659976906 235.08436680364437
2020 10 24 49.38855084921606 9.484844940177599 228.03183579953503
2020 10 25 47.90689432373958 9.20029959197227 221.19088072554896
2020 10 26 46.46968749402739 8.924290604213102 214.5551543037825
2020 10 27 45.075596869206564 8.656561886086708 208.118499674669
2020 10 28 43.72332896313036 8.396865029504106 201.87494468442893
2020 10 29 42.41162909423645 8.144959078618982 195.81869634389605
2020 10 30 41.13928022140936 7.900610306260412 189.94413545357915
