2020 6 26 468.1335299039765 427.50804127569484 508.75901853225815
2020 6 27 497.83708690227263 415.1250231516237 588.0580908909676
2020 6 28 528.983489765355 402.73222521100337 679.1953683674876
2020 6 29 563.800095239078 392.02008329971574 786.6675472774333
2020 6 30 602.5763371649338 382.75271473123456 913.4730015881851
2020 7 1 643.3063548258432 373.25145674657585 1059.637578529395
2020 7 2 689.454074448751 365.53209424797683 1233.579025504411
2020 7 3 735.4444768355525 356.133869265736 1429.8687706400347
2020 7 4 784.7202848115701 347.08264983677174 1657.8156078666238
2020 7 5 837.5298109446343 338.36415822133233 1922.591764028592
2020 7 6 896.1234245857709 330.76565611894006 2234.775770053281
2020 7 7 962.2629429596777 324.6099899873847 2606.246622049536
2020 7 8 1036.8711735164513 319.77899038501283 3049.1802039476192
2020 7 9 1122.5252358747357 316.6424658516622 3582.8624065221557
2020 7 10 1215.2550262365244 313.53670564756436 4209.952238129594
2020 7 11 1315.6450577632618 310.46140802346 4946.798351806251
2020 7 12 1424.3281291971452 307.4162741897715 5812.610820569543
2020 7 13 1541.9893136460878 304.40100828757284 6829.9619569221995
2020 7 14 1669.3702768750309 301.4153173598446 8025.374788197798
2020 7 15 1807.273952323533 298.458911323011 9430.01452969506
2020 7 16 1956.5696023181529 295.53150293875586 11080.501082769897
2020 7 17 1897.8725142486082 286.6655578505932 10748.0860502868
2020 7 18 1840.93633882115 278.0655911150754 10425.643468778195
2020 7 19 1785.7082486565155 269.7236233816231 10112.874164714849
2020 7 20 1732.13700119682 261.6319146801744 9809.487939773404
2020 7 21 1680.1728911609152 253.7829572397692 9515.2033015802
2020 7 22 1629.7677044260877 246.1694685225761 9229.747202532795
2020 7 23 1580.874673293305 238.7843844668988 8952.854786456812
2020 7 24 1533.4484330945058 231.62085293289184 8684.269142863108
2020 7 25 1487.4449801016706 224.67222734490508 8423.741068577214
2020 7 26 1442.8216306986203 217.93206052455793 8171.028836519898
2020 7 27 1399.5369817776616 211.3940987088212 7925.8979714243005
2020 7 28 1357.5508723243317 205.05227574755654 7688.121032281571
2020 7 29 1316.8243461546017 198.90070747512982 7457.477401313124
2020 7 30 1277.3196157699635 192.93368625087592 7233.75307927373
2020 7 31 1239.0000272968646 187.14567566334964 7016.740486895517
2020 8 1 1201.8300264779587 181.53130539344914 6806.238272288651
2020 8 2 1165.7751256836198 176.08536623164568 6602.051124119992
2020 8 3 1130.8018719131112 170.80280524469632 6403.9895903963925
2020 8 4 1096.8778157557178 165.67872108735543 6211.869902684501
2020 8 5 1063.9714812830464 160.70835945473476 6025.513805603965
2020 8 6 1032.052336844555 155.8871086710927 5844.748391435846
2020 8 7 1001.0907667392182 151.2104954109599 5669.4059396927705
2020 8 8 971.0580437370417 146.6741805486311 5499.323761501987
2020 8 9 941.9263024249303 142.27395513217218 5334.344048656927
2020 8 10 913.6685133521823 138.005736478207 5174.313727197219
2020 8 11 886.2584579516168 133.8655643838608 5019.084315381302
2020 8 12 859.6707042130683 129.84959745234497 4868.511785919863
2020 8 13 833.8805830866763 125.95410952877461 4722.456432342266
2020 8 14 808.864165594076 122.17548624291136 4580.782739371998
2020 8 15 784.5982406262536 118.51022165562402 4443.359257190838
2020 8 16 761.060293407466 114.9549150059553 4310.058479475113
2020 8 17 738.228484605242 111.50626755577663 4180.75672509086
2020 8 18 716.0816300670847 108.16107952910333 4055.3340233381336
2020 8 19 694.5991811650721 104.91624714323024 3933.6740026379894
2020 8 20 673.7612057301199 101.76875972893333 3815.6637825588496
2020 8 21 653.5483695582162 98.71569693706533 3701.193869082084
2020 8 22 633.9419184714698 95.75422602895337 3590.158053009621
2020 8 23 614.9236609173256 92.88159924808477 3482.4533114193323
2020 8 24 596.4759510898058 90.09515127064222 3377.979712076752
2020 8 25 578.5816725571116 87.39229673252295 3276.6403207144494
2020 8 26 561.2242223803983 84.77052783054727 3178.341111093016
2020 8 27 544.3874957089863 82.22741199563085 3082.9908777602254
2020 8 28 528.0558708377167 79.76058963576192 2990.501151427419
2020 8 29 512.2141947125853 77.36777194668906 2900.786116884596
2020 8 30 496.8477688712077 75.04673878828838 2813.7625333780584
2020 8 31 481.9423358050714 72.79533662463973 2729.3496573767166
2020 9 1 467.48406573091927 70.61147652590054 2647.469167655415
2020 9 2 453.4595437589917 68.49313223012352 2568.045092625752
2020 9 3 439.8557574462219 66.43833826321982 2491.0037398469794
2020 9 4 426.6600847228352 64.44518811532322 2416.2736276515698
2020 9 5 413.8602821811502 62.51183247186352 2343.7854188220226
2020 9 6 401.4444737157157 60.63647749770762 2273.471856257362
2020 9 7 389.4011395042442 58.81738317277639 2205.267700569641
2020 9 8 377.71910531911686 57.05286167759309 2139.1096695525516
2020 9 9 366.38753215954335 55.3412758272653 2074.936379465975
2020 9 10 355.39590619475706 53.681037552447336 2012.6882880819956
2020 9 11 344.7340290089143 52.07060642587391 1952.3076394395357
2020 9 12 334.3920081386469 50.508488233097694 1893.7384102563497
2020 9 13 324.36024789448743 48.993233586104765 1836.9262579486592
2020 9 14 314.6294404576528 47.52343657852162 1781.8184702101994
2020 9 15 305.1905572439232 46.09773348116597 1728.3639161038934
2020 9 16 296.0348405266055 44.71480147673099 1676.5129986207767
2020 9 17 287.1537953108073 43.37335743242906 1626.2176086621532
2020 9 18 278.5391814514831 42.07215670945619 1577.4310804022887
2020 9 19 270.1830060079386 40.8099920081725 1530.10814799022
2020 9 20 262.07751582770044 39.58569224792733 1484.2049035505133
2020 9 21 254.21519035286943 38.39812148048951 1439.6787564439978
2020 9 22 246.58873464228333 37.24617783607482 1396.488393750678
2020 9 23 239.19107260301482 36.128792500992574 1354.5937419381576
2020 9 24 232.01534042492437 35.0449287259628 1313.9559296800128
2020 9 25 225.05488021217664 33.99358086418391 1274.5372517896124
2020 9 26 218.30323380581135 32.97377343825839 1236.3011342359239
2020 9 27 211.754136791637 31.98456023511064 1199.212100208846
2020 9 28 205.40151268788787 31.02502342805732 1163.2357372025806
2020 9 29 199.23946730725123 30.0942727252156 1128.3386650865032
2020 9 30 193.2622832880337 29.19144454345913 1094.4885051339081
2020 10 1 187.4644147893927 28.315701207155357 1061.6538499798908
2020 10 2 181.8404823457109 27.466230170940694 1029.804234480494
2020 10 3 176.38526787533957 26.64224326581247 998.9101074460791
2020 10 4 171.09370983907937 25.842975967838097 968.9428042226967
2020 10 5 165.96089854390698 25.067686688802954 939.8745200960158
2020 10 6 160.98207158758976 24.315656088138866 911.6782844931353
2020 10 7 156.15260943996205 23.5861864054947 884.3279359583412
2020 10 8 151.46803115676317 22.878600813329857 857.798097879591
2020 10 9 146.92399022206027 22.19224278892996 832.0641549432032
2020 10 10 142.51627051539845 21.52647550526206 807.1022302949071
2020 10 11 138.24078239993648 20.880681240104195 782.8891633860599
2020 10 12 134.09355892793837 20.25426080290107 759.402488484478
2020 10 13 130.07075216010023 19.646632978814036 736.6204138299437
2020 10 14 126.16862959529722 19.057233989449614 714.5218014150454
2020 10 15 122.3835707074383 18.485516969766124 693.086147372594
2020 10 16 118.71206358621514 17.93095146067314 672.2935629514162
2020 10 17 115.15070167862868 17.393022916852946 652.1247560628738
2020 10 18 111.69618062826981 16.871232229347356 632.5610133809876
2020 10 19 108.34529520942172 16.365095262466934 613.5841829795579
2020 10 20 105.09493635313906 15.874142404592925 595.1766574901711
2020 10 21 101.94208826254489 15.397918132455137 577.321357765466
2020 10 22 98.88382561466854 14.935980588481483 560.001717032502
2020 10 23 95.91731084622847 14.487901170827039 543.2016655215269
2020 10 24 93.03979152084162 14.053264135702227 526.9056155558811
2020 10 25 90.24859777521637 13.63166621163116 511.0984470892047
2020 10 26 87.54113984195988 13.222716225282225 495.76549367652854
2020 10 27 84.91490564670107 12.826034738523758 480.8925288662327
2020 10 28 82.36745847730003 12.441253696368044 466.4657530002457
2020 10 29 79.89643472298103 12.068016085477002 452.4717804102383
2020 10 30 77.49954168129159 11.705975602912691 438.8976269979311
