2020 6 26 196.69502451585763 185.54069037887106 207.8493586528442
2020 6 27 207.4007587606712 184.51586303845127 231.62309378698828
2020 6 28 217.83213733984792 182.7342159108154 257.15891722974106
2020 6 29 229.3882728318265 181.47318402105205 286.21844018577104
2020 6 30 241.24149944532402 179.9708853850638 318.1675034616181
2020 7 1 253.3749237623792 178.23312362450687 353.2446154230409
2020 7 2 266.46761744046887 176.75764734434227 392.67545909152676
2020 7 3 279.1357204724861 174.56396469512018 434.88509655679616
2020 7 4 292.79056978684315 172.6379590928911 482.23097986160354
2020 7 5 307.5166937225024 170.9710025566139 535.3956490620601
2020 7 6 324.2542396108145 170.0266503636733 596.6340114764173
2020 7 7 343.3171438638029 169.82915412293661 667.4792558685166
2020 7 8 364.2731592464818 170.01397298564888 748.238484864875
2020 7 9 387.73765167888916 170.77274524425928 841.2939908465919
2020 7 10 412.713598883999 171.53490390300095 945.9224476570505
2020 7 11 439.2983605441699 172.30046407537563 1063.5631381143012
2020 7 12 467.59556772210226 173.06944094233663 1195.834343034484
2020 7 13 497.71552682899454 173.84184975258978 1344.555602515656
2020 7 14 529.7756496141277 174.61770582289594 1511.77274577078
2020 7 15 563.9009108520361 175.39702453837464 1699.786033823552
2020 7 16 600.2243355113923 176.1798213528092 1911.1818022016935
2020 7 17 582.2176054460505 170.8944267122249 1853.8463481356425
2020 7 18 564.7510772826689 165.76759391085815 1798.2309576915732
2020 7 19 547.8085449641889 160.7945660935324 1744.284028960826
2020 7 20 531.3742886152631 155.97072911072644 1691.955508092001
2020 7 21 515.4330599568052 151.29160723740463 1641.196842849241
2020 7 22 499.970068158101 146.7528590202825 1591.9609375637638
2020 7 23 484.970966113358 142.35027324967402 1544.2021094368508
2020 7 24 470.4218371299572 138.0797650521838 1497.8760461537452
2020 7 25 456.3091820160585 133.9373721006183 1452.9397647691328
2020 7 26 442.61990655557673 129.91925093759974 1409.3515718260587
2020 7 27 429.3413093589094 126.02167340947175 1367.071024671277
2020 7 28 416.46107007814214 122.2410232071876 1326.0588939311385
2020 7 29 403.96723797579784 118.57379251097197 1286.2771271132044
2020 7 30 391.8482208365239 115.01657873564281 1247.6888132998083
2020 7 31 380.0927742114282 111.56608137357352 1210.258148900814
2020 8 1 368.68999098508533 108.21909893236632 1173.9504044337896
2020 8 2 357.62929125553273 104.97252596439533 1138.7318923007758
2020 8 3 346.90041251786676 101.82335018546347 1104.5699355317524
2020 8 4 336.49340014233076 98.76864967989957 1071.4328374657998
2020 8 5 326.39859813806083 95.80559018950258 1039.2898523418257
2020 8 6 316.606640193919 92.9314224838175 1008.1111567715709
2020 8 7 307.10844098810145 90.14347980930297 977.8678220684237
2020 8 8 297.8951877584584 87.43917541502388 948.531787406371
2020 8 9 288.95833212570466 84.81600015257317 920.0758337841798
2020 8 10 280.28958216193354 82.27152014799597 892.4735587706544
2020 8 11 271.8808946970755 79.80337454355609 865.6993520075348
2020 8 12 263.72446785616324 77.4092733072494 839.7283714473087
2020 8 13 255.81273382047834 75.08699510803193 814.5365203038895
2020 8 14 248.13835180586398 72.83438525479097 790.1004246947728
2020 8 15 240.69420125168804 70.64935369714725 766.3974119539296
2020 8 16 233.4733752141374 68.52987308623283 743.4054895953117
2020 8 17 226.46917395771328 66.47397689364584 721.1033249074524
2020 8 18 219.6750987389819 64.47975758683647 699.4702251602288
2020 8 19 213.08484577681241 62.54536485923138 678.4861184054218
2020 8 20 206.69230040350803 60.66900391345443 658.1315348532592
2020 8 21 200.4915313914028 58.8489337960508 638.3875888076614
2020 8 22 194.4767854496607 57.08346578216928 619.2359611434315
2020 8 23 188.64248188617086 55.370961808704195 600.6588823091286
2020 8 24 182.98320742958572 53.709832954443065 582.6391158398546
2020 8 25 177.49371120669815 52.098537965809776 565.159942364659
2020 8 26 172.1688998704972 50.53558182683548 548.2051440937191
2020 8 27 167.00383287438228 49.019514372030415 531.7589897709075
2020 8 28 161.9937178881508 47.5489289408695 515.8062200777803
2020 8 29 157.13390635150628 46.12246107264342 500.33203347544685
2020 8 30 152.41988916096108 44.73878724046411 485.32207247118345
2020 8 31 147.84729248613223 43.396623623250186 470.76241029704795
2020 9 1 143.41187371154825 42.09472491455268 456.6395379881365
2020 9 2 139.1095175002018 40.831883167116096 442.9403518484924
2020 9 3 134.93623197519574 39.60692667210261 429.65214129303763
2020 9 4 130.88814501593987 38.41871887193953 416.7625770542465
2020 9 5 126.96150066546167 37.26615730578135 404.2596997426191
2020 9 6 123.15265564549782 36.148172586607906 392.13190875034053
2020 9 7 119.45807597613287 35.063727409009665 380.3679514878303
2020 9 8 115.87433369684888 34.011815586739374 368.9569129431954
2020 9 9 112.39810368594341 32.99146111913719 357.8882055548995
2020 9 10 109.02616057536511 32.001717285563075 347.1515593882525
2020 9 11 105.75537575810415 31.041665766996182 336.73701260660494
2020 9 12 102.58271448536102 30.110415793986295 326.63490222840676
2020 9 13 99.50523305080019 29.207103320166706 316.83585516155455
2020 9 14 96.52007605927618 28.330890220561702 307.3307795067079
2020 9 15 93.6244737774979 27.48096351394485 298.1108561215067
2020 9 16 90.81573956417296 26.656534608526503 289.1675304378615
2020 9 17 88.09126737724776 25.856838570270707 280.49250452472563
2020 9 18 85.44852935593032 25.081133413162586 272.07772938898387
2020 9 19 82.88507347525241 24.328699410767708 263.91539750731437
2020 9 20 80.39852127099483 23.598838428444676 255.99793558209493
2020 9 21 77.98656563286498 22.890873275591336 248.31799751463208
2020 9 22 75.64696866387902 22.204147077323594 240.86845758919313
2020 9 23 73.37755960396265 21.538022665003886 233.64240386151732
2020 9 24 71.17623281584378 20.891881985053768 226.6331317456718
2020 9 25 69.04094583136846 20.265125525502153 219.83413779330164
2020 9 26 66.9697174564274 19.65717175973709 213.23911365950258
2020 9 27 64.96062593273459 19.067456606944976 206.84194024971748
2020 9 28 63.011807154752546 18.495432908736625 200.63668204222594
2020 9 29 61.12145294010997 17.940569921474527 194.61758158095915
2020 9 30 59.28780935190667 17.40235282383029 188.77905413353037
2020 10 1 57.50917507134947 16.88028223911538 183.11568250952445
2020 10 2 55.78389981920898 16.37387377194192 177.62221203423871
2020 10 3 54.110382824632715 15.882657558783661 172.29354567321155
2020 10 4 52.48707133989373 15.40617783202015 167.1247393030152
2020 10 5 50.91245919969692 14.943992497059545 162.11099712392473
2020 10 6 49.38508542370601 14.49567272214776 157.247667210207
2020 10 7 47.90353286099483 14.060802540483326 152.53023719390077
2020 10 8 46.466426875164984 13.638978464268826 147.95433007808376
2020 10 9 45.072434068910034 13.22980911034076 143.51570017574124
2020 10 10 43.72026104684273 12.832914837030536 139.210229170469
2020 10 11 42.40865321543745 12.44792739191962 135.03392229535493
2020 10 12 41.136393618974324 12.074489570162031 130.98290462649427
2020 10 13 39.90230181040509 11.71225488305717 127.05341748769945
2020 10 14 38.70523275609294 11.360887236565455 123.24181496306846
2020 10 15 37.54407577341015 11.020060619468492 119.54456051417641
2020 10 16 36.417753500207844 10.689458800884436 115.95822369875111
2020 10 17 35.32522089520161 10.368775036857903 112.47947698778857
2020 10 18 34.26546426834556 10.057711785752165 109.10509267815492
2020 10 19 33.23750034029519 9.7559804321796 105.83193989781027
2020 10 20 32.24037533008634 9.463301019214212 102.65698170087596
2020 10 21 31.273164070183746 9.179401988637785 99.57727224984968
2020 10 22 30.334969148078233 8.904019928978652 96.5899540823542
2020 10 23 29.424920073635885 8.636899331109293 93.69225545988357
2020 10 24 28.54217247142681 8.377792351176014 90.88148779608706
2020 10 25 27.685907297284004 8.126458580640733 88.15504316220445
2020 10 26 26.855330078365483 7.882664823221511 85.51039186733831
2020 10 27 26.04967017601452 7.646184878524865 82.94508011131816
2020 10 28 25.268180070734083 7.416799332169119 80.45672770797862
2020 10 29 24.51013466861206 7.194295352204045 78.04302587673925
2020 10 30 23.774830628553698 6.978466491637923 75.70173510043708
