2020 6 26 521.7623285587624 491.2683562041636 552.2563009133612
2020 6 27 515.7485493487877 457.22313084506965 577.7975323639031
2020 6 28 509.2839033176474 425.0761097289924 603.9372537077372
2020 6 29 503.04704857435325 395.31181605066007 631.4335797981444
2020 6 30 497.08589643508515 367.78828650666 660.431966062978
2020 7 1 491.15957319302663 342.1545824645256 690.7145148564642
2020 7 2 485.6400555599459 318.54163987943616 722.8583256960904
2020 7 3 479.93765787856915 296.397645823108 756.1334790538242
2020 7 4 474.3713696599216 275.83573769778184 791.049326490478
2020 7 5 469.09177560121276 256.8294321052692 827.9479064324909
2020 7 6 464.2595786241291 239.34552539491526 867.253569579942
2020 7 7 459.92589810605494 223.2831962684232 909.263474685795
2020 7 8 455.81435658331304 208.38700421996575 953.6675353344599
2020 7 9 451.9521964204112 194.58180915293553 1000.6849389343705
2020 7 10 448.1227607228722 181.69117884752347 1050.020379123942
2020 7 11 444.3257722130618 169.6545253367264 1101.7881389817705
2020 7 12 440.56095596274645 158.41527447727418 1156.108135933258
2020 7 13 436.82803937318687 147.92060004235867 1213.1061995333266
2020 7 14 433.12675215539986 138.1211754301531 1272.914362944288
2020 7 15 429.4568263105874 128.97094182111275 1335.6711687840561
2020 7 16 425.81799611073205 120.42689169436076 1401.5219900531895
2020 7 17 413.0434562274101 116.81408494352993 1359.4763303515938
2020 7 18 400.6521525405878 113.30966239522404 1318.692040441046
2020 7 19 388.63258796437015 109.91037252336731 1279.1312792278145
2020 7 20 376.97361032543904 106.61306134766629 1240.75734085098
2020 7 21 365.6644020156759 103.4146695072363 1203.5346206254505
2020 7 22 354.6944699552056 100.3122294220192 1167.428582006687
2020 7 23 344.0536358565494 97.30286253935863 1132.4057245464865
2020 7 24 333.73202678085295 94.38377666317787 1098.433552810092
2020 7 25 323.72006597742734 91.55226336328253 1065.480546225789
2020 7 26 314.0084639981045 88.80569546238405 1033.5161298390153
2020 7 27 304.58821007816135 86.14152459851253 1002.5106459438448
2020 7 28 295.4505637758165 83.55727886055715 972.4353265655294
2020 7 29 286.58704686254197 81.05056049474044 943.2622667685634
2020 7 30 277.9894354566657 78.61904367989823 914.9643987655065
2020 7 31 269.64975239296575 76.26047236950127 887.5154668025413
2020 8 1 261.56025982117677 73.97265819841623 860.890002798465
2020 8 2 253.71345202654146 71.75347845246374 835.0633027145111
2020 8 3 246.1020484657452 69.60087409888982 810.0114036330757
2020 8 4 238.71898701177284 67.51284787592313 785.7110615240834
2020 8 5 231.55741740141966 65.48746243964543 762.1397296783609
2020 8 6 224.61069487937706 63.52283856645606 739.2755377880101
2020 8 7 217.87237403299574 61.617153409462375 717.0972716543697
2020 8 8 211.33620281200587 59.768638807178505 695.5843535047386
2020 8 9 204.99611672764567 57.97557964296315 674.7168228995964
2020 8 10 198.8462332258163 56.23631225367425 654.4753182126085
2020 8 11 192.8808462290418 54.54922288606402 634.8410586662302
2020 8 12 187.09442084217054 52.9127461994821 615.7958269062433
2020 8 13 181.4815882169054 51.32536381349764 597.3219520990559
2020 8 14 176.03714057039824 49.78560289909271 579.4022935360842
2020 8 15 170.75602635328627 48.29203481211992 562.0202247300017
2020 8 16 165.63334556268768 46.84327376775632 545.1596179881017
2020 8 17 160.66434519580704 45.43797555472363 528.8048294484586
2020 8 18 155.84441483993282 44.07483628808192 512.9406845650049
2020 8 19 151.16908239473483 42.75259119943946 497.5524640280547
2020 8 20 146.63400992289277 41.470013463456276 482.6258901072131
2020 8 21 142.234989625206 40.22591305955259 468.1471134039967
2020 8 22 137.96793993644982 39.01913566776601 454.10270000187677
2020 8 23 133.82890173835634 37.848561597733024 440.4796190018205
2020 8 24 129.81403468620564 36.71310474980103 427.2652304317659
2020 8 25 125.91961364561948 35.611711607307 414.4472735188129
2020 8 26 122.14202523625089 34.54336025908779 402.0138553132485
2020 8 27 118.47776447916335 33.50705945131516 389.95343965385104
2020 8 28 114.92343154478846 32.5018476677757 378.2548364642355
2020 8 29 111.4757285984448 31.526792237742427 366.9071913703084
2020 8 30 108.13145674049146 30.580988470610155 355.89997562919916
2020 8 31 104.88751303827671 29.66355881649185 345.2229763603232
2020 9 1 101.7408876471284 28.773652051997093 334.8662870695135
2020 9 2 98.68866101771455 27.91044249043718 324.82029845742807
2020 9 3 95.72800118718311 27.073129215724066 315.07568950370523
2020 9 4 92.85616115156762 26.26093533925234 305.6234188185941
2020 9 5 90.07047631702059 25.47310727907477 296.45471625403627
2020 9 6 87.36836202750997 24.708914060702526 287.5610747664152
2020 9 7 84.74731116668467 23.967646638881448 278.9342425234227
2020 9 8 82.20489183168412 23.248617239715003 270.56621524772004
2020 9 9 79.7387450767336 22.551158722523553 262.44922879028843
2020 9 10 77.34658272443158 21.874623960847845 254.57575192657978
2020 9 11 75.02618524269863 21.21838524202241 246.9384793687824
2020 9 12 72.77539968541767 20.581833684761737 239.53032498771893
2020 9 13 70.59213769485514 19.964378674218885 232.34441523808735
2020 9 14 68.47437356400948 19.36544731399232 225.37408278094472
2020 9 15 66.42014235708919 18.78448389457255 218.61286029751636
2020 9 16 64.42753808637652 18.220949377735373 212.05447448859087
2020 9 17 62.49471194378522 17.674320896403312 205.69284025393313
2020 9 18 60.61987058547166 17.14409126951121 199.52205504631513
2020 9 19 58.80127446790751 16.629768531425874 193.53639339492568
2020 9 20 57.03723623387028 16.130875475483098 187.7303015930779
2020 9 21 55.32611914685417 15.646949211218605 182.09839254528558
2020 9 22 53.66633557244854 15.177540734882045 176.635440768927
2020 9 23 52.05634550527508 14.722214512835583 171.3363775458592
2020 9 24 50.494655140116826 14.280548077450515 166.19628621948343
2020 9 25 48.97981548591332 13.852131635127 161.21039763289892
2020 9 26 47.51042102133592 13.43656768607319 156.37408570391196
2020 9 27 46.085108390695844 13.033470655490994 151.6828631327946
2020 9 28 44.702555138974965 12.642466535826264 147.13237723881076
2020 9 29 43.361478484805716 12.263192539751476 142.71840592164642
2020 9 30 42.06063413026154 11.895296763558932 138.43685374399703
2020 10 1 40.79881510635369 11.538437860652163 134.28374813167713
2020 10 2 39.57485065316308 11.192284724832598 130.2552356877268
2020 10 3 38.38760513356819 10.85651618308762 126.347578617095
2020 10 4 37.23597697956114 10.530820697594992 122.55715125858214
2020 10 5 36.1188976701743 10.214896076667142 118.88043672082468
2020 10 6 35.03533074006907 9.908449194367128 115.31402361919993
2020 10 7 33.984270817867 9.611195718536115 111.85460291062392
2020 10 8 32.96474269333099 9.32285984698003 108.4989648233052
2020 10 9 31.97580041253106 9.04317405157063 105.24399587860604
2020 10 10 31.01652640015513 8.77187883002351 102.08667600224786
2020 10 11 30.086030608150473 8.508722465122805 99.02407572218041
2020 10 12 29.18344968990596 8.25346079116912 96.053353450515
2020 10 13 28.30794619920878 8.005856967434045 93.17175284699955
2020 10 14 27.458707813232515 7.765681258411024 90.37660026158956
2020 10 15 26.63494657883554 7.532710820658693 87.66530225374187
2020 10 16 25.835898181470473 7.3067294960389315 85.03534318612961
2020 10 17 25.060821236026356 7.087527611157763 82.48428289054571
2020 10 18 24.308996598945566 6.87490178282303 80.00975440382933
2020 10 19 23.579726700977197 6.668654729338339 77.60946177171445
2020 10 20 22.87233489994788 6.468595087458189 75.28117791856302
2020 10 21 22.186164852949442 6.274537234834443 73.02274258100613
2020 10 22 21.520579907360958 6.08630111778941 70.83206030357594
2020 10 23 20.87496251014013 5.903712084255727 68.70709849446867
2020 10 24 20.248713634835926 5.7266007217280555 66.6458855396346
2020 10 25 19.641252225790847 5.5548027000762135 64.64650897344556
2020 10 26 19.05201465901712 5.388158619073927 62.7071137042422
2020 10 27 18.480454219246607 5.226513860501709 60.82590029311493
2020 10 28 17.926040592669207 5.069718444686657 59.00112328432148
2020 10 29 17.38825937488913 4.917626891346058 57.231089585791835
2020 10 30 16.866611593642457 4.770098084605676 55.514156898218076
