2020 6 26 53.8045697464694 49.39045677712278 58.21868271581601
2020 6 27 51.93296290382565 43.761159632456845 60.8038744902276
2020 6 28 50.12844958922128 38.775140055539886 63.50619025825809
2020 6 29 48.384830547221235 34.35581526094504 66.32631608832929
2020 6 30 46.70109673883367 30.43963297945161 69.27062945670512
2020 7 1 45.07648094790027 26.97019500380285 72.3464251764505
2020 7 2 43.50447140967256 23.893855927121244 75.55251858513253
2020 7 3 41.98899990562616 21.16935973128025 78.90367172157876
2020 7 4 40.528259020784034 18.75650191023185 82.40711062901305
2020 7 5 39.11701129656505 16.618045910845577 86.06341514182421
2020 7 6 37.7513356523131 14.721881982021918 89.87409218538619
2020 7 7 36.43072375255372 13.041055509313814 93.8472699559182
2020 7 8 35.155016523699686 11.551669551956003 97.99276474208318
2020 7 9 33.923357416072704 10.232177634325945 102.3196388604709
2020 7 10 32.73484959402051 9.063404962330491 106.83756626412564
2020 7 11 31.58798124844331 8.02813559800053 111.55498291786002
2020 7 12 30.481293536606586 7.11112009755227 116.4806972768221
2020 7 13 29.41337872645983 6.298850888169623 121.62390673381984
2020 7 14 28.3828784059692 5.579363302421516 126.99421479287767
2020 7 15 27.388481755186397 4.94205933956531 132.60164900109217
2020 7 16 26.428923878855734 4.377551557752906 138.45667967226947
2020 7 17 25.63605616249006 4.246225011020318 134.30297928210138
2020 7 18 24.866974477615358 4.118838260689708 130.27388990363832
2020 7 19 24.120965243286896 3.995273112869017 126.36567320652917
2020 7 20 23.39733628598829 3.8754149194829464 122.5747030103333
2020 7 21 22.69541619740864 3.759152471898458 118.89746192002329
2020 7 22 22.014553711486382 3.646377897741504 115.33053806242259
2020 7 23 21.35411710014179 3.5369865608092588 111.87062192054991
2020 7 24 20.713493587137535 3.4308769639849808 108.5145032629334
2020 7 25 20.092088779523408 3.327950655065431 105.25906816504539
2020 7 26 19.489326116137704 3.2281121354134683 102.10129612009403
2020 7 27 18.904646332653574 3.1312687713510643 99.0382572364912
2020 7 28 18.337506942673965 3.0373307082105323 96.06710951939647
2020 7 29 17.787381734393744 2.9462107869642162 93.18509623381458
2020 7 30 17.25376028236193 2.8578244633552896 90.38954334680014
2020 7 31 16.736147473891073 2.7720897294546307 87.67785704639613
2020 8 1 16.23406304967434 2.6889270375709917 85.04752133500425
2020 8 2 15.747041158184109 2.6082592264438618 82.49609569495412
2020 8 3 15.274629923438585 2.5300114496505457 80.02121282410549
2020 8 4 14.816391025735427 2.4541111061610295 77.62057643938232
2020 8 5 14.371899294963365 2.3804877729761986 75.29195914620085
2020 8 6 13.940742316114463 2.3090731397869124 73.03320037181483
2020 8 7 13.522520046631028 2.239800945593305 70.84220436066038
2020 8 8 13.116844445232097 2.1726069172255054 68.71693822984057
2020 8 9 12.723339111875134 2.1074287097087403 66.65543008294534
2020 8 10 12.34163893851888 2.044205848417478 64.65576718045698
2020 8 11 11.971389770363313 1.9828796729649534 62.716094165043266
2020 8 12 11.612248077252413 1.9233932827760047 60.83461134009197
2020 8 13 11.263880634934841 1.8656914842927246 59.00957299988921
2020 8 14 10.925964215886795 1.8097207397639428 57.23928580989253
2020 8 15 10.598185289410191 1.7554291175710244 55.522107235595755
2020 8 16 10.280239730727885 1.7027662440438935 53.85644401852788
2020 8 17 9.971832538806048 1.6516832567225768 52.24075069797205
2020 8 18 9.672677562641866 1.6021327590208994 50.673528177032885
2020 8 19 9.38249723576261 1.5540687762502723 49.153322331721895
2020 8 20 9.101022318689731 1.507446712962764 47.67872266177024
2020 8 21 8.82799164912904 1.462223311573881 46.24836098191713
2020 8 22 8.563151899655168 1.4183566122266644 44.86091015245962
2020 8 23 8.306257342665512 1.3758059138598644 43.51508284788583
2020 8 24 8.057069622385546 1.3345317364440685 42.20963036244925
2020 8 25 7.815357533713979 1.2944957843507465 40.943341451575776
2020 8 26 7.58089680770256 1.2556609108202241 39.7150412080285
2020 8 27 7.353469903471483 1.2179910834956174 38.52358997178764
2020 8 28 7.132865806367338 1.1814513509907487 37.36788227263401
2020 8 29 6.918879832176318 1.1460078104610263 36.24684580445499
2020 8 30 6.711313437211028 1.1116275761471954 35.15944043032134
2020 8 31 6.5099740340946965 1.0782787488627796 34.1046572174117
2020 9 1 6.314674813071855 1.0459303863968963 33.08151750088935
2020 9 2 6.1252345686797 1.0145524748049894 32.089071975862666
2020 9 3 5.9414775316193085 0.9841159005608398 31.126399816586787
2020 9 4 5.763233205670729 0.9545924235440145 30.192607822089183
2020 9 5 5.590336209500607 0.925954650837694 29.286829587426507
2020 9 6 5.422626123215588 0.8981760113125632 28.40822469980371
2020 9 7 5.259947339519121 0.8712307309731863 27.5559779588096
2020 9 8 5.102148919333547 0.8450938090439907 26.72929862004531
2020 9 9 4.94908445175354 0.8197409947726709 25.92741966144395
2020 9 10 4.800611918200934 0.7951487649294908 25.14959707160063
2020 9 11 4.656593560654906 0.7712943019816061 24.395109159452613
2020 9 12 4.516895753835258 0.7481554729221579 23.663255884669034
2020 9 13 4.3813888812202 0.7257108087344931 22.953358208128964
2020 9 14 4.249947214783594 0.7039394844724584 22.264757461885093
2020 9 15 4.122448798340086 0.6828212999382846 21.59681473802854
2020 9 16 3.998775334389883 0.662336660940136 20.948910295887686
2020 9 17 3.8788120743581866 0.6424665611119319 20.320442987011056
2020 9 18 3.762447712127441 0.623192564278574 19.710829697400722
2020 9 19 3.6495742807636176 0.6044967873502167 19.1195048064787
2020 9 20 3.540087052340709 0.5863618837297102 18.54591966228434
2020 9 21 3.4338844407704876 0.5687710272178189 17.98954207241581
2020 9 22 3.330867907547373 0.5517078964012844 17.449855810243335
2020 9 23 3.2309418703209514 0.5351566595092458 16.926360135936033
2020 9 24 3.1340136142113226 0.5191019597239684 16.418569331857952
2020 9 25 3.0399932057849828 0.5035289009322493 15.926012251902213
2020 9 26 2.948793409611433 0.4884230339042818 15.448231884345146
2020 9 27 2.8603296073230897 0.47377034288715336 14.984784927814792
2020 9 28 2.774519719103397 0.45955723260053877 14.535241379980347
2020 9 29 2.6912841275302952 0.44577051562252257 14.099184138580936
2020 9 30 2.610545603704386 0.43239740015384687 13.676208614423508
2020 10 1 2.5322292355932543 0.4194254781492314 13.265922355990803
2020 10 2 2.4562623585254566 0.40684271380475445 12.867944685311079
2020 10 3 2.382574487769693 0.39463743239061183 12.481906344751746
2020 10 4 2.311097253136602 0.3827983094188935 12.107449154409194
2020 10 5 2.241764335542504 0.3713143601363267 11.744225679776918
2020 10 6 2.174511405476229 0.3601749293322369 11.39189890938361
2020 10 7 2.109276063311942 0.34936968145226976 11.050141942102101
2020 10 8 2.0459977814125834 0.33888859100870167 10.718637683839038
2020 10 9 1.984617847970206 0.3287219332784406 10.397078553323867
2020 10 10 1.9250793125310997 0.3188602752800874 10.08516619672415
2020 10 11 1.8673269331551665 0.3092944670216848 9.782611210822425
2020 10 12 1.8113071251605115 0.30001563301103423 9.489132874497752
2020 10 13 1.7569679114056962 0.2910151640207032 9.204458888262819
2020 10 14 1.7042588740635252 0.28228470910008213 8.928325121614934
2020 10 15 1.6531311078416193 0.2738161678270797 8.660475367966486
2020 10 16 1.6035371746063707 0.26560168279226726 8.40066110692749
2020 10 17 1.5554310593681795 0.2576336323084992 8.148641273719665
2020 10 18 1.508768127587134 0.24990462333924424 7.904182035508075
2020 10 19 1.46350508375952 0.2424074846390669 7.6670565744428325
2020 10 20 1.4195999312467344 0.23513526009989488 7.437044877209547
2020 10 21 1.3770119333093325 0.22808120229689802 7.21393353089326
2020 10 22 1.3357015753100525 0.22123876622799107 6.997515524966462
2020 10 23 1.295630528050751 0.21460160324115132 6.787590059217468
2020 10 24 1.2567616122092284 0.20816355514391677 6.583962357440944
2020 10 25 1.2190587638429515 0.20191864848959926 6.386443486717716
2020 10 26 1.182487000927663 0.19586108903491128 6.194850182116184
2020 10 27 1.147012390899833 0.18998525636386393 6.009004676652698
2020 10 28 1.112602019172838 0.184285698672948 5.828734536353117
2020 10 29 1.0792239585976529 0.17875712771275956 5.653872500262524
2020 10 30 1.0468472398397233 0.17339441388137677 5.4842563252546475
