2020 6 26 1206.8032920469832 1148.765132883052 1264.8414512109146
2020 6 27 1283.2914101029157 1162.796653486439 1409.7253657804226
2020 6 28 1363.941255463403 1176.3778389093877 1570.451562172937
2020 6 29 1452.252588152253 1192.3540364693154 1752.4880931252292
2020 6 30 1549.560335093503 1211.2389807024356 1959.581411445992
2020 7 1 1651.5470104472179 1228.9838685804036 2188.8188355759085
2020 7 2 1764.4650947464029 1250.128253815771 2450.464609133767
2020 7 3 1878.9188606913572 1267.2545808893858 2734.7976868499754
2020 7 4 2000.9084070334472 1284.6908187223041 3052.2850601975038
2020 7 5 2133.314472116843 1303.9697213908557 3410.4380686484214
2020 7 6 2281.5795393313088 1327.8760972094794 3821.9626483757365
2020 7 7 2447.219976746651 1356.3360549553984 4294.989186378019
2020 7 8 2630.4152693133915 1388.4706431598313 4836.264596251237
2020 7 9 2833.7782267474236 1424.773294370542 5457.620325974715
2020 7 10 3052.863603732005 1462.02510679789 6158.806870405781
2020 7 11 3288.886933713553 1500.2508970044432 6950.0807680649905
2020 7 12 3543.157725595292 1539.4761304012136 7843.016301539636
2020 7 13 3817.086729178205 1579.7269382123056 8850.674799185477
2020 7 14 4112.193762308567 1621.030134883122 9987.795688446973
2020 7 15 4430.116143158773 1663.4132359437176 11271.012095409995
2020 7 16 4772.617774425604 1706.9044763392073 12719.09414424871
2020 7 17 4629.439241192836 1655.697342049031 12337.521319921247
2020 7 18 4490.55606395705 1606.0264217875601 11967.395680323609
2020 7 19 4355.839382038339 1557.8456291339332 11608.373809913901
2020 7 20 4225.164200577188 1511.110260259915 11260.122595616484
2020 7 21 4098.409274559873 1465.7769524521177 10922.318917747989
2020 7 22 3975.4569963230765 1421.803643878554 10594.649350215548
2020 7 23 3856.193286433384 1379.1495345621975 10276.80986970908
2020 7 24 3740.5074878403825 1337.7750485253314 9968.505573617807
2020 7 25 3628.292263205171 1297.6417970695713 9669.450406409273
2020 7 26 3519.443495309016 1258.712543157484 9379.366894216993
2020 7 27 3413.8601904497455 1220.9511668627595 9097.985887390483
2020 7 28 3311.444384736253 1184.3226318568766 8825.046310768768
2020 7 29 3212.1010531941656 1148.7929529011703 8560.294921445706
2020 7 30 3115.7380215983408 1114.3291643141351 8303.486073802334
2020 7 31 3022.2658809503905 1080.899289384711 8054.381491588264
2020 8 1 2931.5979045218787 1048.4723107031696 7812.750046840616
2020 8 2 2843.649967386222 1017.0181413820744 7578.367545435397
2020 8 3 2758.3404683646354 986.5075971406121 7351.016519072335
2020 8 4 2675.5902543136963 956.9123692263937 7130.486023500164
2020 8 5 2595.3225466842855 928.2049981496019 6916.571442795159
2020 8 6 2517.4628702837567 900.3588482051139 6709.074299511304
2020 8 7 2441.938984175244 873.3480827589605 6507.802070525965
2020 8 8 2368.6808146499866 847.1476402761916 6312.568008410186
2020 8 9 2297.620390210487 821.7332110679058 6123.19096815788
2020 8 10 2228.6917785041724 797.0812147358686 5939.495239113144
2020 8 11 2161.831025149047 773.1687782937925 5761.310381939749
2020 8 12 2096.9760943945757 749.9737149449786 5588.471070481557
2020 8 13 2034.0668115627384 727.4745034966293 5420.81693836711
2020 8 14 1973.0448072158563 705.6502683917304 5258.192430216097
2020 8 15 1913.8534629993806 684.4807603399785 5100.446657309614
2020 8 16 1856.4378591093991 663.9463375297792 4947.433257590325
2020 8 17 1800.7447233361172 644.0279474038857 4799.010259862615
2020 8 18 1746.7223816360336 624.7071089817691 4655.039952066737
2020 8 19 1694.3207101869525 605.9658957123161 4515.388753504735
2020 8 20 1643.4910888813438 587.7869188409466 4379.927090899593
2020 8 21 1594.1863562149035 570.1533112757181 4248.529278172606
2020 8 22 1546.3607655284563 553.0487119374466 4121.073399827427
2020 8 23 1499.9699425626027 536.4572505793232 3997.4411978326043
2020 8 24 1454.9708442857245 520.3635330619435 3877.5179618976263
2020 8 25 1411.3217189571528 504.75262707008517 3761.1924230406976
2020 8 26 1368.9820673884383 489.6100482579826 3648.3566503494767
2020 8 27 1327.912605366785 474.9217468102431 3538.9059508389923
2020 8 28 1288.0752272057814 460.6740944059358 3432.7387723138227
2020 8 29 1249.4329703896078 446.8538715737577 3329.756609144408
2020 8 30 1211.9499812779195 433.44825542654496 3229.8639108700754
2020 8 31 1175.5914818395818 420.4448077637486 3132.967993543973
2020 9 1 1140.3237373843942 407.8314635308361 3038.9789537376537
2020 9 2 1106.1140252628625 395.596519624911 2947.809585125524
2020 9 3 1072.9306045049766 383.7286240361637 2859.375297571758
2020 9 4 1040.7426863698272 372.21676531507876 2773.594038644605
2020 9 5 1009.5204057787323 361.0502623556264 2690.3862174852666
2020 9 6 979.2347936053703 350.21875448495757 2609.6746309607083
2020 9 7 949.8577497972092 339.71219185040883 2531.384392031887
2020 9 8 921.3620173032929 329.52082609489656 2455.44286027093
2020 9 9 893.721156784194 319.6352013120497 2381.779574462802
2020 9 10 866.9095220806681 310.0461452726882 2310.3261872289177
2020 9 11 840.9022364182481 300.74476091450754 2241.0164016120502
2020 9 12 815.6751693257006 291.7224180870723 2173.7859095636886
2020 9 13 791.2049142459296 282.9707455444601 2108.572332276778
2020 9 14 767.4687668185517 274.4816231781263 2045.3151623084748
2020 9 15 744.4447038139951 266.2471744827825 1983.9557074392205
2020 9 16 722.1113626995752 258.259759248299 1924.437036216044
2020 9 17 700.448021818588 250.51196647085004 1866.7039251295625
2020 9 18 679.4345811640303 242.99660747672453 1810.7028073756755
2020 9 19 659.0515437291094 235.7067092524228 1756.3817231544053
2020 9 20 639.2799974172361 228.6355079748501 1703.6902714597732
2020 9 21 620.101597494719 221.7764427356046 1652.5795633159798
2020 9 22 601.4985495698775 215.12314945353646 1603.0021764165003
2020 9 23 583.4535930827811 208.66945496993037 1554.9121111240054
2020 9 24 565.9499852902977 202.40937132083246 1508.2647477902851
2020 9 25 548.9714857315888 196.3370901812075 1463.0168053565765
2020 9 26 532.5023411596411 190.44697747577126 1419.126301195879
2020 9 27 516.5272709248519 184.73356815149813 1376.5525121600026
2020 9 28 501.03145279710634 179.19156110695317 1335.2559367952024
2020 9 29 486.00050921319314 173.81581427374456 1295.1982586913464
2020 9 30 471.42049393679736 168.6013398455322 1256.342310930606
2020 10 1 457.2778791186934 163.54329965016623 1218.6520416026876
2020 10 2 443.5595427451326 158.63700066066124 1182.092480354607
2020 10 3 430.2527564627786 153.8778906408414 1146.6297059439687
2020 10 4 417.3451737688952 149.26155392161616 1112.2308147656497
2020 10 5 404.82481855582836 144.78370730396767 1078.8638903226802
2020 10 6 392.6800739991535 140.44019608484865 1046.4979736129997
2020 10 7 380.89967177917885 136.2269902023032 1015.1030344046096
2020 10 8 369.4726816258035 132.1401804962341 984.6499433724713
2020 10 9 358.38850117702935 128.17597508134708 955.1104450712971
2020 10 10 347.6368461417185 124.33069582890666 926.4571317191582
2020 10 11 337.2077407574669 120.60077495403945 898.6634177675834
2020 10 12 327.0915085347429 116.98275170541827 871.7035152345559
2020 10 13 317.2787632787006 113.47326915425572 845.5524097775192
2020 10 14 307.76040038033955 110.06907107962805 820.1858374841936
2020 10 15 298.52758836892934 106.7669989472392 795.5802623596678
2020 10 16 289.5717607178615 103.56398897882202 771.7128544888777
2020 10 17 280.88460789632563 100.45706930945737 748.5614688542114
2020 10 18 272.45806965943586 97.44335723017365 726.104624788585
2020 10 19 264.28432756965276 94.52005651326843 704.3214860449275
2020 10 20 256.3557977425632 91.68445481787037 683.1918414635796
2020 10 21 248.6651238102863 88.93392117333426 662.6960862196722
2020 10 22 241.2051700959777 86.26590353813422 642.8152036330821
2020 10 23 233.96901499309837 83.6779264319902 623.5307475240896
2020 10 24 226.9499445433054 81.1675886390305 604.8248250983669
2020 10 25 220.14144620700623 78.73256097985958 586.6800803454158
2020 10 26 213.53720282079604 76.3705841504638 569.0796779350534
2020 10 27 207.13108673617216 74.07946662594988 552.0072875970018
2020 10 28 200.91715413408699 71.85708262717138 535.4470689690917
2020 10 29 194.88963951006437 69.70137014835623 519.3836569000189
2020 10 30 189.04295032476244 67.61032904390554 503.8021471930183
