2020 6 26 48.43650977237698 44.30041529174305 52.57260425301091
2020 6 27 47.75673818663054 39.94715979257612 56.26310304539842
2020 6 28 47.04316432306038 35.985429656943765 60.16160550253156
2020 6 29 46.3615999548004 32.43293076111924 64.3575377238839
2020 6 30 45.71094823635247 29.24585377188257 68.87531687189755
2020 7 1 45.0694279469133 26.37196031237793 73.71023569231127
2020 7 2 44.45736266959826 23.792442016380743 78.9180052440255
2020 7 3 43.8334355521813 21.45443731903596 84.45790206270034
2020 7 4 43.23815566714441 19.355916278535126 90.4250148609799
2020 7 5 42.6705807155036 17.471441080897996 96.85474895166828
2020 7 6 42.12981933883938 15.778364993146567 103.78562482342075
2020 7 7 41.61502878644979 14.256516986191578 111.25956674003768
2020 7 8 41.13296640107101 12.890510711451391 119.34241439773983
2020 7 9 40.695685573689374 11.667673998436015 128.12619597467705
2020 7 10 40.263053439040746 10.560839642516534 137.55647711491454
2020 7 11 39.835020577295175 9.55900327433719 147.6808411607391
2020 7 12 39.41153809400045 8.652204435613942 158.55037366014912
2020 7 13 38.992557614496825 7.831427550258719 170.2199201344737
2020 7 14 38.578031278391165 7.088512289712136 182.748362818077
2020 7 15 38.16791173408983 6.4160724413188275 196.19891776652173
2020 7 16 37.76215213338966 5.807422473118502 210.6394538323417
2020 7 17 36.62928756938797 5.633199798924946 204.32027021737144
2020 7 18 35.53040894230633 5.464203804957197 198.1906621108503
2020 7 19 34.464496674037136 5.300277690808481 192.2449422475248
2020 7 20 33.430561773816024 5.141269360084227 186.47759398009904
2020 7 21 32.427644920601544 4.9870312792817 180.88326616069608
2020 7 22 31.454815572983495 4.837420340903249 175.4567681758752
2020 7 23 30.511171105793988 4.692297730676151 170.19306513059894
2020 7 24 29.59583597262017 4.551528798755866 165.08727317668095
2020 7 25 28.707960893441562 4.41498293479319 160.13465498138052
2020 7 26 27.846722066638314 4.282533446749394 155.3306153319391
2020 7 27 27.011320404639164 4.154057443346912 150.67069687198094
2020 7 28 26.20098079249999 4.0294357200465045 146.1505759658215
2020 7 29 25.41495136872499 3.9085526484451094 141.76605868684686
2020 7 30 24.652502827663238 3.791296068991756 137.51307692624144
2020 7 31 23.91292774283334 3.677557186922003 133.3876846184542
2020 8 1 23.195539910548337 3.5672304713143426 129.38605407990056
2020 8 2 22.499673713231886 3.4602135571749124 125.50447245750354
2020 8 3 21.82468350183493 3.356407150459665 121.73933828377842
2020 8 4 21.16994299677988 3.2557149359458752 118.08715813526507
2020 8 5 20.534844706876484 3.158043487867499 114.54454339120711
2020 8 6 19.91879936567019 3.0633021832314737 111.1082070894709
2020 8 7 19.32123538470008 2.9714031177345293 107.77496087678676
2020 8 8 18.741598323159078 2.882261024202493 104.54171205048316
2020 8 9 18.179350373464306 2.795793193476418 101.40546068896866
2020 8 10 17.633969862260376 2.7119193976721254 98.3632968682996
2020 8 11 17.104950766392562 2.6305618157419617 95.41239796225061
2020 8 12 16.591802243400785 2.551644961269703 92.55002602338308
2020 8 13 16.09404817609876 2.4750956124316117 89.77352524268159
2020 8 14 15.611226730815796 2.4008427440586635 87.08031948540113
2020 8 15 15.142889928891321 2.3288174617369037 84.4679099008391
2020 8 16 14.688603231024581 2.258952937884797 81.93387260381392
2020 8 17 14.247945134093843 2.191184349748253 79.4758564256995
2020 8 18 13.820506780071028 2.125448819255805 77.09158073292852
2020 8 19 13.405891576668896 2.0616853546781306 74.77883331094067
2020 8 20 13.003714829368828 1.9998347940377867 72.53546831161245
2020 8 21 12.613603384487764 1.9398397502166531 70.35940426226408
2020 8 22 12.23519528295313 1.8816445577101535 68.24862213439616
2020 8 23 11.868139424464536 1.825195220978849 66.20116347036426
2020 8 24 11.512095241730599 1.7704393643494833 64.21512856625334
2020 8 25 11.16673238447868 1.7173261834189988 62.28867470926574
2020 8 26 10.831730412944319 1.6658063979164288 60.42001446798777
2020 8 27 10.506778500555988 1.6158322059789358 58.60741403394813
2020 8 28 10.191575145539309 1.5673572397995676 56.84919161292969
2020 8 29 9.885827891173129 1.5203365226055805 55.1437158645418
2020 8 30 9.589253054437934 1.474726426927413 53.48940438860554
2020 8 31 9.301575462804797 1.4304846341195905 51.88472225694738
2020 9 1 9.022528198920652 1.3875700950960028 50.328180589238954
2020 9 2 8.751852352953032 1.3459429922431227 48.818335171561785
2020 9 3 8.489296782364441 1.305564702475829 47.35378511641493
2020 9 4 8.234617878893507 1.266397761401554 45.93317156292248
2020 9 5 7.987579342526702 1.2284058285595074 44.555176416034804
2020 9 6 7.747951962250901 1.1915536537027223 43.21852112355376
2020 9 7 7.515513403383373 1.1558070440916406 41.921965489847146
2020 9 8 7.290048001281872 1.1211328327688914 40.66430652515173
2020 9 9 7.071346561243415 1.0874988477858247 39.44437732939718
2020 9 10 6.859206164406113 1.0548738823522499 38.26104600951526
2020 9 11 6.65342997947393 1.0232276658816823 37.1132146292298
2020 9 12 6.453827080089711 0.9925308359052318 35.999818190352904
2020 9 13 6.26021226768702 0.9627549108280749 34.919823644642314
2020 9 14 6.07240589965641 0.9338722635032326 33.87222893530304
2020 9 15 5.890233722666717 0.9058560955981356 32.85606206724395
2020 9 16 5.713526710986716 0.8786804127301915 31.870380205226628
2020 9 17 5.542120909657114 0.8523200003482857 30.914268799069827
2020 9 18 5.3758572823674005 0.8267504003378371 29.986840735097733
2020 9 19 5.214581563896378 0.8019478883277019 29.0872355130448
2020 9 20 5.058144116979487 0.7778894516778708 28.214618447653454
2020 9 21 4.9063997934701025 0.7545527681275347 27.36817989422385
2020 9 22 4.759207799665999 0.7319161850837086 26.547134497397135
2020 9 23 4.616431565676019 0.7099586995311973 25.75072046247522
2020 9 24 4.477938618705738 0.6886599385452613 24.97819884860096
2020 9 25 4.3436004601445655 0.6680001403889034 24.22885288314293
2020 9 26 4.213292446340229 0.6479601361772364 23.501987296648643
2020 9 27 4.086893672950022 0.6285213320919193 22.796927677749185
2020 9 28 3.964286862761521 0.6096656921291617 22.11301984741671
2020 9 29 3.8453582568786753 0.5913757213652868 21.449629251994207
2020 9 30 3.729997509172315 0.5736344497243282 20.80614037443438
2020 10 1 3.6180975838971454 0.5564254162325983 20.18195616320135
2020 10 2 3.509554656380231 0.5397326537456204 19.576497478305306
2020 10 3 3.404268016688824 0.5235406741332518 18.989202553956147
2020 10 4 3.3021399761881596 0.5078344539092542 18.419526477337463
2020 10 5 3.203075776902515 0.49259942029197656 17.86694068301734
2020 10 6 3.106983503595439 0.4778214376832173 17.33093246252682
2020 10 7 3.0137739984875758 0.46348679455272074 16.811004488651015
2020 10 8 2.9233607785329485 0.4495821907161391 16.306674353991486
2020 10 9 2.83565995517696 0.4360947249946549 15.81747412337174
2020 10 10 2.750590156521651 0.42301188324481526 15.342949899670588
2020 10 11 2.6680724518260015 0.4103215267474708 14.882661402680469
2020 10 12 2.5880302782712215 0.3980118809450467 14.436181560600055
2020 10 13 2.5103893699230846 0.3860715245166953 14.003096113782053
2020 10 14 2.435077688825392 0.3744893787811944 13.583003230368591
2020 10 15 2.36202535816063 0.36325469741775857 13.175513133457533
2020 10 16 2.2911645974158112 0.3523570564952258 12.780247739453808
2020 10 17 2.222429659493337 0.341786344800369 12.396840307270192
2020 10 18 2.1557567697085367 0.33153275445635794 12.024935098052087
2020 10 19 2.0910840666172805 0.3215867718226672 11.664187045110523
2020 10 20 2.028351544618762 0.31193916866798715 11.314261433757208
2020 10 21 1.967500998280199 0.30258099360794755 10.974833590744492
2020 10 22 1.908475968331793 0.2935035637997091 10.645588583022157
2020 10 23 1.8512216892818392 0.2846984568857178 10.326220925531493
2020 10 24 1.795685038603384 0.2761575031791463 10.016434297765548
2020 10 25 1.7418144874452826 0.26787277808377186 9.71594126883258
2020 10 26 1.6895600528219241 0.2598365947412587 9.424463030767603
2020 10 27 1.6388732512372663 0.25204149689902094 9.141729139844575
2020 10 28 1.5897070537001483 0.2444802519920503 8.867477265649237
2020 10 29 1.5420158420891439 0.2371458444322888 8.601452947679759
2020 10 30 1.4957553668264696 0.23003146909932015 8.343409359249366
