2020 6 26 750.0595633792034 716.7294320627128 783.3896946956938
2020 6 27 759.4522553841903 693.4395469514277 828.4658263955876
2020 6 28 768.5956136957371 670.5714005920122 875.7353315397352
2020 6 29 778.4061113918606 648.9434098168994 926.3365883589398
2020 6 30 788.8589871468736 628.4441312951718 980.4770957715461
2020 7 1 799.2457664929402 608.4279192697012 1037.5252752652232
2020 7 2 810.3968528455194 589.5269530740335 1098.70738838072
2020 7 3 821.1487949166935 570.809613324485 1162.7452906610654
2020 7 4 832.3574942668212 552.9048907464804 1230.9604004127866
2020 7 5 844.3559794435289 535.9847843055825 1304.1192394966881
2020 7 6 857.5813683073344 520.2514990340396 1383.2539104831421
2020 7 7 871.8771787732787 505.5037498952716 1468.582943908467
2020 7 8 887.3205541218529 491.70123520027283 1560.7072264930716
2020 7 9 904.3004665196792 478.97546724144485 1660.8319450362537
2020 7 10 921.6053093202765 466.5790561329733 1767.3800074924884
2020 7 11 939.241300445397 454.50347775786753 1880.763493392442
2020 7 12 957.2147768039681 442.740428612646 2001.4209185812438
2020 7 13 975.5321965690514 431.28182009761605 2129.8189311986816
2020 7 14 994.2001414983727 420.1197729549283 2266.454116462339
2020 7 15 1013.2253192992587 409.24661185057937 2411.854917233755
2020 7 16 1032.6145660388293 398.65486009663925 2566.5836777954923
2020 7 17 1001.6361290576643 386.6952142937401 2489.5861674616276
2020 7 18 971.5870451859344 375.0943578649279 2414.8985824377787
2020 7 19 942.4394338303563 363.84152712898003 2342.4516249646454
2020 7 20 914.1662508154456 352.9262813151106 2272.178076215706
2020 7 21 886.7412632909821 342.33849287565727 2204.012733929235
2020 7 22 860.1390253922526 332.06833808938757 2137.8923519113578
2020 7 23 834.334854630485 322.10628794670595 2073.755581354017
2020 7 24 809.3048089915704 312.44309930830474 2011.5429139133964
2020 7 25 785.0256647218233 303.0698063290556 1951.1966264959945
2020 7 26 761.4748947801686 293.97771213918395 1892.6607277011146
2020 7 27 738.6306479367635 285.1583807750084 1835.880905870081
2020 7 28 716.4717284986606 276.6036293517582 1780.8044786939786
2020 7 29 694.9775766437008 268.3055204712054 1727.3803443331592
2020 7 30 674.1282493443897 260.25635485706925 1675.5589340031643
2020 7 31 653.904401864058 252.44866421135717 1625.2921659830693
2020 8 1 634.2872698081362 244.87520428501645 1576.5334010035772
2020 8 2 615.2586517138922 237.52894815646596 1529.23739897347
2020 8 3 596.8008921624754 230.40307971177197 1483.3602770042658
2020 8 4 578.8968653976011 223.4909873204188 1438.8594686941378
2020 8 5 561.529959435673 216.78625770080623 1395.6936846333138
2020 8 6 544.6840606526029 210.28266996978203 1353.8228740943143
2020 8 7 528.3435388330248 203.97418987068858 1313.2081878714848
2020 8 8 512.493232668034 197.85496417456793 1273.8119422353402
2020 8 9 497.118435687993 191.91931524933088 1235.5975839682799
2020 8 10 482.2048826173532 186.16173579185096 1198.5296564492314
2020 8 11 467.73873613883256 180.57688371809542 1162.5737667557544
2020 8 12 453.70657405466756 175.15957720655254 1127.6965537530816
2020 8 13 440.0953768330275 169.90478989035597 1093.8656571404892
2020 8 14 426.89251552803665 164.8076461936453 1061.0496874262744
2020 8 15 414.08574006219555 159.86341680783593 1029.218196803486
2020 8 16 401.6631678603297 155.06751430360086 998.3416508993814
2020 8 17 389.61327282451975 150.41548887449284 968.3914013724
2020 8 18 377.92487463978415 145.90302420825805 939.339659331228
2020 8 19 366.58712840059064 141.5259334820103 911.1594695512911
2020 8 20 355.58951454857294 137.28015547754998 883.8246854647523
2020 8 21 344.92182911211574 133.16175081322348 857.3099449008097
2020 8 22 334.5741742387523 129.16689828882676 831.5906465537854
2020 8 23 324.5369490115897 125.29189134016195 806.6429271571718
2020 8 24 314.800840541242 121.5331345999571 782.4436393424567
2020 8 25 305.35681532500473 117.88714056195838 758.9703301621829
2020 8 26 296.1961108652546 114.35052634509962 736.2012202573173
2020 8 27 287.31022753929693 110.92001055474663 714.1151836495978
2020 8 28 278.69092071311803 107.59241023810422 692.6917281401098
2020 8 29 270.3301930917245 104.3646379309611 671.9109762959065
2020 8 30 262.2202872989727 101.23369879303226 651.7536470070293
2020 8 31 254.35367868000353 98.19668782924128 632.2010375968183
2020 9 1 246.7230683196034 95.25078719436404 613.2350064689138
2020 9 2 239.3213762700153 92.39326357853311 594.8379562748463
2020 9 3 232.14173498191482 89.62146567117712 576.992817586601
2020 9 4 225.17748293245737 86.9328217010418 559.6830330590029
2020 9 5 218.42215844448364 84.32483705001054 542.8925420672329
2020 9 6 211.86949369114913 81.79509193851023 526.6057658052158
2020 9 7 205.51340888041466 79.34123918035492 510.8075928310593
2020 9 8 199.3480066140022 76.96100200494426 495.4833650461275
2020 9 9 193.36756641558213 74.65217194479594 480.6188640947437
2020 9 10 187.56653942311468 72.41260678645206 466.20029817190135
2020 9 11 181.93954324042124 70.24022858285849 452.2142892267443
2020 9 12 176.4813569432086 68.13302172537274 438.647860549942
2020 9 13 171.18691623491233 66.08903107361157 425.4884247334437
2020 9 14 166.05130874786497 64.10636014140321 412.7237719914404
2020 9 15 161.06976948542902 62.18316933716112 400.34205883169716
2020 9 16 156.23767640086615 60.317674257046285 388.3317970667462
2020 9 17 151.55054610884017 58.50814402933489 376.68184315474383
2020 9 18 147.00402972557495 56.75289970845485 365.3813878601015
2020 9 19 142.5939088338077 55.0503127172012 354.4199462242984
2020 9 20 138.31609156879347 53.398803335685166 343.7873478375695
2020 9 21 134.16660882172965 51.79683923561461 333.47372740244236
2020 9 22 130.14161055707777 50.242934058546176 323.4695155803691
2020 9 23 126.23736224036543 48.73564603678979 313.76543011295803
2020 9 24 122.45024137315446 47.27357665568609 304.3524672095693
2020 9 25 118.77673413195981 45.85536935601551 295.2218931932822
2020 9 26 115.21343210800102 44.47970827533504 286.3652363974837
2020 9 27 111.75702914476098 43.14531702707499 277.7742793055592
2020 9 28 108.40431827041814 41.85095751626274 269.44105092639245
2020 9 29 105.1521887223056 40.595428790774854 261.35781939860067
2020 9 30 101.99762306063643 39.377565927051606 253.51708481664264
2020 10 1 98.93769436881733 38.196238949240055 245.91157227214336
2020 10 2 95.9695635377528 37.05035178076285 238.53422510397905
2020 10 3 93.09047663162022 35.938841227339964 231.37819835085966
2020 10 4 90.29776233267161 34.860675990519766 224.43685240033386
2020 10 5 87.58882946269146 33.814855710804174 217.70374682832383
2020 10 6 84.96116457881072 32.80041003948005 211.1726344234741
2020 10 7 82.4123296414464 31.816397738295645 204.8374553907699
2020 10 8 79.93995975220301 30.861905806146776 198.6923317290468
2020 10 9 77.54176095963692 29.93604863196237 192.7315617771754
2020 10 10 75.21550813084781 29.0379671730035 186.9496149238601
2020 10 11 72.95904288692238 28.166828157813395 181.3411264761443
2020 10 12 70.7702716003147 27.321823313078994 175.90089268185997
2020 10 13 68.64716345230526 26.502168613686624 170.62386590140417
2020 10 14 66.5877485487361 25.707103555276024 165.50514992436203
2020 10 15 64.59011609227402 24.935890448617744 160.53999542663115
2020 10 16 62.652412609505795 24.18781373515921 155.72379556383223
2020 10 17 60.77284023122062 23.462179323104433 151.05208169691724
2020 10 18 58.949655024284 22.7583139434113 146.5205192460097
2020 10 19 57.18116537355548 22.07556452510896 142.12490366862943
2020 10 20 55.46573041234881 21.41329758935569 137.86115655857054
2020 10 21 53.80175849997835 20.77089866167502 133.72532186181343
2020 10 22 52.187705744979 20.14777170182477 129.71356220595902
2020 10 23 50.62207457262963 19.543338550770027 125.82215533978025
2020 10 24 49.10341233545074 18.957038394246926 122.04749067958684
2020 10 25 47.63030996538722 18.388327242419518 118.38606595919923
2020 10 26 46.2014006664256 17.83667742514693 114.83448398042324
2020 10 27 44.81535864643283 17.30157710239252 111.38944946101054
2020 10 28 43.47089788703984 16.782529789320744 108.04776597718022
2020 10 29 42.16677095042864 16.27905389564112 104.80633299786481
2020 10 30 40.90176782191578 15.790682278771886 101.66214300792886
