2020 6 26 5773.870918497857 5420.768367450216 6126.973469545499
2020 6 27 6069.546697068173 5349.204317828726 6835.376529885575
2020 6 28 6364.419871102592 5264.533346225341 7607.729739297361
2020 6 29 6678.9382297240645 5185.602831202713 8473.712576707694
2020 6 30 7017.771901002414 5114.6666805728655 9449.399364451163
2020 7 1 7365.4157061677715 5038.593807384382 10526.146526574106
2020 7 2 7745.231717636277 4973.880037179943 11746.954265459084
2020 7 3 8121.513699503993 4895.149962506399 13074.283899470141
2020 7 4 8518.015838729858 4818.835078658961 14554.71540197023
2020 7 5 8938.961096045963 4746.586864134804 16211.469016178155
2020 7 6 9399.920895956406 4685.623519335935 18091.652498678628
2020 7 7 9911.588432494538 4638.870677348729 20241.74197542152
2020 7 8 10472.646957950896 4602.665262163585 22691.345498178573
2020 7 9 11093.03781261592 4578.860533831637 25497.136565078916
2020 7 10 11750.180103102028 4555.178922228516 28649.86446354483
2020 7 11 12446.250953757128 4531.619790601358 32192.42802753323
2020 7 12 13183.556459956257 4508.182505490549 36173.03054353368
2020 7 13 13964.539328237455 4484.866436712697 40645.835647572436
2020 7 14 14791.78696903291 4461.670957343678 45671.70432406024
2020 7 15 15668.040068806726 4438.595443701789 51319.02303474878
2020 7 16 16596.201669998976 4415.639275330972 57664.6342460588
2020 7 17 16098.315619899007 4283.170097071043 55934.695218677036
2020 7 18 15615.366151302036 4154.674994158911 54256.65436211672
2020 7 19 15146.905166762974 4030.034744334144 52628.954731253216
2020 7 20 14692.498011760084 3909.1337020041196 51050.08608931562
2020 7 21 14251.723071407281 3791.859690943996 49518.58350663615
2020 7 22 13824.171379265063 3678.1039002156763 48033.02600143706
2020 7 23 13409.44623788711 3567.760783209206 46592.03522139395
2020 7 24 13007.162850750497 3460.7279597129295 45194.274164752125
2020 7 25 12616.947965227982 3356.9061209215415 43838.44593980956
2020 7 26 12238.439526271142 3256.198937293895 42523.29256161527
2020 7 27 11871.286340483008 3158.512969175078 41247.59378476681
2020 7 28 11515.147750268517 3063.7575800998256 40010.1659712238
2020 7 29 11169.693317760462 2971.844852696831 38809.86099208709
2020 7 30 10834.602518227648 2882.689507115926 37645.56516232448
2020 7 31 10509.564442680818 2796.208821902448 36516.19820745474
2020 8 1 10194.277509400394 2712.322557245375 35420.7122612311
2020 8 2 9888.44918411838 2630.9528805280133 34358.09089339417
2020 8 3 9591.79570859483 2552.024294112173 33327.34816659234
2020 8 4 9304.041837336985 2475.463565288808 32327.527721594568
2020 8 5 9024.920582216875 2401.1996583301434 31357.70188994673
2020 8 6 8754.172964750369 2329.163668580239 30416.970833248328
2020 8 7 8491.547775807858 2259.288758522832 29504.461708250878
2020 8 8 8236.801342533621 2191.5100957671466 28619.32785700335
2020 8 9 7989.697302257612 2125.764792894132 27760.74802129325
2020 8 10 7750.006383189883 2061.991849107308 26927.92558065445
2020 8 11 7517.506191694187 2000.1320936340887 26120.087813234815
2020 8 12 7291.981005943361 1940.128130825066 25336.48517883777
2020 8 13 7073.22157576506 1881.924286900314 24576.39062347264
2020 8 14 6861.024928492108 1825.4665582933046 23839.09890476846
2020 8 15 6655.194180637345 1770.7025615445054 23123.925937625405
2020 8 16 6455.538355218225 1717.5814846981702 22430.208159496644
2020 8 17 6261.872204561678 1666.054040157225 21757.301914711745
2020 8 18 6074.0160384248275 1616.0724189525083 21104.58285727039
2020 8 19 5891.795557272082 1567.590246383933 20471.44537155228
2020 8 20 5715.04169055392 1520.5625389924148 19857.30201040571
2020 8 21 5543.590439837302 1474.9456628226424 19261.58295009354
2020 8 22 5377.282726642183 1430.697292937963 18683.73546159073
2020 8 23 5215.964244842917 1387.776374149824 18123.223397743008
2020 8 24 5059.485317497629 1346.1430829253293 17579.526695810717
2020 8 25 4907.7007579727 1305.7587904375694 17052.140894936394
2020 8 26 4760.469735233519 1266.5860267244423 16540.576668088303
2020 8 27 4617.655643176513 1228.588445922709 16044.359368045652
2020 8 28 4479.125973881218 1191.7307925450277 15563.028587004283
2020 8 29 4344.752194664781 1155.9788687686769 15096.137729394153
2020 8 30 4214.4096288248375 1121.2995027056165 14643.253597512328
2020 8 31 4087.977339960092 1087.660517624448 14203.955989586959
2020 9 1 3965.338019761289 1055.0307020957146 13777.837309899349
2020 9 2 3846.3778791684504 1023.3797810328431 13364.502190602369
2020 9 3 3730.986542793397 992.6783876018578 12963.567124884297
2020 9 4 3619.056946509595 962.898035973802 12574.660111137768
2020 9 5 3510.485238114307 934.0110948945879 12197.420307803633
2020 9 6 3405.1706809708776 905.9907620477503 11831.497698569525
2020 9 7 3303.0155605417513 878.8110391863178 11476.552767612438
2020 9 8 3203.9250937254988 852.4467080107282 11132.256184584065
2020 9 9 3107.8073409137337 826.8733067704063 10798.288499046543
2020 9 10 3014.5731206863215 802.0671075672941 10474.339844075146
2020 9 11 2924.1359270657317 778.0050943402753 10160.109648752892
2020 9 12 2836.4118492537596 754.664941510067 9855.306359290305
2020 9 13 2751.319493776147 732.024993264765 9559.647168511596
2020 9 14 2668.7799089628625 710.0642434668221 9272.857753456248
2020 9 15 2588.7165116939764 688.7623161628173 8994.67202085256
2020 9 16 2511.055016343157 668.0994466779327 8724.831860226983
2020 9 17 2435.7233658528626 648.0564632775947 8463.086904420174
2020 9 18 2362.6516648772767 628.6147693792668 8209.194297287568
2020 9 19 2291.772114930958 609.7563262978888 7962.91846836894
2020 9 20 2223.0189514830295 591.4636365089522 7724.030914317872
2020 9 21 2156.3283829385387 573.7197274136836 7492.3099868883355
2020 9 22 2091.6385314503823 556.5081355912731 7267.540687281686
2020 9 23 2028.8893755068707 539.8128915235349 7049.514466663235
2020 9 24 1968.0226942416646 523.6185047778288 6838.029032663338
2020 9 25 1908.9820134144145 507.9099496344939 6632.888161683437
2020 9 26 1851.712553011982 492.67265114545904 6433.901516832933
2020 9 27 1796.1611764216225 477.89247161109523 6240.884471327945
2020 9 28 1742.2763411289739 463.55569746276234 6053.657937188106
2020 9 29 1690.0080508951046 449.64902653887947 5872.048199072463
2020 9 30 1639.3078093682514 436.15955574271305 5695.886753100289
2020 10 1 1590.1285750872037 423.07476907043167 5525.01015050728
2020 10 2 1542.4247178345875 410.3825259983187 5359.259845992061
2020 10 3 1496.1519762995497 398.0710502183692 5198.482050612299
2020 10 4 1451.2674170105631 386.1289187118181 5042.527589093929
2020 10 5 1407.7293945002461 374.5450511504635 4891.251761421111
2020 10 6 1365.4975126652387 363.3086996159496 4744.514208578477
2020 10 7 1324.5325872852816 352.4094386274711 4602.1787823211225
2020 10 8 1284.796609666723 341.837155468647 4464.113418851489
2020 10 9 1246.2527113767212 331.58204080458756 4330.190016285944
2020 10 10 1208.8651300354195 321.63457958044995 4200.284315797366
2020 10 11 1172.5991761343569 311.98554219303645 4074.2757863234447
2020 10 12 1137.4212008503262 302.62597592724535 3952.0475127337413
2020 10 13 1103.2985648248164 293.547196649428 3833.486087351729
2020 10 14 1070.1996078800719 284.74078074994515 3718.481504731177
2020 10 15 1038.0936196436696 276.1985573274468 3606.9270595892417
2020 10 16 1006.9508110543595 267.9126006076234 3498.7192478015645
2020 10 17 976.7422867227287 259.8752225893947 3393.7576703675177
2020 10 18 947.4400181210468 252.07896591171286 3291.944940256492
2020 10 19 919.0168175774154 244.51659693436147 3193.186592048797
2020 10 20 891.446313050093 237.18109902633063 3097.3909942873333
2020 10 21 864.7029236585902 230.0656660555407 3004.469264458713
2020 10 22 838.7618359488324 223.16369607387446 2914.3351865249515
2020 10 23 813.5989808703674 216.4687851916582 2826.905130929203
2020 10 24 789.1910114442563 209.97472163590845 2742.097977001327
2020 10 25 765.5152811009286 203.6754799868312 2659.835037691287
2020 10 26 742.5498226679008 197.56521558722625 2580.0399865605486
2020 10 27 720.2733279878638 191.63825911960944 2502.638786963732
2020 10 28 698.6651281482278 185.88911134602117 2427.55962335482
2020 10 29 677.705174303781 180.31243800564053 2354.7328346541753
2020 10 30 657.3740190746676 174.90306486547132 2284.09084961455
