2020 6 26 36440.1 595.292000 595.292000
2020 6 27 37529.4 1210.22000 1286.94000
2020 6 28 38607 1841.3000 2083.09000
2020 6 29 39755.2 2490.82000 2998.57000
2020 6 30 40986.6 3162.02000 4051.000
2020 7 1 42254.5 3851.9000 5255.5000
2020 7 2 43655.2 4574.0000 6646.6000
2020 7 3 45049.7 5311.0000 8222.5000
2020 7 4 46540.4 6078.9000 10030.000
2020 7 5 48158.3 6887.1000 12117.000
2020 7 6 49992.7 7759.4000 14564.000
2020 7 7 52071.8 8710.7000 17452.000
2020 7 8 54381 9745.4000 20853.000
2020 7 9 56963 10882.000 24880.00
2020 7 10 59720.2 12102.000 29589.000
2020 7 11 62664.8 13410.00 35070.00
2020 7 12 65810.1 14822.000 41480.00
2020 7 13 69170.4 16339.000 48950.00
2020 7 14 72761.1 17970.00 57670.00
2020 7 15 76598.8 19733.000 67850.00
2020 7 16 80701.7 21630.00 79720.00
2020 7 17 78280.7 20982.000 77320.00
2020 7 18 75932.3 20353.000 75000.00
2020 7 19 73654.3 19742.000 72700.0
2020 7 20 71444.7 19150.000 70570.00
2020 7 21 69301.3 18570.00 68450.00
2020 7 22 67222.3 18018.000 66400.00
2020 7 23 65205.6 17478.000 64410.00
2020 7 24 63249.5 16953.000 62480.00
2020 7 25 61352 16445.000 60600.00
2020 7 26 59511.4 15951.000 58780.00
2020 7 27 57726.1 15473.000 57020.00
2020 7 28 55994.3 15009.000 55310.00
2020 7 29 54314.5 14558.000 53650.00
2020 7 30 52685 14122.000 52000.0
2020 8 1 49571.3 13287.000 48960.00
2020 8 2 48084.2 12888.000 47490.00
2020 8 3 46641.7 12502.000 46070.00
2020 8 4 45242.4 12127.000 44690.00
2020 8 5 43885.2 11763.000 43350.00
2020 8 6 42568.6 11410.000 42050.00
2020 8 7 41291.5 11068.000 40780.00
2020 8 8 40052.8 10736.000 39560.00
2020 8 9 38851.2 10413.000 38370.00
2020 8 10 37685.7 10101.000 37220.00
2020 8 11 36555.1 9798.5000 36110.00
2020 8 12 35458.5 9504.5000 35000.0
2020 8 13 34394.7 9219.4000 33970.00
2020 8 14 33362.9 8942.8000 32950.00
2020 8 15 32362 8674.5000 31960.00
2020 8 16 31391.1 8414.3000 31009.000
2020 8 17 30449.4 8161.8000 30079.000
2020 8 18 29535.9 7917.0000 29176.000
2020 8 19 28649.8 7679.000 28301.000
2020 8 20 27790.3 7449.1000 27450.00
2020 8 21 26956.6 7225.6000 26628.000
2020 8 22 26147.9 7008.8000 25829.000
2020 8 23 25363.5 6798.6000 25054.000
2020 8 24 24602.6 6594.6000 24303.000
2020 8 25 23864.5 6396.8000 23574.000
2020 8 26 23148.6 6204.000 22867.000
2020 8 27 22454.1 6018.7000 22181.000
2020 8 28 21780.5 5838.2000 21510.00
2020 8 29 21127.1 5663.0000 20870.000
2020 8 30 20493.3 5493.1000 20240.00
2020 9 1 19282.1 5168.5000 19047.000
2020 9 2 18703.6 5013.4000 18476.000
2020 9 3 18142.5 4863.0000 17921.000
2020 9 4 17598.3 4717.1000 17384.000
2020 9 5 17070.3 4575.6000 16860.00
2020 9 6 16558.2 4438.3000 16356.000
2020 9 7 16061.5 4305.2000 15866.000
2020 9 8 15579.6 4176.0000 15390.000
2020 9 9 15112.2 4050.000 14928.000
2020 9 10 14658.9 3929.2000 14480.000
2020 9 11 14219.1 3811.3000 14046.000
2020 9 12 13792.5 3697.0000 13624.000
2020 9 13 13378.7 3586.1000 13216.000
2020 9 14 12977.4 3478.5000 12819.000
2020 9 15 12588.1 3374.1000 12434.000
2020 9 16 12210.4 3272.9000 12060.00
2020 9 17 11844.1 3174.7000 11700.000
2020 9 18 11488.8 3079.54000 11349.000
2020 9 19 11144.1 2987.15000 11008.000
2020 9 20 10809.8 2897.54000 10678.000
2020 9 21 10485.5 2810.61000 10357.000
2020 9 22 10170.9 2726.29000 10047.000
2020 9 23 9865.81 2644.50000 9745.8000
2020 9 24 9569.83 2565.17000 9453.4000
2020 9 25 9282.74 2488.21000 9169.8000
2020 9 26 9004.26 2413.56000 8894.7000
2020 9 27 8734.13 2341.16000 8627.8000
2020 9 28 8472.1 2270.92000 8369.0000
2020 9 29 8217.94 2202.80000 8117.9000
2020 9 30 7971.4 2136.71000 7874.000
2020 10 1 7732.26 2072.61000 7638.2000
2020 10 2 7500.29 2010.43000 7409.0000
2020 10 3 7275.28 1950.12000 7186.8000
2020 10 4 7057.03 1891.61000 6971.1000
2020 10 5 6845.31 1834.87000 6762.0000
2020 10 6 6639.96 1779.82000 6559.1000
2020 10 7 6440.76 1726.42000 6362.4000
2020 10 8 6247.53 1674.63000 6171.000
2020 10 9 6060.11 1624.39000 5986.000
2020 10 10 5878.3 1575.66000 5806.000
2020 10 11 5701.96 1528.39000 5632.6000
2020 10 12 5530.9 1482.54000 5463.6000
2020 10 13 5364.97 1438.06000 5299.000
2020 10 14 5204.02 1394.92000 5140.7000
2020 10 15 5047.9 1353.07000 4986.5000
2020 10 16 4896.46 1312.48000 4836.9000
2020 10 17 4749.57 1273.11000 4691.000
2020 10 18 4607.08 1234.91000 4551.000
2020 10 19 4468.87 1197.86000 4414.000
2020 10 20 4334.8 1161.93000 4282.0000
2020 10 21 4204.76 1127.0000 4153.6000
2020 10 22 4078.62 1093.26000 4029.0000
2020 10 23 3956.26 1060.46000 3908.1000
2020 10 24 3837.57 1028.64000 3790.8000
2020 10 25 3722.44 997.79000 3677.1000
2020 10 26 3610.77 967.85000 3566.8000
2020 10 27 3502.45 938.822000 3459.8000
2020 10 28 3397.37 910.658000 3356.0000
2020 10 29 3295.45 883.338000 3255.3000
2020 10 30 3196.59 856.838000 3157.70000
