2020 6 26 538.8758310090681 517.3804122353924 560.3712497827439
2020 6 27 553.2508163511523 509.96928507506624 598.2949808123965
2020 6 28 567.8471684076849 502.5148998984074 638.6099451477714
2020 6 29 582.828614325919 495.169477869115 681.6414563396079
2020 6 30 598.034549279032 487.7863450390882 727.3728475222417
2020 7 1 613.2867655234762 480.2274610595976 775.7461318304331
2020 7 2 629.4670390569744 473.20782169715983 828.0183029851758
2020 7 3 645.3364770838648 465.7362043152795 882.8423202163085
2020 7 4 661.6059981137772 458.3825584962973 941.2962968994527
2020 7 5 678.0918426673003 451.01071866428 1003.3447834658673
2020 7 6 695.5845086792621 444.15386384768635 1070.3653089421166
2020 7 7 715.4645445384583 438.6375287169138 1144.8419022237215
2020 7 8 736.6464498145403 433.6395178382121 1225.6746242664497
2020 7 9 758.8331689554786 428.92079965083275 1312.8430722024293
2020 7 10 781.6881197920462 424.2534289546666 1406.2108312484966
2020 7 11 805.2314284905414 419.63684700372613 1506.2187886654626
2020 7 12 829.4838273881048 415.070501132108 1613.339187065289
2020 7 13 854.4666732497033 410.55384468783194 1728.0778543644858
2020 7 14 880.2019660749872 406.0863369673991 1850.9765923290108
2020 7 15 906.7123684715834 401.66744315106286 1982.6157349894963
2020 7 16 934.0212256118828 397.29663423880356 2123.616889007772
2020 7 17 906.0005888435262 385.37773521163945 2059.9083823375386
2020 7 18 878.8205711782203 373.81640315529023 1998.1111308674124
2020 7 19 852.4559540428737 362.6019110606315 1938.16779694139
2020 7 20 826.8822754215875 351.7238537288125 1880.0227630331483
2020 7 21 802.0758071589398 341.17213811694813 1823.622080142154
2020 7 22 778.0135329441716 330.9369739734397 1768.9134177378892
2020 7 23 754.6731269558464 321.0088647542365 1715.8460152057526
2020 7 24 732.032933147171 311.37859881160944 1664.37063474958
2020 7 25 710.0719451527558 302.03724084726116 1614.4395157070926
2020 7 26 688.7697867981731 292.9761236218433 1566.00633023588
2020 7 27 668.1066931942279 284.186839913188 1519.0261403288034
2020 7 28 648.0634923984011 275.6612347157924 1473.4553561189393
2020 7 29 628.621587626449 267.39139767431857 1429.2516954353712
2020 7 30 609.7629399976555 259.369655744089 1386.3741445723101
2020 7 31 591.4700517977258 251.58856607176634 1344.7829202351409
2020 8 1 573.7259502437939 244.04090908961334 1304.4394326280867
2020 8 2 556.5141717364801 236.71968181692492 1265.3062496492441
2020 8 3 539.8187465843856 229.61809136241718 1227.347062159767
2020 8 4 523.624184186854 222.72954862154467 1190.526650294974
2020 8 5 507.91545866124835 216.04766216289832 1154.8108507861248
2020 8 6 492.6779949014109 209.56623229801136 1120.166525262541
2020 8 7 477.89765505436856 203.27924532907102 1086.5615295046648
2020 8 8 463.5607254027375 197.18086796919889 1053.9646836195247
2020 8 9 449.65390364065536 191.2654419301229 1022.345743110939
2020 8 10 436.16428653143566 185.52747867221922 991.6753708176108
2020 8 11 423.07935793549257 179.96165431205264 961.9251096930824
2020 8 12 410.38697719742777 174.56280468269105 933.0673564022899
2020 8 13 398.0753678815049 169.32592054221033 905.0753357102211
2020 8 14 386.1331068450598 164.246142925944 877.9230756389145
2020 8 15 374.54911363970797 159.3187586381657 851.5853833697471
2020 8 16 363.3126402305167 154.53919587902072 826.0378218686546
2020 8 17 352.4132610236012 149.9030200026501 801.256687212595
2020 8 18 341.84086319289315 145.4059294025706 777.2189865962172
2020 8 19 331.58563729710636 141.04375152049346 753.9024169983306
2020 8 20 321.6380681781932 136.81243897487866 731.2853444883807
2020 8 21 311.9889261328474 132.7080658056323 709.3467841537292
2020 8 22 302.6292583488619 128.72682383146332 688.0663806291174
2020 8 23 293.55038059839603 124.86501911651942 667.4243892102438
2020 8 24 284.74386918044416 121.11906854302383 647.4016575339365
2020 8 25 276.2015531050308 117.48549648673311 627.9796078079183
2020 8 26 267.91550651187987 113.96093159213112 609.1402195736807
2020 8 27 259.8780413165235 110.54210364436719 590.8660129864703
2020 8 28 252.08170007702776 107.22584053503617 573.1400325968762
2020 8 29 244.51924907471692 104.00906531898508 555.9458316189698
2020 8 30 237.1836716024754 100.88879335941553 539.2674566704007
2020 8 31 230.06816145440115 97.86212955863306 523.0894329702887
2020 9 1 223.1661166107691 94.92626567187406 507.39674998118005
2020 9 2 216.47113311244604 92.07847770171784 492.1748474817446
2020 9 3 209.97699911907264 89.3161233706663 477.40960205729226
2020 9 4 203.67768914550047 86.63663966954631 463.0873139955735
2020 9 5 197.56735847113544 84.03754047945992 449.19469457570625
2020 9 6 191.64033771700136 81.51641426507612 435.71885373843503
2020 9 7 185.89112758549132 79.07092183712383 422.647288126282
2020 9 8 180.31439375792658 76.69879418201012 409.9678694824935
2020 9 9 174.90496194518877 74.39783035654982 397.66883339801865
2020 9 10 169.6578130868331 72.16589544585332 385.73876839607806
2020 9 11 164.5680786942281 70.00091858247772 374.1666053441957
2020 9 12 159.63103633340125 67.90089102500339 362.94160718386985
2020 9 13 154.8421052433992 65.86386429425329 352.05335896835373
2020 9 14 150.19684208609723 63.887948365425686 341.4917581993031
2020 9 15 145.6909368235143 61.971309914462914 331.247005453324
2020 9 16 141.32020871880889 60.11217061702902 321.30959528972426
2020 9 17 137.08060245724462 58.30880549851815 311.67030743103254
2020 9 18 132.96818438352727 56.5595413335626 302.32019820810154
2020 9 19 128.97913885202146 54.86275509355572 293.2505922618585
2020 9 20 125.10976468646082 53.21687244074904 284.45307449400275
2020 9 21 121.356471745867 51.62036626752657 275.91948225918264
2020 9 22 117.71577759349098 50.07175527950077 267.64189779140713
2020 9 23 114.18430426568625 48.56960262111575 259.6126408576649
2020 9 24 110.75877513771566 47.11251454248227 251.82426163193497
2020 9 25 107.43601188358419 45.6991391062078 244.2695337829769
2020 9 26 104.21293152707666 44.32816493302157 236.94144776948758
2020 9 27 101.08654358126437 42.99831998503092 229.83320433640296
2020 9 28 98.05394727382644 41.70837038547999 222.93820820631086
2020 9 29 95.11232885561164 40.45711927391559 216.25006196012154
2020 9 30 92.25895898994328 39.24340569569812 209.7625601013179
2020 10 1 89.49119022024497 38.06610352482718 203.46968329827834
2020 10 2 86.80645451363762 36.924120419082364 197.36559279933
2020 10 3 84.20226087822849 35.81639680650989 191.44462501535008
2020 10 4 81.67619305188163 34.741904902314594 185.70128626488957
2020 10 5 79.22590726032517 33.69964775524515 180.13024767694287
2020 10 6 76.84913004251541 32.6886583225878 174.72634024663458
2020 10 7 74.54365614123995 31.707998572910164 169.48455003923553
2020 10 8 72.30734645700275 30.75675861572286 164.40001353805846
2020 10 9 70.13812606329266 29.834055857251172 159.4680131319167
2020 10 10 68.03398228139388 28.939034181533636 154.6839727379592
2020 10 11 65.99296281295206 28.070863156087626 150.04345355582043
2020 10 12 64.01317392856349 27.228737261404998 145.54214994914582
2020 10 13 62.09277871070658 26.41187514356285 141.17588545067144
2020 10 14 60.22999534938538 25.619518889255964 136.94060888715128
2020 10 15 58.42309548890382 24.850933322578285 132.83239062053676
2020 10 16 56.6704026242367 24.105405322900936 128.84741890192066
2020 10 17 54.9702905455096 23.382243163213907 124.98199633486304
2020 10 18 53.32118182914431 22.68077586831749 121.23253644481714
2020 10 19 51.72154637426998 22.000352592267966 117.59556035147263
2020 10 20 50.16989998304187 21.340342014499925 114.06769354092845
2020 10 21 48.664802983550615 20.700131754064927 110.6456627347006
2020 10 22 47.204858894044094 20.07912780144298 107.32629285265958
2020 10 23 45.78871312722277 19.476753967399688 104.10650406707978
2020 10 24 44.41505173340609 18.892451348377698 100.98330894506739
2020 10 25 43.082600181403905 18.325677807926365 97.95380967671537
2020 10 26 41.790122175961784 17.775907473688573 95.01519538641391
2020 10 27 40.53641851068293 17.242630249477916 92.16473952482148
2020 10 28 39.32032595536244 16.725351341993576 89.39979733907684
2020 10 29 38.14071617670157 16.223590801733767 86.71780341890454
2020 10 30 36.99649469140052 15.736883077681753 84.1162693163374
