2020 6 26 499.21127616286543 466.38038700958185 532.0421653161491
2020 6 27 485.3429814071253 423.6229762658893 551.2586988416363
2020 6 28 473.32391025453563 386.06332198001144 572.8320841013872
2020 6 29 460.6744732758393 351.0768942748002 594.1266344649514
2020 6 30 447.3904048984399 318.51978506774867 614.9583326384981
2020 7 1 434.96171527886224 289.3181255222871 637.169668856377
2020 7 2 421.6319093431616 261.96460647180726 658.3574230391428
2020 7 3 409.91880133378083 237.9478840897944 682.1362667405012
2020 7 4 398.4074430739894 216.06122410992168 706.5682101041222
2020 7 5 386.37813628000896 195.7315197504662 730.3833555477128
2020 7 6 373.3135013741725 176.60621464822185 752.3575029523951
2020 7 7 359.48951448927664 158.78146313727493 772.5721070567452
2020 7 8 345.393097139828 142.40932052031349 791.644234698827
2020 7 9 330.90137585633704 127.33443445924577 809.0142311645634
2020 7 10 317.01768637052083 113.85531606930994 826.7653543586899
2020 7 11 303.7165173811508 101.8030437115686 844.9059668380661
2020 7 12 290.97342796932526 91.0265771220599 863.4446146480134
2020 7 13 278.76500268824236 81.39086456033674 882.3900313483585
2020 7 14 267.06880853728 72.77515032775703 901.751142127815
2020 7 15 255.863353741322 65.07146144517772 921.5370680086406
2020 7 16 245.12804825958736 58.18325452494814 941.7571301435527
2020 7 17 237.77420681179973 56.4377568891997 913.5044162392461
2020 7 18 230.64098060744573 54.74462418252371 886.0992837520687
2020 7 19 223.72175118922235 53.102285457048 859.5163052395066
2020 7 20 217.01009865354567 51.50921689333656 833.7308160823213
2020 7 21 210.4997956939393 49.96394038653646 808.7188915998516
2020 7 22 204.18480182312112 48.465022174940366 784.4573248518561
2020 7 23 198.05925776842747 47.01107150969215 760.9236051063004
2020 7 24 192.11748003537465 45.600739364401385 738.0958969531114
2020 7 25 186.35395563431342 44.23271718346934 715.953020044518
2020 7 26 180.76333696528403 42.90573566796526 694.4744294431824
2020 7 27 175.3404368563255 41.618563597926304 673.6401965598869
2020 7 28 170.08022375063575 40.370006689988514 653.4309906630903
2020 7 29 164.97781703811668 39.15890648928886 633.8280609431976
2020 7 30 160.02848252697316 37.984139294610195 614.8132191149016
2020 7 31 155.22762805116398 36.84461511577189 596.3688225414545
2020 8 1 150.57079920962906 35.73927666229873 578.4777578652108
2020 8 2 146.0536752333402 34.66709836242976 561.1234251292545
2020 8 3 141.67206497633998 33.62708541155687 544.2897223753769
2020 8 4 137.42190302704978 32.618272849210165 527.9610307041155
2020 8 5 133.2992459362383 31.63972466373386 512.122199782992
2020 8 6 129.30026855815115 30.69053292382184 496.7585337895022
2020 8 7 125.4212605014066 29.769816936107187 481.85577777581716
2020 8 8 121.65862268636441 28.87672242802397 467.4001044425426
2020 8 9 118.00886400577348 28.01042075518325 453.3781013092663
2020 8 10 114.46859808560026 27.17010813252775 439.7767582699883
2020 8 11 111.03454014303225 26.355004888551917 426.58345552188865
2020 8 12 107.70350393874128 25.56435474189536 413.785951856232
2020 8 13 104.47239882057903 24.797424099638498 401.372373300545
2020 8 14 101.33822685596165 24.053501376649344 389.3312021015287
2020 8 15 98.29808005028279 23.331896335349864 377.6512660384828
2020 8 16 95.3491376487743 22.63193944528937 366.3217280573283
2020 8 17 92.48866351931107 21.952981261930688 355.3320762156084
2020 8 18 89.71400361373173 21.29439182407277 344.67211392914015
2020 8 19 87.02258350531977 20.655560069350585 334.3319505112659
2020 8 20 84.41190600016017 20.035893267270065 324.30199199592795
2020 8 21 81.87954882015536 19.434816469251963 314.5729322360501
2020 8 22 79.4231623555507 18.851771975174405 305.1357442689686
2020 8 23 77.04046748488418 18.28621881591917 295.98167194089956
2020 8 24 74.72925346033765 17.737632251441596 287.1022217826726
2020 8 25 72.4873758565275 17.20550328389835 278.4891551291924
2020 8 26 70.31275458083168 16.6893381853814 270.1344804753166
2020 8 27 68.20337194340672 16.188658039819956 262.0304460610571
2020 8 28 66.15727078510452 15.702998298625356 254.16953267922537
2020 8 29 64.17255266155138 15.231908349666595 246.5444466988486
2020 8 30 62.247376081704836 14.774951099176597 239.14811329788313
2020 8 31 60.37995479925369 14.3317025662013 231.97366989894664
2020 9 1 58.56855615527608 13.90175148921526 225.01445980197823
2020 9 2 56.8114994706178 13.4846989445388 218.2640260079189
2020 9 3 55.10715448649926 13.080157976202637 211.7161052276813
2020 9 4 53.45393985190428 12.687753236916556 205.36462207085086
2020 9 5 51.85032165634715 12.30712063980906 199.2036834087253
2020 9 6 50.294812006656734 11.937907020614787 193.22757290646354
2020 9 7 48.78596764645703 11.579769809996343 187.43074571926962
2020 9 8 47.32238861706332 11.232376715696452 181.80782334769154
2020 9 9 45.902716958551416 10.895405414225557 176.35358864726078
2020 9 10 44.52563544979487 10.56854325179879 171.06298098784296
2020 9 11 43.18986638630102 10.251486954244825 165.93109155820767
2020 9 12 41.894170394711985 9.94394234561748 160.95315881146144
2020 9 13 40.637345282870626 9.645624075248955 156.1245640471176
2020 9 14 39.4182249243845 9.356255352991486 151.44082712570406
2020 9 15 38.23567817665297 9.07556769240174 146.89760231193293
2020 9 16 37.08860783135338 8.803300661629688 142.49067424257493
2020 9 17 35.975949596412775 8.539201641780798 138.21595401529768
2020 9 18 34.896671108520394 8.283025592527373 134.06947539483875
2020 9 19 33.84977097526478 8.034534824751551 130.04739113299357
2020 9 20 32.834277846006835 7.7934987800090045 126.14596939900376
2020 9 21 31.849249510626628 7.559693816608735 122.36159031703365
2020 9 22 30.89377202530783 7.332903002110473 118.69074260752264
2020 9 23 29.966958864548594 7.112915912047158 115.13002032929695
2020 9 24 29.067950098612137 6.899528434685743 111.67611971941804
2020 9 25 28.195911595653772 6.69254258164517 108.3258361278355
2020 9 26 27.35003424778416 6.4917663041958145 105.07606104400044
2020 9 27 26.529533220350633 6.29701331506994 101.92377921268043
2020 9 28 25.733647223740114 6.108102915617842 98.86606583630001
2020 9 29 24.96163780702791 5.924859828149306 95.900083861211
2020 9 30 24.21278867281707 5.747114033304827 93.02308134537466
2020 10 1 23.486405012632556 5.574700612305683 90.23238890501342
2020 10 2 22.781812862253577 5.407459593936512 87.52541723786302
2020 10 3 22.098358476385968 5.2452358061184166 84.89965472072713
2020 10 4 21.43540772209439 5.087878731934864 82.35266507910531
2020 10 5 20.792345490431558 4.935242369976818 79.88208512673215
2020 10 6 20.16857512571861 4.787185098877513 77.48562257293018
2020 10 7 19.563517871947052 4.643569545911188 75.16105389574227
2020 10 8 18.97661233578864 4.504262459533852 72.90622227887
2020 10 9 18.40731396571498 4.369134585747836 70.71903561050391
2020 10 10 17.85509454674353 4.238060548175401 68.59746454218879
2020 10 11 17.319441710341223 4.1109187317301386 66.53954060592312
2020 10 12 16.799858459030986 3.9875911697782342 64.54335438774542
2020 10 13 16.295862705260056 3.8679634346848872 62.60705375611306
2020 10 14 15.806986824102253 3.7519245316443404 60.72884214342967
2020 10 15 15.332777219379185 3.63936679569501 58.90697687912677
2020 10 16 14.87279390279781 3.53018579182416 57.139767572752966
2020 10 17 14.426610085713875 3.424280218069435 55.42557454557038
2020 10 18 13.993811783142458 3.321551811527352 53.76280730920327
2020 10 19 13.573997429648184 3.221905257181531 52.14992308992717
2020 10 20 13.166777506758738 3.125248099466085 50.58542539722936
2020 10 21 12.771774181555976 3.0314906564821027 49.06786263531247
2020 10 22 12.388620956109296 2.9405459367876396 47.595826756253096
2020 10 23 12.016962327426016 2.8523295586840103 46.1679519535655
2020 10 24 11.656453457603236 2.7667596719234897 44.782913394958534
2020 10 25 11.306759853875139 2.683756881765785 43.43942599310978
2020 10 26 10.967557058258885 2.6032441753128115 42.13624321331648
2020 10 27 10.638530346511118 2.525146850053427 40.87215591691699
2020 10 28 10.319374436115783 2.4493924445518243 39.645991239409476
2020 10 29 10.00979320303231 2.3759106712152693 38.45661150222719
2020 10 30 9.70949940694134 2.3046333510788113 37.302913157160376
