2020 6 26 5.4269016794436435 4.7652685773768 6.0885347815104875
2020 6 27 5.345566317198828 4.12137969298996 6.7287219073238
2020 6 28 5.273118096000642 3.5704059130057435 7.445874611475069
2020 6 29 5.20165176230386 3.093090016750716 8.239462039509291
2020 6 30 5.129288586381598 2.678475675060928 9.114675821825779
2020 7 1 5.05793209631007 2.319438458965255 10.08285673732204
2020 7 2 4.982126643482107 2.0060331141254486 11.143032182858743
2020 7 3 4.91103071212048 1.7364142922951926 12.322673446004014
2020 7 4 4.840949333743529 1.5030333114922154 13.627195754710257
2020 7 5 4.770131963743932 1.3004806423762225 15.064932462973916
2020 7 6 4.69692922794815 1.1242917368490721 16.643552315164424
2020 7 7 4.622042502326228 0.9713008842397722 18.37764425215665
2020 7 8 4.5468026949179094 0.8388035432461448 20.28626001361871
2020 7 9 4.4733583797372 0.7244857473591599 22.395641916569105
2020 7 10 4.401100407530729 0.6257479505812434 24.72435907449048
2020 7 11 4.330009615349681 0.5404668057086184 27.295218146530658
2020 7 12 4.260067149783559 0.4668083495943505 30.133397246903158
2020 7 13 4.191254461960223 0.4031885639401934 33.2666925307239
2020 7 14 4.123553302626693 0.34823931112932865 36.72579042004483
2020 7 15 4.056945717309415 0.30077891255322886 40.544568136173126
2020 7 16 3.9914140415527037 0.25978673672227953 44.76042548158664
2020 7 17 3.8716716203061226 0.2519931346206111 43.417612717139036
2020 7 18 3.7555214716969387 0.2444333405819928 42.115084335624864
2020 7 19 3.6428558275460303 0.237100340364533 40.85163180555612
2020 7 20 3.5335701527196495 0.229987330153597 39.626082851389434
2020 7 21 3.42756304813806 0.2230877102489891 38.43730036584775
2020 7 22 3.324736156693918 0.21639507894151944 37.28418135487232
2020 7 23 3.2249940719931005 0.20990322657327384 36.16565591422614
2020 7 24 3.1282442498333074 0.20360612977607562 35.08068623679936
2020 7 25 3.034396922338308 0.19749794588279335 34.02826564969538
2020 7 26 2.9433650146681587 0.19157300750630954 33.00741768020452
2020 7 27 2.855064064228114 0.18582581728112024 32.01719514979838
2020 7 28 2.7694121423012703 0.18025104276268664 31.05667929530443
2020 7 29 2.686329778032232 0.17484351147980604 30.124978916445297
2020 7 30 2.605739884691265 0.16959820613541185 29.221229548951936
2020 7 31 2.527567688150527 0.1645102599513495 28.344592662483375
2020 8 1 2.4517406575060114 0.159574952152809 27.494254882608875
2020 8 2 2.378188437780831 0.15478770358822475 26.66942723613061
2020 8 3 2.3068427846474058 0.150144072480578 25.86934441904669
2020 8 4 2.2376375011079834 0.14563975030616066 25.09326408647529
2020 8 5 2.1705083760747437 0.14127055779697584 24.340466163881032
2020 8 6 2.1053931247925015 0.13703244106306656 23.6102521789646
2020 8 7 2.0422313310487263 0.13292146783117456 22.901944613595663
2020 8 8 1.9809643911172645 0.12893382379623933 22.214886275187794
2020 8 9 1.9215354593837466 0.12506580908235215 21.54843968693216
2020 8 10 1.8638893956022342 0.12131383480988159 20.901986496324195
2020 8 11 1.8079727137341672 0.11767441976558514 20.27492690143447
2020 8 12 1.7537335323221421 0.11414418717261758 19.666679094391434
2020 8 13 1.7011215263524777 0.11071986155743906 19.07667872155969
2020 8 14 1.6500878805619033 0.10739826571071588 18.5043783599129
2020 8 15 1.600585244145046 0.1041763177393944 17.94924700911551
2020 8 16 1.5525676868206946 0.10105102820721257 17.410769598842045
2020 8 17 1.5059906562160736 0.09801949736099619 16.888446510876783
2020 8 18 1.4608109365295914 0.0950789124401663 16.38179311555048
2020 8 19 1.4169866084337035 0.0922265450669613 15.890339322083964
2020 8 20 1.3744770101806925 0.08945974871495246 15.413629142421444
2020 8 21 1.3332426998752716 0.08677595625350389 14.9512202681488
2020 8 22 1.2932454188790135 0.08417267756589877 14.502683660104335
2020 8 23 1.254448056312643 0.08164749723892181 14.067603150301204
2020 8 24 1.2168146146232637 0.07919807232175416 13.645575055792168
2020 8 25 1.1803101761845658 0.07682213015210153 13.236207804118402
2020 8 26 1.1449008708990287 0.07451746624753848 12.83912156999485
2020 8 27 1.1105538447720578 0.07228194226011232 12.453947922895004
2020 8 28 1.077237229428896 0.07011348399230895 12.080329485208154
2020 8 29 1.0449201125460292 0.06801007947253968 11.717919600651909
2020 8 30 1.0135725091696484 0.06596977708836348 11.366382012632352
2020 8 31 0.9831653338945588 0.06399068377571257 11.02539055225338
2020 9 1 0.953670373877722 0.062070963262441194 10.694628835685778
2020 9 2 0.9250602626613903 0.060208834364567955 10.373789970615205
2020 9 3 0.8973084547815485 0.058402569333630916 10.062576271496749
2020 9 4 0.870389201138102 0.05665049225362199 9.760698983351846
2020 9 5 0.8442775251039589 0.054950977486013325 9.46787801385129
2020 9 6 0.8189491993508401 0.053302448161432925 9.18384167343575
2020 9 7 0.7943807233703148 0.05170337471658994 8.908326423232678
2020 9 8 0.7705493016692054 0.05015227347509224 8.641076630535697
2020 9 9 0.7474328226191292 0.048647705270839475 8.381844331619625
2020 9 10 0.7250098379405554 0.04718827411271429 8.130389001671036
2020 9 11 0.7032595428023387 0.04577262588933286 7.886477331620904
2020 9 12 0.6821617565182685 0.044399447112652875 7.649883011672277
2020 9 13 0.6616969038227204 0.043067463699273285 7.420386521322109
2020 9 14 0.6418459967080388 0.041775439788295086 7.197774925682445
2020 9 15 0.6225906168067976 0.040522176594646235 6.981841677911972
2020 9 16 0.6039128983025936 0.039306511296806845 6.772386427574613
2020 9 17 0.5857955113535158 0.03812731595790264 6.569214834747375
2020 9 18 0.5682216460129104 0.03698349647916556 6.372138389704953
2020 9 19 0.551174996632523 0.03587399158479059 6.180974238013804
2020 9 20 0.5346397467335473 0.034797771837246874 5.99554501087339
2020 9 21 0.5186005543315408 0.033753838682129465 5.815678660547189
2020 9 22 0.5030425377015946 0.03274122352166558 5.6412083007307725
2020 9 23 0.48795126157054675 0.03175898681601561 5.471972051708849
2020 9 24 0.4733127237234303 0.030806217211535144 5.307812890157583
2020 9 25 0.4591133420117274 0.029882030695189087 5.148578503452856
2020 9 26 0.44533994175137553 0.028985569774333413 4.9941211483492705
2020 9 27 0.4319797434988343 0.02811600268110341 4.844297513898792
2020 9 28 0.4190203511938692 0.02727252260067031 4.698968588481828
2020 9 29 0.4064497406580531 0.0264543469226502 4.557999530827374
2020 9 30 0.39425624843831153 0.02566071651497069 4.4212595449025525
2020 10 1 0.38242856098516215 0.024890895019521568 4.288621758555475
2020 10 2 0.37095570415560725 0.02414416816893592 4.159963105798811
2020 10 3 0.359827033030939 0.023419843123867842 4.035164212624847
2020 10 4 0.34903222204001083 0.022717247830151808 3.914109286246101
2020 10 5 0.3385612553788105 0.02203573039524725 3.796686007658718
2020 10 6 0.32840441771744616 0.021374658483389833 3.682785427428956
2020 10 7 0.31855228518592277 0.020733418728888137 3.5723018646060876
2020 10 8 0.3089957166303451 0.020111416167021494 3.4651328086679047
2020 10 9 0.29972584513143474 0.019508073682010848 3.3611788244078675
2020 10 10 0.29073406977749167 0.018922831471550522 3.2603434596756315
2020 10 11 0.28201204768416693 0.018355146527404005 3.1625331558853627
2020 10 12 0.2735516862536419 0.017804492131581886 3.0676571612088015
2020 10 13 0.2653451356660326 0.01727035736763443 2.9756274463725374
2020 10 14 0.25738478159605166 0.016752246646605396 2.886358622981361
2020 10 15 0.2496632381481701 0.016249679247207233 2.7997678642919204
2020 10 16 0.24217334100372498 0.015762188869791017 2.7157748283631626
2020 10 17 0.23490814077361322 0.015289323203697285 2.6343015835122676
2020 10 18 0.2278608965504048 0.014830643507586366 2.5552725360068997
2020 10 19 0.22102506965389265 0.014385724202358775 2.4786143599266928
2020 10 20 0.21439431756427588 0.013954152476288012 2.404255929128892
2020 10 21 0.2079624880373476 0.013535527901999371 2.332128251255025
2020 10 22 0.20172361339622716 0.01312946206493939 2.2621644037173745
2020 10 23 0.19567190499434034 0.012735578202991208 2.194299471605853
2020 10 24 0.18980174784451012 0.012353510856901471 2.1284704874576774
2020 10 25 0.18410769540917482 0.011982905531194427 2.064616372833947
2020 10 26 0.17858446454689958 0.011623418365258594 2.0026778816489283
2020 10 27 0.17322693061049257 0.011274715814300836 1.9425975451994604
2020 10 28 0.1680301226921778 0.010936474339871811 1.8843196188434765
2020 10 29 0.16298921901141245 0.010608380109675656 1.8277900302781722
2020 10 30 0.15809954244107008 0.010290128706385387 1.772956329369827
