2020 6 26 188.20363139214538 183.84224483590074 192.56501794839005
2020 6 27 184.24680505218473 175.80777966630606 192.88365302895988
2020 6 28 180.48016562318088 168.22654214719324 193.3148289357835
2020 6 29 176.6707458625227 160.8605743262153 193.6186670081174
2020 6 30 172.94173205042281 153.81713279179806 193.92298263085294
2020 7 1 169.30577457397163 147.0948563258762 194.24386471968324
2020 7 2 165.69007658232698 140.617550872908 194.50081862429735
2020 7 3 162.22032510686006 134.483802137254 194.838792954906
2020 7 4 158.78286025845924 128.58413702560296 195.12886213990876
2020 7 5 155.3787169818828 122.91128146639622 195.37079854927362
2020 7 6 151.97021225819125 117.42751857757072 195.51578526117277
2020 7 7 148.5356175028298 112.11048134482971 195.53111711639738
2020 7 8 145.10963869290273 106.98211104195211 195.45560933397596
2020 7 9 141.6826239639875 102.02931090896296 195.27229887004478
2020 7 10 138.33654410651152 97.30580358874806 195.0891603261025
2020 7 11 135.06948770370738 92.80097383486537 194.90619354091183
2020 7 12 131.87958848021577 88.504697839988 194.7233983533867
2020 7 13 128.76502423599317 84.40732048443961 194.5407746025921
2020 7 14 125.72401580539704 80.49963363802232 194.358322127744
2020 7 15 122.75482604085428 76.77285546637427 194.1760407682091
2020 7 16 119.8557588205318 73.21861069535169 193.9939303635048
2020 7 17 116.26008605591585 71.02205237449114 188.17411245259964
2020 7 18 112.77228347423836 68.8913908032564 182.52888907902164
2020 7 19 109.3891149700112 66.8246490791587 177.053022406651
2020 7 20 106.10744152091087 64.81990960678394 171.74143173445145
2020 7 21 102.92421827528354 62.87531231858042 166.5891887824179
2020 7 22 99.83649172702502 60.989052949023005 161.59151311894536
2020 7 23 96.84139697521427 59.15938136055232 156.74376772537698
2020 7 24 93.93615506595783 57.38459991973575 152.04145469361566
2020 7 25 91.1180704139791 55.663061922143676 147.4802110528072
2020 7 26 88.38452830155973 53.993170064479365 143.05580472122298
2020 7 27 85.73299245251293 52.373374962544986 138.7641305795863
2020 7 28 83.16100267893754 50.80217371366864 134.6012066621987
2020 7 29 80.6661725985694 49.278108502258576 130.56317046233275
2020 7 30 78.24618742061232 47.79976524719082 126.64627534846277
2020 7 31 75.89880179799394 46.365772289775094 122.84688708800888
2020 8 1 73.62183774405412 44.97479912108184 119.16148047536862
2020 8 2 71.4131826117325 43.62555514744938 115.58663606110755
2020 8 3 69.27078713338052 42.3167884930259 112.11903697927433
2020 8 4 67.19266351937911 41.04728483823513 108.7554658698961
2020 8 5 65.17688361379774 39.81586629308807 105.49280189379921
2020 8 6 63.22157710538381 38.621390304295424 102.32801783698523
2020 8 7 61.32492979222229 37.46274859516656 99.25817730187566
2020 8 8 59.48518189845562 36.33886613731156 96.2804319828194
2020 8 9 57.70062644150195 35.24870015319222 93.39201902333481
2020 8 10 55.96960764825689 34.19123914859645 90.59025845263477
2020 8 11 54.29051941880918 33.16550197413856 87.87255069905572
2020 8 12 52.66180383624491 32.1705369149144 85.23637417808405
2020 8 13 51.08194972115756 31.205420807466968 82.67928295274153
2020 8 14 49.54949122952283 30.269258183242957 80.19890446415928
2020 8 15 48.06300649263714 29.361180437745666 77.79293733023451
2020 8 16 46.62111629785803 28.480345024613296 75.45914921032747
2020 8 17 45.22248280892229 27.625934673874898 73.19537473401765
2020 8 18 43.865808324654616 26.797156633658652 70.99951349199712
2020 8 19 42.549834074914976 25.993241934648893 68.8695280872372
2020 8 20 41.273339052667524 25.213444676609424 66.80344224462009
2020 8 21 40.0351388810875 24.45704133631114 64.79933897728148
2020 8 22 38.83408471465487 23.723330096221805 62.855358807963036
2020 8 23 37.669062173215224 23.01163019333515 60.969698043724144
2020 8 24 36.53899030801877 22.321281287535097 59.14060710241242
2020 8 25 35.442820598778205 21.651642848909045 57.366388889340044
2020 8 26 34.37953598081486 21.002093563441772 55.64539722265984
2020 8 27 33.348149901390414 20.372030756538518 53.97603530598004
2020 8 28 32.3477054043487 19.76086983384236 52.35675424680064
2020 8 29 31.37727424221824 19.168043738827087 50.78605161939662
2020 8 30 30.43595601495169 18.593002426662274 49.26247007081472
2020 8 31 29.522877334503136 18.035212353862406 47.784595968690276
2020 9 1 28.63719101446804 17.494155983246532 46.35105808962957
2020 9 2 27.778075284034 16.969331303749136 44.96052634694068
2020 9 3 26.944733025512978 16.46025136463666 43.61171055653246
2020 9 4 26.13639103474759 15.966443823697562 42.30335923983648
2020 9 5 25.352299303705163 15.487450508986635 41.03425846264139
2020 9 6 24.591730324594007 15.022826993717036 39.80323070876214
2020 9 7 23.853978414856186 14.572142183905525 38.609133787499275
2020 9 8 23.1383590624105 14.134977918388358 37.45085977387429
2020 9 9 22.444208290538185 13.710928580836708 36.32733398065806
2020 9 10 21.770882041822038 13.299600723411606 35.23751396123832
2020 9 11 21.117755580567376 12.900612701709257 34.18038854240117
2020 9 12 20.484222913150354 12.513594320657978 33.154976886129134
2020 9 13 19.869696225755842 12.138186491038239 32.16032757954526
2020 9 14 19.273605338983167 11.774040896307092 31.195517752158903
2020 9 15 18.69539717881367 11.42081966941788 30.259652219594134
2020 9 16 18.134535263449262 11.078195079335343 29.35186265300631
2020 9 17 17.590499205545783 10.745849226955283 28.47130677341612
2020 9 18 17.06278422937941 10.423473750146623 27.617167570213635
2020 9 19 16.550900702498026 10.110769537642225 26.788652543107226
2020 9 20 16.054373681423087 9.80744645151296 25.98499296681401
2020 9 21 15.572742470980394 9.51322305796757 25.205443177809588
2020 9 22 15.105560196850982 9.227826366228543 24.4492798824753
2020 9 23 14.652393390945452 8.950991575241686 23.715801486001038
2020 9 24 14.212821589217087 8.682461827984435 23.004327441421005
2020 9 25 13.786436941540574 8.421987973144901 22.314197618178373
2020 9 26 13.372843833294356 8.169328333950554 21.64477168963302
2020 9 27 12.971658518295525 7.924248483932038 20.99542853894403
2020 9 28 12.58250876274666 7.6865210294140764 20.365565682775706
2020 9 29 12.205033499864259 7.455925398531654 19.754598712292434
2020 9 30 11.838882494868331 7.232247636575703 19.16196075092366
2020 10 1 11.48371602002228 7.015280207478432 18.587101928395953
2020 10 2 11.13920453942161 6.8048218012540795 18.029488870544075
2020 10 3 10.805028403238962 6.600677147216457 17.48860420442775
2020 10 4 10.480877551141793 6.402656832799963 16.963946078294917
2020 10 5 10.166451224607538 6.210577127815964 16.455027695946068
2020 10 6 9.861457687869311 6.024259813981485 15.961376865067686
2020 10 7 9.565613957233232 5.84353201956204 15.482535559115655
2020 10 8 9.278645538516235 5.668226058975178 15.018059492342186
2020 10 9 9.000286172360747 5.498179277205923 14.56751770757192
2020 10 10 8.730277587189924 5.333233898889745 14.130492176344761
2020 10 11 8.468369259574226 5.173236881923052 13.706577411054418
2020 10 12 8.214318181786998 5.01803977546536 13.295380088722785
2020 10 13 7.967888636333388 4.867498582201399 12.896518686061102
2020 10 14 7.728851977243386 4.721473624735357 12.509623125479267
2020 10 15 7.496986417926085 4.579829415993297 12.134334431714889
2020 10 16 7.272076825388302 4.442434533513498 11.770304398763441
2020 10 17 7.053914520626653 4.309161497508093 11.417195266800539
2020 10 18 6.842297085007853 4.17988665258285 11.074679408796522
2020 10 19 6.637028172457617 4.054490053005364 10.742439026532626
2020 10 20 6.4379173272838885 3.932855351415203 10.420165855736647
2020 10 21 6.244779807465371 3.814869690872747 10.107560880064547
2020 10 22 6.05743641324141 3.7004236001465642 9.80433405366261
2020 10 23 5.875713320844167 3.5894108921421672 9.51020403205273
2020 10 24 5.699441921218842 3.481728565377902 9.224897911091148
2020 10 25 5.528458663582277 3.377276708416565 8.948150973758413
2020 10 26 5.362604903674808 3.275958407164068 8.67970644454566
2020 10 27 5.201726756564564 3.177679654949146 8.41931525120929
2020 10 28 5.045674953867627 3.0823492653006714 8.166735793673013
2020 10 29 4.8943047052515976 2.989878787341651 7.921733719862822
2020 10 30 4.747475564094049 2.9001824237214016 7.6840817082669375
