2020 6 26 586.4642487098662 541.5134926918965 631.4150047278357
2020 6 27 595.8252047098664 507.9834033547793 690.6686163151097
2020 6 28 604.2007975179173 475.5619902024104 754.167325585839
2020 6 29 613.1051026811054 445.53330951573116 824.0169631765285
2020 6 30 622.4742592942658 417.64318718441336 900.7843451561616
2020 7 1 631.9865905364711 391.49897005713376 984.7035591967378
2020 7 2 642.0741596928457 367.2576619114216 1077.1106793765944
2020 7 3 651.4492696267343 344.0177413921242 1176.724227062417
2020 7 4 661.2271365355697 322.38883380561526 1286.0304957140547
2020 7 5 671.6914810575656 302.3829133305203 1406.5399615115953
2020 7 6 683.509325085856 284.1532331493129 1540.8294351446602
2020 7 7 696.3254597462468 267.35113724986957 1689.7219178061505
2020 7 8 710.1113064502514 251.82260730183867 1854.7720766545904
2020 7 9 725.623962086502 237.71159925285673 2039.7415987150264
2020 7 10 741.4754976739703 224.39130872638762 2243.1574433839937
2020 7 11 757.673316176019 211.81742746335883 2466.8591938208565
2020 7 12 774.2249822766038 199.94813004056036 2712.8698879727995
2020 7 13 791.1382259131218 188.74393474367275 2983.414313838623
2020 7 14 808.4209458864367 178.1675722363458 3280.939129251165
2020 7 15 826.0812135497665 168.18386158847224 3608.1349881308047
2020 7 16 844.1272765781564 158.75959325128048 3967.9608733079513
2020 7 17 818.8034582808117 153.99680545374207 3848.922047108713
2020 7 18 794.2393545323873 149.3769012901298 3733.4543856954515
2020 7 19 770.4121738964157 144.8955942514259 3621.450754124588
2020 7 20 747.2998086795232 140.54872642388312 3512.8072315008503
2020 7 21 724.8808144191374 136.33226463116662 3407.423014555825
2020 7 22 703.1343899865633 132.24229669223163 3305.20032411915
2020 7 23 682.0403582869664 128.27502779146468 3206.0443143955754
2020 7 24 661.5791475383573 124.42677695772073 3109.862984963708
2020 7 25 641.7317731122066 120.69397364898911 3016.5670954147968
2020 7 26 622.4798199188403 117.07315443951944 2926.0700825523527
2020 7 27 603.8054253212752 113.56095980633386 2838.287980075782
2020 7 28 585.6912625616369 110.15413101214384 2753.1393406735083
2020 7 29 568.1205246847878 106.84950708177952 2670.5451604533027
2020 7 30 551.0769089442442 103.64402186932614 2590.4288056397036
2020 7 31 534.5446016759169 100.53470121324635 2512.7159414705125
2020 8 1 518.5082636256393 97.51866017684895 2437.334463226397
2020 8 2 502.9530157168701 94.59310037154349 2364.214429329605
2020 8 3 487.864425245364 91.75530736039718 2293.287996449717
2020 8 4 473.22849248800304 89.00264813958526 2224.489356556225
2020 8 5 459.03163771336295 86.3325686953977 2157.7546758595386
2020 8 6 445.26068858196203 83.74259163453577 2093.0220355837523
2020 8 7 431.90286792450314 81.2303138854997 2030.2313745162396
2020 8 8 418.94578188676803 78.79340446893471 1969.3244332807524
2020 8 9 406.37740843016496 76.42960233486667 1910.2447002823299
2020 8 10 394.18608617726 74.13671426482067 1852.93735927386
2020 8 11 382.3605035919422 71.91261283687605 1797.3492384956442
2020 8 12 370.8896884841839 69.75523445176977 1743.4287613407748
2020 8 13 359.7629978296584 67.66257741821667 1691.1258985005516
2020 8 14 348.9701078947686 65.63270009567017 1640.392121545535
2020 8 15 338.50100465792553 63.663719092800065 1591.180357899169
2020 8 16 328.34597451818775 61.75380752001606 1543.4449471621938
2020 8 17 318.4955952826421 59.90119329441558 1497.1415987473279
2020 8 18 308.94072742416284 58.10415749558311 1452.227350784908
2020 8 19 299.67250560143793 56.36103277071562 1408.6605302613607
2020 8 20 290.6823304333948 54.670201787594145 1366.4007143535198
2020 8 21 281.9618605203929 53.03009573396632 1325.4086929229143
2020 8 22 273.5030047047811 51.439192861947326 1285.6464321352269
2020 8 23 265.2979145636377 49.8960170760889 1247.07703917117
2020 8 24 257.33897712672854 48.39913656380624 1209.664727996035
2020 8 25 249.61880781292666 46.94716246689205 1173.374786156154
2020 8 26 242.13024357853885 45.53874759288529 1138.1735425714694
2020 8 27 234.8663362711827 44.172585165098724 1104.0283362943253
2020 8 28 227.8203461830472 42.84740761014576 1070.9074862054956
2020 8 29 220.98573579755578 41.56198538184138 1038.7802616193308
2020 8 30 214.3561637236291 40.315125820386136 1007.6168537707508
2020 8 31 207.92547881192021 39.105672045774554 977.3883481576282
2020 9 1 201.6877144475626 37.93250188440132 948.0666977128993
2020 9 2 195.63708301413573 36.79452682786928 919.6246967815123
2020 9 3 189.76797052371165 35.690691023033196 892.0359558780669
2020 9 4 184.0749314080003 34.6199702923422 865.274877201725
2020 9 5 178.55268346576028 33.58137118357194 839.3166308856731
2020 9 6 173.19610296178746 32.57393004806478 814.1371319591029
2020 9 7 168.00021987293383 31.59671214662284 789.7130180003298
2020 9 8 162.9602132767458 30.648810782224153 766.0216274603199
2020 9 9 158.0714068784434 29.729346458757426 743.0409786365103
2020 9 10 153.32926467209012 28.837466064994704 720.7497492774149
2020 9 11 148.7293867319274 27.97234208304486 699.1272567990925
2020 9 12 144.26750512996958 27.133171820553514 678.1534390951197
2020 9 13 139.9394799760705 26.319176665936908 657.8088359222661
2020 9 14 135.74129557678836 25.5296013659588 638.074570844598
2020 9 15 131.6690567094847 24.763713324980035 618.9323337192601
2020 9 16 127.71898500820015 24.020801925230632 600.3643637076823
2020 9 17 123.88741545795415 23.300177867473714 582.3534327964518
2020 9 18 120.17079299421552 22.601172531449503 564.8828298125583
2020 9 19 116.56566920438905 21.923137355506018 547.9363449181815
2020 9 20 113.06869912825738 21.265443234840838 531.498254570636
2020 9 21 109.67663815440966 20.627479937795613 515.553306933517
2020 9 22 106.38633900977737 20.008655539661746 500.0867077255115
2020 9 23 103.19474883948405 19.408395873471893 485.0841064937461
2020 9 24 100.09890637429953 18.826143997267735 470.5315832989337
2020 9 25 97.09593918307054 18.261359677349702 456.4156357999657
2020 9 26 94.18306100757842 17.71351888702921 442.7231667259667
2020 9 27 91.35756917735107 17.182113320418335 429.4414717241877
2020 9 28 88.61684210203053 16.666649920805785 416.55822757246204
2020 9 29 85.95833683896961 16.16665042318161 404.0614807452882
2020 9 30 83.37958673380052 15.681650910486162 391.9396363229295
2020 10 1 80.8781991317865 15.211201383171577 380.1814472332416
2020 10 2 78.4518531578329 14.75486534167643 368.7760038162443
2020 10 3 76.09829756309792 14.312219381426136 357.712723701757
2020 10 4 73.81534863620497 13.882852799983352 346.98134199070427
2020 10 5 71.60088817711882 13.466367215983851 336.57190173098314
2020 10 6 69.45286153180525 13.062376199504335 326.47474467905363
2020 10 7 67.3692756858511 12.670504913519204 316.680502338682
2020 10 8 65.34819741527556 12.290389766113629 307.18008726852156
2020 10 9 63.387751492817294 11.92167807313022 297.9646846504659
2020 10 10 61.486118948032775 11.564027730936314 289.02574411095196
2020 10 11 59.641535379591794 11.217106899008224 280.3549717876234
2020 10 12 57.852289318204036 10.880593692037976 271.9443226339947
2020 10 13 56.11672063865792 10.554175881276837 263.78599295497486
2020 10 14 54.433219019498175 10.237550604838532 255.8724131663256
2020 10 15 52.80022244891323 9.930424086693376 248.19624077133582
2020 10 16 51.21621577544583 9.632511364092576 240.75035354819573
2020 10 17 49.67972930218246 9.343536023169799 233.52784294174987
2020 10 18 48.18933742311698 9.063229942474704 226.52200765349735
2020 10 19 46.74365730042347 8.791333044200464 219.72634742389243
2020 10 20 45.341347581410766 8.52759305287445 213.13455700117566
2020 10 21 43.981107153968445 8.271765261288216 206.7405202911404
2020 10 22 42.66167393934939 8.02361230344957 200.5383046824062
2020 10 23 41.38182372116891 7.782903934346082 194.522155541934
2020 10 24 40.140369009533835 7.549416816315699 188.686490875676
2020 10 25 38.93615793924782 7.322934311826228 183.0258961494057
2020 10 26 37.768073201070386 7.103246282471441 177.5351192649235
2020 10 27 36.63503100503827 6.8901488939972975 172.2090656869758
2020 10 28 35.53598007488712 6.6834444271773785 167.04279371636653
2020 10 29 34.469900672640506 6.482941094362057 162.03150990487552
2020 10 30 33.43580365246129 6.288452861531195 157.17056460772926
