2020 6 26 38.82828095778946 33.338296850728355 44.318265064850564
2020 6 27 39.30871723780536 28.974459298838806 51.21606418792419
2020 6 28 39.75947576328786 25.155571787440852 59.14103996028961
2020 6 29 40.23341862543437 21.851418985207193 68.31909325728031
2020 6 30 40.743394628562974 18.997764345741086 78.97307517832576
2020 7 1 41.235219798752695 16.50530118796174 91.24077486981119
2020 7 2 41.78903423344666 14.36227964960471 105.53816886969598
2020 7 3 42.30610497820613 12.482319928017588 121.96437796463542
2020 7 4 42.84874295497465 10.85409459595035 141.0024642287371
2020 7 5 43.41128453109288 9.44153782217273 163.05490252445279
2020 7 6 44.02055165457149 8.221367940138663 188.70405157767084
2020 7 7 44.70818126921318 7.171923926050343 218.68717127591015
2020 7 8 45.43963973926619 6.261747501891803 253.59614422631088
2020 7 9 46.20948816732731 5.4707211416855275 294.22509091800123
2020 7 10 46.99237953775304 4.779622589547549 341.36325057234257
2020 7 11 47.78853482695813 4.17582828787262 396.0534721146262
2020 7 12 48.59817875518861 3.648309372361523 459.5056805647834
2020 7 13 49.421539849950655 3.187430219560538 533.1236445017072
2020 7 14 50.25885051051397 2.7847724432403154 618.5360319755869
2020 7 15 51.11034707350812 2.4329811247443835 717.6324419257287
2020 7 16 51.976269879630124 2.1256304685616367 832.6052082356471
2020 7 17 50.41698178324122 2.0618615545047874 807.6270519885776
2020 7 18 48.90447232974398 2.0000057078696436 783.3982404289202
2020 7 19 47.43733815985166 1.9400055366335542 759.8962932160525
2020 7 20 46.01421801505611 1.8818053705345477 737.099404419571
2020 7 21 44.63379147460442 1.8253512094185111 714.9864222869838
2020 7 22 43.294777730366285 1.7705906731359558 693.5368296183743
2020 7 23 41.9959343984553 1.717472952941877 672.7307247298231
2020 7 24 40.736056366501636 1.6659487643536208 652.5488029879284
2020 7 25 39.51397467550659 1.6159703014230122 632.9723388982906
2020 7 26 38.32855543524139 1.5674911923803219 613.9831687313418
2020 7 27 37.17869877218415 1.520466456608912 595.5636736694015
2020 7 28 36.06333780901862 1.4748524629106448 577.6967634593194
2020 7 29 34.98143767474806 1.4306068890233254 560.3658605555398
2020 7 30 33.93199454450561 1.3876886823526255 543.5548847388736
2020 7 31 32.91403470817045 1.3460580218820468 527.2482381967073
2020 8 1 31.926613666925334 1.3056762812255853 511.43079105080614
2020 8 2 30.968815256917573 1.2665059927888178 496.08786731928194
2020 8 3 30.039750799210044 1.2285108130051532 481.2052312997035
2020 8 4 29.13855827523374 1.1916554886149986 466.76907436071235
2020 8 5 28.264401526976727 1.1559058239565485 452.766002129891
2020 8 6 27.416469481167425 1.121228649237852 439.18302206599424
2020 8 7 26.5939753967324 1.0875917897607164 426.0075314040144
2020 8 8 25.796156134830426 1.054964036067895 413.22730546189393
2020 8 9 25.022271450785514 1.023315114985858 400.8304862980371
2020 8 10 24.271603307261948 0.9926156615362821 388.805571709096
2020 8 11 23.54345520804409 0.9628371916901937 377.14140455782314
2020 8 12 22.837151551802766 0.9339520759394878 365.8271624210884
2020 8 13 22.152037005248683 0.9059335136613031 354.8523475484558
2020 8 14 21.487475895091222 0.878755508251464 344.2067771220021
2020 8 15 20.842851618238484 0.85239284300392 333.88057380834204
2020 8 16 20.21756606969133 0.8268210577138024 323.86415659409175
2020 8 17 19.611039087600588 0.8020164259823883 314.148231896269
2020 8 18 19.02270791497257 0.7779559332029167 304.72378493938095
2020 8 19 18.452026677523392 0.7546172552068291 295.5820713911995
2020 8 20 17.89846587719769 0.7319787375506241 286.71460924946354
2020 8 21 17.36151190088176 0.7100193754241054 278.1131709719796
2020 8 22 16.840666543855306 0.6887187941613823 269.76977584282025
2020 8 23 16.335446547539647 0.6680572303365407 261.67668256753564
2020 8 24 15.845383151113456 0.6480155134264445 253.82638209050955
2020 8 25 15.370021656580052 0.6285750480236512 246.21159062779427
2020 8 26 14.90892100688265 0.6097177965829416 238.82524290896043
2020 8 27 14.461653376676171 0.5914262626854533 231.6604856216916
2020 8 28 14.027803775375885 0.5736834748048897 224.71067105304084
2020 8 29 13.606969662114608 0.556472970560743 217.9693509214496
2020 8 30 13.19876057225117 0.5397787814439207 211.4302703938061
2020 8 31 12.802797755083633 0.523585418000603 205.08736228199191
2020 9 1 12.418713822431124 0.5078778554605848 198.93474141353215
2020 9 2 12.046152407758191 0.4926415197967673 192.96669917112618
2020 9 3 11.684767835525445 0.47786227420286426 187.17769819599238
2020 9 4 11.334224800459682 0.4635264059767783 181.5623672501126
2020 9 5 10.99419805644589 0.4496206137974749 176.11549623260922
2020 9 6 10.664372114752513 0.4361319953835507 170.83203134563092
2020 9 7 10.344440951309938 0.4230480355220442 165.707070405262
2020 9 8 10.03410772277064 0.41035659445638284 160.73585829310412
2020 9 9 9.73308449108752 0.39804589662269135 155.91378254431098
2020 9 10 9.441091956354894 0.3861045197240106 151.23636906798166
2020 9 11 9.157859197664248 0.3745213841322903 146.6992779959422
2020 9 12 8.88312342173432 0.3632857426083216 142.29829965606393
2020 9 13 8.61662971908229 0.35238717033007194 138.02935066638202
2020 9 14 8.358130827509822 0.34181555522016976 133.88847014639055
2020 9 15 8.107386902684526 0.33156108856356464 129.8718160419988
2020 9 16 7.86416529560399 0.3216142559066577 125.97566156073884
2020 9 17 7.62824033673587 0.31196582822945795 122.19639171391667
2020 9 18 7.399393126633794 0.3026068533825742 118.53049996249916
2020 9 19 7.17741133283478 0.293528647781097 114.97458496362418
2020 9 20 6.962088992849737 0.28472278834766407 111.52534741471545
2020 9 21 6.753226323064244 0.2761811046972341 108.17958699227398
2020 9 22 6.550629533372317 0.2678956715563171 104.93419938250577
2020 9 23 6.354110647371147 0.2598588014096276 101.7861734010306
2020 9 24 6.163487327950013 0.25206303736733876 98.73258819899968
2020 9 25 5.978582708111512 0.24450114624631858 95.77061055302968
2020 9 26 5.799225226868167 0.23716611185892902 92.8974922364388
2020 9 27 5.625248470062122 0.23005112850316115 90.11056746934563
2020 9 28 5.456491015960258 0.2231495946480663 87.40725044526525
2020 9 29 5.29279628548145 0.21645510680862431 84.78503293190728
2020 9 30 5.134012396917006 0.20996145360436558 82.24148194395006
2020 10 1 4.979992025009496 0.20366260999623462 79.77423748563156
2020 10 2 4.830592264259211 0.19755273169634757 77.38101036106261
2020 10 3 4.685674496331434 0.19162614974545714 75.05958005023072
2020 10 4 4.545104261441491 0.18587736525309342 72.8077926487238
2020 10 5 4.408751133598246 0.18030104429550062 70.62355886926208
2020 10 6 4.276488599590299 0.1748920129666356 68.50485210318422
2020 10 7 4.14819394160259 0.16964525257763652 66.4497065400887
2020 10 8 4.023748123354512 0.16455589500030743 64.45621534388603
2020 10 9 3.9030356796538763 0.1596192181502982 62.52252888356945
2020 10 10 3.78594460926426 0.15483064160578924 60.64685301706236
2020 10 11 3.6723662709863323 0.15018572235761557 58.82744742655049
2020 10 12 3.562195282856742 0.1456801506868871 57.062624003753974
2020 10 13 3.4553294243710395 0.1413097461662805 55.35074528364135
2020 10 14 3.3516695416399083 0.1370704537812921 53.69022292513211
2020 10 15 3.251119455390711 0.13295834016785332 52.079516237378144
2020 10 16 3.1535858717289895 0.1289695899628177 50.5171307502568
2020 10 17 3.05897829557712 0.12510050226393318 49.00161682774909
2020 10 18 2.9672089467098064 0.12134748719601518 47.53156832291661
2020 10 19 2.8781926783085123 0.11770706258013472 46.10562127322911
2020 10 20 2.791846897959257 0.11417585070273067 44.722452635032234
2020 10 21 2.708091491020479 0.11075057518164876 43.380779055981264
2020 10 22 2.6268487462898644 0.10742805792619929 42.079355684301824
2020 10 23 2.5480432839011686 0.10420521618841332 40.81697501377277
2020 10 24 2.4716019853841336 0.10107905970276092 39.592465763359584
2020 10 25 2.3974539258226093 0.09804668791167809 38.4046917904588
2020 10 26 2.325530308047931 0.09510528727432774 37.25255103674503
2020 10 27 2.255764398806493 0.0922521286560979 36.13497450564268
2020 10 28 2.188091466842298 0.08948456479641496 35.0509252704734
2020 10 29 2.1224487228370292 0.08680002785252251 33.999397512359195
2020 10 30 2.058775261151918 0.08419602701694684 32.97941558698842
