2020 6 26 30.27512362858897 27.141347733269452 33.40889952390849
2020 6 27 31.719227089604686 25.492566691433183 38.6255864592143
2020 6 28 32.90966770814481 23.684717576958743 44.26406662902875
2020 6 29 34.14478623961978 22.00507518486994 50.7256400264104
2020 6 30 35.42625947149227 20.44454751543447 58.13046003327482
2020 7 1 36.755827122011326 18.994687343683715 66.61621976422181
2020 7 2 38.13529420204055 17.64764649410393 76.34071247904923
2020 7 3 39.56653346552704 16.396133358016098 87.48476575878762
2020 7 4 41.0514879519378 15.233373423683734 100.2556040064516
2020 7 5 43.00961689497728 14.307977325044359 115.91017829847137
2020 7 6 45.49850233917549 13.584291712241466 135.1878258616052
2020 7 7 48.285636208970814 12.943254710712647 158.1298745201098
2020 7 8 51.472639491130586 12.393889251965122 185.71569717531588
2020 7 9 55.23638449388935 11.956062598044895 219.43582867843773
2020 7 10 59.27533932823703 11.533702612818079 259.27847586484324
2020 7 11 63.609627687821245 11.12626292059391 306.3552950840512
2020 7 12 68.26084473641724 10.733216446954657 361.9797845269659
2020 7 13 73.25216470369912 10.354054736918672 427.7039323581452
2020 7 14 78.60845634855087 9.98828729719 505.36151899663156
2020 7 15 84.35640686520195 9.635440961643697 597.1192817295105
2020 7 16 90.52465484953734 9.295059279226011 705.5373692106206
2020 7 17 87.80891520405122 9.01620750084923 684.3712481343019
2020 7 18 85.17464774792968 8.745721275823753 663.8401106902728
2020 7 19 82.6194083154918 8.48334963754904 643.9249073695646
2020 7 20 80.14082606602705 8.228849148422569 624.6071601484776
2020 7 21 77.73660128404623 7.981983673969891 605.8689453440232
2020 7 22 75.40450324552484 7.742524163750794 587.6928769837025
2020 7 23 73.1423681481591 7.5102484388382695 570.0620906741914
2020 7 24 70.94809710371432 7.2849409856731215 552.9602279539656
2020 7 25 68.81965419060289 7.066392756102927 536.3714211153466
2020 7 26 66.7550645648848 6.854400973419839 520.2802784818862
2020 7 27 64.75241262793826 6.6487689442172435 504.6718701274296
2020 7 28 62.809840249100105 6.449305875890726 489.5317140236067
2020 7 29 60.9255450416271 6.255826699614004 474.8457626028985
2020 7 30 59.09777869037829 6.068151898625584 460.6003897248115
2020 7 31 57.32484532966694 5.886107341666817 446.7823780330672
2020 8 1 55.60509996977693 5.709524121416812 433.37890669207513
2020 8 2 53.93694697068362 5.5382383977743075 420.37753949131286
2020 8 3 52.31883856156311 5.372091245841078 407.7662133065735
2020 8 4 50.74927340471622 5.210928508465845 395.5332269073763
2020 8 5 49.226795202574735 5.05460065321187 383.667230100155
2020 8 6 47.74999134649749 4.902962633615514 372.1572131971503
2020 8 7 46.317491606102564 4.755873754607049 360.9924968012358
2020 8 8 44.927966857919486 4.613197541968837 350.1627218971987
2020 8 9 43.5801278521819 4.474801615709772 339.6578402402827
2020 8 10 42.27272401661644 4.340557567238479 329.4681050330742
2020 8 11 41.00454229611795 4.210340840221324 319.584061882082
2020 8 12 39.774406027234406 4.084030615014684 309.99654002561954
2020 8 13 38.58117384641737 3.961509696564243 300.6966438248509
2020 8 14 37.42373863102485 3.842664405667316 291.6757445101054
2020 8 15 36.3010264720941 3.7273844734972963 282.9254721748022
2020 8 16 35.21199567793128 3.6155629392923774 274.43770800955815
2020 8 17 34.155635807593335 3.507096051113606 266.2045767692714
2020 8 18 33.13096673336553 3.4018831695801977 258.2184394661933
2020 8 19 32.137037731364565 3.2998266744927918 250.47188628220746
2020 8 20 31.172926599423626 3.2008318742580077 242.95772969374124
2020 8 21 30.237738801440916 3.1048069180302673 235.668997802929
2020 8 22 29.330606637397686 3.011662710489359 228.59892786884112
2020 8 23 28.450688438275755 2.921312829174678 221.7409600327759
2020 8 24 27.597167785127482 2.833673444299438 215.0887312317926
2020 8 25 26.769252751573656 2.748663240970455 208.63606929483882
2020 8 26 25.966175169026446 2.666203343741341 202.37698721599364
2020 8 27 25.187189913955653 2.586217243429101 196.3056775995138
2020 8 28 24.431574216536983 2.5086307261262277 190.4165072715284
2020 8 29 23.69862699004087 2.433371804342441 184.70401205338254
2020 8 30 22.987668180339643 2.3603706502121677 179.16289169178106
2020 8 31 22.298038134929453 2.2895595307058025 173.78800494102762
2020 9 1 21.629096990881568 2.2208727447846286 168.57436479279679
2020 9 2 20.98022408115512 2.15424656244109 163.51713384901288
2020 9 3 20.350817358720466 2.089619165567857 158.61161983354248
2020 9 4 19.74029283795885 2.0269305906008213 153.8532712385362
2020 9 5 19.148084052820085 1.9661226728827965 149.2376731013801
2020 9 6 18.57364153123548 1.9071389926963125 144.7605429083387
2020 9 7 18.016432285298414 1.849924822915423 140.41772662108852
2020 9 8 17.47593931673946 1.7944270782279603 136.20519482245587
2020 9 9 16.951661137237277 1.7405942658811215 132.1190389777822
2020 9 10 16.44311130312016 1.688376437904688 128.15546780844872
2020 9 11 15.949817964026552 1.6377251447675472 124.31080377419525
2020 9 12 15.471323425105755 1.5885933904245206 120.58147966096939
2020 9 13 15.007183722352583 1.540935588711785 116.9640352711403
2020 9 14 14.556968210682005 1.4947075210504315 113.4551142130061
2020 9 15 14.120259164361544 1.4498662954189185 110.0514607866159
2020 9 16 13.696651389430697 1.4063703065563509 106.74991696301743
2020 9 17 13.285751847747775 1.3641791973596602 103.5474194541269
2020 9 18 12.887179292315341 1.3232538214388703 100.44099687050308
2020 9 19 12.50056391354588 1.283556206795704 97.42776696438798
2020 9 20 12.125546996139503 1.2450495205918328 94.50493395545634
2020 9 21 11.761780586255318 1.2076980349740778 91.66978593679265
2020 9 22 11.408927168667658 1.1714670939248555 88.91969235868886
2020 9 23 11.066659353607628 1.13632308110711 86.2521015879282
2020 9 24 10.7346595729994 1.1022333886738966 83.66453854029035
2020 9 25 10.412619785809417 1.0691663870136796 81.15460238408164
2020 9 26 10.100241192235135 1.0370913954032692 78.71996431255918
2020 9 27 9.79723395646808 1.0059786535411712 76.3583653831824
2020 9 28 9.503316937774038 0.975799293934936 74.06761442168693
2020 9 29 9.218217429640816 0.946525315116888 71.84558598903632
2020 9 30 8.941670906751591 0.9181295556633813 69.69021840936523
2020 10 1 8.673420779549044 0.8905856689934798 67.59951185708427
2020 10 2 8.413218156162573 0.8638680989236753 65.57152650137174
2020 10 3 8.160821611477695 0.837952055955965 63.60438070633058
2020 10 4 7.915996963133364 0.812813494277286 61.69624928514066
2020 10 5 7.678517054239363 0.7884290894489674 59.84536180658644
2020 10 6 7.448161542612182 0.7647762167654983 58.05000095238884
2020 10 7 7.224716696333816 0.7418329302625334 56.30850092381718
2020 10 8 7.007975195443802 0.7195779423546573 54.61924589610266
2020 10 9 6.7977359395804875 0.6979906040840176 52.98066851921958
2020 10 10 6.593803861393073 0.677050885961497 51.39124846364299
2020 10 11 6.39598974555128 0.656739359382652 49.849511009733696
2020 10 12 6.204110053184742 0.6370371786011725 48.35402567944168
2020 10 13 6.017986751589199 0.6179260632431373 46.90340490905843
2020 10 14 5.837447149041523 0.5993882813458431 45.49630276178667
2020 10 15 5.662323734570277 0.5814066329054678 44.13141367893307
2020 10 16 5.492454022533169 0.5639644339183038 42.80747126856508
2020 10 17 5.327680401857173 0.5470455009007547 41.523247130508125
2020 10 18 5.167849989801458 0.530634135873732 40.27754971659288
2020 10 19 5.012814490107414 0.51471511179752 39.069223225095094
2020 10 20 4.862430055404191 0.49927365844359445 37.89714652834224
2020 10 21 4.716557153742065 0.4842954486902866 36.76023213249197
2020 10 22 4.575060439129803 0.46976658522957804 35.657425168517214
2020 10 23 4.437808625955909 0.45567358767269067 34.5877024134617
2020 10 24 4.304674367177231 0.44200338004250994 33.550071341057844
2020 10 25 4.1755341361619145 0.4287432786412346 32.543569200826106
2020 10 26 4.050268112077057 0.4158809802819976 31.56726212480132
2020 10 27 3.928760068714745 0.40340455087353766 30.62024426105728
2020 10 28 3.8108972666533028 0.39130241434733154 29.70163693322556
2020 10 29 3.6965703486537036 0.3795633419169116 28.810587825228794
2020 10 30 3.5856732381940923 0.3681764416594042 27.946270190471928
