2021 1 31 156.91935467096695 154.26846171314958 159.57024762878433
2021 2 1 155.7649144912632 150.5496101675866 161.0690208761857
2021 2 2 154.6809403474311 146.98030456993186 162.64595467812543
2021 2 3 154.03626312897464 143.90588094863594 164.69231319877449
2021 2 4 153.4481450141372 140.9460950653862 166.82201738140566
2021 2 5 152.9132555759693 138.0940140137361 169.03468833393757
2021 2 6 152.41628265950644 135.3322036733624 171.31656032479617
2021 2 7 151.94646886974522 132.6483089127283 173.6579477965768
2021 2 8 151.5213872114947 130.05542750881773 176.08080382732587
2021 2 9 150.70237872682227 127.17408912039491 178.07830467684613
2021 2 10 149.9265411057634 124.38928097230493 180.14424761445864
2021 2 11 149.19131485739692 121.6958336229972 182.2781556697776
2021 2 12 148.51317976417315 119.10433692451993 184.50268847810827
2021 2 13 147.73928535387142 116.48875690117092 186.63157537353572
2021 2 14 146.96754940670832 113.92913827888937 188.7826588025319
2021 2 15 146.2290810694022 111.44842639455881 190.99608989789036
2021 2 16 145.62603523341988 109.12211411727252 193.40750753617752
2021 2 17 145.05162129819686 106.86395120949503 195.88409387593995
2021 2 18 144.53642690630636 104.69447811536777 198.46930586178865
2021 2 19 143.85572738297054 102.44783951567901 200.858861575617
2021 2 20 143.2003771653578 100.26518119318925 203.30810530862388
2021 2 21 142.5689529830925 98.14368656318398 205.81694497026118
2021 2 22 141.96011876023817 96.08071447824776 208.38533615726533
2021 2 23 141.71930352918096 94.30842688978193 211.52218220530258
2021 2 24 142.71071167648026 93.38855324614438 216.54478442372616
2021 2 25 143.67134113887076 92.45297215473838 221.6294222375755
2021 2 26 144.5424349058517 91.46498627234985 226.685357243597
2021 2 27 145.55238296381665 90.57208185282266 232.0661127424962
2021 2 28 146.3262435193443 89.53659417497744 237.1869246692362
2021 3 1 147.25655311087948 88.6061580796383 242.66765954863416
2021 3 2 147.9820746163597 87.55860821203113 247.9278168241251
2021 3 3 148.72412723047967 86.53110920949285 253.3237025235063
2021 3 4 149.51855870624786 85.54397815003196 258.9199034933812
2021 3 5 150.32904842308884 84.57486762242716 264.66019009164035
2021 3 6 151.18494661645929 83.6398109703226 270.5999482275423
2021 3 7 151.81933488315565 82.58985076847637 276.26781818651057
2021 3 8 152.38341399749464 81.5133747397659 281.92161832766106
2021 3 9 152.89200690145594 80.42012755558827 287.58459166805045
2021 3 10 153.41164550678886 79.34645996865315 293.37890112599575
2021 3 11 154.31358442295178 78.48394377229508 300.0176753282081
2021 3 12 154.05153914384107 77.03610362367681 304.53333947623344
2021 3 13 153.41865250847246 75.42930456753395 308.38300125662664
2021 3 14 152.84951977060015 73.88608639431845 312.40425108931004
2021 3 15 152.28972979873106 72.37793675500932 316.4927173507658
2021 3 16 151.7388347164527 70.9038242597353 320.6489147083167
2021 3 17 151.1964114281274 69.4627622985725 324.87338258420897
2021 3 18 150.662060175869 68.05380637700262 329.16668468888685
2021 3 19 150.1354031867474 66.67605163795002 333.5294085923889
2021 3 20 149.61608340399204 65.32863055613184 337.9621653314363
2021 3 21 149.05157625182352 63.98792374841468 342.3477056900988
2021 3 22 148.8611728605982 62.834420176243746 347.64451931483245
2021 3 23 148.6756850196729 61.70368288282763 353.034196951963
2021 3 24 148.49486148086493 60.5951336466614 358.5179596927989
2021 3 25 148.31846425953384 59.50821673292614 364.09705869477614
2021 3 26 149.23491424938507 58.879183462380325 372.44522017704526
2021 3 27 148.75151675499168 57.70226904343668 377.4770632299173
2021 3 28 148.1739865420868 56.51175707641218 382.33404000924713
2021 3 29 147.71589815571076 55.3905062123652 387.55592181376625
2021 3 30 147.26246373006978 54.292716201413754 392.85761833927893
2021 3 31 146.8134876089338 53.217813930314044 398.24002155295886
2021 4 1 146.36878455520542 52.165245612247794 403.70404503734613
