2021 1 9 4104.123613754822 4002.8610960713054 4205.386131438339
2021 1 10 4044.034020086903 3846.440195036549 4246.576747193664
2021 1 11 3979.5231054455876 3691.0897025835734 4282.604202251944
2021 1 12 3915.6502337776715 3541.650824325115 4318.516485237817
2021 1 13 3844.7288154276966 3390.959609548397 4345.825508921554
2021 1 14 3774.750984628956 3246.3793289052646 4372.921825824499
2021 1 15 3705.6997762974875 3107.6650497148107 4399.785051690814
2021 1 16 3644.2502676567356 2980.1935026689584 4434.3390761465835
2021 1 17 3583.509418270019 2857.6968628151 4468.786870819738
2021 1 18 3530.4735353166107 2745.572309589062 4511.848177933265
2021 1 19 3482.180341804453 2640.924936793001 4560.382332071364
2021 1 20 3439.3800841082802 2543.931091939741 4615.767161717833
2021 1 21 3396.892890844791 2450.3420145126374 4671.538770258138
2021 1 22 3354.730695182167 2360.051836486213 4727.709412666021
2021 1 23 3310.099307911122 2270.983441525454 4780.338210060824
2021 1 24 3265.8859382664446 2185.155905007213 4833.299045039232
2021 1 25 3210.8323291857773 2094.9238778116187 4869.929782178904
2021 1 26 3157.832664376791 2009.1524141436075 4908.5458049421995
2021 1 27 3115.6971724157174 1933.2483045234624 4962.99548568444
2021 1 28 3089.8907586336272 1869.9949125556639 5043.164201928496
2021 1 29 3064.1711404012694 1808.7342592753223 5124.420703066456
2021 1 30 3035.18289553122 1747.4247002052396 5201.162051678003
2021 1 31 3007.960483372206 1689.052058035305 5281.608678078977
2021 2 1 2980.8762688144575 1632.5698524709205 5363.113525515195
2021 2 2 2953.936170759308 1577.9217883265605 5445.696665433138
2021 2 3 2927.145637302607 1525.0528294088035 5529.378322558551
2021 2 4 2900.5096730965597 1473.909208354865 5614.178880895933
2021 2 5 2874.032865271279 1424.4384320020647 5700.118889797398
2021 2 6 2837.352500450023 1371.4511990225153 5766.658203805761
2021 2 7 2800.415694037247 1320.0847905774122 5832.5016074605655
2021 2 8 2768.9813350392183 1273.009389751536 5909.555434357289
2021 2 9 2737.8351128404356 1227.5829897734423 5987.48912302473
2021 2 10 2713.2724340148347 1186.572423581867 6080.082239257444
2021 2 11 2691.803165405638 1148.1883649572783 6180.545365411447
2021 2 12 2670.449841629172 1111.0229743413208 6282.544638226322
2021 2 13 2649.215076291978 1075.039431824014 6386.107646550119
2021 2 14 2628.1012586689 1040.2018755313422 6491.262332461967
2021 2 15 2607.1105668264663 1006.4753899823238 6598.036999625141
2021 2 16 2586.2449800343907 973.8259932731582 6706.4603217248705
2021 2 17 2565.50629050092 942.2206232471045 6816.561350990573
2021 2 18 2544.896114466283 911.6271227945231 6928.369526802519
2021 2 19 2524.415902686999 882.0142244144038 7041.914684383229
2021 2 20 2504.066950342376 853.3515341566194 7157.227063574192
2021 2 21 2483.850406393126 825.6095150530213 7274.337317698727
2021 2 22 2468.038200582738 800.1790848848169 7405.784562161833
2021 2 23 2452.298527508691 775.5228434886902 7539.522655175053
2021 2 24 2444.672234996756 754.1604026768184 7700.311620427408
2021 2 25 2437.0445140921515 733.3786515561542 7864.450391970579
2021 2 26 2426.1099544157332 712.1672779033686 8021.339805587327
2021 2 27 2415.2019349462435 691.5627859367324 8181.284575372026
2021 2 28 2404.6160526922517 671.6326220720015 8345.34371003303
