2020 6 8 337.1128349541592
2020 6 9 351.9107796218764
2020 6 10 367.3181207607048
2020 6 11 383.37905796871786
2020 6 12 400.2407365213855
2020 6 13 417.91256120700785
2020 6 14 436.37061363366354
2020 6 15 455.69372584203415
2020 6 16 475.9245171930164
2020 6 17 497.1010085703835
2020 6 18 519.205570296609
2020 6 19 542.2634167687328
2020 6 20 566.3684742525999
2020 6 21 591.5693132053
2020 6 22 617.8408233389742
2020 6 23 645.0762573578571
2020 6 24 673.3465724950107
2020 6 25 702.9310985530082
2020 6 26 733.8552572948125
2020 6 27 766.0738902948833
2020 6 28 799.7070260897146
2020 6 29 834.8167659533234
2020 6 30 871.467937607669
2020 7 1 909.7282149225871
2020 7 2 949.6682428709397
2020 7 3 991.3617679697034
2020 7 4 1034.8857744478444
2020 7 5 1080.3206263924076
2020 7 6 1127.7502161352807
2020 7 7 1177.26211915462
2020 7 8 1228.9477557769528
2020 7 9 1282.9025599785282
2020 7 10 1339.2261555975954
2020 7 11 1398.0225402829758
2020 7 12 1459.4002775185747
2020 7 13 1523.472697078394
2020 7 14 1590.358104282172
2020 7 15 1660.1799984380264
2020 7 16 1733.0673008754397
2020 7 17 1809.154592989636
2020 7 18 1888.5823647368775
2020 7 19 1971.4972740395153
2020 7 20 2058.0524175797646
2020 7 21 2148.407613482208
2020 7 22 2242.72969640698
2020 7 23 2341.192825598502
2020 7 24 2443.978806458559
2020 7 25 2551.2774262374814
2020 7 26 2663.2868044632596
2020 7 27 2780.2137587556394
2020 7 28 2902.2741867006425
2020 7 29 3029.693464490625
2020 7 30 3162.7068630659282
2020 7 31 3301.5599825265012
