2021 1 9 9502.150100433053 9264.063168050487 9740.237032815616
2021 1 10 9559.074719453525 9086.262697102282 10043.878324750327
2021 1 11 9618.904630737705 8914.312099554625 10359.67962819786
2021 1 12 9679.144189125755 8745.648133325742 10685.448291707613
2021 1 13 9739.79462944079 8580.205768876436 11021.498139489917
2021 1 14 9800.857254514352 8417.92141182939 11368.152892285118
2021 1 15 9862.333432931966 8258.73286163315 11725.746479113142
2021 1 16 9924.224596885979 8102.5792719831625 12094.623358851963
2021 1 17 9933.57611899526 7906.165375412021 12410.601382711884
2021 1 18 9868.13102025594 7654.974844521405 12641.375658405204
2021 1 19 9803.142291220955 7411.784555170534 12876.473447285318
2021 1 20 9722.747676147172 7164.348759318108 13095.14558333231
2021 1 21 9643.87855953231 6925.811650924745 13318.697908884917
2021 1 22 9546.469043217363 6681.442279579744 13519.57776900509
2021 1 23 9449.561413026462 6445.357848011361 13722.804786989112
2021 1 24 9353.656178537636 6217.628042519906 13929.11384004328
2021 1 25 9258.74186115398 5997.9561435540145 14138.55069663387
2021 1 26 9164.807178542642 5786.0560584599625 14351.161839529579
2021 1 27 9082.826974802589 5588.5877310385795 14584.19734269758
2021 1 28 9070.017937757866 5439.967899804648 14930.906807574558
2021 1 29 9036.514186238914 5282.877380853488 15251.761563014927
2021 1 30 9003.147319883436 5130.330854582303 15579.533416284345
2021 1 31 8969.916082262613 4982.196287899261 15914.370831694961
2021 2 1 8911.344322557256 4824.195882758647 16211.22799619398
2021 2 2 8853.166122430042 4671.212152702784 16513.64274542273
2021 2 3 8795.378215849862 4523.085332002214 16821.718472208504
2021 2 4 8754.301350833588 4388.05548957744 17166.781109207168
2021 2 5 8723.111269744266 4261.916306292596 17537.933326976927
2021 2 6 8724.086757347934 4155.064205502097 17981.555887510734
2021 2 7 8725.070760774088 4050.8950376892385 18436.41722174864
2021 2 8 8726.062862487257 3949.3411420993257 18902.80160315753
2021 2 9 8725.060487436584 3849.430417336801 19376.663295811442
2021 2 10 8765.159593436938 3770.1808519498754 19953.68205442432
2021 2 11 8795.37270324449 3688.2312667892324 20524.959115865622
2021 2 12 8825.696514403964 3608.065708185831 21112.60723369387
2021 2 13 8856.131124682055 3529.645144033378 21717.095203059995
2021 2 14 8886.676645534915 3452.9314098909995 22338.905251336564
2021 2 15 8917.333201530342 3377.887188733989 22978.533422802222
2021 2 16 8948.100929797323 3304.47599124361 23636.489974347434
2021 2 17 8988.103170170141 3236.031272120277 24337.3987736285
2021 2 18 9004.184676838608 3160.3275451707755 24993.836873073855
2021 2 19 9020.29964503782 3086.396477069825 25667.993699103958
2021 2 20 9036.44791657419 3014.1964408828235 26360.347202133282
2021 2 21 9052.629343525121 2943.6867957628688 27071.38823271033
2021 2 22 9068.84378774694 2874.827862974772 27801.620889508806
2021 2 23 9065.652844292856 2801.4189596249767 28491.972525844656
2021 2 24 9062.466676244883 2729.8856857834007 29199.47800146416
2021 2 25 9059.285096787075 2660.180034499088 29924.563251150405
2021 2 26 9072.840418372376 2597.1685834601594 30722.935430094767
2021 2 27 9083.778781729265 2534.894749147556 31533.677408402684
2021 2 28 9094.733313607054 2474.114922967169 32365.824258437056
