2021 1 19 39756.35475628974 38946.20363094275 40566.505881636724
2021 1 20 39592.61679106772 38001.40416106406 41216.46320703138
2021 1 21 39429.18251197924 37079.168889574845 41876.448283687765
2021 1 22 39296.2999747285 36207.41124148748 42578.73296985976
2021 1 23 39144.17109894278 35338.003124593946 43271.45601500452
2021 1 24 38992.79659887699 34489.620482458195 43975.632006221465
2021 1 25 38860.65498647195 33678.09947462826 44712.29781820356
2021 1 26 38601.44602953933 32775.16368009791 45314.587616304365
2021 1 27 38342.68560290171 31895.349104233275 45923.487330850934
2021 1 28 37730.28727359231 30743.535755892193 46114.93512442961
2021 1 29 36972.94956846863 29507.247114346075 46118.07771911178
2021 1 30 36116.09643480149 28229.12032839676 45978.128659712485
2021 1 31 35318.50100338905 27037.152388284372 45888.763055891126
2021 2 1 34529.361137657885 25888.503811310427 45787.67139726954
2021 2 2 33708.38657014958 24751.566563266526 45621.206881374346
2021 2 3 32906.150760412405 23663.986470191056 45454.29076446758
2021 2 4 32222.30689971981 22695.604151851618 45425.15056961228
2021 2 5 31552.000797568235 21766.375690923855 45395.079397223504
2021 2 6 31004.32466238918 20950.17047430061 45521.398712446135
2021 2 7 30465.570049224272 20164.176402046345 45647.21064886244
2021 2 8 29949.508197524716 19416.49404163576 45793.34435479473
2021 2 9 29428.966119776152 18687.963693454014 45919.7293751203
2021 2 10 28920.272006090217 17988.547121686726 46050.833147203506
2021 2 11 28497.064022322927 17363.010421707124 46304.4325310511
2021 2 12 28079.633057674215 16758.972747522927 46558.75245333533
2021 2 13 27630.144011183947 16153.165906959834 46751.17515615171
2021 2 14 27187.48617485556 15569.045064169606 46943.77712919572
2021 2 15 26751.57977308713 15005.851958832476 47136.58496449586
2021 2 16 26316.37760981454 14459.506391825154 47319.110812946376
2021 2 17 25909.143365551485 13944.529480476547 47539.90174465609
2021 2 18 25506.674226043695 13447.066482306056 47758.90330823291
2021 2 19 25110.196938632114 12967.213090519843 47978.42682568233
2021 2 20 24811.570155470898 12551.831700646335 48374.14831421677
2021 2 21 24516.266537527852 12149.64081470428 48772.688571013095
