2020 6 8 247.65852957223913
2020 6 9 246.159603625709
2020 6 10 244.6191382180201
2020 6 11 243.1889026710102
2020 6 12 242.06703393658537
2020 6 13 241.19919102979247
2020 6 14 240.33445945666043
2020 6 15 239.62106966903767
2020 6 16 238.9097974511976
2020 6 17 238.15151556576643
2020 6 18 237.44460545601524
2020 6 19 236.7397936822838
2020 6 20 236.08574880504233
2020 6 21 235.57913181133893
2020 6 22 235.12203811989124
2020 6 23 234.42412047121536
2020 6 24 233.5836784381816
2020 6 25 232.84230125741433
2020 6 26 232.17029997786986
2020 6 27 231.51694549515508
2020 6 28 230.8654296286635
2020 6 29 230.21574720431317
2020 6 30 229.5678930625827
2020 7 1 228.9218620584701
2020 7 2 228.27764906145208
2020 7 3 227.63524895544322
2020 7 4 226.99465663875537
2020 7 5 226.35586702405715
2020 7 6 225.7188750383335
2020 7 7 225.08367562284542
2020 7 8 224.45026373308983
2020 7 9 223.8186343387594
2020 7 10 223.1887824237028
2020 7 11 222.5607029858846
2020 7 12 221.9343910373458
2020 7 13 221.309841604164
2020 7 14 220.68704972641407
2020 7 15 220.0660104581287
2020 7 16 219.44671886725905
2020 7 17 218.8291700356357
2020 7 18 218.21335905892954
2020 7 19 217.59928104661276
2020 7 20 216.9869311219201
2020 7 21 216.37630442181012
2020 7 22 215.76739609692652
2020 7 23 215.16020131155966
2020 7 24 214.55471524360814
2020 7 25 213.95093308454057
2020 7 26 213.34885003935727
2020 7 27 212.7484613265523
2020 7 28 212.1497621780754
2020 7 29 211.5527478392942
2020 7 30 210.9574135689564
2020 7 31 210.36375463915215
