2020 6 8 214.22226322798178
2020 6 9 209.33524205931002
2020 6 10 204.5237255988487
2020 6 11 199.90189968828335
2020 6 12 195.6250427691094
2020 6 13 191.6918800629601
2020 6 14 187.86250816353626
2020 6 15 184.30338222268756
2020 6 16 180.8196051421291
2020 6 17 177.60370436702962
2020 6 18 174.55947853224356
2020 6 19 171.5899359080448
2020 6 20 168.75939275882362
2020 6 21 165.98279409985824
2020 6 22 163.40166358613197
2020 6 23 160.8255627197555
2020 6 24 157.99290261889666
2020 6 25 155.38326114634108
2020 6 26 152.9896618569922
2020 6 27 150.71577050132103
2020 6 28 148.47567608221823
2020 6 29 146.26887627448758
2020 6 30 144.094876219012
2020 7 1 141.9531884117849
2020 7 2 139.84333259459092
2020 7 3 137.76483564731137
2020 7 4 135.71723148183057
2020 7 5 133.7000609375187
2020 7 6 131.71287167826856
2020 7 7 129.75521809106212
2020 7 8 127.8266611860453
2020 7 9 125.92676849808738
2020 7 10 124.05511398980391
2020 7 11 122.21127795602081
2020 7 12 120.39484692965848
2020 7 13 118.60541358901482
2020 7 14 116.84257666642614
2020 7 15 115.10594085828583
2020 7 16 113.39511673640031
2020 7 17 111.70972066066254
2020 7 18 110.04937469302348
2020 7 19 108.41370651274215
2020 7 20 106.80234933289539
2020 7 21 105.21494181812845
2020 7 22 103.6511280036282
2020 7 23 102.1105572153005
2020 7 24 100.59288399113404
2020 7 25 99.09776800373298
2020 7 26 97.62487398400091
2020 7 27 96.17387164595921
2020 7 28 94.7444356126827
2020 7 29 93.33624534333623
2020 7 30 91.94898506129572
2020 7 31 90.5823436833374
