2022 1 15 1752.848378087055 1618.8052879995244 1886.8914681745853
2022 1 16 1745.5658134155603 1488.9695906404172 2022.5499735964002
2022 1 17 1738.6159064223516 1369.8052670147792 2168.312064493124
2022 1 18 1731.9015418681288 1260.3416073169474 2324.8382536798845
2022 1 19 1724.3532353930357 1158.9996428536456 2491.5095016277237
2022 1 20 1712.3802541572516 1062.8103217396435 2663.688943332576
2022 1 21 1704.869342477366 977.3219208547116 2854.578742157582
2022 1 22 1697.0841708933472 898.5337742306808 3058.634036279374
2022 1 23 1688.4281898585646 825.6173631057358 3275.6423966777525
2022 1 24 1680.4494192148104 758.9277084250535 3509.2755497350836
2022 1 25 1672.7654729213064 697.7410649920931 3760.1093848780306
2022 1 26 1665.5285561379126 641.6592498788699 4029.7980387390453
2022 1 27 1658.5838946060942 590.18561286123 4319.461105974341
2022 1 28 1651.3422334230922 542.7251821326155 4629.096349126361
2022 1 29 1647.6425400352807 500.23503550567847 4970.767738860433
2022 1 30 1648.2283860210923 462.37005869121475 5350.561754634122
2022 1 31 1649.0625003477903 427.44083467369103 5760.179388646183
2022 2 1 1650.1427405056083 395.21398641946513 6202.013956093481
2022 2 2 1653.2112058825385 365.8928936026544 6685.20947223038
2022 2 3 1656.1301835814472 338.7127972372898 7205.422919522731
2022 2 4 1659.4296461877202 313.62851816463393 7767.750052349421
2022 2 5 1663.4922352993713 290.5449090948846 8377.503844353474
2022 2 6 1669.1148710539937 269.43103412693284 9042.928617229467
2022 2 7 1673.4472330457359 249.6401570533877 9754.114644528572
2022 2 8 1678.0232384580327 231.3376741962939 10522.586875778945
2022 2 9 1679.5561867839795 213.95579557597802 11332.441804016145
2022 2 10 1681.3191406139963 197.90905024693515 12206.168450994415
2022 2 11 1682.0220524316412 182.94081938510553 13139.549858659962
2022 2 12 1682.9496429145563 169.12906839881956 14146.057924696363
2022 2 13 1675.7176249695028 155.5400270876516 15161.075921134936
2022 2 14 1668.7357799073866 143.0631631433487 16250.906476864828
