2022 6 3 457.45762461454603 436.2154124707871 478.69983675830497
2022 6 4 459.3942114830648 417.72097637998553 503.0485315361559
2022 6 5 461.207090531247 399.8907174040145 528.4912631357976
2022 6 6 463.07317736259927 382.86146716215893 555.2735864754266
2022 6 7 464.95736841748 366.5661292194796 583.4258113699459
2022 6 8 466.3748257496235 350.5903421554179 612.4100719483887
2022 6 9 467.4248450687177 335.03135180900006 642.3460863652697
2022 6 10 468.48756508815836 320.1702690618754 673.7596469398354
2022 6 11 465.50142852502995 303.1996931390469 700.883094672139
2022 6 12 460.17471856794907 285.5917335941569 725.5457005447684
2022 6 13 454.9091343861135 269.0064422935067 751.0764037524419
2022 6 14 449.71346551515006 253.39003013454578 777.5214432546298
2022 6 15 444.5651788883272 238.6734464502853 804.8769232848687
2022 6 16 440.24564550807474 225.2248746700849 834.5885866784317
2022 6 17 435.2415408841598 212.16240122073333 864.0197138168994
2022 6 18 429.3482415791112 199.39634572850065 892.6106075138035
2022 6 19 423.6311336422794 187.4432055788575 922.3479926828364
2022 6 20 417.9961118964544 176.20925238184572 953.0890538669222
2022 6 21 412.6506422979058 165.73904364636618 985.3439982060565
2022 6 22 407.3816208744068 155.89421483270476 1018.7098456865974
2022 6 23 402.6533555386465 146.81535200491035 1054.3895227000978
2022 6 24 397.3516068630934 138.03610479118905 1089.6734275736676
2022 6 25 392.10811676444814 129.77782571764686 1126.1063935869383
2022 6 26 386.8829473925925 121.99677666046847 1163.6113837116352
2022 6 27 381.8645988573979 114.72551436886273 1202.7781018467294
2022 6 28 376.2256143994778 107.68161711176421 1241.1032783818482
2022 6 29 370.8265543845271 101.11503656380944 1281.1664172337516
2022 6 30 365.49738894345916 94.9468273092212 1322.4965988813979
2022 7 1 360.63258989575166 89.25562599492213 1366.5632096293768
2022 7 2 355.9936833158626 83.94544271954106 1412.7087759739964
2022 7 3 351.14130157033327 78.88677442915474 1459.3286254070558
2022 7 4 346.3611612493091 74.13431909242084 1507.5123001359889
2022 7 5 341.6520513805736 69.66944587050025 1557.3128193155237
2022 7 6 337.0983037094298 65.49210315096325 1609.174826187548
2022 7 7 332.61313615563995 61.56676357629242 1662.8015939133318
2022 7 8 328.16184294436914 57.871917527236654 1718.0865190165712
2022 7 9 323.3176068020594 54.31901108546637 1772.840431856418
2022 7 10 318.27982464794275 50.939696096036485 1827.885931897185
2022 7 11 313.3256931089095 47.771441262348 1884.6701586756963
2022 7 12 308.45369758414853 44.80100567903672 1943.2486324239794
2022 7 13 303.22716388681374 41.95277463355111 2000.9369754605375
2022 7 14 298.0320019830637 39.2777080981173 2059.9605125133376
2022 7 15 292.9304844890446 36.77382486153783 2120.7571676967827
2022 7 16 287.9559120838049 34.434533561765 2183.6349906452697
2022 7 17 283.07020863831747 32.24457647630023 2248.410355901865
2022 7 18 278.2895980700957 30.19642418829389 2315.283534752508
2022 7 19 273.63727914003005 28.283529080613707 2384.5413241498677
2022 7 20 269.0667836544584 26.492231230650198 2455.906119186441
2022 7 21 264.5765686928986 24.814770728072627 2529.4426955435633
