2021 1 9 16037.265936413207 15588.020144370184 16486.511728456233
2021 1 10 16170.097221559587 15276.721826874793 17088.857717273477
2021 1 11 16299.431048955927 14967.296607095177 17708.351942573106
2021 1 12 16425.3966245974 14660.095819842574 18345.520395871365
2021 1 13 16466.479978072417 14282.571800818336 18909.72274210226
2021 1 14 16503.651923852653 13911.287932074434 19486.66692220358
2021 1 15 16537.085716656024 13546.434103432242 20076.701029895165
2021 1 16 16533.366562333813 13160.659861411454 20639.413267045704
2021 1 17 16526.19261916544 12783.120968053941 21213.583445044675
2021 1 18 16464.475059884146 12374.220244376613 21733.708490140263
2021 1 19 16369.689783156995 11953.3732925338 22222.63137128965
2021 1 20 16251.941958068846 11529.673307227617 22690.63956305997
2021 1 21 16126.05925595881 11114.619796829646 23155.963728756287
2021 1 22 15990.857920002387 10707.41293120049 23616.04939024007
2021 1 23 15869.970306322062 10323.950324814225 24104.741613905153
2021 1 24 15747.68021484099 9952.713721652453 24600.02815411857
2021 1 25 15624.148872363825 9593.446279045345 25102.08041525187
2021 1 26 15465.188706629066 9224.798677327572 25555.901317785243
2021 1 27 15305.910465276478 8869.162701022799 26014.728751331077
2021 1 28 15196.271168663006 8555.050481003407 26563.374709811178
2021 1 29 15075.23843996255 8245.206624797369 27102.302735559475
2021 1 30 14953.552221934526 7945.699931454768 27649.256848744044
2021 1 31 14831.324052317139 7656.2629092362595 28204.430845682182
2021 2 1 14740.750351178905 7393.194176510958 28829.049017987043
2021 2 2 14649.373767177442 7138.484365896624 29464.848048426673
2021 2 3 14557.283395180077 6891.925960745266 30112.094098779904
2021 2 4 14446.6691645823 6644.839599336259 30734.043485503676
2021 2 5 14344.407384569693 6410.066838837424 31384.81991920037
2021 2 6 14271.592917391696 6196.4245827608065 32112.22159536732
2021 2 7 14198.132208721396 5989.461782754625 32854.19639651996
2021 2 8 14124.089528433024 5789.0065981194675 33611.093382614
2021 2 9 14049.525640473103 5594.888355382908 34383.26861752397
2021 2 10 13974.497970307793 5406.937881266518 35171.08531253596
2021 2 11 13909.151894545537 5228.892201639138 36000.31137707867
2021 2 12 13843.345293324777 5056.421411145727 36847.1052135534
2021 2 13 13777.125692383172 4889.374857261835 37711.88920985198
2021 2 14 13710.53801933228 4727.603898711759 38595.0946917333
2021 2 15 13643.624730895774 4570.962080807221 39497.162122175716
2021 2 16 13619.519456333292 4433.742714562216 40543.29347744868
2021 2 17 13594.87632838435 4300.453687203646 41615.4050297483
2021 2 18 13562.765927411128 4168.79543041609 42692.872462486346
2021 2 19 13530.209703491348 4041.007542283517 43796.59458134377
2021 2 20 13497.237234755474 3916.989133311148 44927.25047077098
2021 2 21 13463.876589404546 3796.6408756065443 46085.53589274977
2021 2 22 13423.007247711359 3677.849672328072 47247.69970818681
2021 2 23 13368.156183711739 3558.9103410193907 48389.519439525306
2021 2 24 13313.13139690673 3443.711512081356 49557.49298581949
2021 2 25 13257.956683766766 3332.1442017227423 50752.25662182577
2021 2 26 13196.539679523125 3222.565026357949 51951.053171105756
2021 2 27 13104.76764429045 3109.107308387774 53057.54672645311
2021 2 28 13013.316137492677 2999.568758009977 54186.32104755969
