2020 6 13 798.2943432532969
2020 6 14 804.4767603442455
2020 6 15 811.4084434339164
2020 6 16 818.4641643582638
2020 6 17 825.1271423151597
2020 6 18 832.040559766474
2020 6 19 839.3416373397756
2020 6 20 845.7421579553356
2020 6 21 850.4486275883578
2020 6 22 853.3613242662827
2020 6 23 857.1238218630261
2020 6 24 861.4180832866448
2020 6 25 865.7936003840599
2020 6 26 870.1913426358353
2020 6 27 874.6114229331962
2020 6 28 879.0539547407916
2020 6 29 883.5190520996066
2020 6 30 888.0068296298903
2020 7 1 892.5174025340976
2020 7 2 897.0508865998471
2020 7 3 901.6073982028928
2020 7 4 906.187054310112
2020 7 5 910.7899724825074
2020 7 6 915.4162708782254
2020 7 7 920.0660682555888
2020 7 8 924.7394839761457
2020 7 9 929.4366380077334
2020 7 10 934.1576509275582
2020 7 11 938.9026439252899
2020 7 12 943.6717388061741
2020 7 13 948.4650579941576
2020 7 14 953.2827245350321
2020 7 15 958.1248620995921
