2021 1 19 166.4948183234516 159.45473766904112 173.53489897786204
2021 1 20 167.14781294885168 153.31095968843073 181.5823962285078
2021 1 21 167.75852541090995 147.36276997151333 189.9543718507014
2021 1 22 167.25776758294302 140.66705934325782 197.45128925847212
2021 1 23 166.73925115205037 134.25938874021952 205.22135804553906
2021 1 24 166.21589119318085 128.13840619552226 213.28925340912355
2021 1 25 165.68806475508993 122.29177399272272 221.66648368838835
2021 1 26 165.1561291471057 116.70763882191638 230.36500136893366
2021 1 27 164.45429433585488 111.25722250832222 239.1654988017476
2021 1 28 163.64862020241657 105.9890810900036 248.14684574022976
2021 1 29 162.70577635169428 100.8789954181163 257.25148696073614
2021 1 30 161.72516821540833 95.98850182091718 266.62188526433755
2021 1 31 160.78607589684077 91.35622659542538 276.3923009251882
2021 2 1 159.94131851713857 86.99800005905546 286.67354409583555
2021 2 2 160.25217607872239 83.4738539968688 299.4005601014601
2021 2 3 161.28155261931707 80.46642038388619 314.03388496543715
2021 2 4 163.2061434272028 78.01068035092453 331.11263087611246
2021 2 5 164.4192508380112 75.27882797145479 347.6301534005509
2021 2 6 165.63810976352963 72.64114711172455 364.9647468026328
2021 2 7 167.5999329601714 70.41775436044766 384.7808590213076
2021 2 8 169.5819879441752 68.26115279688823 405.6660092005211
2021 2 9 171.58459526950068 66.16943657103563 427.6778566459774
2021 2 10 173.65348481756038 64.158257474468 450.990353407639
2021 2 11 175.74465142175194 62.207220948506226 475.5666714519194
2021 2 12 177.8584344561283 60.31460676290593 501.4753110690415
2021 2 13 179.96438853116285 58.46829763002316 528.7016841884798
2021 2 14 182.29277804750535 56.742671731705585 557.9864634872696
2021 2 15 184.6490106041434 55.06726547700348 588.8863418936669
2021 2 16 187.03350301350105 53.440673096960275 621.4903747262383
2021 2 17 188.9491201580476 51.71935848534122 654.2392113736043
2021 2 18 190.88232946801924 50.05293206341408 688.7066951680971
2021 2 19 192.83337205695852 48.43968851853362 724.983018317725
2021 2 20 194.6712301086274 46.84499968551444 762.6696212338294
2021 2 21 196.81389806031794 45.371943123082715 803.4408162914274
