2021 1 19 907.0868803122162 862.6290159134702 951.5447447109619
2021 1 20 916.737385007406 829.1116811736407 1008.7638727221728
2021 1 21 922.4625548676134 793.2536655535894 1064.9913945924773
2021 1 22 927.03869249293 757.9276287659595 1122.9851369618
2021 1 23 919.4509583124317 714.2112799140325 1169.3744824321595
2021 1 24 910.3299926477431 671.7772114492183 1215.6511454388326
2021 1 25 904.6469281231925 634.334542334651 1268.2292877548755
2021 1 26 898.1626040085874 598.3920881672451 1321.9084602835449
2021 1 27 893.9270394691705 565.9534419044646 1381.1009614541927
2021 1 28 890.220949916524 535.5958541106163 1443.7311577514188
2021 1 29 886.2156111617174 506.6773534184731 1508.6912787069828
2021 1 30 884.5650505757684 480.65625088218394 1580.552344530342
2021 1 31 882.9756510553558 456.0030607100328 1655.9400434309525
2021 2 1 872.5064865692609 428.02701784309966 1718.2649712625794
2021 2 2 870.3270809534795 405.77314775105566 1799.0165630458694
2021 2 3 869.9943045841123 385.5347121506533 1887.3689941480786
2021 2 4 869.6425100696426 366.29720925134524 1980.0190130313638
2021 2 5 869.272677047374 348.01196603838645 2077.1757816212235
2021 2 6 869.5679027914251 330.90569879601475 2180.6887165710978
2021 2 7 872.1959779527228 315.5279825381279 2295.2100947975737
2021 2 8 874.8163623864192 300.8592376949625 2415.7045550062358
2021 2 9 873.8010311741019 285.6193645984049 2532.4634118444633
2021 2 10 872.7727431803777 271.146839222618 2654.824637081699
2021 2 11 873.5040464142535 257.9539278131272 2788.4466919707784
2021 2 12 874.5733201424875 245.50255515142894 2929.8711145225034
2021 2 13 876.3380116214067 233.84705133215252 3080.7936047449452
2021 2 14 878.3835963342345 222.8189103636728 3240.4653321927094
2021 2 15 886.722482468519 213.90605829415725 3431.6116937354827
2021 2 16 895.1299890352266 205.34718050308302 3633.992460164024
2021 2 17 905.401391566439 197.5400627997349 3855.5520195576255
2021 2 18 914.1770929225443 189.67771833493194 4083.7485823966376
2021 2 19 924.404767116794 182.41191868323926 4331.557477998646
2021 2 20 934.1232036219953 175.30137604402663 4591.4814947446075
2021 2 21 946.0444972944002 168.862230485582 4877.32825393231
