2021 7 21 185.5455374390234 176.13797596794683 194.95309891009998
2021 7 22 193.7063872042187 174.51883252087387 213.89444497422534
2021 7 23 200.20490294264258 171.09351714420333 232.44417385196564
2021 7 24 206.873473775533 167.694445794548 252.54692301423705
2021 7 25 215.09625587650027 165.44271288135312 276.0144303316068
2021 7 26 223.1585008527949 162.8463473882888 301.03721058693776
2021 7 27 231.406174933702 160.20552389513833 328.1709860673935
2021 7 28 241.13626670575877 158.42278907055362 359.4204610651972
2021 7 29 251.12581221085298 156.56155865651095 393.4225161389056
2021 7 30 261.43981840055335 154.66647448642914 430.501229330523
2021 7 31 271.8151951098405 152.58003173946068 470.4780041189981
2021 8 1 281.3217231981974 149.802885830871 511.9505026887291
2021 8 2 291.085852429457 147.03641279936136 556.9425185869244
2021 8 3 301.39784663516093 144.4265870986825 606.2884215793698
2021 8 4 312.0279466296265 141.84046373039521 659.9114821407709
2021 8 5 323.7752248617428 139.63806234669892 719.8470416378472
2021 8 6 335.48387502042254 137.26245903745095 784.157004043608
2021 8 7 348.98222217552933 135.48628049358499 857.4058403831605
2021 8 8 358.7837006147633 132.08698686518375 927.0798139866573
2021 8 9 369.53783468191995 129.02235614964667 1004.1658876480008
2021 8 10 378.50688559088775 125.29303211561742 1081.93499016996
2021 8 11 388.26541106096187 121.86077462944259 1167.361446885457
2021 8 12 397.97688783257684 118.42880905346175 1258.635038160005
2021 8 13 407.8710175039071 115.07556739712402 1356.8545620405223
2021 8 14 418.26673630447056 111.88938801804761 1463.5891310300217
2021 8 15 430.40125039721556 109.18568733999983 1583.8769837226691
2021 8 16 442.34988955861786 106.410859001011 1712.0713963079575
2021 8 17 454.3661096336044 103.64301044480865 1849.6191934631854
2021 8 18 468.84463300115607 101.43436232942713 2006.9122865287027
2021 8 19 482.799595799345 99.05969302290872 2173.365697195516
2021 8 20 502.72562091625497 97.8805221384252 2378.6342388179896
2021 8 21 523.0664846619493 96.63603879701155 2601.361552478681
2021 8 22 540.30942691426 94.68298888677911 2825.444346905117
2021 8 23 556.6114000737987 92.50490862422446 3060.936726986464
2021 8 24 573.2186961193524 90.34593229172242 3315.030908004019
2021 8 25 590.5643812819026 88.27562617931152 3591.622589722248
2021 8 26 606.7211908722425 85.99659477715859 3880.8693429587615
2021 8 27 626.3558730976667 84.20670275708486 4212.828919484498
2021 8 28 647.1951499082442 82.53058444791662 4577.011717746064
2021 8 29 668.1367774924379 80.81246620268556 4968.497217825043
2021 8 30 689.7137277950902 79.12499984536232 5393.153113235316
2021 8 31 709.9357120474893 77.23738700346084 5838.060535623395
2021 9 1 733.7140478888232 75.7172140589101 6344.040110013784
2021 9 2 758.6537606190716 74.2646230869525 6897.0280524242635
2021 9 3 788.3636397894 73.2238668547673 7533.877481068625
2021 9 4 817.9134020608898 72.07475936187566 8216.88280817897
2021 9 5 849.0715423885955 70.98781394861622 8966.838879703693
2021 9 6 883.272411822953 70.07241479948765 9804.841887461595
2021 9 7 917.111955939503 69.03086443946466 10701.857794902779
2021 9 8 955.25634187529 68.23123706811363 11716.044258649257
2021 9 9 993.7960598103184 67.3557908497319 12811.7330583633
2021 9 10 1031.1024227345201 66.30260087909488 13973.945944658395
2021 9 11 1069.773967320774 65.26361077606667 15241.11064443104
2021 9 12 1105.511590163656 63.97342947974736 16560.719212015618
2021 9 13 1142.2820937963418 62.699437043549665 17992.170630593333
2021 9 14 1180.365892953037 61.45577023640614 19548.7736045546
2021 9 15 1225.950187703741 60.561177584296125 21343.238766704773
2021 9 16 1270.1665920544438 59.52507114451821 23247.96323000652
2021 9 17 1315.9458124656153 58.505194060793336 25322.085524508562
2021 9 18 1363.3435673192555 57.50139352271013 27580.650666760896
2021 9 19 1412.2662515321908 56.50712920874979 30036.978295862235
2021 9 20 1461.9836365572698 55.491611343631725 32691.62987986312
2021 9 21 1511.2887149050816 54.41226104447223 35532.54087142619
2021 9 22 1557.1140627611005 53.16875368664483 38499.41949951955
2021 9 23 1603.8705461684153 51.938012967459834 41702.69166702709
