2020 6 8 957.7528825067047
2020 6 9 936.4587833383154
2020 6 10 914.8759629369413
2020 6 11 893.826024605212
2020 6 12 873.8146720938882
2020 6 13 854.8270567270607
2020 6 14 836.5502011544111
2020 6 15 818.8586467667077
2020 6 16 801.6364444676233
2020 6 17 785.9881195692665
2020 6 18 770.9498749935896
2020 6 19 756.438387367303
2020 6 20 742.434579778043
2020 6 21 728.9777601185099
2020 6 22 716.3863986138507
2020 6 23 703.6515874619121
2020 6 24 690.379575886736
2020 6 25 677.7681600722487
2020 6 26 665.6935767465282
2020 6 27 654.0598513707715
2020 6 28 642.6294381056409
2020 6 29 631.3987838490137
2020 6 30 620.3643975931237
2020 7 1 609.5228493393945
2020 7 2 598.8707690322366
2020 7 3 588.4048455114784
2020 7 4 578.1218254831035
2020 7 5 568.0185125079771
2020 7 6 558.0917660082438
2020 7 7 548.3385002910907
2020 7 8 538.7556835895713
2020 7 9 529.3403371201917
2020 7 10 520.0895341569666
2020 7 11 511.00039912165715
2020 7 12 502.07010668990824
2020 7 13 493.29588091300667
2020 7 14 484.6749943549875
2020 7 15 476.2047672448208
2020 7 16 467.8825666434144
2020 7 17 459.70580562517466
2020 7 18 451.6719424738699
2020 7 19 443.77847989254724
2020 7 20 436.02296422725726
2020 7 21 428.40298470434425
2020 7 22 420.9161726810663
2020 7 23 413.56020090931133
2020 7 24 406.3327828121804
2020 7 25 399.2316717732139
2020 7 26 392.25466043803885
2020 7 27 385.39958002822084
2020 7 28 378.6642996671074
2020 7 29 372.04672571745266
2020 7 30 365.5448011306178
2020 7 31 359.1565048071452
