2021 1 31 2381.768544548829 2293.3558816835125 2470.1812074141453
2021 2 1 2318.1872715833515 2149.601879687624 2493.1362233987043
2021 2 2 2259.5761305612327 2017.8936041787217 2519.82438171301
2021 2 3 2206.0694359516588 1897.4903307202665 2550.8380300906847
2021 2 4 2151.69868087432 1782.4382506215422 2579.7692409379274
2021 2 5 2115.069663822082 1687.9491791553337 2628.6933485265713
2021 2 6 2080.787193744474 1599.8441352334746 2680.6866923905427
2021 2 7 2048.1463524168616 1517.172819446015 2735.1074617327226
2021 2 8 2023.0172071792433 1443.9585430822187 2799.9804286591025
2021 2 9 2009.3028011372262 1382.2047464545892 2881.764068080696
2021 2 10 1996.0115912635908 1323.3191371240669 2966.410107364723
2021 2 11 1983.11993791664 1267.1488216855598 3054.0055999612696
2021 2 12 1970.6056913183347 1213.5506896312672 3144.640691619819
2021 2 13 1959.4390740726365 1163.0009367447176 3239.9900951712675
2021 2 14 1949.4196572805527 1115.200154234692 3340.022910676981
2021 2 15 1931.9400291443815 1065.066987803314 3430.27450631328
2021 2 16 1913.9909178696198 1016.8422994232245 3521.852929798309
2021 2 17 1901.822181760704 973.7834895172196 3626.2056059451697
2021 2 18 1889.938170192535 932.6542042845134 3734.0456273872774
2021 2 19 1874.4954609726674 891.4692729413908 3837.9148948732905
2021 2 20 1859.3633862901904 852.1907418899872 3945.05112898165
2021 2 21 1844.5272817804544 814.7225038003055 4055.5468811020964
2021 2 22 1829.9733630131554 778.973983193559 4169.497635589603
2021 2 23 1815.920124680333 744.958286438539 4287.529250248629
2021 2 24 1802.1576922995762 712.5029896137776 4409.333950054651
2021 2 25 1788.6367797256191 681.5159100810955 4534.934737377663
2021 2 26 1780.3138040405438 653.8183662452806 4677.035012710218
2021 2 27 1781.2605920092378 630.6365683300792 4847.83864992915
2021 2 28 1782.9123557925373 608.5261157412926 5026.797250505478
2021 3 1 1784.6762222795633 587.2286063623592 5212.673878629209
2021 3 2 1790.1276687970349 567.8892627022808 5416.189263896612
2021 3 3 1795.3101344925572 549.0962139895994 5626.786174580457
2021 3 4 1797.9301437224265 530.1367630099234 5837.493527587093
2021 3 5 1801.510742565625 512.1140643780344 6059.1976939039605
2021 3 6 1804.6729958956328 494.58312133880025 6287.890992487231
2021 3 7 1801.6563861009438 475.9574248199288 6503.667995863913
2021 3 8 1798.7228463858585 458.0537737545991 6727.131328791277
2021 3 9 1796.223818967702 440.933022168447 6959.879958869802
2021 3 10 1795.6802689384467 424.9313696819495 7208.244832959761
2021 3 11 1795.4458783665402 409.583545017 7466.713035118945
2021 3 12 1796.2463528648955 395.0261287730702 7738.752770983706
2021 3 13 1797.107379253984 380.9993500824376 8020.963249626941
2021 3 14 1797.7883407591432 367.4323785101916 8312.659629069965
2021 3 15 1798.523932927828 354.3596246985671 8615.215467904567
2021 3 16 1798.9484135239395 341.6906250253299 8927.291714768011
2021 3 17 1800.4086271496872 329.6712722425135 9255.811897720414
2021 3 18 1803.4179093120201 318.35814531099714 9604.379062135044
2021 3 19 1809.916286041147 308.04828747583184 9984.627934988985
2021 3 20 1809.7289636238913 296.9304154690648 10342.91964924691
2021 3 21 1810.2452846925125 286.3292490235582 10718.08975831339
2021 3 22 1810.7999866051896 276.1126184754857 11107.094835869259
2021 3 23 1811.3911914808195 266.2660717739785 11510.441422203126
2021 3 24 1812.0171169867854 256.7757415462152 11928.654670041835
2021 3 25 1811.6247002091357 247.47933132801742 12355.357765800334
2021 3 26 1811.2635335987004 238.52374937203285 12797.537119976952
2021 3 27 1810.932040013066 229.89614290870176 13255.7505437446
2021 3 28 1810.6287229213237 221.58417357174721 13730.576017089616
2021 3 29 1810.352162192533 213.57599439014675 14222.612416472914
2021 3 30 1808.810461558361 205.70797574649453 14722.341373027633
2021 3 31 1804.3133236177384 197.79355238894667 15215.563222371999
2021 4 1 1799.1053236410587 190.10447687603195 15719.219883862415
