2020 6 8 71.076453174965
2020 6 9 69.8943479727664
2020 6 10 68.68756184985024
2020 6 11 67.54518739864949
2020 6 12 66.5503645410204
2020 6 13 65.69685257777996
2020 6 14 64.89596511118201
2020 6 15 64.18718113775348
2020 6 16 63.554005767990006
2020 6 17 62.99427425876623
2020 6 18 62.47943604665673
2020 6 19 61.955593150400325
2020 6 20 61.46234541528203
2020 6 21 60.973024578702315
2020 6 22 60.487599377401295
2020 6 23 59.90370971968763
2020 6 24 59.22411508655191
2020 6 25 58.57727820629413
2020 6 26 57.972190042258994
2020 6 27 57.36048011389653
2020 6 28 56.755224815524485
2020 6 29 56.156356039292426
2020 6 30 55.56380639600912
2020 7 1 54.977509207559415
2020 7 2 54.397398499401106
2020 7 3 53.823408993141
2020 7 4 53.2554760991893
2020 7 5 52.6935359094915
2020 7 6 52.13752519033696
2020 7 7 51.587381375243396
2020 7 8 51.04304255791643
2020 7 9 50.504447485283414
2020 7 10 49.9715355506008
2020 7 11 49.44424678663418
2020 7 12 48.92252185891038
2020 7 13 48.40630205904064
2020 7 14 47.89552929811436
2020 7 15 47.39014610016247
2020 7 16 46.8900955956898
2020 7 17 46.395321515275725
2020 7 18 45.9057681832423
2020 7 19 45.4213805113892
2020 7 20 44.94210399279481
2020 7 21 44.46788469568268
2020 7 22 43.99866925735272
2020 7 23 43.53440487817643
2020 7 24 43.075039315655516
2020 7 25 42.620520878543125
2020 7 26 42.17079842102721
2020 7 27 41.72582133697518
2020 7 28 41.28553955423935
2020 7 29 40.849903529022434
2020 7 30 40.418864240302504
2020 7 31 39.99237318431679
