2022 6 3 1008.3476802247883 956.7460952638002 1059.9492651857763
2022 6 4 1022.2461780919614 920.2749563317894 1129.573996800545
2022 6 5 1035.2363441371092 884.2039129068621 1202.5567760661925
2022 6 6 1048.2634226585772 849.4372457238321 1280.1061639563443
2022 6 7 1060.265586386714 815.0742417411 1361.204708357934
2022 6 8 1072.416780785142 782.1102794088725 1447.455994177991
2022 6 9 1085.5549568342906 751.0977166957659 1540.3166839834046
2022 6 10 1099.3094091627272 721.6299142426486 1639.780860657667
2022 6 11 1107.9460133212012 689.8442639004239 1737.7738460427242
2022 6 12 1109.391593390958 654.9390573743552 1830.2375838260914
2022 6 13 1113.3434554976802 623.2785001947387 1931.7528160110267
2022 6 14 1117.2068296788393 593.0910345169048 2038.7206917984352
2022 6 15 1122.4353753758423 565.0832599294433 2154.0785029484296
2022 6 16 1127.6997330386846 538.4038178637983 2275.9854219367608
2022 6 17 1132.7032152183708 512.8476608308412 2404.215139645891
2022 6 18 1136.3811614934273 487.8943589439873 2536.8087272212874
2022 6 19 1132.5988146464674 460.94706123664287 2660.0342137212274
2022 6 20 1130.318935061839 436.0944652555451 2792.744522557277
2022 6 21 1125.7729013349888 411.7057434119365 2926.4653511640854
2022 6 22 1121.308609255127 388.7041757690178 3066.7538951092592
2022 6 23 1114.7186209331533 366.24466724015036 3207.905424706039
2022 6 24 1106.3739628639478 344.49365198148297 3350.3926521831972
2022 6 25 1100.5514801336467 324.80029810250113 3506.657456170964
2022 6 26 1094.6465080800053 306.19934836192 3669.850100097136
2022 6 27 1088.7831227225106 288.6664245306591 3840.670597682807
2022 6 28 1082.9608963245119 272.1400185859189 4019.476677087402
2022 6 29 1078.0125946634512 256.77155088404174 4209.735313604494
2022 6 30 1072.928262059497 242.2331946275691 4408.380180032448
2022 7 1 1067.8772339400723 228.52010256726706 4616.436818853718
2022 7 2 1062.859172622937 215.58529018150796 4834.352558772608
2022 7 3 1057.7537490043358 203.3601176168017 5062.050245798139
2022 7 4 1052.5416790152187 191.80297830850913 5299.8447429684
2022 7 5 1042.655518233694 180.04620955635485 5525.145170808958
2022 7 6 1032.8708323046137 169.0115726058976 5760.0689564291015
2022 7 7 1023.1864210018475 158.65460724425904 6005.028603305263
2022 7 8 1013.1972245523399 148.87097316661178 6258.084013046286
2022 7 9 1003.1440900981545 139.666935331641 6520.80605115245
2022 7 10 993.5711006224664 131.0849049035685 6797.030195772258
2022 7 11 984.0290838035227 123.02224293741179 7084.542238231568
2022 7 12 977.4860723120412 115.81896825789111 7405.147597003113
2022 7 13 970.994096738339 109.03835640018208 7740.318743607788
2022 7 14 964.8837352027574 102.69272668422896 8093.358724586488
2022 7 15 959.5030981942442 96.78996144552492 8468.299377084666
2022 7 16 954.1596381223767 91.22720990157137 8860.673185925873
2022 7 17 948.8190419008116 85.98159173166724 9270.977665134025
2022 7 18 942.8426893113965 80.97727888533645 9693.777703553505
2022 7 19 936.8766979017664 76.26188459732315 10135.578904966114
2022 7 20 932.6205298175454 71.95717972579205 10615.60480615736
2022 7 21 925.7061177093877 67.68886865648014 11087.887268353534
