2022 1 26 8497.793597855687 8017.938388629468 8977.648807081905
2022 1 27 8277.469763190344 7368.235872130207 9239.587477042702
2022 1 28 8064.096756313943 6772.281892075307 9510.5510688516
2022 1 29 7839.306502770906 6210.322150358051 9769.509073882396
2022 1 30 7599.8523553116565 5678.412652914677 10009.43468201522
2022 1 31 7340.011924971875 5171.363724565272 10218.769425049097
2022 2 1 7083.256305982597 4705.505508286731 10424.408513980296
2022 2 2 6850.568300814769 4291.635754978691 10656.388180814116
2022 2 3 6611.7989344393045 3905.5692682530616 10872.17990479504
2022 2 4 6348.903964986533 3535.065775079492 11038.985765548814
2022 2 5 6096.029689017781 3199.46949258095 11207.599009469906
2022 2 6 5857.275239623638 2897.857094423431 11386.229891510417
2022 2 7 5617.275998630528 2619.435356388841 11547.110298025797
2022 2 8 5395.147213787424 2371.5115652751947 11726.784208814692
2022 2 9 5225.910554539672 2166.4416266265944 12005.12676959583
2022 2 10 5067.673926276601 1981.463945199128 12303.150343387768
2022 2 11 4927.055544473534 1817.295597321765 12639.713180259403
2022 2 12 4815.370780487806 1675.961636440909 13049.698566255647
2022 2 13 4708.533235752404 1546.4253688077738 13479.257621825098
2022 2 14 4608.386610764829 1428.3200478461486 13935.32507862492
2022 2 15 4509.788821555914 1319.0546611651648 14405.065973467452
2022 2 16 4414.687558779346 1218.553671456808 14895.071513117837
2022 2 17 4323.9196188140095 1126.3525607357751 15409.599304918123
2022 2 18 4235.301953899796 1041.2017821614813 15942.9129671446
2022 2 19 4143.908063058776 961.3592949053428 16477.396959024543
2022 2 20 4058.7685183380286 888.6328006068802 17046.826544316686
2022 2 21 3976.6178672457118 821.6794489958378 17641.14109694311
2022 2 22 3896.5415117140224 759.8556820194877 18258.001314970854
2022 2 23 3818.526564826006 702.7711250694865 18898.534904739612
2022 2 24 3742.5091405520716 650.0552332010271 19563.69547690812
2022 2 25 3668.4276355976453 601.367041201822 20254.476425488258
2022 2 26 3596.222637827413 556.3927507031686 20971.912629152303
2022 2 27 3525.8368387422715 514.8435185580053 21717.082226686533
2022 2 28 3457.214949813647 476.4534293096106 22491.108469868894
2022 3 1 3390.3036224899965 440.9776360748866 23295.16165719507
2022 3 2 3326.808097539278 408.4191532994907 24142.531815007183
2022 3 3 3264.0414910663344 378.2080402980231 25017.385274115783
2022 3 4 3202.802630254121 350.271474675004 25926.573843879916
2022 3 5 3148.4422903235686 325.0250702073096 26915.185118991023
2022 3 6 3097.539874757801 301.8600688698567 27963.166753804206
2022 3 7 3049.648497872142 280.5593015245596 29071.70599755106
2022 3 8 3002.1396743954137 260.72869782505114 30220.779089982967
2022 3 9 2958.1577505980877 242.54179440590988 31443.32278054445
2022 3 10 2915.497654388346 225.67905007508068 32722.52416231283
2022 3 11 2873.738770860172 210.01082849594573 34056.97700680682
2022 3 12 2839.175765855428 195.9125646145786 35524.040768381725
2022 3 13 2801.7584759594124 182.5350935546274 37013.38654928107
2022 3 14 2771.1873049154487 170.48497362749885 38649.10117724024
2022 3 15 2731.5906433268556 158.65457182648802 40226.5734501874
2022 3 16 2687.5616998673577 147.35481815618346 41794.82696013093
2022 3 17 2650.8929056628035 137.22449466484315 43527.642496790315
2022 3 18 2615.7020191809493 127.84121488061234 45348.352879202575
2022 3 19 2585.1839667724566 119.30510502029057 47318.13505353597
2022 3 20 2557.7630180417714 111.46545924074263 49423.64893202131
2022 3 21 2530.8598418364422 104.15085262794405 51627.23657527348
