2021 12 15 5195.907100323011 5016.731342071881 5375.082858574142
2021 12 16 5320.780866424853 4959.839101893694 5694.398814815707
2021 12 17 5448.744116253773 4903.674432547662 6032.778865201108
2021 12 18 5577.474432565592 4846.066476913797 6388.708520470297
2021 12 19 5692.44451791767 4774.537013626354 6746.392438909333
2021 12 20 5810.234386659398 4704.440677706744 7124.6351324728685
2021 12 21 5925.8166050558275 4631.612477843323 7518.388556107454
2021 12 22 6043.354730453547 4559.643346376001 7933.46770921422
2021 12 23 6154.033583279499 4481.858290957052 8359.39768619247
2021 12 24 6240.957564326647 4386.623799054651 8773.173815741515
2021 12 25 6330.043106011049 4294.069268987006 9208.743827035187
2021 12 26 6400.5365187107445 4189.992720274558 9637.041821939249
2021 12 27 6478.488708249342 4092.8075436461413 10095.308317739464
2021 12 28 6558.507823790127 3998.5825509419074 10577.108032222133
2021 12 29 6649.474908702821 3912.5989783498853 11097.963866303302
2021 12 30 6725.600027257715 3818.9888285842526 11617.591532401297
2021 12 31 6795.164922527099 3723.398383538719 12148.711817948604
2022 1 1 6868.231272310287 3631.724946463668 12709.08693020239
2022 1 2 6942.180419581506 3542.3599557182524 13295.48981655615
2022 1 3 7014.280029702624 3453.8439184937542 13903.88254436239
2022 1 4 7087.225675486805 3367.587584210728 14540.307645732511
2022 1 5 7113.757312074211 3261.070734555732 15109.083586431601
2022 1 6 7144.238247078567 3159.687910413605 15708.285498481133
2022 1 7 7174.945875118901 3061.499455350831 16331.462066577495
2022 1 8 7208.094349970902 2967.3474160672963 16984.61656969232
2022 1 9 7241.49099013346 2876.130004235002 17664.1169884973
2022 1 10 7274.173882338878 2787.3717129365477 18368.683573854792
2022 1 11 7307.09826284948 2701.388543286704 19101.590445398382
2022 1 12 7340.2651282601555 2618.092283350891 19863.984479024777
2022 1 13 7373.6754856904945 2537.397583254164 20657.059169008735
2022 1 14 7407.330352772978 2459.221859979795 21482.05652919225
2022 1 15 7429.457917615175 2379.576641321675 22306.126566713123
2022 1 16 7448.381084383756 2301.4633344770295 23151.98932376804
2022 1 17 7467.443049760222 2225.9422129913405 24030.209359678436
2022 1 18 7486.64372267882 2152.926076342984 24942.032125365236
2022 1 19 7505.983019003481 2082.3307071767344 25888.751223865376
2022 1 20 7522.547549672704 2013.2665480810174 26861.662026750673
2022 1 21 7539.236532690506 1946.516547214536 27871.449115404474
2022 1 22 7552.940634734894 1881.1994372570064 28908.024709432655
2022 1 23 7566.756142712792 1818.0956449630912 29983.482956991247
2022 1 24 7575.473393780092 1755.8775833267016 31078.649095858946
2022 1 25 7580.160833128066 1694.852344785947 32197.24324105079
2022 1 26 7584.935402280165 1635.9668613341466 33356.4560072376
2022 1 27 7589.796418433246 1579.1452756973429 34557.771410151734
2022 1 28 7594.743208056619 1524.3144565061752 35802.72792021114
2022 1 29 7586.0877593565065 1468.6567588976718 37028.3963136475
2022 1 30 7577.523148621968 1415.0469819456882 38296.419403724925
2022 1 31 7569.048280669021 1363.4090538807677 39608.270140464105
2022 2 1 7591.253096627562 1319.1801077779035 41125.553478068956
2022 2 2 7613.601675553055 1276.3996099439423 42701.385680994004
2022 2 3 7647.934061636818 1237.0044895006406 44404.44294074287
2022 2 4 7682.498897373116 1198.8378266534546 46175.873891559044
2022 2 5 7717.2971528446005 1161.860809436999 48018.436753773974
2022 2 6 7752.329806853339 1126.0358724557273 49935.00140746626
