2021 1 31 1892.5796119888275 1828.190755878502 1956.9684680991531
2021 2 1 1856.3425483850094 1732.1987653214705 1984.7823088307862
2021 2 2 1822.269048435438 1642.6184294445338 2014.5628860092468
2021 2 3 1784.4653310137794 1553.7444876034199 2039.9750353025756
2021 2 4 1752.8375443674333 1474.3736393848155 2071.871426770031
2021 2 5 1722.9158611236894 1400.0208881774329 2105.6205723668963
2021 2 6 1693.476364937273 1329.39451974886 2139.884525691332
2021 2 7 1664.5361198470118 1262.3280462336097 2174.7012640178896
2021 2 8 1638.7327762821753 1200.6488589004446 2213.536669736205
2021 2 9 1613.6712462237751 1142.2338435486643 2253.527300792829
2021 2 10 1585.4822857910185 1084.1758431181804 2289.337645636019
2021 2 11 1558.3951290986583 1029.485541855917 2326.5969454801666
2021 2 12 1530.071862048533 976.4317538268778 2361.9263118481576
2021 2 13 1502.19398850234 926.0677839052166 2397.6850676231406
2021 2 14 1473.4925176981915 877.4807096638474 2431.8599118863326
2021 2 15 1446.4674279121114 832.114541238612 2468.3835167964835
2021 2 16 1423.939622341365 791.3958523984779 2512.284392742934
2021 2 17 1392.789993026614 747.6828638934292 2541.1353839465587
2021 2 18 1362.5020568112473 706.4811509610313 2570.646607925293
2021 2 19 1336.2771744907316 669.3151379039857 2606.9236841074435
2021 2 20 1311.9033137810554 634.7786389057308 2646.339094801926
2021 2 21 1286.0277465486465 601.0824819806044 2682.42444142505
2021 2 22 1261.2987186194277 569.4723749849428 2720.328799357475
2021 2 23 1239.157411995622 540.4782550415789 2763.324310117787
2021 2 24 1218.3661581014578 513.3796613619301 2809.14324724139
2021 2 25 1192.6439814300234 485.4150194198969 2843.5485363974826
2021 2 26 1167.5688666754077 459.0159926763083 2878.6232039788397
2021 2 27 1143.1176878824897 434.0906931493888 2914.3690134980975
2021 2 28 1118.97147054873 410.4402345929074 2950.030718174037
2021 3 1 1096.8043079976865 388.6171535525848 2990.001665144531
2021 3 2 1075.8015357706809 368.2113739904731 3032.4913039083176
2021 3 3 1053.9903857488946 348.4627401367506 3072.1723903475167
2021 3 4 1034.1307320058577 330.2722943181349 3116.7719961099665
2021 3 5 1014.7082639407275 313.05154088569765 3162.208892413115
2021 3 6 995.7092881063967 296.74680902169393 3208.4911394316846
2021 3 7 981.556745689607 282.62962475200754 3269.921249926199
2021 3 8 966.6434787343578 268.9070750834668 3329.323129919743
2021 3 9 948.9877788970248 255.02485772472835 3379.578194083963
2021 3 10 930.5584413762738 241.56474038615696 3426.688296431772
2021 3 11 912.5286629370763 228.82585798810155 3474.608510739269
2021 3 12 895.7806158971471 216.9925676488911 3526.7491345112517
2021 3 13 879.5766904367924 205.8285600844849 3580.6042405540943
2021 3 14 863.3496937792175 195.16493690158075 3633.994597898356
2021 3 15 847.4535458871869 185.0608945042073 3688.313574704687
2021 3 16 831.8794385686684 175.48636765357764 3743.5722543180987
2021 3 17 816.8936170736683 166.47092234257005 3801.0181911622244
2021 3 18 802.2032964191117 157.92384164724166 3859.464486648926
2021 3 19 787.800980712663 149.82028246181372 3918.924112853552
2021 3 20 768.6569405915166 141.18160918977975 3954.425762752295
2021 3 21 749.9987165875874 133.04482835033252 3990.3550242034253
2021 3 22 730.45798433719 125.14010444539194 4019.505685040423
2021 3 23 713.4338061869893 118.04893974770022 4059.9156407993405
2021 3 24 696.848094696179 111.3665012420232 4100.969147617488
2021 3 25 680.6631777876373 105.06476942839619 4142.52732191294
2021 3 26 664.7652791234188 99.10590353252297 4183.96564496476
2021 3 27 649.25179843272 93.48695422553824 4225.900925299582
2021 3 28 634.1625043871546 88.19552856862056 4268.661056456838
2021 3 29 619.3863426296914 83.19837778106677 4311.60104483762
2021 3 30 604.1755095310307 78.37973218126098 4349.550575085676
2021 3 31 589.5620808042436 73.86921182449116 4389.445715084594
2021 4 1 575.867694444671 69.6891230770615 4433.917688231526
