2022 1 15 1133.0972081184977 1086.621739863488 1179.5726763735074
2022 1 16 1130.6158962969018 1039.6831303071208 1225.3602991423597
2022 1 17 1128.1968988630872 994.8244255815665 1272.9869131246166
2022 1 18 1125.6257099730778 951.7624541892901 1322.287088425655
2022 1 19 1120.7293342979274 908.5934683686204 1370.7582479252967
2022 1 20 1115.9697551046154 867.4761293622391 1421.147482310986
2022 1 21 1112.4188872959137 829.1433622004668 1474.9025406385333
2022 1 22 1108.410010828948 792.1546768691535 1530.0686583258241
2022 1 23 1104.9311515916254 757.1845495395146 1588.0098691906674
2022 1 24 1101.0972006892732 723.5073800101154 1647.6191883333456
2022 1 25 1097.744041812784 691.6352411274287 1710.16559331548
2022 1 26 1094.451545020619 661.1989287223897 1775.1649621535212
2022 1 27 1091.2187199480331 632.1320898899879 1842.715572210929
2022 1 28 1087.2095634730363 603.8877999807652 1911.5095971855212
2022 1 29 1083.263619248313 576.9324225143836 1982.9571476857082
2022 1 30 1079.379820037833 551.2057062552198 2057.1627756007556
2022 1 31 1071.4921854534866 524.5744572086803 2126.487957081428
2022 2 1 1067.7437833586955 501.2281255406659 2206.2497036875025
2022 2 2 1064.247397988259 479.03297675894 2289.49684789518
2022 2 3 1060.8075943557378 457.84097798981554 2375.982201499235
2022 2 4 1058.23520777239 437.9560704621013 2467.652451508773
2022 2 5 1055.7130436545422 418.95300567475897 2562.9620929165976
2022 2 6 1053.2403317554072 400.79172968950934 2662.058398530116
2022 2 7 1050.816317323287 383.43405746323475 2765.0946829097616
2022 2 8 1048.593732462704 366.8995835676533 2872.6343948295676
2022 2 9 1046.4177150830803 351.0927595180574 2984.471221303076
2022 2 10 1044.2875751326321 335.98080514505415 3100.7800240403867
2022 2 11 1042.4081398573246 321.59857360759275 3222.353071531289
2022 2 12 1040.5724704329537 307.84445690489764 3348.8174989471836
2022 2 13 1038.5751702079858 294.629802367046 3479.7145768129344
2022 2 14 1037.6208995737393 282.27721128800624 3619.2098953992404
