2021 1 9 3629.2713778469792 3489.4761272592013 3769.0666284347576
2021 1 10 3538.924124685718 3271.859266403411 3816.4651594663565
2021 1 11 3450.4502585217283 3067.4664438471855 3864.0545708235104
2021 1 12 3358.195417282885 2870.514363259301 3905.5261977161786
2021 1 13 3288.907290383026 2703.730982787255 3971.284197405656
2021 1 14 3211.6328094682167 2538.897474278878 4026.7798267565104
2021 1 15 3136.174924381743 2384.113860049409 4083.0522112148565
2021 1 16 3074.835903919187 2248.151992515937 4156.1844522837755
2021 1 17 3014.4566145182707 2119.76834019309 4230.302214131703
2021 1 18 2941.8354709494156 1989.2739766892473 4286.898406830956
2021 1 19 2855.218429968745 1856.1658616378857 4321.307276114233
2021 1 20 2770.9606216334487 1731.840197418197 4355.703179133436
2021 1 21 2689.6433876673586 1616.1256660016095 4391.086691796846
2021 1 22 2610.550083813302 1508.04511429157 4426.4924706091615
2021 1 23 2535.247707400227 1408.0389198790704 4464.667912167399
2021 1 24 2473.164938202426 1320.8002544476526 4522.627623525198
2021 1 25 2417.841520686993 1241.7646279017454 4590.9203579969935
2021 1 26 2365.343770535633 1168.2740582180304 4663.259783607625
2021 1 27 2317.9423670674446 1101.086991984464 4744.539243261578
2021 1 28 2282.7230615340513 1043.0994276569581 4850.226247643272
2021 1 29 2248.27896202716 988.2754200508297 4958.777586912386
2021 1 30 2216.3810383608707 937.2236590432116 5074.227887080248
2021 1 31 2184.8513179342704 888.7734298222779 5192.172977650514
2021 2 1 2155.7818034392094 843.6461843537498 5317.640198882251
2021 2 2 2127.2037467268156 800.8512316579494 5446.397526016116
2021 2 3 2106.0781573219706 762.8901865142243 5596.383474913001
2021 2 4 2085.2380534763834 726.7559431733263 5750.7009327085025
2021 2 5 2064.542756758948 692.3117929228845 5909.104258609041
2021 2 6 2043.995093263328 659.4807328045289 6071.7054895714655
2021 2 7 2026.0639657564413 628.9848244742825 6245.945993320907
2021 2 8 2014.5534296463165 601.8435344514296 6444.495153893932
2021 2 9 2006.8169251225988 576.9813643171987 6661.219710308387
2021 2 10 2003.8359864145739 554.5049850119055 6900.919098447694
2021 2 11 2000.8160956597926 532.892171623428 7149.094509195342
2021 2 12 1998.9291697440485 512.4222946750864 7410.226890855644
2021 2 13 1997.0049688080842 492.7287113144696 7680.75278127618
2021 2 14 1995.0455540414077 473.7828528121616 7961.012226043811
2021 2 15 1993.0528835646273 455.5571253514459 8251.357553447258
2021 2 16 1991.028817435491 438.0248836300478 8552.153818129404
2021 2 17 1985.2620326231877 420.34352747584563 8847.830262539463
2021 2 18 1980.2761741838247 403.5377092986662 9157.13518508835
2021 2 19 1966.8778363052413 385.68697298970824 9438.29423177382
2021 2 20 1953.5433142200502 368.62061258735923 9727.957160333925
2021 2 21 1940.2738727278293 352.3046479216549 10026.38380453942
2021 2 22 1931.4075221279802 337.493988084197 10356.252600284373
2021 2 23 1922.559094017625 323.3020108283463 10696.852957658819
2021 2 24 1913.7298380156356 309.7032282710912 11048.536233772078
2021 2 25 1904.920925898268 296.6731702871093 11411.665250449863
2021 2 26 1899.7408029620522 284.7501565579139 11808.224929826245
2021 2 27 1893.6025612561334 273.1605946293413 12212.52226850946
2021 2 28 1887.3301042560981 262.02051506896015 12629.668676315247
