2020 6 24 370.58759918610656 326.5648182561693 414.61038011604376
2020 6 25 361.6539878148865 280.88600993547016 452.6150079474293
2020 6 26 352.7432292215765 241.44708847556225 493.8623476499451
2020 6 27 344.3336667377889 207.73852754468376 539.2629261867482
2020 6 28 337.31595643709534 179.4547944578484 590.7029651681842
2020 6 29 330.17194395349566 154.87862555768913 646.5782038228275
2020 6 30 322.9156115446271 133.54447887138562 707.2224875809716
2020 7 1 315.9046977637912 115.1846004745252 773.7429846922633
2020 7 2 308.6256143478678 99.19558314035385 845.4906725327569
2020 7 3 302.08923443584615 85.61083934583937 925.4665587120179
2020 7 4 295.6912884721686 73.88651370826523 1013.0074513164802
2020 7 5 289.3501471850704 63.74815899204863 1108.5593235672397
2020 7 6 282.75994404676857 54.91610897543507 1211.6489216570653
2020 7 7 275.8055910014807 47.20782944231994 1322.1216636215222
2020 7 8 268.8338713212304 40.54927156123829 1441.7636615190402
2020 7 9 261.76291537208954 34.788338779015014 1570.7550274480488
2020 7 10 254.87794200687296 29.845875607797527 1711.2869620072177
2020 7 11 248.17405945114845 25.605600096474184 1864.3919740264841
2020 7 12 241.64650459552652 21.96775075110427 2031.1949485884707
2020 7 13 235.29063961147048 18.846739433733962 2212.921411724932
