2020 6 24 279.58238786940996 269.06598300080395 290.098792738016
2020 6 25 282.312979723949 261.4636752658559 303.96197510211664
2020 6 26 285.2055324046133 254.20146691004769 318.6333152092758
2020 6 27 287.99104371520866 247.0191477013069 333.8600995551635
2020 6 28 290.55073622718726 239.8227340830455 349.5212146237302
2020 6 29 293.388452435702 233.04667786812635 366.22406365222173
2020 6 30 296.5350830591589 226.68543983315925 384.0761139810504
2020 7 1 299.573354095271 220.38920425235614 402.61432519434106
2020 7 2 302.9777368153647 214.51428634411096 422.4975225836879
2020 7 3 306.00942112708043 208.50470658018816 442.78898475401144
2020 7 4 309.1936480157769 202.74675170397146 464.23182368939786
2020 7 5 312.65796543865883 197.3097416441666 487.0838573757686
2020 7 6 316.68551783394287 192.34948111165832 511.87777646527525
2020 7 7 321.22867589256737 187.795577119925 538.683319869525
2020 7 8 326.35185858315697 183.6504765287423 567.7559649449227
2020 7 9 332.2044921272945 179.9613774926932 599.524536847542
2020 7 10 338.1620839197186 176.34638363706625 633.0707072661536
2020 7 11 344.22651622997523 172.80400636594368 668.4939410584711
2020 7 12 350.3997050833055 169.33278698574102 705.8992686009859
2020 7 13 356.68360086600376 165.93129610454073 745.3975972054811
