2021 1 31 1577.7403153557793 1535.0314443227705 1620.449186388788
2021 2 1 1548.5126548219348 1465.7824768853397 1633.5138681162182
2021 2 2 1526.3479439035302 1405.8305888036846 1653.5633687537515
2021 2 3 1503.9437181412295 1347.8179805519442 1673.2557786521973
2021 2 4 1483.384273403711 1293.5578593309385 1694.8692923835579
2021 2 5 1466.9965032239002 1244.8748715899833 1721.207291226228
2021 2 6 1449.738293312827 1197.1317891340736 1746.7208856978411
2021 2 7 1430.6357557902604 1149.529114547727 1770.1459049503944
2021 2 8 1416.2791942968652 1107.43049796952 1799.4458985087829
2021 2 9 1402.4652589504128 1067.1852807552318 1829.7372585813857
2021 2 10 1387.3013430074016 1027.2728443158774 1858.6014867424867
2021 2 11 1368.7194310187772 986.2007470748013 1883.122219741588
2021 2 12 1351.6790119291556 947.7021370070913 1909.74485443217
2021 2 13 1335.0757808518997 910.8641883141552 1937.0618135634807
2021 2 14 1332.698669604144 885.0248814770338 1985.1142922644638
2021 2 15 1326.8585190215492 857.6160192138414 2029.1941470383297
2021 2 16 1316.697327994339 828.2465486577661 2067.605401263612
2021 2 17 1309.3881134304324 801.627889630592 2111.1000102855537
2021 2 18 1302.9078366219026 776.347364407431 2156.7806434268614
2021 2 19 1296.6190850245919 751.9591097757789 2203.713681453217
2021 2 20 1291.367749766502 728.9210243256545 2253.3796024539924
2021 2 21 1286.25991747884 706.6577626474183 2304.3781575067324
2021 2 22 1277.0438745202505 682.8063749447738 2349.1347200128976
2021 2 23 1272.9956854433706 662.487856452691 2404.145412257787
2021 2 24 1269.6472964044458 643.1314726480191 2461.741701570667
2021 2 25 1266.9543224820975 624.6681731271854 2521.9715487446883
2021 2 26 1262.8073184693226 606.0152045014289 2580.7692702828963
2021 2 27 1262.5907585693471 589.7989120450695 2648.9426272653777
2021 2 28 1262.3180989132059 573.9903260833653 2718.799068784702
2021 3 1 1269.172899193969 561.8463730907271 2805.848825510139
2021 3 2 1272.0622716244004 548.1874286017429 2886.8367767846053
2021 3 3 1270.5158036841672 532.9461113342505 2960.0806731400135
2021 3 4 1269.0510351247829 518.1620321260143 3035.3688552370695
2021 3 5 1267.663696212174 503.81899307613617 3112.753115146082
2021 3 6 1266.3497491705814 489.9015440539851 3192.2867136926493
2021 3 7 1265.1053747324654 476.39493741429254 3274.0244154948105
2021 3 8 1264.8274221656727 463.6241691020747 3360.3528738232544
2021 3 9 1264.6110168048729 451.2182859209591 3449.1209685092067
2021 3 10 1264.4530503069027 439.16520346377706 3540.3932740831906
2021 3 11 1264.3505783557753 427.4533539838598 3634.2361976863103
2021 3 12 1264.3008115121243 416.0716570282646 3730.71802635131
2021 3 13 1264.301106619797 405.0094921194609 3829.908975736654
2021 3 14 1264.3489587314402 394.2566733245671 3931.8812403422153
2021 3 15 1264.859569209857 383.9336364549034 4038.0076250460406
2021 3 16 1265.4133250541654 373.89392696175275 4147.135574732035
2021 3 17 1266.0081333886076 364.1288100358161 4259.346475388121
2021 3 18 1266.6420090896352 354.6298881704482 4374.724013781388
2021 3 19 1267.313069002218 345.3890837490213 4493.354239276914
2021 3 20 1268.0195264892982 336.39862276803024 4615.325627462474
2021 3 21 1268.7596862931198 327.6510196110109 4740.729145622875
2021 3 22 1269.1712889738333 319.0459265017926 4868.310746274967
2021 3 23 1269.613113414985 310.67439242391 4999.441211680232
2021 3 24 1270.083685434309 302.5295182350446 5134.2163395437165
2021 3 25 1270.5816060171258 294.60464899893384 5272.734589897151
2021 3 26 1270.6625875920404 286.79065532215594 5413.25893604267
2021 3 27 1269.930341013394 279.00036925125033 5554.0638899383985
2021 3 28 1272.2354450220378 272.08890118390264 5711.813402663644
2021 3 29 1273.2537362530252 265.07254441381855 5868.247357503855
2021 3 30 1274.0803242659579 258.19703899769115 6028.078403342082
2021 3 31 1277.8495111226084 252.0960915096808 6206.182532008553
2021 4 1 1281.6489413406039 246.1430701854415 6389.641610192846
