2022 6 3 132.46752780436847 128.39523065536136 136.53982495337556
2022 6 4 133.2171933611634 125.16322999447871 141.52226694908708
2022 6 5 134.0220275623859 122.06043340593168 146.7406230007812
2022 6 6 134.87027732885315 119.06966738687012 152.19360750826877
2022 6 7 135.72578186616923 116.15384721435822 157.85135704169485
2022 6 8 136.70741667769158 113.41272863059437 163.85981202207498
2022 6 9 137.6980248404205 110.73785221508626 170.09921870592132
2022 6 10 138.6627057021896 108.09943997984105 176.53531236751516
2022 6 11 139.76739417761027 105.62776910316613 183.38457370999623
2022 6 12 140.9057459166234 103.23140204353783 190.53219575744419
2022 6 13 142.2481632271073 101.03211264180092 198.22180435446467
2022 6 14 143.63160787948982 98.89973406368192 206.2611041510971
2022 6 15 145.1191380958702 96.87476656014933 214.75660421347615
2022 6 16 146.54394259992623 94.83910328397013 223.48639378160394
2022 6 17 147.98458941932182 92.84741554069065 232.57387302912264
2022 6 18 147.93536711481855 89.9539058995296 239.66712082182306
2022 6 19 148.27435156226178 87.386613890447 247.60560433225407
2022 6 20 148.61593230049192 84.89366496390045 255.81007234335328
2022 6 21 149.2926301019083 82.66281335302074 264.8618740782659
2022 6 22 149.96605913632317 80.48706850658306 274.222706876854
2022 6 23 150.64431150441283 78.36954918458474 283.91763835475405
2022 6 24 151.39204596999065 76.34229006996206 294.0804974051694
2022 6 25 152.1452586101601 74.36836289155559 304.61056887359615
2022 6 26 152.79364127615665 72.39240165697692 315.30030495693325
2022 6 27 153.5298390702801 70.50923849383433 326.5406879338753
2022 6 28 153.7180455244458 68.42176612656091 337.0087275999617
2022 6 29 153.90820588987202 66.39686176674564 347.81612312001914
2022 6 30 154.10030957194422 64.43262020542979 358.9739566679878
2022 7 1 154.0657313751106 62.43160671260242 369.9611200589
2022 7 2 154.0328367344315 60.49341558813019 381.28859313892906
2022 7 3 153.7721356094193 58.525926319713534 392.39896768638675
2022 7 4 153.51351504092443 56.62305164590903 403.83727086788906
2022 7 5 153.09004187783128 54.721079952172914 415.1741864817821
2022 7 6 152.66379633245595 52.881587076491485 426.818676483807
2022 7 7 152.24031673882274 51.10447723605897 438.794177331927
2022 7 8 152.09135506094822 49.4788446346847 451.89352441499403
2022 7 9 151.80611592936017 47.860541747431114 464.97858668226775
2022 7 10 150.89009827458315 46.09613182884347 476.5088425571065
2022 7 11 150.0918774989847 44.43106577181142 488.67956425784064
2022 7 12 149.45452746138807 42.87251643811916 501.67116943150893
2022 7 13 148.33559498511258 41.229714693619215 513.3825547199613
2022 7 14 147.22377431062958 39.649510596507405 525.3629598355217
2022 7 15 146.17509268556995 38.14463065804811 537.818514187878
2022 7 16 145.43814727698785 36.77626660309067 551.6888508401421
2022 7 17 144.6902689542982 35.45328590062179 565.8613383903286
2022 7 18 143.77832170036473 34.13675385084157 579.7412183731743
2022 7 19 142.51179071550806 32.783558088944346 592.5086302944308
2022 7 20 141.257710093324 31.48430117615338 605.562592169185
2022 7 21 141.0738040004115 30.472602308595913 623.4446138566443
