2020 6 24 1258.3063628359514 1225.9605024929494 1290.6522231789531
2020 6 25 1282.1254492323378 1217.0607174682527 1348.8843872703385
2020 6 26 1306.2571041301337 1208.0942445643439 1409.5983771400752
2020 6 27 1330.8936858185539 1199.2407486046015 1473.099879158181
2020 6 28 1356.1327567305032 1190.5763333282248 1539.614642992458
2020 6 29 1381.7685344053298 1181.902592336794 1609.0397311751044
2020 6 30 1407.7577441317055 1173.1798402088998 1681.4426189786982
2020 7 1 1434.3086723916538 1164.5822138051037 1757.1905295850074
2020 7 2 1461.1684953428958 1155.8918087939298 1836.1157755796175
2020 7 3 1488.7582996738954 1147.4458166993936 1918.8712282760907
2020 7 4 1516.8690550830554 1139.0615386700651 2005.3565465083232
2020 7 5 1545.3927785617236 1130.6500495572016 2095.584076946138
2020 7 6 1574.2728191710937 1122.1689444464878 2189.627083077574
2020 7 7 1603.4468762585639 1113.5763255655402 2287.5487097126534
2020 7 8 1632.9952903841443 1104.9340152373713 2389.612222308157
2020 7 9 1662.9081828487542 1096.2369550869353 2495.966040102143
2020 7 10 1693.3690139025741 1087.6083504770268 2607.05331818469
2020 7 11 1724.3878205788963 1079.0476625863719 2723.084727378606
2020 7 12 1755.9748237674517 1070.5543568348198 2844.280314775406
2020 7 13 1788.1404315822556 1062.1279028499603 2970.869921042341
