2021 1 9 247.79577812555996 239.17235835982444 256.4191978912955
2021 1 10 243.62303145692664 227.02693262052233 260.80451564141123
2021 1 11 239.8726726719275 215.82639834908443 265.64178610864883
2021 1 12 236.8655745081255 205.79525620201602 271.32794804802796
2021 1 13 234.01863320442843 196.3367356327488 277.2761006126767
2021 1 14 230.5931073753935 186.7988079853761 282.6285739797138
2021 1 15 228.26589708814416 178.57333141380457 289.36907350030185
2021 1 16 226.26490022577812 170.9468787157309 296.6540910441839
2021 1 17 224.6814539954992 163.94834809805394 304.64696225682053
2021 1 18 223.29710968347118 157.37353314602348 313.11012698645294
2021 1 19 222.39469839124965 151.39602931525664 322.47221311178055
2021 1 20 222.05097696211843 146.02341601736634 332.91904042542143
2021 1 21 222.2046096564367 141.1681781990979 344.4491858253686
2021 1 22 222.41606035859272 136.51104034665372 356.4681217777447
2021 1 23 222.77173217475558 132.09593573343963 369.13725884270366
2021 1 24 223.27992190093363 127.9137271112501 382.5084490821014
2021 1 25 224.42350782113704 124.22727367322246 397.45051433003886
2021 1 26 225.0722179391014 120.36988776782701 412.08947660504566
2021 1 27 225.39626044640886 116.457640804544 426.6697495179843
2021 1 28 225.446226680554 112.53069854405513 441.2461888595954
2021 1 29 225.46467645907708 108.72043560218557 456.2589011391717
2021 1 30 226.2617953387366 105.41466550504713 473.3581388779225
2021 1 31 226.83378334948355 102.10321040764416 490.6213176108568
2021 2 1 227.73769270538972 99.04453478495894 509.2288662957901
2021 2 2 228.7334972602484 96.1158862674742 528.7395606360585
2021 2 3 229.8179013836473 93.30923562354187 549.1925327218876
2021 2 4 230.960811923724 90.60620819894613 570.5642034849564
2021 2 5 232.18617805147545 88.01160104699966 592.9572032240515
2021 2 6 233.49136550157485 85.51908573256203 616.4163086080159
2021 2 7 234.4343477333298 82.96180988167538 639.8279345549843
2021 2 8 235.44795043320983 80.50464773613612 664.3110855821575
2021 2 9 236.52968149971358 78.14205788726125 689.9109472972035
2021 2 10 237.8442062264617 75.9240694551742 717.1618417216696
2021 2 11 239.11788477572452 73.75366565183032 745.3439333824247
2021 2 12 240.4538900707633 71.6624264354812 774.8065037287375
2021 2 13 241.8503853170913 69.64628615026204 805.6045568145105
2021 2 14 243.30565773429942 67.70145827876703 837.7955833256635
2021 2 15 244.80051149924623 65.81951563911534 871.3790671352091
2021 2 16 246.35083400601127 64.00233111868472 906.4735145822797
2021 2 17 248.16190318236355 62.30050812293833 943.9046944348181
2021 2 18 250.18928347719208 60.694898556680535 983.6536427357872
2021 2 19 251.3495398970769 58.91628998913011 1021.6021303166514
2021 2 20 252.29026831279074 57.13708335727087 1060.1005027592573
2021 2 21 253.27142737755685 55.41996588236944 1100.204751325451
2021 2 22 254.80237363481362 53.873919799112365 1144.1978544365609
2021 2 23 256.2262790834328 52.346414920852816 1189.4278526034677
2021 2 24 257.6902809299664 50.86878585480117 1236.5949804177133
2021 2 25 260.0545482862444 49.608930837874624 1289.9125563327561
2021 2 26 264.48280504337913 48.76987430861626 1355.659122453838
2021 2 27 268.9950628879824 47.94659415454204 1424.8008370097457
2021 2 28 270.26875035685174 46.54623636326117 1479.9072686661139
