2021 1 19 859.6922427404969 831.0334159187969 888.3510695621969
2021 1 20 855.5573733377348 799.3065059696212 913.7208132853016
2021 1 21 851.6180508334195 768.954965346452 940.0026735067698
2021 1 22 850.513489315069 742.2991685544147 970.1494376511995
2021 1 23 851.4504063878219 718.3478765602471 1003.5900420419837
2021 1 24 850.4474392527461 693.5319019676512 1035.8956037893831
2021 1 25 849.5455058277835 669.6546461588574 1069.362707515333
2021 1 26 848.3770926686242 646.3886414345374 1103.5744121181174
2021 1 27 849.4323524133216 625.6239928137272 1141.7711162148544
2021 1 28 851.0371831710813 605.9301930311591 1182.0268230747874
2021 1 29 848.6368601220286 584.0025382196873 1218.1347658631137
2021 1 30 847.8318304508429 563.9615773640339 1257.6258844340443
2021 1 31 845.2842661507997 543.4487446334577 1295.811368499719
2021 2 1 839.435346416575 521.5545966190035 1330.0836081387035
2021 2 2 836.6047749383181 502.39270981406463 1369.9807361926537
2021 2 3 835.9015463899225 485.2065967349124 1414.5426136648225
2021 2 4 834.3896227329076 468.13863772481784 1459.184468836483
2021 2 5 832.858758700147 451.65891201520924 1505.197280518019
2021 2 6 833.0977350200651 436.71757693653086 1555.854521318735
2021 2 7 835.499589708892 423.4042813833668 1612.2557885415363
2021 2 8 837.8992821072771 410.49223546633146 1670.684122583054
2021 2 9 837.3008478613264 396.50177445392745 1725.2382105088175
2021 2 10 839.037731999247 384.0938204648455 1786.38468010151
2021 2 11 842.6339381738254 372.923664734933 1853.649311445788
2021 2 12 846.2380935097591 362.07505412147503 1923.4303083243997
2021 2 13 849.8505430470835 351.53899008159055 1995.8220377303453
2021 2 14 854.4280115408742 341.70231552463764 2073.168431824189
2021 2 15 859.0236457042568 332.1382930109934 2153.4965739382233
2021 2 16 864.6520306334509 323.23171324979864 2239.464204124487
2021 2 17 870.6006192502637 314.66988665857986 2329.597483650701
2021 2 18 876.5844634034474 306.33279835447127 2423.343250124183
2021 2 19 885.8556466159531 299.3510254910023 2529.8357013232335
2021 2 20 895.2196802080695 292.5266181695483 2640.9930353751915
2021 2 21 904.6776992055451 285.8561559716248 2757.0197174378027
