2022 1 26 2829.0882435799426 2700.5392384573634 2957.637248702522
2022 1 27 2863.400911432494 2609.0983936101293 3129.5270433703017
2022 1 28 2901.0898980951392 2523.451016839658 3314.641878618972
2022 1 29 2944.371403310086 2445.0481704181925 3516.5293973735747
2022 1 30 2989.449458003427 2370.036942460657 3732.087902122994
2022 1 31 3035.224680388453 2297.3325424197214 3960.868624644651
2022 2 1 3081.5746620633377 2226.7629663617777 4203.509196124935
2022 2 2 3118.9419142704805 2151.35872233121 4447.795155628407
2022 2 3 3156.7693961862174 2078.5127775408887 4706.287881085
2022 2 4 3196.3499993872156 2008.9856596458824 4981.733112021996
2022 2 5 3251.6120386880675 1951.328505427835 5296.966472034775
2022 2 6 3305.2080198538515 1893.7529055043567 5627.876641981884
2022 2 7 3359.69465922025 1837.8802713588955 5979.47164204237
2022 2 8 3420.135716600751 1786.422017739255 6362.030984556363
2022 2 9 3481.6714552377234 1736.4083641087675 6769.079670704309
2022 2 10 3544.5397617438175 1687.907336132284 7202.609945469598
2022 2 11 3615.1309710148375 1643.8980848771478 7677.292348822602
2022 2 12 3692.247772935608 1603.3643806627695 8194.130879071656
2022 2 13 3771.0172212948687 1563.8334258657783 8745.780096864904
2022 2 14 3851.474816975565 1525.2803002936384 9334.585567564676
2022 2 15 3932.2993445180655 1487.143110992113 9959.760914813274
2022 2 16 4015.1996046315294 1450.103041386744 10627.768269345192
2022 2 17 4099.855513636331 1413.9883969148543 11340.60034990117
2022 2 18 4179.375008373792 1376.3861186691045 12082.098976581497
2022 2 19 4257.2955165696185 1338.749274291467 12862.998860443584
2022 2 20 4336.676963965325 1302.1441713347317 13694.395219580849
2022 2 21 4418.070543454139 1266.6996891411127 14581.208565204635
2022 2 22 4501.0000955141795 1232.2223957617834 15525.47710687543
2022 2 23 4572.984277850545 1195.2608849677197 16487.77214972194
2022 2 24 4648.106226044198 1159.9272921448435 17516.874221873793
2022 2 25 4726.722439326176 1126.2022421269583 18618.726652983976
2022 2 26 4795.5857127875715 1090.8171756237955 19746.233339933384
2022 2 27 4864.752708235119 1056.384781618821 20939.138779790374
2022 2 28 4931.510413507517 1022.2994611239066 22189.445657744513
2022 3 1 4992.929056564647 988.0172464782646 23486.264964950286
2022 3 2 5055.121308678457 954.8863837179342 24858.915208134367
2022 3 3 5115.531228134727 922.3834826815577 26299.215486496356
2022 3 4 5146.776650350905 885.5981010616717 27669.317689142863
2022 3 5 5178.070539887207 850.2552506984588 29110.032255862494
2022 3 6 5208.174130048685 816.0961840816356 30618.002128222037
2022 3 7 5238.461344165131 783.3108098560696 32204.139102965088
2022 3 8 5268.93326330724 751.843818457773 33872.49713731721
2022 3 9 5299.590975106582 721.642130613517 35627.34052396112
2022 3 10 5330.435573794016 692.6548072409772 37473.15480764593
2022 3 11 5361.46816023835 664.8329629970222 39414.65826852646
2022 3 12 5373.601292129272 635.7626642967618 41316.48515013494
2022 3 13 5385.770246797778 607.9644749877108 43310.142856387174
2022 3 14 5397.9750593575445 581.3826751608148 45400.06791970339
2022 3 15 5409.4173567458465 555.8779966256329 47584.196226792046
2022 3 16 5425.696545378615 531.9867350295997 49915.73421482471
2022 3 17 5440.258443952684 508.949120824219 52345.26370571215
2022 3 18 5456.723022557774 487.0834914102891 54910.975986443846
2022 3 19 5473.245427611345 466.1579738055977 57602.5275834031
2022 3 20 5488.307799219148 446.0028216800701 60410.11753290511
2022 3 21 5509.5910460537125 427.2212784479041 63422.56876887623
