2022 1 15 27366.566350631263 26029.480003053992 28703.652698208534
2022 1 16 27998.422821858996 25329.68787913153 30800.794802992044
2022 1 17 28698.23824097012 24696.992524781017 33109.87009547505
2022 1 18 29420.28881257701 24084.18294324229 35597.52481517918
2022 1 19 30244.51932762569 23555.35428621333 38373.738210692776
2022 1 20 31092.81361249312 23038.894692770373 41367.699273493636
2022 1 21 31776.538437695584 22394.18752490019 44344.644218360714
2022 1 22 32416.163380931615 21725.84679203403 47453.29554539425
2022 1 23 33069.67445869517 21078.13001610645 50781.350072676374
2022 1 24 33737.38163934867 20450.374701339813 54344.380215124955
2022 1 25 34419.60193947321 19841.940643114096 58159.06887147346
2022 1 26 35116.6595855732 19252.209138441394 62243.28892793679
2022 1 27 35828.88617951423 18680.582225968497 66616.18847289313
2022 1 28 36513.64015859368 18104.072531170477 71218.36865273709
2022 1 29 37215.4932144047 17547.34407516583 76146.31614944016
2022 1 30 37958.323111071586 17020.695738482595 81471.4914442498
2022 1 31 38693.38892886158 16499.72372046936 87120.58639442541
2022 2 1 39441.10271037628 15994.021112982427 93157.80757794424
2022 2 2 40140.74517491093 15478.46488958702 99465.72247462235
2022 2 3 40900.09966070776 14997.766805422856 106317.96840578495
2022 2 4 41639.23083295968 14519.313988511 113552.35856473488
2022 2 5 42392.85915117388 14056.522040438444 121282.12013351814
2022 2 6 43046.75958982903 13570.891008584946 129213.72879221008
2022 2 7 43628.08963761563 13075.979495366604 137415.93781541672
2022 2 8 44134.27433697278 12574.241599159235 145877.39188979837
2022 2 9 44687.68280935643 12103.537097241056 154996.5415942543
2022 2 10 45249.19392293158 11650.768048437418 164689.7864537778
2022 2 11 45818.92673406011 11215.236449877282 174993.47635924618
2022 2 12 46370.17477850774 10789.705537105665 185843.81359398688
2022 2 13 46911.22858822635 10376.40495832562 197299.48073716214
2022 2 14 47459.76859659098 9979.195375003757 209466.22474280978
