2020 6 24 124.83574895896655 115.36492265972247 134.30657525821061
2020 6 25 123.46947780613077 105.44578578266086 142.91447523457748
2020 6 26 122.11815987685985 96.37950152420751 152.07406779830043
2020 6 27 120.83567300369403 88.13539241319033 161.8880097233472
2020 6 28 119.67360271676962 80.67447373749292 172.47856622399786
2020 6 29 118.52270799843507 73.84514364342233 183.76194665388914
2020 6 30 117.38288137383732 67.5939363107786 195.7834748821585
2020 7 1 116.25401640170332 61.87191195737578 208.59143982148026
2020 7 2 115.13600766440014 56.63427369668988 222.23728939833663
2020 7 3 114.07970240427245 51.86507944499582 236.87418486223282
2020 7 4 113.03308812462262 47.49750089922934 252.4750891538151
2020 7 5 111.9960759163955 43.497717844332 269.10349340220637
2020 7 6 110.9190155679122 39.81550884146582 286.7079828036689
2020 7 7 109.78686594254638 36.42151662007797 305.29496995124697
2020 7 8 108.6435994093807 33.309316747249355 325.02388427098003
2020 7 9 107.47858332027053 30.4527343903597 345.9270457392314
2020 7 10 106.32606002866767 27.841130422658026 368.17454582539034
2020 7 11 105.18589557076592 25.453495678760248 391.8528425670289
2020 7 12 104.05795741929096 23.270622723759818 417.05395435099524
2020 7 13 102.94211446809592 21.274951338155155 443.8758175144525
