2020 6 24 391.5456595140539 359.5341151363485 423.5572038917594
2020 6 25 403.2346047418868 339.9338576450615 471.9369189265278
2020 6 26 415.27250401178173 321.4021221035735 525.8426805149597
2020 6 27 427.6697747669809 303.88065727933264 585.9056868873736
2020 6 28 440.4371454461888 287.31438754707744 652.8292332428861
2020 6 29 455.4331530690593 272.85642869316746 730.1353497708302
2020 6 30 472.37253858408025 259.9844162916992 818.892836518907
2020 7 1 490.93269114508394 248.2649159275656 920.1574473232344
2020 7 2 512.2813975019598 238.11509301657162 1037.8042362616932
2020 7 3 534.5584740230817 228.380225657149 1170.4927628807993
2020 7 4 558.3648658713564 219.28284410452136 1321.3736471082425
2020 7 5 584.9880849120709 211.23771528923444 1495.8606846400633
2020 7 6 616.5614648591999 204.81685772032554 1702.800650913154
2020 7 7 651.6708874247362 199.19972767100583 1943.4284543552906
2020 7 8 690.5336020052507 194.27281010795417 2223.2909778968865
2020 7 9 734.5018530165318 190.25210384974747 2552.431222973679
2020 7 10 781.269688423673 186.314610877053 2930.2980189186296
2020 7 11 831.0153657786414 182.4586089922167 3364.1049374386976
2020 7 12 883.9284928019791 178.68241164050784 3862.133461181474
2020 7 13 940.2107500805253 174.98436717244647 4433.891079311613
