2021 1 31 12285.844443178265 12019.506162760195 12552.182723596334
2021 2 1 12211.63553754929 11687.555757024056 12747.209117371023
2021 2 2 12171.637879609532 11397.087061926433 12980.509462417831
2021 2 3 12133.99981846465 11115.924104096443 13220.456378749326
2021 2 4 12098.58875782142 10843.63088500992 13467.138348233095
2021 2 5 12065.414039546285 10579.919450354608 13720.797462705015
2021 2 6 12034.224349075152 10324.282204599283 13981.388279667988
2021 2 7 11975.668000165562 10051.27449002988 14215.040024209306
2021 2 8 11919.093251517974 9786.910023959745 14454.610412561728
2021 2 9 11844.100732169209 9514.156254753481 14675.5584970038
2021 2 10 11772.75843351515 9251.557065210483 14903.822125136514
2021 2 11 11703.275901190103 8997.329636180013 15137.446536542451
2021 2 12 11635.553972881828 8751.126492084146 15376.479932203229
2021 2 13 11569.499492523792 8512.619815573273 15620.973548055637
2021 2 14 11505.024912185247 8281.500046225323 15870.981587917175
2021 2 15 11442.047923509725 8057.474594077517 16126.561163693468
2021 2 16 11380.491116215855 7840.266657618361 16387.7722423023
2021 2 17 11320.281661409685 7629.614136889634 16654.677598802595
2021 2 18 11261.351017668478 7425.268633260626 16927.34277526494
2021 2 19 11203.634658044874 7226.994528252384 17205.836044963635
2021 2 20 11147.071816309866 7034.568134519627 17490.22838150941
2021 2 21 11077.992005749365 6839.1860198105915 17759.23367364523
2021 2 22 10996.290243032634 6641.173891114416 18011.455696980986
2021 2 23 10915.912813306855 6449.330637012387 18268.442084029153
2021 2 24 10846.36211219878 6269.0786705994415 18546.231075662876
2021 2 25 10777.897069938968 6094.235923578946 18829.342754058434
2021 2 26 10694.350672197857 5915.497547858259 19089.673544456433
2021 2 27 10610.436432631945 5741.4397096718785 19351.790990229416
2021 2 28 10516.583679258478 5566.769211662312 19598.18032864988
2021 3 1 10441.143552438034 5406.719645457471 19880.472536384652
2021 3 2 10362.077411340577 5249.11376298262 20158.89635735305
2021 3 3 10284.061223527486 5096.330666739441 20442.09729983016
2021 3 4 10207.057852516866 4948.205370430109 20730.12242311852
2021 3 5 10131.03218950179 4804.579811788751 21023.02045122133
2021 3 6 10055.951030857312 4665.302475737124 21320.84175409711
2021 3 7 10017.193217224885 4546.6560809052535 21698.71590576873
2021 3 8 9985.336049012776 4434.0913602848805 22097.91144048405
2021 3 9 9935.851815536875 4316.441013227389 22465.217507020276
2021 3 10 9836.213565018903 4180.017309326626 22724.67484933921
2021 3 11 9765.935214716274 4059.9575843431835 23052.650697917736
2021 3 12 9696.427013933775 3943.4576744810415 23385.99275371065
2021 3 13 9627.666339181043 3830.40352779917 23724.76467096633
2021 3 14 9559.631733785358 3720.6853801066773 24069.031702858683
2021 3 15 9464.36790076498 3603.325047004027 24348.526719965706
2021 3 16 9349.584306464201 3481.8734709594937 24578.60745657151
2021 3 17 9236.391352115459 3364.589412049959 24811.38428583424
2021 3 18 9091.543748849084 3239.22576143992 24957.65168853987
2021 3 19 8935.721819118698 3113.813755948794 25068.41947329122
2021 3 20 8782.733249587094 2993.3139783997076 25180.135296764605
2021 3 21 8632.515912242072 2877.5291308062447 25292.784511643906
2021 3 22 8485.009698456712 2766.2702586355354 25406.353300211413
2021 3 23 8340.156419024659 2659.356362741758 25520.828634855978
2021 3 24 8207.441776423839 2559.6566314768743 25665.39690537382
2021 3 25 8076.954615496477 2463.730721866696 25811.1456983176
2021 3 26 7955.044398370822 2373.383173270534 25978.501506984943
2021 3 27 7835.07539028056 2286.3789395603235 26147.272737682346
2021 3 28 7733.655319012197 2207.449001061731 26373.00425466546
2021 3 29 7633.636810427831 2131.269197529998 26600.987162418627
2021 3 30 7542.797845527041 2059.920116402657 26858.4213336554
2021 3 31 7458.68698299504 1992.5018268778606 27138.455190157954
2021 4 1 7375.587435122105 1927.309646315446 27421.675762861436
