2020 6 13 366.90086576684024
2020 6 14 360.78288557207827
2020 6 15 354.48370201504235
2020 6 16 348.08277032841187
2020 6 17 341.6073340776404
2020 6 18 335.0191734301322
2020 6 19 328.3408143672469
2020 6 20 321.6162779053173
2020 6 21 315.249003961505
2020 6 22 309.3843792162299
2020 6 23 303.4801406813571
2020 6 24 297.60036133568343
2020 6 25 291.84694264797963
2020 6 26 286.20475308126026
2020 6 27 280.67164227623005
2020 6 28 275.24550144584606
2020 6 29 269.92426257161407
2020 6 30 264.70589761542215
2020 7 1 259.58841774661204
2020 7 2 254.5698725839932
2020 7 3 249.6483494525107
2020 7 4 244.82197265428383
2020 7 5 240.08890275373741
2020 7 6 235.44733587655358
2020 7 7 230.89550302217657
2020 7 8 226.43166938960877
2020 7 9 222.05413371624084
2020 7 10 217.76122762946417
2020 7 11 213.55131501081826
2020 7 12 209.422791372431
2020 7 13 205.37408324551393
2020 7 14 201.40364758067963
2020 7 15 197.50997115985248
