2020 3 14 89.00662316685612
2020 3 15 91.59830275892821
2020 6 8 121.64553968803563
2020 6 9 121.85611061722346
2020 6 10 122.04105837942556
2020 6 11 122.19375295643586
2020 6 12 122.37269825786079
2020 6 13 122.59757683336004
2020 6 14 122.79018640950456
2020 6 15 122.85216421176138
2020 6 16 122.77662280786836
2020 6 17 122.77313380690323
2020 6 18 122.82746622396893
2020 6 19 122.89863103213065
2020 6 20 122.93772981876468
2020 6 21 122.9768410442282
2020 6 22 123.01596471247848
2020 6 23 123.05510082747405
2020 6 24 123.0942493931747
2020 6 25 123.1334104135415
2020 6 26 123.17258389253672
2020 6 27 123.21176983412396
2020 6 28 123.25096824226803
2020 6 29 123.29017912093504
2020 6 30 123.32940247409232
2020 7 1 123.36863830570852
2020 7 2 123.40788661975348
2020 7 3 123.44714742019838
2020 7 4 123.48642071101558
2020 7 5 123.52570649617878
2020 7 6 123.56500477966291
2020 7 7 123.60431556544417
2020 7 8 123.6436388575
2020 7 9 123.68297465980913
2020 7 10 123.72232297635158
2020 7 11 123.7616838111086
2020 7 12 123.8010571680627
2020 7 13 123.84044305119768
2020 7 14 123.87984146449861
2020 7 15 123.91925241195182
2020 7 16 123.9586758975449
2020 7 17 123.9981119252667
2020 7 18 124.03756049910737
2020 7 19 124.07702162305831
2020 7 20 124.1164953011122
2020 7 21 124.15598153726297
2020 7 22 124.19548033550585
2020 7 23 124.23499169983731
2020 7 24 124.27451563425511
2020 7 25 124.31405214275829
2020 7 26 124.35360122934713
2020 7 27 124.39316289802323
2020 7 28 124.43273715278943
2020 7 29 124.47232399764984
2020 7 30 124.51192343660985
2020 7 31 124.55153547367614
