2021 12 15 735.3065651928687 684.6934669745227 785.9196634112146
2021 12 16 739.7110331445133 641.3834160071683 845.048021087433
2021 12 17 744.1453025063745 600.8158918059416 908.6287831642287
2021 12 18 748.6095583837839 562.8170140248234 976.9974702545258
2021 12 19 753.103987133628 527.223942203241 1050.51490309078
2021 12 20 757.6287763717519 493.88417369608425 1129.569111343325
2021 12 21 762.1345228161499 462.6225581196892 1214.5034482301744
2021 12 22 764.991348807174 432.3225481926217 1303.153803554682
2021 12 23 767.8622121721169 404.008954300558 1398.280692330057
2021 12 24 770.747157101445 377.55140980258614 1500.357623727976
2021 12 25 773.6462280938671 352.8281144212577 1609.8927478687594
2021 12 26 776.5594699562552 329.72527056122266 1727.4313914520328
2021 12 27 779.8413034265682 308.2870238094586 1854.3470761713863
2021 12 28 783.2343422741011 288.28113885009947 1990.8188022678285
2021 12 29 786.6453526475447 269.5746907295064 2137.342398225469
2021 12 30 790.0744084611686 252.08318987521454 2294.658750066308
2021 12 31 794.8547953996349 236.1530246031942 2467.4355066633375
2022 1 1 803.0334125209001 222.23057939912258 2663.680721819387
2022 1 2 811.201564970781 209.1027500087509 2875.2202692357887
2022 1 3 819.5521637447094 196.77603373232841 3103.911677065303
2022 1 4 827.9918854476285 185.17674276338238 3350.804883661522
2022 1 5 836.494446006183 174.25580746641995 3617.2391962983643
2022 1 6 845.0874805362405 163.97960111657878 3904.872314430635
2022 1 7 853.7719511258088 154.31001645750848 4215.391856826535
2022 1 8 862.4666065809087 145.19634065871375 4550.213888304368
2022 1 9 871.2529702249902 136.62145857105213 4911.647003644446
2022 1 10 880.1320084954489 128.55348068273634 5301.807351164827
2022 1 11 889.1046980372628 120.96240741535344 5722.97943667675
2022 1 12 898.0665844358264 113.80567168115239 6176.950819255749
2022 1 13 907.2313192042258 107.08662220996752 6667.70705504172
2022 1 14 916.4927442697207 100.76463674353074 7197.4769323693245
2022 1 15 925.8518789946265 94.8162251349351 7769.363513972818
2022 1 16 934.7244640814502 89.15934933024167 8381.805278038659
2022 1 17 943.6852401498682 83.84027283919566 9042.552841938836
2022 1 18 952.7350810646584 78.83880321399356 9755.418211752436
2022 1 19 961.8748693728824 74.13595647739469 10524.514345679341
2022 1 20 971.7116555121877 69.76060406764888 11360.911313857094
2022 1 21 980.9215218789167 65.5912464587475 12255.271968592671
2022 1 22 990.2218364395842 61.67128850187312 13220.078478777246
2022 1 23 998.8121285966976 57.93588853284129 14250.183711613125
2022 1 24 1007.4800934069572 54.42692268857459 15360.599441994278
2022 1 25 1016.349099493688 51.13727919122227 16559.460288899274
2022 1 26 1025.2993232058159 48.04662470687057 17851.940774839848
2022 1 27 1032.0048318171455 45.03388113732478 19204.844440496585
2022 1 28 1035.7278710381588 42.0779898681273 20603.959840812855
2022 1 29 1034.9705478980495 39.13354752691281 22015.60788097664
2022 1 30 1032.2284555099768 36.32007740996552 23481.741532779077
2022 1 31 1029.4966631805244 33.708985910080266 25045.58168090909
2022 2 1 1027.468893553114 31.30842394859855 26730.522234938344
2022 2 2 1025.4480789003828 29.078906559680757 28528.89413198365
2022 2 3 1023.4341643251238 27.008239235251363 30448.338004200934
2022 2 4 1021.427095566953 25.085097450747323 32497.00939652298
2022 2 5 1019.6520874775902 23.304496891399943 34690.78046569956
2022 2 6 1017.7321489680165 21.64690471003184 37027.610340291365
