2022 6 3 4020.982390393244 3793.8652118628943 4248.099568923593
2022 6 4 4040.0452284838752 3596.1991522086814 4509.711047927868
2022 6 5 4036.5869519923963 3388.704437506663 4762.193260535047
2022 6 6 4033.4777149041433 3193.4723555535315 5029.219317347124
2022 6 7 4030.3759021101823 3009.492083899909 5311.224350151592
2022 6 8 4027.281449901583 2836.1148801337954 5609.048898251789
2022 6 9 4023.520223546962 2672.2547254939072 5922.6418582709875
2022 6 10 4019.672986029587 2517.8023422340575 6253.635519885347
2022 6 11 4015.8342418399934 2372.280094759464 6603.1346339248585
2022 6 12 4014.880334524415 2236.8706429721055 6976.903763540895
2022 6 13 4013.9313670083634 2109.1929717383923 7371.838211230879
2022 6 14 3996.1090788714437 1979.9364662231746 7758.138978957336
2022 6 15 3978.370521436886 1858.6033936603803 8164.691695007931
2022 6 16 3960.715236338165 1744.707886103671 8592.558448251377
2022 6 17 3943.1427685965064 1637.7938805876674 9042.857043172486
2022 6 18 3925.6526665854094 1537.4332899738067 9516.763923287488
2022 6 19 3899.965169037237 1439.9817956394627 9995.446122598647
2022 6 20 3871.450513820517 1347.601413694415 10490.528798655929
2022 6 21 3843.01077246913 1261.101094801843 11009.771386606635
2022 6 22 3814.7840712270818 1180.1544415652238 11554.726379712887
2022 6 23 3786.7687436467277 1104.4047870457619 12126.66749236818
2022 6 24 3761.016396465335 1034.1172069936379 12733.506865568901
2022 6 25 3725.6976007834714 965.6244217949276 13337.731891129613
2022 6 26 3688.259334982106 901.0328405486281 13961.853441193007
2022 6 27 3651.201035036034 840.7627735528667 14615.194173999274
2022 6 28 3603.4265662960943 781.9708149977045 15254.722166968344
2022 6 29 3553.149896324004 726.611347495632 15908.995329238036
2022 6 30 3504.8670122104936 675.4353154618184 16597.116387031525
2022 7 1 3455.7088505945167 627.5685493440836 17307.749367200533
2022 7 2 3410.2580835827566 583.6420705332354 18063.92436712284
2022 7 3 3365.4083763773897 542.7907732774165 18853.15397233378
2022 7 4 3321.1517051761207 504.7993274744193 19676.88367201712
2022 7 5 3277.480155010636 469.4674843708103 20536.622186271037
2022 7 6 3234.0235749699077 436.55711782657164 21431.673797389456
2022 7 7 3191.146174819909 405.95421941220195 22365.75438468337
2022 7 8 3148.840166603503 377.4969719948952 23340.566472419752
2022 7 9 3109.6560484198935 351.3415947950157 24376.849209979293
2022 7 10 3070.962319754992 326.99874194275276 25459.163011427656
2022 7 11 3032.752781468684 304.34278379309137 26589.553289614003
2022 7 12 2995.021314160096 283.2568002817268 27770.15637145918
2022 7 13 2945.696957968703 262.49092651834457 28891.336325432614
2022 7 14 2897.187446245801 243.2476479114919 30057.807137904743
2022 7 15 2849.4792511831424 225.41530612516115 31271.399109048558
2022 7 16 2802.559071301012 208.89043273933726 32534.016527679323
2022 7 17 2759.2911504651765 193.79161140504445 33881.04258830192
2022 7 18 2716.693509512448 179.78430887407387 35283.868383249675
2022 7 19 2691.841971190518 167.9203326553427 36966.719203520624
2022 7 20 2670.2705065479854 157.02969438114633 38771.75583024286
2022 7 21 2647.3004597952668 146.7529675396103 40642.112947691065
