2021 7 21 51.72810271736843 49.082424021233166 54.373781413503686
2021 7 22 54.181226195443514 48.78045047306821 59.86549059781692
2021 7 23 56.78710605499238 48.513125232007006 65.95209996236366
2021 7 24 59.59157749596551 48.30985100947219 72.7426273176211
2021 7 25 62.423173544671144 48.01713778359302 80.09636216620929
2021 7 26 65.18739304676944 47.57087367048762 87.93441112074306
2021 7 27 68.9254728469113 47.75011144246769 97.68804283094856
2021 7 28 71.71584772911652 47.12497401873601 106.87655452022594
2021 7 29 74.62954077495529 46.51482368935095 116.94476374094022
2021 7 30 77.57641931689005 45.85947456155849 127.82794192205706
2021 7 31 80.55083393631666 45.16084862886018 139.5775708120735
2021 8 1 83.37540306250402 44.32491575902497 151.94993148460802
2021 8 2 86.87104018681659 43.80856082021571 166.46149557701378
2021 8 3 90.20197823165478 43.14125503983465 181.76251570106598
2021 8 4 93.89073703612789 42.594165182286844 198.93366213739603
2021 8 5 97.72639245795624 42.05221982570313 217.7185949956749
2021 8 6 102.03321881131755 41.65249046581352 238.97795433243192
2021 8 7 106.47574073469528 41.2344727959221 262.18647804266146
2021 8 8 111.31562149386127 40.89962614202315 288.151077388972
2021 8 9 116.12640448402708 40.47597578417054 316.0421699920737
2021 8 10 121.13457472006462 40.05304599812058 346.604295280681
2021 8 11 126.43561903892997 39.65995808672579 380.34185888118003
2021 8 12 131.92029198403893 39.255560588370514 417.2178927788226
2021 8 13 137.63920072213054 38.854190090693784 457.6575877393235
2021 8 14 143.70843379467868 38.4858306507822 502.3574763846091
2021 8 15 150.46076142588436 38.23222846725818 552.8755969202971
2021 8 16 157.52675268570104 37.97938180070412 608.4606851406517
2021 8 17 165.81210138974714 37.94218705196103 673.0623250305543
2021 8 18 174.52964632166618 37.904208675315026 744.5083193031032
2021 8 19 183.68770285036373 37.8623999292534 823.4623691786499
2021 8 20 193.4231104459688 37.84059056091475 911.2233437379031
2021 8 21 203.53044424372467 37.7906126826982 1007.6588779735988
2021 8 22 213.889921839584 37.68945151958102 1112.9337413642631
2021 8 23 224.06479207923235 37.46311871071897 1225.5029686820292
2021 8 24 233.12490044855727 36.97083164940419 1340.7137425676817
2021 8 25 243.0220182619646 36.55965491064739 1469.4624001445125
2021 8 26 253.19053271440086 36.13066947623696 1609.6751848885876
2021 8 27 263.08820492348417 35.607352824821724 1758.839904064051
2021 8 28 276.918957634699 35.571566970957804 1945.5347400200303
2021 8 29 294.3002087092658 35.89849696698931 2171.8828387581043
2021 8 30 312.9527833661336 36.250432133047745 2425.895849710421
2021 8 31 331.6120316557544 36.46965338986514 2700.50483706697
2021 9 1 351.380308879171 36.689815968626874 3006.17082354898
2021 9 2 372.5173562242754 36.93118122985073 3348.063010169972
2021 9 3 395.2696464834672 37.208214311891346 3731.928221453895
2021 9 4 421.05957051033204 37.64245691771014 4175.3641492829465
2021 9 5 448.5571714452819 38.084000331777005 4671.737790865067
2021 9 6 477.3321048280107 38.48670757256554 5221.7217418192
2021 9 7 509.65883821571066 39.03121684016073 5855.114359265972
2021 9 8 544.1711086930293 39.583142520414206 6565.29413330767
2021 9 9 581.0166212954616 40.142595983418666 7361.567274725413
2021 9 10 620.3530626683662 40.70968988770317 8254.367676283637
2021 9 11 660.0711002758795 41.13506936268052 9225.086984364012
2021 9 12 702.597861306322 41.58145687530162 10313.678069375721
2021 9 13 744.9628287176052 41.860959465990746 11488.131646477916
2021 9 14 788.8867746329462 42.08640012665272 12780.97213450909
2021 9 15 835.3964766311824 42.31283855663465 14219.239385043684
2021 9 16 884.046029738954 42.50999485707991 15809.107920839946
2021 9 17 935.5246023798614 42.70787259989783 17576.668038168547
2021 9 18 987.2020954278689 42.77890679987678 19489.270501811647
2021 9 19 1041.7300710961483 42.84988004404831 21609.910915685625
2021 9 20 1099.2657488290572 42.92080060679159 23961.213664381667
2021 9 21 1157.7066419627329 42.903107631426955 26518.818434154095
2021 9 22 1211.093360401806 42.58298211344373 29162.479381036992
2021 9 23 1266.5058916147746 42.249912570852366 32059.18647317566
