2022 1 26 14857.805730854878 13942.842061157218 15772.769400552535
2022 1 27 14677.430334563134 12917.65190188582 16549.544259361504
2022 1 28 14448.344652637781 11923.044685553836 17307.181211405223
2022 1 29 14218.353923797553 11001.32072966067 18094.13554439956
2022 1 30 13964.55614685334 10129.598479723572 18881.916950774248
2022 1 31 13679.718276621861 9301.147707322767 19655.900895793035
2022 2 1 13410.556230976126 8547.159975745788 20475.78702626588
2022 2 2 13146.121756527022 7853.931159458281 21329.004266176235
2022 2 3 12887.929291912227 7217.541627309805 22219.442245255395
2022 2 4 12635.805306763586 6633.276202107372 23148.773796500594
2022 2 5 12393.578504800375 6098.913887058227 24126.070528275053
2022 2 6 12112.703491722166 5586.294690298823 25060.352735451113
2022 2 7 11840.82765250538 5117.976250598466 26036.264008540158
2022 2 8 11526.592138620335 4667.971746356446 26943.618584795135
2022 2 9 11292.663830021134 4286.679603957395 28050.82048347655
2022 2 10 11070.300550228192 3939.1203270358483 29220.455605768442
2022 2 11 10842.15008144001 3616.123524620981 30412.0281885596
2022 2 12 10608.52709000868 3316.2180968815996 31623.65220132954
2022 2 13 10397.004282090018 3046.520377936597 32934.42128071291
2022 2 14 10193.157433173235 2799.7697192666255 34310.475615234915
2022 2 15 10007.419049143205 2576.880551131291 35791.52444635052
2022 2 16 9880.703735532208 2386.062315680481 37535.4956445511
2022 2 17 9738.35756175665 2205.2120740192736 39298.96844187056
2022 2 18 9602.143512250404 2038.9934944698814 41161.762269831655
2022 2 19 9471.958895397102 1886.1794497559035 43130.532729967395
2022 2 20 9348.090244173833 1745.724421489762 45214.19232990171
2022 2 21 9213.392931990824 1613.4037039220823 47338.304423851856
2022 2 22 9078.919253172488 1490.8117902814392 49553.38181640722
2022 2 23 8946.988835891823 1377.6301589900052 51875.27692746434
2022 2 24 8818.42455634036 1273.2643274072707 54314.36912319007
2022 2 25 8692.260366409104 1176.8847908090402 56871.547564042805
2022 2 26 8568.440515971362 1087.873708975744 59552.649364863675
2022 2 27 8446.910783292089 1005.6616073117459 62363.80472447632
2022 2 28 8327.61842728483 929.7235423324012 65311.451820332026
2022 3 1 8213.024359707495 859.8560478681677 68422.05517394555
2022 3 2 8086.977539926628 793.8748743996341 71572.25896125501
2022 3 3 7963.342359956583 733.0036183979093 74871.72369496364
2022 3 4 7842.062518807159 676.8425536520339 78327.6666576588
2022 3 5 7723.083257440991 625.0235641862575 81947.65946493698
2022 3 6 7606.351310775908 577.2076151285686 85739.64566604722
2022 3 7 7482.619220866906 532.3846177333106 89608.30493522699
2022 3 8 7357.78576708585 490.8207783999233 93614.22894265318
2022 3 9 7240.6095343861125 452.8737418984995 97870.16370318514
2022 3 10 7125.69760014359 417.8854275056039 102324.96635989039
2022 3 11 7017.303191282326 385.8755235892039 107049.94357543756
2022 3 12 6909.402913046878 356.25407100821025 111975.48653394965
2022 3 13 6810.330438683362 329.2761109558787 117243.83941639082
2022 3 14 6732.437469211182 305.29643820312646 123100.22540159052
2022 3 15 6657.326416415134 283.1488474707345 129283.71726519954
2022 3 16 6583.398053432058 262.6226046248752 135784.50846033773
2022 3 17 6510.628120886921 243.59782810432154 142619.140259748
2022 3 18 6453.136122374067 226.4927695026526 150114.84117170627
2022 3 19 6360.131712441027 209.32456478814134 157166.58662722763
2022 3 20 6268.784049928822 193.46812542731922 164557.40974943558
2022 3 21 6179.0570524019795 178.82234573029552 172303.89230447842
