2021 1 31 179.65383916322958 176.2689018143308 183.03877651212832
2021 2 1 178.28756946305734 171.6513047845032 185.04969498168808
2021 2 2 177.53626720767386 167.7367450481281 187.71021345827427
2021 2 3 176.5483796570947 163.68494037248732 190.15549252300576
2021 2 4 175.660085457019 159.81825042268616 192.73397456127907
2021 2 5 174.84111894660768 156.10191142300312 195.41858286493175
2021 2 6 174.19070608161275 152.61906978045081 198.3247088548977
2021 2 7 173.58086463892656 149.24736215061077 201.3174904684886
2021 2 8 172.90858616826952 145.8946233080607 204.2805439815863
2021 2 9 172.27309006062518 142.6460402387057 207.3275885249357
2021 2 10 172.44909561336544 140.13980006951266 211.39389956331334
2021 2 11 172.63581661303215 137.68615536792905 215.55287798998674
2021 2 12 172.85199746111059 135.29880496349307 219.83021154819005
2021 2 13 173.35972589976535 133.1808441354931 224.56286352511023
2021 2 14 173.76043443007052 131.01267569487703 229.25684226354548
2021 2 15 174.91125635822726 129.44468031502254 235.03740405435119
2021 2 16 176.09384488268637 127.91331960743365 240.99616338290903
2021 2 17 177.4191780532543 126.4979560247055 247.29040457494418
2021 2 18 179.84061454545372 125.8726513357599 255.26290387061513
2021 2 19 180.09855824669847 123.71305179678025 260.3746968633801
2021 2 20 180.37712111915764 121.60441410509979 265.61813155561214
2021 2 21 180.71105421097005 119.56875560589371 271.0480608293722
2021 2 22 180.7804548817179 117.39173523596503 276.19129328300505
2021 2 23 181.31267606534357 115.55487263617489 282.1391638247893
2021 2 24 181.86306840927193 113.75733426801834 288.24096151956246
2021 2 25 182.43037896908146 111.99729533377531 294.4988884266475
2021 2 26 183.01453696880492 110.27374399910981 300.9170197462166
2021 2 27 183.614935222024 108.58537512920631 307.498651014902
2021 2 28 184.17263320289018 106.89643966947352 314.14942671951724
2021 3 1 183.3393793245919 104.42546229699894 318.56856710184707
2021 3 2 182.52223745811958 102.01863285121561 323.0713170641578
2021 3 3 181.72041033512556 99.6738010787058 327.658371546146
2021 3 4 180.93314606671944 97.38891940349455 332.33046111358027
2021 3 5 180.1944505526392 95.18072218789594 337.1521146529368
2021 3 6 179.3957881468185 92.98932545627754 341.9258800404311
2021 3 7 178.61001026474236 90.85322621066219 346.78504839197535
2021 3 8 177.83651275038306 88.77069214405603 351.7304319642009
2021 3 9 177.07472524682242 86.74006703575903 356.7628751506222
2021 3 10 176.32410919483257 84.75976622079541 361.8832540505561
2021 3 11 175.48091882333924 82.77864584100301 366.88059473126395
2021 3 12 174.6488335650525 80.84716737477513 371.96173249312506
2021 3 13 173.82738126879485 78.96385189213687 377.12748449807407
2021 3 14 173.11789111950662 77.17351325061995 382.5995029876506
2021 3 15 172.4132550430271 75.42463971081249 388.1552467915731
2021 3 16 171.71714726461568 73.71787455720623 393.8044087323781
2021 3 17 171.67093339466385 72.32752315437418 401.0197648859361
2021 3 18 171.62981833563896 70.96553735294528 408.37920377375855
2021 3 19 171.50883504975386 69.5961708418829 415.6836383074566
2021 3 20 171.57249420532386 68.32811894612462 423.5660315772609
2021 3 21 171.7663318108104 67.13500481407311 431.9192115952529
2021 3 22 171.96453359359245 65.96434444016508 440.4475487294015
2021 3 23 172.16690655206034 64.8156096499476 449.1543774315616
2021 3 24 172.27339815190882 63.65069340138842 457.7825643563961
2021 3 25 172.38352009051977 62.50803091034492 466.5859693081068
2021 3 26 172.49710083299422 61.38711026296747 475.5678397954916
2021 3 27 172.33903649768587 60.18959258326872 483.97349173190776
2021 3 28 172.18417425320737 59.016503396397916 492.53629896551706
2021 3 29 172.03235294572724 57.867272192572074 501.2589061435821
2021 3 30 171.88341976443928 56.74134648545099 510.1440121818747
2021 3 31 171.73722980013753 55.638190971749815 519.1943709955436
2021 4 1 171.59364562806024 54.557286742016096 528.4127922538605
