2022 1 26 18738.53704158076 17123.578921433305 20353.495161728217
2022 1 27 18783.232421907058 15685.232294354384 22160.24313443714
2022 1 28 18822.292568607078 14362.909113122962 24120.59914335799
2022 1 29 18843.35399299887 13138.266232393153 26231.204340128308
2022 1 30 18809.827171293306 11979.964299769099 28450.468826599787
2022 1 31 18694.978726988506 10871.949449714797 30734.40014144461
2022 2 1 18584.75684641255 9868.69652778626 33208.13286148865
2022 2 2 18476.42919937722 8958.683592184178 35883.19348845262
2022 2 3 18324.18116143567 8110.98295232575 38687.2175998495
2022 2 4 18163.423544456542 7339.172612183511 41689.74220216266
2022 2 5 17879.810838164554 6590.593722584325 44640.072312784185
2022 2 6 17562.122446105343 5904.175337466644 47703.06118613238
2022 2 7 17284.510238700943 5300.823723210606 51069.74220161739
2022 2 8 16996.309969157082 4754.5360413780245 54629.77929684341
2022 2 9 16721.65334009067 4266.9916231623565 58466.070663298335
2022 2 10 16417.712354088293 3820.8361848699324 62453.85044337426
2022 2 11 16066.691963908317 3409.0882936027742 66513.51530714364
2022 2 12 15711.33616706714 3039.199581844725 70788.05161361862
2022 2 13 15364.034787798619 2709.4817667300604 75338.17167024876
2022 2 14 14976.669412816711 2407.115243621138 79946.66406344574
2022 2 15 14625.199910821782 2142.691160945983 84976.54239658969
2022 2 16 14282.829358104458 1907.4389735737639 90327.82065998821
2022 2 17 14051.12428715627 1711.7245626756394 96665.27431057766
2022 2 18 13822.384245220932 1535.9948905250303 103441.90624802522
2022 2 19 13629.987632850607 1381.9308674108852 110937.72263512497
2022 2 20 13432.519054976958 1242.534078405265 118913.63712788334
2022 2 21 13259.847898508002 1119.227559089929 127657.1802417602
2022 2 22 13097.209529544525 1008.8172110692077 137118.84301014605
2022 2 23 12946.816142554948 910.0882218037758 147389.0949367823
2022 2 24 12798.844623135768 821.0703011164949 158436.50364745976
2022 2 25 12627.100700613304 739.125899328676 169996.7472391174
2022 2 26 12458.325632727183 665.398590276795 182409.4214813434
2022 2 27 12287.615415696246 598.8016886640976 195667.07054105902
2022 2 28 12119.877906188824 538.9010606341279 209898.38376360852
2022 3 1 11936.028152484254 484.1743103843475 224846.07713298837
2022 3 2 11759.250023731302 435.1789247012329 240938.93167399836
2022 3 3 11595.567618259274 391.5293097850233 258398.27417090503
2022 3 4 11439.242558883212 352.4293622587631 277235.96743459697
2022 3 5 11293.918270962398 317.50810970930223 297662.49532522785
2022 3 6 11214.190415260435 287.83933023450817 321274.2347087024
2022 3 7 11108.466942687772 260.2611915545997 345998.07824232965
2022 3 8 11004.268699479782 235.33772092517694 372641.02085987997
2022 3 9 10908.215700597673 212.95429616881572 401578.2814426273
2022 3 10 10811.12677302609 192.66321042811146 432693.6484225138
2022 3 11 10715.647384837373 174.3188191787588 466249.7508397366
2022 3 12 10620.456525447698 157.71206190534843 502384.04820298735
2022 3 13 10526.591803180607 142.69450925156997 541341.4794923193
2022 3 14 10434.028180898966 129.11333962994865 583344.1175668184
2022 3 15 10344.888476809743 116.85707526515442 628751.654882779
2022 3 16 10256.964462083877 105.76938411001181 677721.3203127416
2022 3 17 10170.233527994771 95.73831775705926 730534.3922300971
2022 3 18 10084.673574975732 86.66270745102877 787494.4835732048
2022 3 19 10006.776999076534 78.50709846823327 849437.9905476703
2022 3 20 9951.642027144531 71.29284650396102 918134.982367388
2022 3 21 9874.276055694372 64.58009617717335 990308.6869398725
