2021 1 9 20701.73855968573 20025.46646885169 21378.010650519773
2021 1 10 20780.918956660662 19443.99249185134 22162.29211217128
2021 1 11 20869.454966186804 18887.872973757712 22985.000535810188
2021 1 12 20963.719510752875 18352.5023001004 23844.14333357093
2021 1 13 21049.19951611969 17824.2434431114 24724.92370263427
2021 1 14 21178.03854609675 17347.610827424058 25688.760473931205
2021 1 15 21328.063848648104 16900.432082273594 26714.912090445418
2021 1 16 21497.41620334285 16479.253178480234 27804.931191712712
2021 1 17 21673.625912623094 16072.796371598093 28946.555229705507
2021 1 18 21851.26461883878 15676.353335931235 30135.03193479531
2021 1 19 21926.775494350706 15215.376541577438 31229.452510868567
2021 1 20 22079.252945505523 14821.182564252937 32472.868247888357
2021 1 21 22263.364222225373 14457.724345723613 33810.75690084467
2021 1 22 22469.504898300675 14116.487983541278 35234.8907469344
2021 1 23 22634.87793425304 13756.494154968028 36652.088518306926
2021 1 24 22819.01425759469 13416.344558379807 38154.700070035906
2021 1 25 23010.033504406845 13087.77172773083 39727.91757303687
2021 1 26 23175.81551285724 12751.981726219772 41319.6688257931
2021 1 27 23323.30044521151 12414.08224600835 42940.444708973984
2021 1 28 23475.125843647125 12086.947062957637 44631.0592359873
2021 1 29 23647.76555590082 11778.640596415094 46425.928495358145
2021 1 30 23824.665194878347 11479.687655800819 48298.85032928303
2021 1 31 24005.867561546198 11189.758021863612 50253.36990754143
2021 2 1 24191.30006013839 10908.480192722822 52292.953682844876
2021 2 2 24381.020670082413 10635.560595227691 54421.48912550385
2021 2 3 24574.843291342862 10370.609522639657 56642.49965282899
2021 2 4 24772.709911874106 10113.31519760157 58959.9219885819
2021 2 5 24964.20943321875 9859.154610375106 61353.21168847571
2021 2 6 25155.806642616157 9610.835351371818 63840.25126538983
2021 2 7 25371.57930410758 9377.444913617552 66485.72705018101
2021 2 8 25508.130142880746 9119.757368819004 69028.3795234451
2021 2 9 25647.426360168163 8869.869735770755 71673.7127013197
2021 2 10 25789.4036175641 8627.493331802343 74425.78799984549
2021 2 11 25991.64353925681 8411.637184658524 77455.17968935144
2021 2 12 26282.436156358162 8229.326580598636 80867.03943273542
2021 2 13 26609.073596253053 8061.172058526624 84529.46872499444
2021 2 14 26941.393273521462 7896.945156777298 88362.92283799993
2021 2 15 27279.424187790886 7736.521508406633 92375.34553436562
2021 2 16 27632.53337731545 7582.430223601999 96606.66316551015
2021 2 17 27958.267118909516 7422.641938128739 100920.11169137582
2021 2 18 28343.08468185327 7280.887697208842 105625.56674886981
2021 2 19 28734.536390128364 7142.184201112685 110555.40070085016
2021 2 20 29059.488249075348 6988.250215730942 115438.66595531901
2021 2 21 29388.99052437594 6837.844505630768 120541.10487916721
2021 2 22 29721.212643565857 6690.439456079083 125864.90519308764
2021 2 23 30060.561264571097 6546.970877948304 131438.1111909938
2021 2 24 30404.882133130257 6406.817876155966 137262.8941263832
2021 2 25 30754.201655117446 6269.887419517827 143350.56841785173
2021 2 26 31108.547979639236 6136.090147167508 149712.95801899175
2021 2 27 31491.359479416955 6009.957443596786 156475.07517042552
2021 2 28 32045.060907833857 5918.131914830254 164368.33367084878
