2020 4 12 22107
2020 4 13 23633
2020 4 14 25931
2020 4 15 28416
2020 4 16 32994
2020 4 17 36851
2020 4 18 38743
2020 4 19 40746
2020 4 20 42205
2020 4 21 44548
2020 4 22 46713
2020 4 23 50032
2020 4 24 52027
2020 4 25 53835
2020 4 26 54977
2020 4 27 56356
2020 4 28 58434
2020 4 29 61043
2020 4 30 63053
2020 5 1 65011
2020 5 2 66455
2020 5 3 67784
2020 5 4 69030
2020 5 5 71159
2020 5 6 73531
2020 5 7 75757
2020 5 8 77272
2020 5 9 78876
2020 5 10 79617
2020 5 11 80773
2020 5 12 82474
2020 5 13 84207
2020 5 14 85993
2020 5 15 87631
2020 5 16 88856
2020 5 17 89671
2020 5 18 90466
2020 5 19 92015
2020 5 20 93535
2020 5 21 94789
2020 5 22 96066
2020 5 23 97188
2020 5 24 97813
2020 5 25 98314
2020 5 26 99006
2020 5 27 100504
2020 5 28 101686
2020 5 29 102891
2020 5 30 103859
2020 5 31 104464
2020 6 1 105236
2020 6 2 106258
2020 6 3 107253
2020 6 4 108302
2020 6 5 109447
2020 6 6 110164
2020 6 7 110617
2020 6 8 111111
2020 6 9 112083
2020 6 10 113007
2020 6 11 113902
2020 6 12 114750
2020 6 13 115516
2020 6 14 115814
2020 6 15 116214
2020 6 16 117050
2020 6 17 117813
2020 6 18 118508
2020 6 19 119201
2020 6 20 119794
2020 6 21 120058
2020 6 22 120489
2020 6 23 121314
2020 6 24 122067
2020 6 25 124493
2020 6 26 125131
2020 6 27 125639
2020 6 28 125917
2020 6 29 126265
2020 6 30 127526
2020 7 1 128178
2020 7 2 128869
2020 7 3 129566
2020 7 4 129834
2020 7 5 130119
2020 7 6 130462
2020 7 7 131651
2020 7 8 132465
2020 7 9 133459
2020 7 10 134262
2020 7 11 134957
2020 7 12 135388
2020 7 13 135810
2020 7 14 136717
2020 7 15 137662
2020 7 16 138624
2020 7 17 139517
2020 7 18 140377
2020 7 19 140809
2020 7 20 141211
2020 7 21 142316
2020 7 22 143509
2020 7 23 144631
2020 7 24 145887
2020 7 25 146789
2020 7 26 147311
2020 7 27 148440
2020 7 28 149733
2020 7 29 151123
2020 7 30 152476
2020 7 31 153756
2020 8 1 154876
2020 8 2 155298
2020 8 3 155872
2020 8 4 157255
2020 8 5 158666
2020 8 6 160496
2020 8 7 161736
2020 8 8 162802
2020 8 9 163338
2020 8 10 163885
2020 8 11 164933
2020 8 12 166435
2020 8 13 167503
2020 8 14 168838
2020 8 15 169867
2020 8 16 170440
2020 8 17 170895
2020 8 18 172193
2020 8 19 173534
2020 8 20 174616
2020 8 21 175711
2020 8 22 176682
2020 8 23 177135
2020 8 24 177595
2020 8 25 178814
2020 8 26 180034
2020 8 27 181146
2020 8 28 182111
2020 8 29 183009
2020 8 30 183446
2020 8 31 183920
2020 9 1 184972
2020 9 2 186022
2020 9 3 187082
2020 9 4 188040
2020 9 5 188825
2020 9 6 189232
2020 9 7 189509
2020 9 8 189962
2020 9 9 191145
2020 9 10 192061
2020 9 11 193255
2020 9 12 193977
2020 9 13 194367
2020 9 14 194779
2020 9 15 196069
2020 9 16 197056
2020 9 17 197917
2020 9 18 198839
2020 9 19 199547
2020 9 20 199787
2020 9 21 200215
2020 9 22 201234
2020 9 23 202309
2020 9 24 203229
2020 9 25 204157
2020 9 26 204907
2020 9 27 205185
2020 9 28 205509
2020 9 29 206400
2020 9 30 207361
2020 10 1 208222
2020 10 2 209134
2020 10 3 209817
2020 10 4 210169
2020 10 5 210624
2020 10 6 211332
2020 10 7 212237
2020 10 8 213196
2020 10 9 214143
2020 10 10 214772
2020 10 11 215179
2020 10 12 215522
2020 10 13 216316
2020 10 14 217300
2020 10 15 218116
2020 10 16 219006
2020 10 17 219729
2020 10 18 220137
2020 10 19 220590
2020 10 20 221508
2020 10 21 222681
2020 10 22 223533
2020 10 23 224481
2020 10 24 225402
2020 10 25 225761
2020 10 26 226231
2020 10 27 227212
2020 10 28 228215
2020 10 29 229191
2020 10 30 230204
2020 10 31 231112
2020 11 1 231535
2020 11 2 232043
2020 11 3 233621
2020 11 4 234744
2020 11 5 235897
2020 11 6 237111
2020 11 7 238145
2020 11 8 238629
2020 11 9 239331
2020 11 10 240747
2020 11 11 242223
2020 11 12 243564
2020 11 13 244739
2020 11 14 246001
2020 11 15 246650
2020 11 16 247395
2020 11 17 249074
2020 11 18 250952
2020 11 19 252926
2020 11 20 254820
2020 11 21 256300
2020 11 22 257181
2020 11 23 258137
2020 11 24 260246
2020 11 25 262534
2020 11 26 263766
2020 11 27 265196
2020 11 28 266428
2020 11 29 267270
2020 11 30 268469
2020 12 1 271030
2020 12 2 273814
2020 12 3 276663
2020 12 4 279276
2020 12 5 281478
2020 12 6 282603
2020 12 7 284058
2020 12 8 286608
2020 12 9 289663
2020 12 10 292549
2020 12 11 295861
2020 12 12 298157
2020 12 13 299536
2020 12 14 301021
2020 12 15 304083
2020 12 16 307755
2020 12 17 311101
2020 12 18 313898
2020 12 19 316382
2020 12 20 317877
2020 12 21 319664
2020 12 22 323037
2020 12 23 326391
2020 12 24 329258
2020 12 25 330434
2020 12 26 332075
2020 12 27 333289
2020 12 28 335130
2020 12 29 338793
2020 12 30 342542
2020 12 31 345955
2021 1 1 347982
2021 1 2 350310
2021 1 3 351657
2021 1 4 353652
2021 1 5 357402
2021 1 6 361292
2021 1 7 365242
2021 1 8 369279
2021 1 9 372530
2021 1 10 374354
2021 1 11 376360
2021 1 12 380826
2021 1 13 384790
2021 1 14 388720
2021 1 15 392525
2021 1 16 395877
2021 1 17 397628
2021 1 18 399033
2021 1 19 401807
2021 1 20 406184
2021 1 21 410387
2021 1 22 414147
2021 1 23 417476
2021 1 24 419251
2021 1 25 421168
2021 1 26 425252
2021 1 27 429195
2021 1 28 433195
2021 1 29 436799
2021 1 30 439530
2021 1 31 442541.53825910523
2021 2 1 445533.98352834483
2021 2 2 448496.80628789734
2021 2 3 451415.63144471915
2021 2 4 454284.1013122891
2021 2 5 457107.4105833582
2021 2 6 459894.543665266
2021 2 7 462653.76090890326
2021 2 8 465385.2077921222
2021 2 9 468086.28820553893
2021 2 10 470756.95839259046
2021 2 11 473397.35200907575
2021 2 12 476007.9643727744
2021 2 13 478589.3125126745
2021 2 14 481141.93641144293
2021 2 15 483666.4824782638
2021 2 16 486163.6928672765
2021 2 17 488634.3363162584
2021 2 18 491079.19023681426
2021 2 19 493499.0701054482
2021 2 20 495894.7253069755
2021 2 21 498266.8139462494
2021 2 22 500615.92107816227
2021 2 23 502942.6237134865
2021 2 24 505247.51603727083
2021 2 25 507531.22713273123
2021 2 26 509794.35824128304
2021 2 27 512037.44683462696
2021 2 28 514260.99938917026
2021 3 1 516465.4488600205
2021 3 2 518651.19143179164
2021 3 3 520818.6142490528
2021 3 4 522968.07208116114
2021 3 5 525099.9624524555
2021 3 6 527214.6907222079
2021 3 7 529312.6721418969
2021 3 8 531394.3286854587
2021 3 9 533460.0996707808
2021 3 10 535510.4245491911
2021 3 11 537545.7411689435
2021 3 12 539566.5181074366
2021 3 13 541581.2700136616
2021 3 14 543590.5168201339
2021 3 15 545594.7516652428
2021 3 16 547594.642429428
2021 3 17 549591.1827128953
2021 3 18 551585.2069941098
2021 3 19 553577.6153004088
2021 3 20 555569.1345111142
2021 3 21 557560.6807287305
2021 3 22 559553.1252962246
2021 3 23 561547.297398599
2021 3 24 563544.0256220491
2021 3 25 565544.0994707888
2021 3 26 567548.2716561602
2021 3 27 569557.0039858466
2021 3 28 571570.7371742477
2021 3 29 573589.6213125965
2021 3 30 575613.781507896
