2021 12 15 121551 1129.28000 1129.28000
2021 12 16 123124 2222.73000 2348.28000
2021 12 17 124662 3283.0000 3663.0000
2021 12 18 126177 4311.9000 5079.000
2021 12 19 127786 5316.0000 6609.7000
2021 12 20 129402 6296.4000 8261.5000
2021 12 21 130892 7246.6000 10035.000
2021 12 22 132280 8166.000 11938.000
2021 12 23 133491 9050.6000 13971.000
2021 12 24 134541 9897.1000 16135.000
2021 12 25 135566 10710.00 18452.000
2021 12 26 136391 11493.000 20900.00
2021 12 27 137220 12246.000 23514.000
2021 12 28 137968 12965.000 26290.00
2021 12 29 138826 13672.000 29311.000
2021 12 30 139678 14357.000 32500.0
2021 12 31 140486 15017.000 36010.00
2022 1 1 141363 15665.000 39760.00
2022 1 2 142113 16270.00 43760.00
2022 1 3 142899 16870.000 48090.00
2022 1 4 143686 17449.000 52760.00
2022 1 5 144424 18009.000 57860.00
2022 1 6 145211 18560.000 63400.0
2022 1 7 146014 19102.000 69460.00
2022 1 8 146800 19627.000 76040.00
2022 1 9 147576 20138.000 83210.00
2022 1 10 148252 20620.00 90970.00
2022 1 11 148967 21100.000 99560.00
2022 1 12 149616 21556.000 108900.0
2022 1 13 150221 21994.000 119000
2022 1 14 150803 22419.000 130200.0
2022 1 15 151383 22832.000 142500.0
2022 1 16 151946 23230.000 156000.0
2022 1 17 152475 23612.000 170900.0
2022 1 18 152892 23955.000 187200.0
2022 1 19 153314 24292.000 205200.0
2022 1 20 153724 24618.000 225100.0
2022 1 21 154075 24921.000 246700.0
2022 1 22 154372 25199.000 270600.0
2022 1 23 154665 25467.000 297000.0
2022 1 24 154900 25713.000 326000
2022 1 25 155142 25960.000 357000
2022 1 26 155319 26183.000 391000
2022 1 27 155471 26394.000 429000
2022 1 28 155625 26601.000 471000
2022 1 29 155784 26799.000 518000
2022 1 30 155868 26983.000 570000
2022 1 31 155911 27155.000 628000
2022 2 1 155979 27327.000 693000
2022 2 2 156006 27489.000 765000
2022 2 3 156062 27651.000 845000
2022 2 4 156109 27798.000 934000
2022 2 5 156114 27939.000 934000
2022 2 6 156109 28072.000 934000
