2021 1 31 148687.99488870805 144206.05732122407 153169.93245619204
2021 2 1 146749.22002385935 138036.95462973652 155728.07607668504
2021 2 2 144938.22567189648 132228.17988787958 158437.7160318141
2021 2 3 143228.37800345072 126735.73362520209 161280.64007782942
2021 2 4 141558.00521278233 121488.5114732551 164196.31274761102
2021 2 5 140541.0747506721 117002.62083800341 167900.0423942013
2021 2 6 139548.5444497245 112696.60062810106 171707.7385162059
2021 2 7 138579.14887215447 108562.07631970556 175621.62827075936
2021 2 8 137929.5376114662 104824.4778910162 180021.46006515762
2021 2 9 137424.6616361628 101323.24077776239 184716.45009700133
2021 2 10 136767.42025342328 97825.2466896586 189326.60351496746
2021 2 11 135904.47716594225 94298.63428698355 193762.7138343632
2021 2 12 136109.57180012012 91636.4470688963 199817.73429180813
2021 2 13 136598.93961680168 89240.59721389403 206478.84933097658
2021 2 14 136352.9561942521 86425.83006521613 212247.82461927773
2021 2 15 136117.86858903282 83706.46984616356 218194.25483473064
2021 2 16 135893.09939472142 81078.76951323876 224323.17339877874
2021 2 17 135498.67514947403 78432.11371089303 230343.58103511797
2021 2 18 135381.19668788137 76031.49750824278 236994.41816056817
2021 2 19 135356.82798635497 73756.59254109336 244000.10552706855
2021 2 20 135397.25045037345 71585.05663444773 251329.67239097194
2021 2 21 134615.37284290232 69042.69526953703 257353.00558156517
2021 2 22 133869.64910905214 66606.85367631332 263581.17907141655
2021 2 23 133392.56272725077 64388.55424041842 270480.87671457167
2021 2 24 132923.62146759516 62247.24481395117 277574.2543038931
2021 2 25 132578.7692307542 60234.484946370045 285109.3392258041
2021 2 26 132194.85410845026 58268.653605171 292763.0447000393
2021 2 27 131817.52676989496 56369.39347577732 300634.33989220485
2021 2 28 131881.78137113882 54720.41351868367 309721.91780768096
2021 3 1 131934.961770047 53115.063444598134 319058.11400621757
2021 3 2 132173.32283250033 51631.35239509726 329123.5089081618
2021 3 3 132416.57409086393 50190.82924085071 339517.5436924551
2021 3 4 132664.51740640617 48792.10569564557 350250.7146563875
2021 3 5 132916.9646928417 47433.84767914155 361333.8587766971
2021 3 6 133409.7873360327 46199.01129203338 373419.8647605061
2021 3 7 134333.49932886093 45144.90280127055 387111.0908488803
2021 3 8 135138.80352163987 44072.903394040026 400944.6497012193
2021 3 9 136079.86463843903 43069.05946027893 415661.01128694625
2021 3 10 136879.39097722602 42041.21035684249 430465.1851405945
2021 3 11 137953.4828620667 41120.77841716019 446645.3185616032
2021 3 12 139038.9366889674 40221.372437000005 463443.1214304955
2021 3 13 140135.73994735128 39342.45106694818 480882.032083256
2021 3 14 141290.15471266359 38496.48109921783 499145.158279631
2021 3 15 142456.65533849312 37669.403655555274 518110.9889910465
2021 3 16 143635.254058509 36860.74799763065 537806.431063467
2021 3 17 144522.39961381553 35992.15463691197 557122.7905949508
2021 3 18 145417.28362510414 35144.591581317785 577141.6432852397
2021 3 19 145998.92633387606 34239.94375617073 596614.6201607274
2021 3 20 146561.79859290007 33353.63454798011 616658.4115269112
2021 3 21 146955.295396703 32451.228394077658 636653.814338949
2021 3 22 146684.56948401127 31426.327988585195 654415.3900208027
2021 3 23 146416.11652021343 30434.176913734507 672680.3993482618
2021 3 24 146289.68874268385 29502.768090931935 692105.442697486
2021 3 25 146164.96704609742 28600.186197829356 712098.9796010884
2021 3 26 146041.86745677024 27725.513698394556 732677.4743266355
2021 3 27 145920.31031373338 26877.864239729442 753857.8720373966
2021 3 28 145660.84215370513 26030.708661392713 774937.5545048527
2021 3 29 145403.13047111 25210.485778150945 796613.5658328554
2021 3 30 145147.10291927884 24416.320913033156 818902.6121222425
2021 3 31 144868.3457365006 23643.273966970948 841684.5189810281
2021 4 1 144873.60434895882 22940.968012094487 866747.2397247062
