2022 6 3 904.1386575556545 887.1098231470584 921.1674919642508
2022 6 4 909.0510028398883 875.1696071993667 943.5758452058611
2022 6 5 914.1095010711734 863.5051135277422 966.6533052492998
2022 6 6 919.8104212366833 852.5763550907116 990.9447635648829
2022 6 7 920.3330445794808 836.9531723542445 1010.2295838622533
2022 6 8 920.3931380969011 821.1953835049085 1029.3816720177545
2022 6 9 920.497227031505 805.7735256191385 1048.9460491670445
2022 6 10 920.494308179945 790.5476051672941 1068.76031252717
2022 6 11 920.5345101396156 775.646427574074 1088.9989274982224
2022 6 12 912.3296321997057 754.0787829531786 1099.866800938976
2022 6 13 904.0975059628007 733.0278807381316 1110.7221187432835
2022 6 14 895.9807545608661 712.5979555833117 1121.7350615769833
2022 6 15 887.9771918098987 692.7694911171799 1132.9076764366903
2022 6 16 880.4950278084852 673.8437660664397 1144.7655740437438
2022 6 17 871.5479421021278 654.2657169390781 1154.7610168095255
2022 6 18 862.4641832887114 635.0856449207203 1164.5421901027696
2022 6 19 852.4413294222334 615.7066152285358 1173.0103635987566
2022 6 20 842.5714323118476 596.9452665756819 1181.5903126669562
2022 6 21 833.107024221975 578.9619172440304 1190.6414035301968
2022 6 22 824.7981905638488 562.2495055212574 1201.2613889110514
2022 6 23 817.1513114210761 546.4142705050976 1212.8195012391168
2022 6 24 807.1776886490444 529.4217621186291 1220.9302347943913
2022 6 25 797.3586469065366 512.9792360904639 1229.144896647185
2022 6 26 787.4812841329077 496.93300846851236 1237.140797894811
2022 6 27 777.7576882954966 481.4085353147983 1245.238060067392
2022 6 28 765.8929958003631 464.96946530568385 1249.7680618731722
2022 6 29 754.2918056903203 449.14184357177953 1254.4491755884665
2022 6 30 741.6375145536279 433.12129285164843 1257.1041819756133
2022 7 1 729.1869709628577 417.6671923213361 1259.7503222543392
2022 7 2 717.7269706403124 403.2121514002808 1263.7522019460387
2022 7 3 704.6142708581652 388.22773179368284 1264.539643832898
2022 7 4 691.6912853764862 373.77270528584154 1265.2381099729182
2022 7 5 679.0307719536585 359.86964493562374 1265.983529380882
2022 7 6 666.6143955265758 346.49030378046837 1266.7525115032972
2022 7 7 652.2051223241422 332.4545140132698 1263.303466312079
2022 7 8 638.3671715544215 319.1197519621877 1260.3671484324511
2022 7 9 624.791917294214 306.3043979057555 1257.3766364327214
2022 7 10 612.3876440891537 294.4362340650985 1256.168815200029
2022 7 11 600.2508585915582 283.03812037469845 1255.0056822718964
2022 7 12 587.3811524319935 271.62222930635966 1251.8083202344776
2022 7 13 574.8073283782518 260.67600479940273 1248.6616178617908
2022 7 14 562.5219932790969 250.17967156267935 1245.5648082837022
2022 7 15 550.021583654238 239.8935493011131 1241.4180454567736
2022 7 16 538.2565515106447 230.22992061031871 1238.3178901638635
2022 7 17 526.760734812506 220.96308269038823 1235.2658752599164
2022 7 18 515.5879116981662 212.10173579135514 1232.4030552156134
2022 7 19 505.0125613532449 203.74405684225704 1230.408550143129
2022 7 20 494.67011064292933 195.72215420596785 1228.456221175046
2022 7 21 484.55497114469415 188.02222710034212 1226.5454875890698
