2021 1 31 4485.873939079066 4387.865168038797 4583.882710119335
2021 2 1 4449.214072262608 4256.952300703788 4645.722155466211
2021 2 2 4399.191694801315 4116.8735142533515 4694.130334740155
2021 2 3 4349.146600251922 3980.856577114033 4742.418579046551
2021 2 4 4300.289094828324 3849.8994098407775 4791.877746871313
2021 2 5 4252.820052659579 3724.001976321861 4842.788316422256
2021 2 6 4205.398665178953 3601.8044704551135 4893.697362654278
2021 2 7 4154.611599079746 3480.2812018743207 4940.609721484578
2021 2 8 4105.1333419377 3363.4406646902403 4988.798841669362
2021 2 9 4076.2101513852813 3266.881221221028 5061.721616589337
2021 2 10 4036.0054000357472 3163.888922572864 5121.448154654946
2021 2 11 3996.776456618858 3064.597667435732 5182.6144881067285
2021 2 12 3958.473754631554 2968.8402830253112 5245.217972421232
2021 2 13 3927.6586916650162 2881.4153637005174 5318.01286267553
2021 2 14 3887.064324987231 2789.2145979311945 5378.25214120821
2021 2 15 3843.268312151368 2697.3656647235375 5434.163366128908
2021 2 16 3800.3925683237544 2608.840876005624 5491.259323879188
2021 2 17 3757.42205845285 2522.827973257808 5548.1271110819025
2021 2 18 3704.7036859916775 2432.7797161495437 5590.472931305499
2021 2 19 3653.0777229735777 2346.177224703679 5633.674255257913
2021 2 20 3600.5815847956947 2261.6367102917725 5674.757994671304
2021 2 21 3549.149242450039 2180.3368173480094 5716.628983166953
2021 2 22 3498.741320069151 2102.1374349521743 5759.2755957812415
2021 2 23 3449.320673110681 2026.9057597254143 5802.687010289308
2021 2 24 3400.8522385538427 1954.5158239401678 5846.853164597458
2021 2 25 3358.1911655332638 1887.6574146346654 5900.168784970333
2021 2 26 3316.1418180691876 1823.1290840937745 5954.105112515066
2021 2 27 3260.80960781892 1753.214571555086 5983.739870060871
2021 2 28 3206.5963354463556 1686.086395028429 6013.881208019198
2021 3 1 3148.1144709203386 1618.8100233226512 6034.478322909391
2021 3 2 3090.8696958471523 1554.3057123968763 6055.472801220322
2021 3 3 3039.984428421848 1495.0462419913606 6086.96020627562
2021 3 4 2993.849125802178 1439.970112960314 6126.444809800012
2021 3 5 2948.811924607602 1387.1143397119336 6166.999871459705
2021 3 6 2904.58230886048 1336.2598881988442 6208.095436987748
2021 3 7 2857.7073177329858 1285.7476524707715 6242.392846567552
2021 3 8 2821.0770054520185 1241.4137961078986 6297.605809684835
2021 3 9 2784.340569656208 1198.355298987657 6352.022067309749
2021 3 10 2754.718550095938 1159.6463757173424 6422.0475507554565
2021 3 11 2725.50570126539 1122.227399602811 6493.064210930886
2021 3 12 2696.691024253128 1086.052233386481 6565.076741232849
2021 3 13 2668.2640555866665 1051.076635384624 6638.090180293156
2021 3 14 2640.214835049493 1017.2581635099308 6712.109902822493
2021 3 15 2612.5338755803405 984.5560853516934 6787.141611030525
2021 3 16 2585.212135111215 952.9312938624233 6863.19132658704
2021 3 17 2558.240990211405 922.3462282370464 6940.265383091566
2021 3 18 2533.501018898761 893.445788794518 7023.494574739459
2021 3 19 2522.582438999904 870.2406814029698 7145.37493368179
2021 3 20 2510.7328265823194 847.3008500031865 7266.599814582169
2021 3 21 2502.424686745197 826.1420817795864 7399.970019221801
2021 3 22 2494.192623900382 805.5277292721214 7535.931754333231
2021 3 23 2482.985706025432 784.4582484098701 7665.321531068272
2021 3 24 2471.872650424937 763.9536088524723 7797.067206057319
2021 3 25 2460.8504802780694 743.9976486644829 7931.207015257841
2021 3 26 2448.0861241200364 724.0213966892659 8061.881162345058
2021 3 27 2438.2475243006825 705.4272160382895 8204.12517099212
2021 3 28 2426.6830496628804 686.7998024676227 8342.938732522038
2021 3 29 2415.2063264448384 668.6735736578074 8484.214131759903
2021 3 30 2404.216919311255 651.1456286601856 8629.403012664323
2021 3 31 2393.3069338979885 634.0851114744038 8777.182078336535
2021 4 1 2382.4742775601853 617.4789639484026 8927.593900672096
