2020 6 24 4.426978064996375 3.8428455977177336 5.011110532275016
2020 6 25 4.355003363423276 3.2815545269408855 5.580096622550118
2020 6 26 4.279780326308993 2.798916955295496 6.2080267125649735
2020 6 27 4.2036855032031415 2.385843869302144 6.9034686992153595
2020 6 28 4.137473632168 2.038574701891901 7.690824498558552
2020 6 29 4.072304658338806 1.7418519579863434 8.567979959748522
2020 6 30 4.00609630849036 1.4874347752575987 9.540830466129087
2020 7 1 3.9409643873370706 1.2701781000971664 10.624143194901768
2020 7 2 3.8708937376643795 1.0827211673090638 11.814291947800411
2020 7 3 3.805996294613063 0.9240282372717095 13.149751360937632
2020 7 4 3.7421868892088717 0.7885947084580609 14.636167924280443
2020 7 5 3.677548899346501 0.672611435293495 16.283180666860137
2020 7 6 3.610296206996934 0.5730040854332034 18.09901164254677
2020 7 7 3.541220933490634 0.48766316866298837 20.102033890861346
2020 7 8 3.4717905970778946 0.41480168872712964 22.31721336715191
2020 7 9 3.404337958341645 0.3529000504755116 24.780460965121602
2020 7 10 3.3381958417539126 0.30023611043576093 27.515587880149493
2020 7 11 3.273338785474598 0.2554313094830502 30.552602611220813
2020 7 12 3.2097418223559675 0.2173128134704694 33.924825825458804
2020 7 13 3.147380470331386 0.18488281250261043 37.66925593648238
