2021 7 21 785.9410587197622 736.9069654096195 834.9751520299047
2021 7 22 815.9360214629884 717.4132125095002 920.7957878552944
2021 7 23 847.2772825448948 698.6123581452059 1015.6647249470816
2021 7 24 878.9562046236148 679.5899914895676 1119.2695916157247
2021 7 25 911.8195726030384 661.0855807918546 1233.4428753355621
2021 7 26 941.3093065751148 639.748225198192 1353.0368848134171
2021 7 27 976.2935728856477 622.185643506055 1490.7535908350521
2021 7 28 1011.7162629255072 604.5559853909696 1641.1716676262097
2021 7 29 1067.584324638049 598.875097327285 1837.8479539619689
2021 7 30 1128.227143435342 594.195429238748 2061.0024760781853
2021 7 31 1187.397055943424 586.9623859409813 2302.269416221189
2021 8 1 1248.9246214102036 579.448861022843 2570.3342703365847
2021 8 2 1308.2514806302534 569.5312940292921 2858.5207266781163
2021 8 3 1370.5552633651457 559.8525847058378 3179.3655986009244
2021 8 4 1430.2537431190142 548.0620934800799 3523.295855643583
2021 8 5 1489.1039265690554 535.1984196745736 3895.935636352903
2021 8 6 1556.5567943670758 524.85825327041 4324.159325432308
2021 8 7 1631.2291853782626 516.1219514324547 4811.019334646933
2021 8 8 1716.1798911703802 509.6497070464077 5372.44410614236
2021 8 9 1805.157978957217 503.1408311346371 5998.142953031104
2021 8 10 1890.1196911817422 494.30980905098403 6668.039264980388
2021 8 11 1983.654302257391 486.83001546850073 7428.8888797960835
2021 8 12 2081.817574422541 479.4634045722845 8276.554440553407
2021 8 13 2179.699307734954 471.0246420667142 9200.510171742813
2021 8 14 2279.33538746135 462.11900632360897 10215.591416587282
2021 8 15 2386.7551144747035 454.03644408998684 11357.138032204266
2021 8 16 2496.281412144869 445.5329477050682 12612.182162610654
2021 8 17 2615.711696350318 438.0593135662177 14030.56265398046
2021 8 18 2740.2865971603333 430.6157013238249 15605.402039018427
2021 8 19 2872.905922505168 423.6303741812796 17369.031297426092
2021 8 20 3017.966336040544 417.64646909997845 19368.388212285496
2021 8 21 3156.432916960222 409.8209796824143 21508.568542887777
2021 8 22 3301.570273450561 402.1833825821617 23887.401580931353
2021 8 23 3453.3812557720776 394.6881229715881 26529.33193349886
2021 8 24 3611.31341940347 387.2343376412708 29456.856670490008
2021 8 25 3780.5114427696026 380.3548645742463 32740.414942206924
2021 8 26 3935.8087753497734 371.40150935983337 36200.95446649366
2021 8 27 4092.805953787134 362.2173299481231 39984.21860397718
2021 8 28 4256.065660574872 353.26026095287796 44162.861475113044
2021 8 29 4468.684155815891 348.0810103230204 49222.79719599505
2021 8 30 4659.850305416841 340.4793381723447 54509.17501577799
2021 8 31 4859.19436499733 333.0436774321528 60363.293639526586
2021 9 1 5064.446125638472 325.59082719562616 66813.57911897251
2021 9 2 5275.675195526789 318.1316573134687 73917.60630109611
2021 9 3 5504.009257207379 311.34357623673816 81893.19843571485
2021 9 4 5768.5948891729495 306.19195015078833 91121.68626877284
2021 9 5 6037.888412306306 300.70034188111583 101263.58101563291
2021 9 6 6320.598024189969 295.3492966872081 112548.44181547497
2021 9 7 6616.562705574123 290.09430991135497 125091.21100768582
2021 9 8 6926.386058604788 284.93282221040783 139031.78772589515
2021 9 9 7253.778936376543 279.9891289201296 154587.40937519164
2021 9 10 7605.3089211371735 275.4655583634697 172068.07721986316
2021 9 11 7973.874623593322 271.0150716821017 191525.4503442906
2021 9 12 8368.568285713414 266.9174544509281 213381.61157973294
2021 9 13 8782.798634108562 262.88179121688466 237731.9154113208
2021 9 14 9141.140790245952 256.62062549143445 262793.2153287616
2021 9 15 9517.291207472119 250.5980744524876 290588.07787607214
2021 9 16 9911.996377517497 244.79787087398552 321416.65383164794
2021 9 17 10288.149086830446 238.26944627329698 354383.43081235496
2021 9 18 10678.576504823111 231.91512583297026 390731.51480232767
2021 9 19 11083.82034581217 225.73026643303243 430807.7166862819
2021 9 20 11504.442881759811 219.71034877917347 474994.4187387623
2021 9 21 11926.121579508592 213.56629852846177 523097.77957046183
2021 9 22 12363.25629941878 207.59406245806989 576072.6362177307
2021 9 23 12812.5097460676 201.72328613919535 634230.4316850603
