2021 1 31 1609.2379290019446 1540.192096105571 1678.2837618983185
2021 2 1 1571.0409719069519 1439.1127354544772 1708.7541042403695
2021 2 2 1548.1508010198252 1357.857875744623 1755.4400736201965
2021 2 3 1529.1975581272827 1284.3513077987045 1807.4874756686218
2021 2 4 1511.991177760767 1216.0962420736955 1862.8685439300466
2021 2 5 1495.5287867335217 1151.9111721409402 1920.6245863167924
2021 2 6 1488.1216617462405 1097.9504049257216 1991.5702732519223
2021 2 7 1470.1998028296996 1038.732467008768 2051.01552645813
2021 2 8 1452.8316448694084 982.9471562528655 2112.706466298627
2021 2 9 1436.1151346685558 930.4598748901677 2176.902216779516
2021 2 10 1419.7110598386244 880.8531104357813 2243.2306300873083
2021 2 11 1402.1105322756516 833.0325029492271 2309.3934808595573
2021 2 12 1385.7121144079733 788.3925958144572 2379.1283528808463
2021 2 13 1369.3196351669287 746.0390798601142 2450.649867126707
2021 2 14 1357.776367208507 708.497170980287 2532.6529727036404
2021 2 15 1346.317911606395 672.8379116657505 2617.3767383198715
2021 2 16 1346.6202934023677 644.8027004469884 2727.6109834961067
2021 2 17 1337.3292298670588 613.3419699077026 2823.0560020530716
2021 2 18 1326.8990925835733 582.8644319280102 2919.30098160356
2021 2 19 1331.7283565301022 560.5685863066642 3052.2203171172673
2021 2 20 1343.399492817818 541.998178141502 3206.8324010459573
2021 2 21 1355.7422723116629 524.2726761228938 3370.635571681216
2021 2 22 1366.3461691215718 506.4105804667924 3538.200579512248
2021 2 23 1377.0916575604963 489.1787895352491 3714.24766194203
2021 2 24 1390.8882010426094 473.58714526654717 3907.0554409035935
2021 2 25 1404.8768523608 458.5108026952359 4110.0232998337015
2021 2 26 1417.8864991909807 443.5489706013908 4320.259440973005
2021 2 27 1430.2886372793675 428.84763302408925 4539.031450911186
2021 2 28 1442.84676481461 414.6478129448233 4769.032545245566
2021 3 1 1455.560684189424 400.93125568515444 5010.838708500205
2021 3 2 1467.7865668189036 387.50315490636916 5262.839503361767
2021 3 3 1480.1175279539884 374.5254222564388 5527.522268132618
2021 3 4 1490.6691102543948 361.5058595610259 5798.48467320087
2021 3 5 1501.1090790297596 348.8935839809107 6082.003056467964
2021 3 6 1499.8028297862538 333.9742319766162 6331.496064013681
2021 3 7 1495.3628208309474 318.99478495032815 6577.989524810821
2021 3 8 1468.806324907359 299.9664457070973 6736.7327029085645
2021 3 9 1444.8613119488023 282.5101769524667 6909.121291312183
2021 3 10 1422.5914611460007 266.3209736974692 7092.064930903828
2021 3 11 1397.685228876267 250.5016787778968 7264.998266333695
2021 3 12 1373.240132934144 235.62653602458295 7442.278816440052
2021 3 13 1349.2459899875805 221.63871796285713 7624.012268913421
2021 3 14 1325.692944416068 208.48486801778262 7810.306981132044
2021 3 15 1302.1946970535062 196.05563284900256 7999.054394619953
2021 3 16 1279.1319994513074 184.37025717861005 8192.480104878292
2021 3 17 1256.3263405854043 173.35953261597083 8389.613277229064
2021 3 18 1227.9992073168385 162.1883655756467 8551.902941374614
2021 3 19 1199.7983695716166 151.66938361076518 8713.763462345603
2021 3 20 1172.259447004696 141.83443280988737 8878.79125184283
2021 3 21 1155.1332371333012 133.82060553353892 9121.023643150646
2021 3 22 1144.7600537164408 127.0129125557365 9421.21143267968
2021 3 23 1133.1647819627046 120.40561110441583 9720.454653288773
2021 3 24 1122.5136523703836 114.2298673462855 10036.294150333319
2021 3 25 1111.9729802650206 108.37193716315115 10362.488458111027
2021 3 26 1102.150851707475 102.87479524371628 10705.058285004077
2021 3 27 1092.4246475915409 97.65735005747223 11059.042024243285
2021 3 28 1082.792904650078 92.70528667606875 11424.818293337119
2021 3 29 1073.2542094214425 88.00503101707923 11802.77830182412
2021 3 30 1063.8071956216395 83.54371070275803 12193.32626932762
2021 3 31 1054.450541670778 79.30911806412375 12596.879857511884
2021 4 1 1045.1829683644428 75.28967516541886 13013.870616400995
