2020 6 24 39.62401386161893 34.120296582959625 45.12773114027822
2020 6 25 40.042839546846935 29.68888977414003 51.94273916631679
2020 6 26 40.46935750141635 25.83543722129687 59.79115788767885
2020 6 27 40.88061814769286 22.469500883999054 68.79619923092686
2020 6 28 41.27605653806958 19.531097565733774 79.1238142318938
2020 6 29 41.68541754279066 16.981735945749243 91.02115661925238
2020 6 30 42.11583457671593 14.772062107006551 104.74453785109496
2020 7 1 42.53695852159256 12.84509403943419 120.50284611356241
2020 7 2 42.99351135279037 11.17891981847113 138.72035287983178
2020 7 3 43.43042313880097 9.722488789012365 159.61278174330187
2020 7 4 43.882399510517594 8.458185435774482 183.69082940041145
2020 7 5 44.34623631687012 7.359670349915912 211.43107791372873
2020 7 6 44.836673093147496 6.40742683749471 243.4639934901517
2020 7 7 45.37092379032022 5.583877143777209 280.55852224417487
2020 7 8 45.92966917069503 4.868409839246512 323.41693000805446
2020 7 9 46.50971502570907 4.246144441321374 372.92396799070366
2020 7 10 47.097086280622435 3.703415121549192 430.0092944994187
2020 7 11 47.69187544792051 3.230055819356702 495.83295584932
2020 7 12 48.29417620842898 2.8171998692373736 571.7325724144459
2020 7 13 48.904083426068816 2.457113916010198 659.2505207721117
