2022 1 26 1428.6168843898222 1355.5826757163893 1501.651093063255
2022 1 27 1474.7819606304904 1327.9590333038482 1629.3015563096671
2022 1 28 1521.9490941426134 1300.4573085674895 1767.262111152103
2022 1 29 1570.2966006837078 1273.244746767721 1916.5233898792678
2022 1 30 1613.4014038336472 1241.105360902974 2070.1180152052652
2022 1 31 1650.3272392293645 1204.11388613597 2226.575802451311
2022 2 1 1688.082686343999 1168.2136371374604 2394.837615382047
2022 2 2 1723.7293561937618 1131.3266451618056 2571.597886384099
2022 2 3 1760.1634363825851 1095.6271362678015 2761.456360212752
2022 2 4 1795.1709995014937 1059.686840665158 2961.8857023830046
2022 2 5 1832.9712324624809 1026.163017304985 3180.3213193217775
2022 2 6 1855.491204596777 984.6997035244162 3386.973071565311
2022 2 7 1872.2572171603942 941.7113329219103 3596.0444952732287
2022 2 8 1924.3954189543513 918.3150448984821 3885.6698883384884
2022 2 9 1982.7561940859357 897.7765580518486 4208.254413115544
2022 2 10 2042.1783201321125 877.3765989881942 4556.115755288864
2022 2 11 2077.5389393590103 846.3375885862548 4875.077400348533
2022 2 12 2064.389898541161 796.3855954437345 5101.100962071954
2022 2 13 2051.370244700386 749.3996458663865 5337.717743454104
2022 2 14 2020.6166658957836 698.6773256261274 5538.952313665781
2022 2 15 1993.4377986524842 652.4647162794905 5756.308755303068
2022 2 16 1966.8731824058818 609.3901398085275 5982.912654251036
2022 2 17 1941.670906782427 569.4716820643354 6221.5042911250675
2022 2 18 1913.6527555942635 531.2475286957871 6459.553334379742
2022 2 19 1886.7371087030483 495.78289000609976 6709.067477407637
2022 2 20 1865.7567626162538 464.14593079081186 6987.978874983082
2022 2 21 1845.8694329532955 434.74166565063206 7281.705233528903
2022 2 22 1819.6508060499932 405.6591181567173 7561.965469624351
2022 2 23 1795.2758333417346 378.85006983813156 7859.126529918122
2022 2 24 1771.2566133679707 353.81893828155046 8168.093072350873
2022 2 25 1748.3101001522862 330.59173382268693 8492.670873270905
2022 2 26 1725.5414751955227 308.86675484940486 8829.56659615129
2022 2 27 1704.5990533364302 288.84325083041 9187.653992526382
2022 2 28 1683.9374729709025 270.1223683924999 9560.407542841578
2022 3 1 1663.4324634774557 252.59979024459733 9947.75119029058
2022 3 2 1647.620470650826 236.8886248845488 10377.360470473657
2022 3 3 1633.8108158224884 222.4209388749916 10837.187945620051
2022 3 4 1616.0264276369378 208.27998651176802 11290.258213684125
2022 3 5 1596.1981254252894 194.749701474465 11746.637840696845
2022 3 6 1576.4009229929054 182.07248195747619 12219.903909713083
2022 3 7 1555.7721250396978 170.09607742978093 12703.887922998818
2022 3 8 1535.4357359282276 158.90991514665888 13207.22410809681
2022 3 9 1515.3758334683132 148.46050031762402 13730.594472038643
2022 3 10 1492.8639517608538 138.43231169134387 14250.113095285138
2022 3 11 1470.7074104089022 129.08344486092642 14789.488136356349
2022 3 12 1448.9001038547458 120.36773309708857 15349.483933356323
2022 3 13 1422.06078587994 111.79560775403795 15873.949529487163
2022 3 14 1393.2088808763626 103.63665105032065 16388.31971388238
2022 3 15 1364.9544992575893 96.07404728933338 16919.500203659674
2022 3 16 1337.6387903047585 89.08904230594237 17472.430127610274
2022 3 17 1310.831665602842 82.60934281902023 18042.932644982044
2022 3 18 1283.5731862561768 76.53862904751131 18618.45558406995
2022 3 19 1256.8981325747854 70.91502320858672 19212.576874947983
2022 3 20 1232.3568735030278 65.79371955312534 19849.79959204818
2022 3 21 1209.8204561719358 61.12371663174118 20532.73125337278
