2020 5 18 2.210526888047388 2.0307954910382557 2.3902582850565204
2020 5 19 2.102142708602855 1.7742016260089237 2.4578776270070226
2020 5 20 1.9990727057998197 1.5500287565260364 2.527409890014803
2020 5 21 1.901056320638604 1.3541804442273497 2.5989091897643077
2020 5 22 1.807845769568464 1.1830778414961485 2.6724311728485834
2020 5 23 1.719205418095504 1.0335942931429591 2.7480330600780034
2020 5 24 1.6349111851031741 0.9029982012567102 2.8257736910141724
2020 5 25 1.5547499763794836 0.788903109162265 2.9057135697636784
2020 5 26 1.478519145918902 0.6892240923400885 2.987914912067328
2020 5 27 1.4060259836371243 0.6021396594145159 3.0724416937215153
2020 5 28 1.337087228203657 0.5260584670057104 3.159359700369413
2020 5 29 1.2715286037606721 0.4595902402068664 3.2487365787007287
2020 5 30 1.2091843793569657 0.401520367299995 3.340641889099883
2020 5 31 1.1498969499832759 0.35078770446508334 3.4351471597835803
2020 6 1 1.0935164381498288 0.3064651848954517 3.5323259424699085
2020 6 2 1.0399003149989046 0.2677428779786439 3.6322538696222892
2020 6 3 0.9889130399946062 0.23391318897362587 3.735008713312839
2020 6 4 0.9404257182789717 0.20435792872957576 3.8406704457509444
2020 6 5 0.8943157748282332 0.17853701716388093 3.9493213015241646
2020 6 6 0.8504666445854971 0.15597861407157004 4.061045841599904
2020 6 7 0.8087674777865053 0.1362704969208467 4.175931019137659
2020 6 8 0.7691128597335464 0.11905252807627778 4.2940662471630695
2020 6 9 0.7314025443091127 0.10401007379892105 4.415543468156433
2020 6 10 0.6955412005556285 0.09086825476503761 4.5404572256098525
2020 6 11 0.6614381716806089 0.07938692303984728 4.6689047376087
2020 6 12 0.6290072458780189 0.06935627371771087 4.800985972494669
2020 6 13 0.5981664383864733 0.060593011037744414 4.936803726669299
2020 6 14 0.5688377842333251 0.052936998916114725 5.076463704598535
2020 6 15 0.5409471411407025 0.04624833468828798 5.2200746010805625
2020 6 16 0.5144240020952461 0.04040479258805865 5.367748185840986
2020 6 17 0.4892013171077243 0.0352995902465969 5.519599390521147
2020 6 18 0.46521532371194124 0.030839437397480997 5.675746398127318
2020 6 19 0.44240538577443866 0.02694283113059191 5.836310735010362
2020 6 20 0.4207138402075083 0.023538566543074686 6.001417365447466
2020 6 21 0.4000858511980067 0.020564435571644498 6.171194788899542
2020 6 22 0.38046927158346644 0.01796609022925988 6.3457751400200015
2020 6 23 0.36181451102506457 0.015696049473440284 6.525294291492731
2020 6 24 0.34407441064419286 0.013712831558167798 6.709891959779308
2020 6 25 0.3272041238057128 0.011980196014345731 6.8997118138577616
2020 6 26 0.31116100274651787 0.010466481407091829 7.094901587037498
2020 6 27 0.29590449076280273 0.009144026768328432 7.295613191937428
2020 6 28 0.28139601968348993 0.00798866613217816 7.502002838716771
2020 6 29 0.2675989123706297 0.006979286936522902 7.714231156650551
2020 6 30 0.2544782900002953 0.006097444221146595 7.9324633191444205
2020 7 1 0.2420009838895819 0.005327023572484983 8.156869172286086
2020 7 2 0.23013545164680932 0.004653946655780064 8.387623367033404
2020 7 3 0.21885169743295796 0.004065913953660752 8.624905495142016
2020 7 4 0.20812119613276028 0.0035521800100655173 8.868900228938319
2020 7 5 0.197916821243754 0.0031033570724113427 9.119797465046544
2020 7 6 0.18821277630100153 0.002711243543850658 9.377792472181818
2020 7 7 0.17898452966411907 0.0023686741108267604 9.643086043124221
2020 7 8 0.17020875250175804 0.0020693888072232844 9.91588465099212
2020 7 9 0.16186325981676467 0.0018079186224424482 10.196400609936415
2020 7 10 0.1539269543629306 0.0015794855630634158 10.484852240380736
2020 7 11 0.14637977331155735 0.0013799153418506103 10.781464038936234
2020 7 12 0.13920263753300816 0.0012055610986285636 11.086466853123166
2020 7 13 0.13237740336503254 0.001053236759131454 11.400098061035292
2020 7 14 0.12588681674593438 0.0009201588140556855 11.722601756086881
2020 7 15 0.11971446959663343 0.0008038954544110157 12.054228936986142
2020 7 16 0.11384475834135442 0.0007023221336915697 12.395237703082913
2020 7 17 0.10826284446208549 0.0006135827448290146 12.745893455242642
2020 7 18 0.10295461698708781 0.0005360557024922749 13.106469102403025
2020 7 19 0.09790665681862842 0.0004683243109363561 13.47724527397401
