2020 5 18 293.68739014983584 276.41381647645244 310.9609638232192
2020 5 19 297.4446530803628 263.49569529376413 333.450137772564
2020 5 20 301.32007689801014 251.24339146469217 357.6443406425966
2020 5 21 305.21556272811654 239.5354345901329 383.5578872845152
2020 5 22 309.04371600740785 228.28070234985987 411.2011277126981
2020 5 23 312.73910231536223 217.42124376380156 440.5960921033107
2020 5 24 316.0866747335524 206.80585086532435 471.54011032697997
2020 5 25 319.14173471900165 196.49391870265114 504.1675668597765
2020 5 26 322.31841113428544 186.75286742000193 539.1981053238807
2020 5 27 325.7871218965545 177.6456074037027 577.0982737523723
2020 5 28 329.913601723396 169.320789537807 618.761485197513
2020 5 29 334.89200064062084 161.79649249635867 664.9323120467238
2020 5 30 341.04714241000585 155.13878651945453 716.7355978337127
2020 5 31 348.61441518710393 149.34593887106678 775.3047031648512
2020 6 1 358.2608570949574 144.5881776794742 842.9104446044435
2020 6 2 368.72211831692573 140.2031071897858 917.7004118767244
2020 6 3 380.07402171771815 136.17353328100168 1000.5827775286809
2020 6 4 391.66574736200647 132.22048032311955 1090.6619683047295
2020 6 5 403.43017991057144 128.32113897494088 1188.347156096084
2020 6 6 415.73423568637617 124.59603729209817 1295.3301589882017
2020 6 7 428.8813930561335 121.11928726989953 1413.402186697597
2020 6 8 441.9740505972855 117.6067468215997 1540.6869407685667
2020 6 9 455.42813411717987 114.18589175609453 1679.3010274696292
2020 6 10 469.1209337454612 110.82170700295744 1829.75615512575
2020 6 11 483.72626864881795 107.67495634297727 1995.6446589033126
2020 6 12 499.2329715777291 104.71697965812888 2178.4155703606134
2020 6 13 515.352012458849 101.86443549589723 2378.4284031756893
2020 6 14 532.3632612827446 99.16307866046836 2598.521303058663
2020 6 15 550.3968751483961 96.61920011717815 2841.2303778695978
2020 6 16 569.8672208749559 94.2855543770616 3110.8723100350353
2020 6 17 590.1578804103727 92.03003814428132 3406.822246555567
2020 6 18 610.9836886725988 89.79926794607648 3729.845760363159
2020 6 19 632.509149323145 87.61738837495595 4083.2820358236877
2020 6 20 655.1032380758822 85.53150203928122 4472.212557985396
2020 6 21 677.6348790380731 83.38174521199018 4892.252402720723
2020 6 22 699.4945384467462 81.1079777803258 5341.297000406149
2020 6 23 720.6464872392453 78.73238836346422 5820.76936768175
2020 6 24 742.8123449155429 76.46727098196189 6346.305799009006
2020 6 25 764.8883668780524 74.18788785521052 6912.6986086035195
2020 6 26 788.0398243119253 72.0171231701806 7533.430497154186
2020 6 27 810.9142508630232 69.82051939816668 8200.554324596158
2020 6 28 834.0080729137495 67.652635721849 8922.259462004808
2020 6 29 858.2649501753602 65.59305799633798 9712.886106795839
2020 6 30 883.3511578661355 63.60564431630556 10574.973743282362
2020 7 1 908.4314248853875 61.62522261310101 11504.728683391102
2020 7 2 934.9577345554726 59.75625276066785 12525.523107300602
2020 7 3 961.0176165072049 57.86464864803748 13620.265305901998
2020 7 4 988.192082958216 56.05629951023295 14816.19116241997
2020 7 5 1016.8763277420898 54.34651892571351 16128.240720734655
2020 7 6 1047.4495022112199 52.745342742350175 17573.232700619967
2020 7 7 1080.7654095146859 51.28316643886707 19178.280753820418
2020 7 8 1116.5089910151062 49.926436676397266 20954.20096120479
2020 7 9 1155.2162963411542 48.68526689439138 22928.0087151922
2020 7 10 1195.2655124781863 47.474952557522705 25087.741814503628
2020 7 11 1236.7031609964708 46.29472660031121 27450.913734787355
2020 7 12 1279.5773762832257 45.14384102650269 30036.6876559251
2020 7 13 1323.937961456004 44.02156643500834 32866.031858031776
2020 7 14 1369.8364462144932 42.927191557629456 35961.88975518017
2020 7 15 1417.3261466979313 41.86002280827435 39349.36594566975
2020 7 16 1466.4622274176663 40.81938384338165 43055.92978753841
2020 7 17 1517.3017653368054 39.80461513327149 47111.6381501299
2020 7 18 1569.9038161713866 38.8150735441529 51549.37914802996
2020 7 19 1624.329482990089 37.85013193052251 56405.13883383229
