2020 5 18 138.48838154548028 124.52465445671113 152.4521086342494
2020 5 19 139.73569011276697 112.98851673197075 169.32163304207714
2020 5 20 141.0502147235618 102.56636927446742 188.12568262942523
2020 5 21 142.33936563473932 93.07812579665597 208.96768455471945
2020 5 22 143.69650944882838 84.50438087354402 232.20124520257014
2020 5 23 144.8445417295931 76.58981004733944 257.6591565516111
2020 5 24 145.70497014669414 69.25958077886185 285.3802792073426
2020 5 25 146.25404203727743 62.48048020167656 315.4640323412228
2020 5 26 146.74993776177374 56.341314260178905 348.5999437065947
2020 5 27 147.3445219354817 50.84261010548379 385.4468432050243
2020 5 28 148.27545832057365 45.9957893810331 427.0620285754014
2020 5 29 149.59033610572718 41.72829156945364 474.25912746221474
2020 5 30 151.5243082409862 38.02617705413929 528.5980523652398
2020 5 31 154.37044231153365 34.87515161767352 592.2578233251572
2020 6 1 158.45083664031006 32.251999503537725 668.1144856520388
2020 6 2 163.02812675794974 29.90533671821662 755.3273118878702
2020 6 3 168.01476101647066 27.780250971216734 855.2084411165424
2020 6 4 172.9159303074224 25.766823802388913 967.0859990182494
2020 6 5 177.73146449132898 23.865258029703643 1092.3207150488574
2020 6 6 182.68110644330034 22.104025905262315 1233.7729485651787
2020 6 7 187.61332955006188 20.45398464931505 1392.494230697253
2020 6 8 192.0763390644431 18.861444571475406 1567.1635936554799
2020 6 9 196.50040823050915 17.378649848541404 1762.5588948576112
2020 6 10 200.95215131020157 16.005860685034122 1981.6504695497688
2020 6 11 205.8463292479721 14.768718942413587 2231.3442359533387
2020 6 12 211.09297072668915 13.643935643190693 2515.028719454257
2020 6 13 216.49327367778113 12.606104110359635 2835.0172555628437
2020 6 14 222.19528451123793 11.656739191429795 3197.859886119405
2020 6 15 228.2153370907596 10.78767720367855 3609.5571954844227
2020 6 16 234.54935272240138 9.990538716677415 4076.643086461833
2020 6 17 241.01486739720306 9.250416639562024 4603.401135429187
2020 6 18 247.56756867947013 8.561630300892764 5196.484663588736
2020 6 19 254.36856071851562 7.926556537414978 5867.4508384255605
2020 6 20 261.4284474918071 7.340836074514093 6626.713915364933
2020 6 21 268.53615226371835 6.79423716988625 7480.472854333043
2020 6 22 275.2538467633908 6.273581114501437 8427.97921997667
2020 6 23 281.67171234237827 5.782160097782053 9481.174556201731
2020 6 24 288.5052111665857 5.334693294294038 10674.93499193634
2020 6 25 295.20480318246496 4.916313292662285 12007.91119247846
2020 6 26 302.0878486598461 4.5312095325137856 13508.46971731996
2020 6 27 308.87463476648026 4.17242055766265 15185.063375727075
2020 6 28 315.58054906508227 3.8388889727768043 17058.27434594376
2020 6 29 322.7598701511018 3.5360066944217676 19180.28199320862
2020 6 30 330.3768325513132 3.2600266153515918 21582.563602621693
2020 7 1 337.70557032551824 3.00096852348444 24255.153042238362
2020 7 2 345.57957092935914 2.765897202011491 27286.1778462579
2020 7 3 353.21291614030656 2.5458439215463087 30662.474542171185
2020 7 4 361.11493641155266 2.344019201528919 34465.22916094729
2020 7 5 369.33014512811206 2.1590797877293344 38752.61945383801
2020 7 6 378.04614141162915 1.9905668119263291 43606.2866242947
2020 7 7 387.59853625265526 1.8385269459702196 49140.61294972568
2020 7 8 398.14386815235827 1.7016648906338554 55472.61828525806
2020 7 9 409.41036470945716 1.5768470265840506 62681.03763047907
2020 7 10 420.9956755315105 1.4611846074586294 70826.1589209617
2020 7 11 432.9088222815547 1.3540060773677236 80029.70239691902
2020 7 12 445.15908191359915 1.2546891393397306 90429.20530092274
2020 7 13 457.7559938967359 1.1626571421581127 102180.07722681783
2020 7 14 470.70936764367354 1.077375732225297 115457.92255206204
2020 7 15 484.0292901494805 0.9983497510138231 130461.16465979017
2020 7 16 497.72613384648633 0.9251203600908059 147414.0111668319
2020 7 17 511.81056468145704 0.8572623770231124 166569.8044698859
2020 7 18 526.293550421335 0.7943818066950579 188214.80768022643
2020 7 19 541.1863691940111 0.7361135537050297 212672.48252374015
