2020 5 18 439.76629214010507 426.0614751854202 453.4711090947899
2020 5 19 451.2657943468808 423.5798201660571 479.82815764509866
2020 5 20 463.1436697988623 421.18552598137296 507.79974135069364
2020 5 21 475.33155241220607 418.8023709007402 537.3990414509432
2020 5 22 487.7910286591447 416.38940663443253 568.6681110706301
2020 5 23 500.4671678881622 413.89650865214213 601.6284477130737
2020 5 24 513.2968185107078 411.27306163792707 636.2877280087993
2020 5 25 526.2627469844243 408.5119128244761 672.7049315621505
2020 5 26 539.5382433510266 405.7553656006815 711.1834838692051
2020 5 27 553.2038440556383 403.0589443351693 751.9357828558971
2020 5 28 567.347674180975 400.4766906539676 795.2028326214262
2020 5 29 582.0079557472507 398.02027432495106 841.1765248703392
2020 5 30 597.325021286802 395.7690159483729 890.2098691158247
2020 5 31 613.4527343370893 393.8005135387903 942.7088010888019
2020 6 1 630.5809260154563 392.2045194940239 999.1720865930698
2020 6 2 648.3809560840652 390.7354094497802 1059.323993806785
2020 6 3 666.7940383803501 389.3384494219308 1123.2778380970658
2020 6 4 685.684532048092 387.91992030232586 1191.0160859482341
2020 6 5 705.0634171854656 386.48009276977484 1262.75796737668
2020 6 6 725.0621471871052 385.0851621328974 1338.9505147847162
2020 6 7 745.7270680674264 383.7478128939772 1419.9230896065205
2020 6 8 766.8791998128631 382.3627439316816 1505.598698167807
2020 6 9 788.6051389097037 380.96963033777774 1596.392457576131
2020 6 10 810.9465809824429 379.58159246193566 1692.6614520238636
2020 6 11 834.08694953187 378.27630529862245 1795.0823177662776
2020 6 12 858.0583512368697 377.0529330136869 1904.0679652016543
2020 6 13 882.7479551388371 375.84637985389 2019.7354624247453
2020 6 14 908.2383141667502 374.682152090803 2142.636180403722
2020 6 15 934.5886698345273 373.5726577653875 2273.3077684053706
2020 6 16 961.8948112523743 372.54291239898816 2412.4138463034305
2020 6 17 990.1300189065165 371.56684070255943 2560.3611554621157
2020 6 18 1019.2278123818583 370.60600184038054 2717.4690464329074
2020 6 19 1049.2154970600798 369.66029034660056 2884.3100338411205
2020 6 20 1080.1212709101812 368.729602579841 3061.492739296929
2020 6 21 1111.826867009715 367.76352184998365 3249.246433996483
2020 6 22 1144.0838560947598 366.67451470536656 3447.4061566886544
2020 6 23 1176.9254444150224 365.4761548235011 3656.592487628051
2020 6 24 1210.589321831733 364.2443082227959 3878.0978879270137
2020 6 25 1244.9270117473798 362.92963366554545 4112.095348099635
2020 6 26 1280.1537330422746 361.59494247962175 4359.931237495445
2020 6 27 1316.1588835871307 360.203483063456 4621.960524186464
2020 6 28 1352.9522073107053 358.75593886257735 4898.949256131439
2020 6 29 1390.8663995373236 357.3386888362754 5192.871843533521
2020 6 30 1429.8905202661067 355.9392277236183 5504.606071970081
2020 7 1 1470.009557083999 354.5452473816334 5835.054074231031
2020 7 2 1511.4548200915008 353.2051056793657 6186.135480286798
2020 7 3 1553.8107793642275 351.80978398266814 6557.285465992413
2020 7 4 1597.3536925981746 350.419974444787 6950.703362306881
2020 7 5 1642.0623305971267 349.0237011848954 7367.488064677961
2020 7 6 1688.2463941913343 347.680617368102 7810.269736482751
2020 7 7 1735.9981782407933 346.398051621206 8280.90569654357
2020 7 8 1785.238796891191 345.1477899290755 8780.560670945457
2020 7 9 1836.089251741858 343.9432507138 9311.412308440036
2020 7 10 1888.388122772491 342.7429152476531 9874.357962659898
2020 7 11 1942.1766664366758 341.5467688598739 10471.337960876941
2020 7 12 1997.4973143301893 340.35479693090144 11104.409937895936
2020 7 13 2054.3937066635604 339.16698489219584 11775.755928186602
2020 7 14 2112.910726688057 337.9833182260603 12487.689886788958
2020 7 15 2173.0945361022605 336.8037824654637 13242.665664914595
2020 7 16 2234.992611467152 335.6283631938638 14043.285467733658
2020 7 17 2298.6537816584428 334.4570460450308 14892.308823499337
2020 7 18 2364.128266385688 333.2898167028721 15792.66209492413
2020 7 19 2431.467715808576 332.12666090125714 16747.448565591083
