2020 5 18 1861.111839916697 1826.471751505131 1895.7519283282631
2020 5 19 1883.5397258635123 1814.1007051744834 1954.28287611786
2020 5 20 1907.4818925737402 1803.0115952866765 2015.9116847666744
2020 5 21 1931.783637098255 1792.0424872409621 2079.542356508646
2020 5 22 1955.8079166485936 1780.5955058484678 2144.5495015965903
2020 5 23 1978.7362467340079 1767.951868173008 2210.059472153579
2020 5 24 2000.1025467611737 1753.7622148543148 2275.52573347346
2020 5 25 2019.812857322373 1738.0321199631826 2340.784723677485
2020 5 26 2039.4165701148188 1722.1842468363095 2407.566610832143
2020 5 27 2059.4130546806537 1706.6518834288042 2476.4928245576343
2020 5 28 2080.4235625161305 1691.937454264279 2548.3759399811943
2020 5 29 2102.6813016897113 1678.189894779303 2623.6107522931716
2020 5 30 2127.265026219426 1666.2203975069935 2703.671810010183
2020 5 31 2154.9877355882772 1656.5698106187451 2789.800203781938
2020 6 1 2187.2443302508 1650.1826564756077 2884.0740685150054
2020 6 2 2221.8298033173123 1645.2128955241787 2983.967847501561
2020 6 3 2257.403387178549 1640.5848245517416 3087.9141678746014
2020 6 4 2292.649942069745 1635.3181650982215 3194.2549935986026
2020 6 5 2327.422409156328 1629.3377077107466 3302.8306774307807
2020 6 6 2362.491166495283 1623.217336127514 3414.76899467727
2020 6 7 2398.3229107235957 1617.2811322031005 3530.8401535136873
2020 6 8 2433.269263740094 1610.40310974167 3648.7531098066147
2020 6 9 2467.7583798477617 1602.9147184275866 3769.154575840677
2020 6 10 2502.6138260497655 1595.3815675018868 3893.3419174069377
2020 6 11 2539.3283159909133 1588.7550935912416 4023.74726589813
2020 6 12 2577.7160660378267 1582.8660424514694 4160.318390847944
2020 6 13 2616.8121118056933 1577.077405647332 4301.731463740103
2020 6 14 2656.8908792070406 1571.544832092699 4448.5920085191965
2020 6 15 2698.3749359537323 1566.4998070975219 4601.791521775335
2020 6 16 2741.846390524695 1562.2487058104114 4762.551556522618
2020 6 17 2786.971061192423 1558.552073189119 4930.582760467104
2020 6 18 2832.9767493503555 1554.941565849091 5104.787192236413
2020 6 19 2880.4451235749893 1551.7254173430492 5286.413711508889
2020 6 20 2929.709909696351 1549.0551959481422 5476.339638571445
2020 6 21 2980.399091672812 1546.697196367042 5674.176614550423
2020 6 22 3030.633562182239 1543.6516793239784 5876.625225064239
2020 6 23 3079.6082447132967 1539.5392207728146 6082.2123509625035
2020 6 24 3129.068562658884 1535.2848497163352 6294.387778016997
2020 6 25 3178.2357893374037 1530.5086738224695 6511.777351509301
2020 6 26 3227.8600004298028 1525.5953844545247 6736.028332218059
2020 6 27 3276.9769905954395 1520.091931906699 6965.32659706367
2020 6 28 3324.7263550485104 1513.6272386366732 7197.934762513533
2020 6 29 3372.346161483306 1506.8142995641892 7436.524116484667
2020 6 30 3420.982879953923 1500.1816451214713 7683.760381900879
2020 7 1 3470.1512046315715 1493.5037058484775 7938.834837381482
2020 7 2 3520.715341960808 1487.1520877961095 8203.953461985711
2020 7 3 3571.3170786855 1480.5321485612149 8476.296541167798
2020 7 4 3623.000706477355 1474.0886869010421 8758.522129117242
2020 7 5 3675.792038746028 1467.8196376326355 9051.01433836481
2020 7 6 3731.5425287528146 1462.4517324856677 9358.666693337163
2020 7 7 3789.713307644951 1457.7206182162638 9680.725829112667
2020 7 8 3849.976250808158 1453.460754137814 10016.895893382445
2020 7 9 3912.6692692329298 1449.7689759063337 10368.569017960159
2020 7 10 3976.3831808537007 1446.086574760868 10732.5886806138
2020 7 11 4041.134609896642 1442.4135268836962 11109.388343532564
2020 7 12 4106.940451296846 1438.749808517595 11499.416686893741
2020 7 13 4173.81787510655 1435.0953959656838 11903.138143135755
2020 7 14 4241.784330975146 1431.4502655912715 12321.033449988465
2020 7 15 4310.85755270214 1427.814393817705 12753.600222919238
2020 7 16 4381.055562864252 1424.1877571282146 13201.353547676468
2020 7 17 4452.396677517867 1420.5703320657638 13664.826593636097
2020 7 18 4524.899510978054 1416.9620952328964 14144.571248681515
2020 7 19 4598.582980675416 1413.363023291586 14641.158776372815
