2020 5 18 304.4848146221717 285.0148880838292 323.95474116051423
2020 5 19 303.31342873321813 265.7848013801245 343.31954022530954
2020 5 20 302.5090536649463 248.16982966327495 364.2522119169799
2020 5 21 301.7854524818153 231.78681037161604 386.55586938694665
2020 5 22 300.87611098871326 216.341334373687 409.98507896598613
2020 5 23 299.53424138509024 201.61211748174446 434.24122376855433
2020 5 24 297.78373784521153 187.60663960270418 459.33136520131893
2020 5 25 295.57899051046735 174.28146338425333 485.15474582949105
2020 5 26 293.3905668032162 161.90273725748787 512.4299040578608
2020 5 27 291.34909488100135 150.47538919686048 541.4668216297281
2020 5 28 289.711345650663 140.05577852637913 572.8730318521405
2020 5 29 288.5346854536991 130.57612448644497 606.9944177538775
2020 5 30 288.1343142516339 122.08724557517405 644.7711733006031
2020 5 31 288.6975479188709 114.55829663777327 687.0540526909733
2020 6 1 290.548458366049 108.0041745379329 735.1716085822545
2020 6 2 292.9291651896013 102.01755512468311 787.9695702527985
2020 6 3 295.45992253019534 96.4082350969882 844.9104906739659
2020 6 4 297.7492018722687 91.02140885723902 905.2130579275912
2020 6 5 299.857181832927 85.87472712554425 969.214402556626
2020 6 6 302.046901119994 81.03819247469261 1037.9568032954094
2020 6 7 304.31991426947127 76.49211266636804 1111.806102314561
2020 6 8 306.33879335090484 72.13288163902558 1189.9187354472506
2020 6 9 308.3028061285556 68.00600713450694 1273.254218346612
2020 6 10 310.4168053013233 64.14554659974137 1362.993492085181
2020 6 11 312.96031012899346 60.58998982436267 1460.8798594478872
2020 6 12 315.87333161832515 57.29902041880628 1567.4237476605076
2020 6 13 318.8134673899561 54.18680132596167 1681.738021673199
2020 6 14 321.99408785511827 51.27984603751785 1805.5135815392387
2020 6 15 325.2064395599493 48.52883996257674 1938.3989962237529
2020 6 16 328.37837521607787 45.914603507141194 2080.6328269642418
2020 6 17 331.6544193213648 43.4514261979846 2233.766959459466
2020 6 18 334.9631466536539 41.12039077818137 2398.1717314597295
2020 6 19 338.3795211578769 38.923570858332155 2575.2110302399974
2020 6 20 342.0569375377155 36.87013340464086 2767.041290032768
2020 6 21 345.8505376271587 34.9332418915476 2973.7777573798485
2020 6 22 349.30089155000223 33.05918086978237 3192.6471663444236
2020 6 23 352.55216965267437 31.263558306870785 3425.491120344786
2020 6 24 355.91226765838866 29.57243197415701 3676.079972135509
2020 6 25 358.987166613571 27.94642520760052 3941.7239577123387
2020 6 26 362.1686221295129 26.416049725158985 4227.442443945638
2020 6 27 365.0554730089284 24.945934668503313 4530.103519633344
2020 6 28 367.47727593230843 23.524283616880435 4848.376924992032
2020 6 29 369.99702807821626 22.18889322508784 5190.09173558548
2020 6 30 372.6989464501156 20.939196666631325 5558.2036466523605
2020 7 1 375.3375493599979 19.75521827832115 5951.185723073326
2020 7 2 378.2457356571309 18.651392157175227 6375.931043750053
2020 7 3 380.83932597284365 17.592618581499792 6825.308248261748
2020 7 4 383.62042066685365 16.601787958605968 7309.399357029934
2020 7 5 386.5927842169063 15.674160283312448 7831.082483439344
2020 7 6 390.01888927066767 14.81582686759828 8398.723712693502
2020 7 7 393.82298006024524 14.017701984651042 9014.996548840536
2020 7 8 397.90988362779393 13.271317640885323 9682.114139249583
2020 7 9 402.41158763053977 12.577095274951352 10407.660129680457
2020 7 10 406.9642211018969 11.919187667386076 11187.576165398888
2020 7 11 411.5683602260772 11.295695193890296 12025.936559906104
2020 7 12 416.224587705881 10.704817599474707 12927.120942441403
2020 7 13 420.9334928364444 10.144848800453241 13895.83713734574
2020 7 14 425.69567157982067 9.614171958344047 14937.145757930028
2020 7 15 430.51172664040575 9.111254811454598 16056.486643327566
2020 7 16 435.3822675412168 8.634645250671504 17259.707276437774
2020 7 17 440.30791070103385 8.182967126680659 18553.093331417764
2020 7 18 445.2892795124143 7.754916276511633 19943.401510303087
2020 7 19 450.3270044205895 7.349256757933444 21437.894840297533
