2020 5 18 572.2068963901271 552.06197115953 592.3518216207243
2020 5 19 571.6442391332685 532.1256948490633 612.5781286973537
2020 5 20 571.7347438541833 513.516858073879 634.1944187816457
2020 5 21 572.357865223736 496.03715551297677 657.1642785004906
2020 5 22 572.051876341767 478.3466408455964 679.8985260454484
2020 5 23 570.4937011938898 460.2398271099071 701.9308023991315
2020 5 24 567.0835788898224 441.32094604319917 722.3931972638717
2020 5 25 561.6624838025454 421.59889434334667 740.8644101750571
2020 5 26 556.5013437399989 402.9144242251156 760.0824594060355
2020 5 27 551.9719166834965 385.4810463486458 780.5970583748806
2020 5 28 548.6725082231366 369.6352424008736 803.35269922171
2020 5 29 546.6805019141125 355.308302369273 828.6570921561216
2020 5 30 547.0929211676796 343.094696320954 858.3921955687568
2020 5 31 550.0060196859632 332.86896797913 893.1173912354712
2020 6 1 556.6711835844175 325.2094099208844 935.3148879221153
2020 6 2 565.0673734828737 318.69018923158455 982.2788545320082
2020 6 3 573.8693928479731 312.45911414628523 1032.0863012343523
2020 6 4 581.8870160307891 305.84813111313355 1082.7619874939815
2020 6 5 589.4057145033483 299.05590377127567 1134.7890386177246
2020 6 6 597.2399759596501 292.52533628806003 1189.7365169274722
2020 6 7 606.3587166137545 286.7155074362699 1249.6959211536969
2020 6 8 615.1298458271515 280.79086707186923 1311.6737474622248
2020 6 9 623.8758885746798 274.91928527472106 1376.401283506266
2020 6 10 633.0930626082142 269.32329586237483 1445.0880132866894
2020 6 11 643.5412165220127 264.3069524850234 1519.7014097210292
2020 6 12 655.3541636792864 259.87375443803467 1600.9830043964205
2020 6 13 667.5053763110095 255.56306388141365 1686.9085974356892
2020 6 14 680.8713019193717 251.70268663549712 1779.9462874595758
2020 6 15 694.5469137610343 247.9161671514395 1878.2251947094571
2020 6 16 709.6124920740583 244.584708022438 1984.9465318039315
2020 6 17 725.6622521874652 241.52460180977246 2099.570679094724
2020 6 18 742.2094718971831 238.54753199899383 2221.20300658264
2020 6 19 759.6840877302204 235.78395192905074 2351.527930578988
2020 6 20 777.617045272121 233.06695016034368 2489.644656922283
2020 6 21 796.981871936072 230.6835383255731 2639.1026517040946
2020 6 22 816.5828264443438 228.25326425933682 2796.7179254931993
2020 6 23 834.4972444753315 225.24242036635232 2956.3192112574875
2020 6 24 854.6600781758324 222.77209135306165 3131.6015399369658
2020 6 25 874.6766679920595 220.16375316725325 3314.955572986312
2020 6 26 896.6206106757712 217.9530855582205 3514.5727159928206
2020 6 27 920.1118484021039 216.00691153200555 3730.1173472536707
2020 6 28 941.8886596466583 213.5311466136754 3949.4357407466955
2020 6 29 965.2861347214064 211.334325905955 4186.283787423695
2020 6 30 991.1129415603617 209.56472205231023 4445.350597156084
2020 7 1 1017.3247016442414 207.74522178174465 4719.076935651787
2020 7 2 1047.2455442405612 206.55738094628288 5023.647945374414
2020 7 3 1076.1707224335241 205.00637610626336 5338.878448988837
2020 7 4 1105.4295668721388 203.3783883595267 5671.581328639644
2020 7 5 1137.873416207303 202.20295534275087 6037.277052059958
2020 7 6 1173.8696779650365 201.4963779014458 6440.348355094967
2020 7 7 1213.3125495193744 201.18842028885064 6882.992221927041
2020 7 8 1255.9516034981684 201.1911568372745 7366.672178408936
2020 7 9 1301.3651059451872 201.39829579436167 7891.825426958877
2020 7 10 1348.420698898529 201.6056480140406 8454.415652176636
2020 7 11 1397.1777581183896 201.81321371587853 9057.11165069614
2020 7 12 1447.6978063117294 202.0209931196688 9702.77247157305
2020 7 13 1500.0445907629485 202.22898644543096 10394.46097894573
2020 7 14 1554.284163771583 202.4371939134112 11135.458381547392
2020 7 15 1610.4849659985189 202.6456157440824 11929.279797993984
2020 7 16 1668.7179128258904 202.85425215814442 12779.690931685938
2020 7 17 1729.0564838396367 203.06310337652437 13690.725934425616
2020 7 18 1791.5768155476248 203.27216962037681 14666.706543491267
2020 7 19 1856.3577974503346 203.48145111108403 15712.262582949326
