2020 5 18 123.2967979420595 115.33905978597413 131.25453609814488
2020 5 19 124.15111029706006 108.64605689063626 140.6899987516703
2020 5 20 125.06834339855537 102.39132431463601 150.86834096138446
2020 5 21 125.98715851639503 96.49242281007183 161.77677822435388
2020 5 22 126.83070536231443 90.87054782011943 173.36862535289995
2020 5 23 127.59296388359262 85.5139291107193 185.6722313141275
2020 5 24 128.2283213006581 80.38495067393086 198.65766627874237
2020 5 25 128.8098597350542 75.52787765154518 212.46298837796968
2020 5 26 129.3629564477669 70.94605864578351 227.1764212274883
2020 5 27 129.9350126832824 66.65128627716688 242.93790944308665
2020 5 28 130.53889034452996 62.63152659267315 259.8476952851741
2020 5 29 131.18703681795705 58.87409312623332 278.0170270535136
2020 5 30 131.93789474604375 55.38672876907762 297.6676634520866
2020 5 31 132.76508024383912 52.13617366978404 318.8697428572379
2020 6 1 133.65578128681236 49.09929394815279 341.7220836420409
2020 6 2 134.6171470799181 46.26307339291005 366.3775690824319
2020 6 3 135.6020073171497 43.59638488190539 392.8570880687963
2020 6 4 136.58879886966096 41.081713611967444 421.2351046671911
2020 6 5 137.56840850686382 38.70777049195478 451.6187114785506
2020 6 6 138.54047886295692 36.46690960193779 484.1460670233041
2020 6 7 139.57160382328038 34.36951256081673 519.1985403129954
2020 6 8 140.60819167232432 32.39220287664963 556.7806074514345
2020 6 9 141.61419773639167 30.519830891956598 596.9314609049977
2020 6 10 142.62536153635781 28.75524831261267 639.9690950110072
2020 6 11 143.67887687926063 27.099772625915886 686.2672990278242
2020 6 12 144.75735222765525 25.542844773941567 735.9969700609138
2020 6 13 145.81493866383335 24.070250736453016 789.1828864425969
2020 6 14 146.83278220891808 22.674718587053885 845.9553019930472
2020 6 15 147.869363648758 21.361892280973834 906.8788458908853
2020 6 16 148.94638468466576 20.12986122772673 972.3930828297271
2020 6 17 150.00271476476794 18.965030105514714 1042.453869165438
2020 6 18 151.04352441171713 17.864693474116653 1117.4026023803874
2020 6 19 152.08644284100546 16.827592798695388 1197.7020582231487
2020 6 20 153.15178815672317 15.852383679594976 1283.8919469495502
2020 6 21 154.3450495317304 14.946158689175354 1377.2940713062826
2020 6 22 155.558724520097 14.092815867945582 1477.5903240015705
2020 6 23 156.80659166905878 13.290427224468102 1585.4244003793306
2020 6 24 158.18915221022752 12.544291136346446 1702.3888081270813
2020 6 25 159.60623371630808 11.84181460356774 1828.2225642986512
2020 6 26 161.1557918015553 11.187563655029951 1964.7295017203808
2020 6 27 162.79456278907656 10.57460841537434 2112.3331596813337
2020 6 28 164.40485679583438 9.9923041297241 2270.4400641138377
2020 6 29 166.2134308848702 9.453148263097765 2442.8994656505583
2020 6 30 168.0476468317877 8.943410497293444 2628.543092532693
2020 7 1 169.87680782844365 8.459812841870837 2827.8986909302052
2020 7 2 171.7578125266935 8.003955084116491 3042.905533068183
2020 7 3 173.55214454695528 7.56765170864074 3272.354967005719
2020 7 4 175.33134715226575 7.153654571176307 3518.4672600329295
2020 7 5 177.12575887240024 6.762181970243078 3783.0287249907965
2020 7 6 178.79144449884055 6.386516567899214 4064.341614807036
2020 7 7 180.57284999537785 6.035294875569118 4368.847941422157
2020 7 8 182.35998761353108 5.702986709529791 4695.877574723963
2020 7 9 184.1493667765452 5.3884926557944475 5046.989235915494
2020 7 10 185.95630394573672 5.091341533907361 5424.353582928358
2020 7 11 187.78097140632462 4.810576959219852 5829.933534084594
2020 7 12 189.62354313404992 4.545295287392911 6265.838775483264
2020 7 13 191.4841948117637 4.294642706006445 6734.336734855119
2020 7 14 193.3631038461778 4.057812486553198 7237.864375934459
2020 7 15 195.26044938478 3.83404238797283 7779.040874698427
2020 7 16 197.17641233291508 3.622612203369414 8360.681243411134
2020 7 17 199.11117537103354 3.42284144201642 8985.81097334016
2020 7 18 201.06492297210949 3.234087139188696 9657.681772311747
2020 7 19 203.0378414192296 3.055741786772356 10379.788478966013
