2020 5 18 188.88877886756958 177.1699581471343 200.60759958800483
2020 5 19 192.97965018822586 169.78992113638523 217.6532794400902
2020 5 20 197.40195276966185 162.9309530079926 236.42121575762553
2020 5 21 201.92224516371644 156.346299156616 256.8034711857509
2020 5 22 206.2959090398271 149.83407645287775 278.6247894037598
2020 5 23 210.12286905135937 143.12722379451776 301.43399585184665
2020 5 24 213.2388498756469 136.18793426200602 324.9886573484267
2020 5 25 215.44533365522898 128.97471068957174 348.92737665597923
2020 5 26 217.57223747857816 122.08222921163548 374.46356415902613
2020 5 27 219.98608197132162 115.70730978840649 402.3263284853296
2020 5 28 223.00931063015167 109.97171287676815 433.3277893125268
2020 5 29 226.67984133509452 104.8191420796514 467.89512050049547
2020 5 30 231.78077272526522 100.54148421299872 508.0477715247151
2020 5 31 238.55470000523272 97.11431516501152 555.0616344477313
2020 6 1 247.89172586829767 94.76679855267699 611.9291818897816
2020 6 2 258.8230515454117 92.94580574676912 677.6564167399424
2020 6 3 270.55278327423946 91.27341407374703 751.2717206361749
2020 6 4 282.37316332540576 89.4823599098953 831.6596207177497
2020 6 5 294.4223466089562 87.63530454878872 919.8020907526213
2020 6 6 307.0456620949521 85.84422840050141 1017.473619733495
2020 6 7 320.96081850536234 84.29961676794265 1128.004012234486
2020 6 8 334.9181260665165 82.62823555637604 1248.4733855811696
2020 6 9 349.0275166606885 80.87777182005867 1380.1131347690434
2020 6 10 363.73130596739645 79.16439133102995 1525.6330545447586
2020 6 11 379.69673074374657 77.62707939703769 1689.1903022387355
2020 6 12 396.82704536112567 76.21450626868933 1872.3466295071762
2020 6 13 414.70326023080776 74.8224621223589 2075.235172743051
2020 6 14 433.10314867307324 73.40503383525285 2298.699606879802
2020 6 15 453.1429169322608 72.15402887302257 2550.5977546418035
2020 6 16 475.4946470305247 71.14483302418027 2837.893766910626
2020 6 17 499.7238429084019 70.2657017931816 3162.175526201018
2020 6 18 525.5948721654852 69.45469218631773 3526.0892641837468
2020 6 19 553.8760061964718 68.79453676016719 3939.0667806572237
2020 6 20 584.0926191650296 68.19204382365577 4403.354836947118
2020 6 21 617.42525826517 67.76616358341117 4933.431041690511
2020 6 22 650.1444598033464 67.0668359059128 5507.217037220706
2020 6 23 681.992742824166 66.10602154819426 6125.672909630635
2020 6 24 716.6052722495422 65.27568736867609 6824.396213294136
2020 6 25 751.9038855803017 64.35826406639548 7592.623899689451
2020 6 26 790.3198458921917 63.57173467973454 8461.252546181375
2020 6 27 831.3425560022204 62.846621027471684 9436.150948592494
2020 6 28 873.7607099420339 62.07429787990265 10515.046194673583
2020 6 29 924.0986245397049 61.720346999251404 11786.56063917701
2020 6 30 983.8628115494768 61.80430271751354 13295.071219369565
2020 7 1 1048.895156472351 61.97650827925205 15015.608854711647
2020 7 2 1123.8530200282505 62.481675369851395 17039.3575227445
2020 7 3 1202.5649815796207 62.90185844452725 19311.560741045705
2020 7 4 1288.5046498583006 63.414568013135685 21914.302042146093
2020 7 5 1385.3982853086934 64.16830223422139 24949.678479701975
2020 7 6 1499.5504493112035 65.39288671609464 28585.07949672612
2020 7 7 1624.924331843656 66.72003224477898 32784.80905888493
2020 7 8 1766.7794371434181 68.32043374189715 37722.60152829038
2020 7 9 1928.4929552888725 70.24825997631991 43563.67493089478
2020 7 10 2105.00812971422 72.23048448936265 50309.19651873436
2020 7 11 2297.67975766301 74.26864225998973 58099.213585070414
2020 7 12 2507.9866411209923 76.36431158030854 67095.45873877434
2020 7 13 2737.5429369839458 78.51911527775452 77484.7077194068
2020 7 14 2988.1105461076295 80.73472197176316 89482.65714579976
2020 7 15 3261.6126363288517 83.01284736590198 103338.40270610304
2020 7 16 3560.1484032501608 85.35525557646312 119339.61076333524
2020 7 17 3886.0091820807957 87.76376049854555 137818.49074684072
2020 7 18 4241.696034196232 90.24022721068435 159158.6923255873
2020 7 19 4629.938943397475 92.78657341911517 183803.2705591187
