2020 5 18 701.8396436818924 676.6020276030251 727.0772597607596
2020 5 19 693.2627867025606 644.3109527014348 744.0067348798042
2020 5 20 685.1703454002155 613.9137788470643 761.7377879052412
2020 5 21 677.1819781349838 584.9592884132995 779.902089822465
2020 5 22 669.1671778669672 557.267115645146 798.3618292460075
2020 5 23 660.5968657731554 530.3442855946273 816.4825609576955
2020 5 24 651.4546179954208 504.17487221429525 834.1720212680926
2020 5 25 641.6206724988682 478.66352877167293 851.1970196475056
2020 5 26 631.793939164132 454.33769972662225 868.3821217993654
2020 5 27 622.3140436401054 431.38930707153173 886.184038604831
2020 5 28 613.6774323677126 410.085990389482 905.3491887670284
2020 5 29 606.0744848503965 390.4453392527617 926.2769359385024
2020 5 30 599.9783115330911 372.65536952691315 949.8473189941087
2020 5 31 595.7535707797166 356.80025791709596 976.8831402272742
2020 6 1 594.0270675206426 343.0981151828781 1008.7361802951355
2020 6 2 593.2054934172921 330.4419526654359 1043.1560386699764
2020 6 3 592.8920038960199 318.5350420096109 1079.641835497438
2020 6 4 592.348370774655 306.93344138067454 1116.984384993785
2020 6 5 591.4294092326671 295.55965137692885 1154.909842693651
2020 6 6 590.5961117674585 284.6494280433632 1194.2874959879632
2020 6 7 589.8863443426596 274.20091413660026 1235.2551894615306
2020 6 8 588.6733181221746 263.9015999591572 1276.5725609937986
2020 6 9 587.4704086863825 253.99255742774787 1319.2884640785182
2020 6 10 586.1178218071688 244.38980636392324 1363.0920487306817
2020 6 11 585.2388833021354 235.34630420513622 1409.4443064061977
2020 6 12 584.778046265004 226.80505566700592 1458.3765323535124
2020 6 13 584.3402878463626 218.5825985718091 1509.0642081402646
2020 6 14 584.5535541974843 210.90163810113197 1563.194027848907
2020 6 15 585.7433002140641 203.84286240909182 1621.8765348393213
2020 6 16 587.9214412482407 197.36346636526827 1685.4920728960465
2020 6 17 590.5111504991869 191.22546909128872 1752.7595201247927
2020 6 18 593.2651899962809 185.3278844313267 1823.165496585014
2020 6 19 596.5006641206161 179.75856833469902 1897.83961232343
2020 6 20 600.3253373979421 174.52885733531724 1977.3907360486448
2020 6 21 604.5709683881798 169.56654710578024 2061.5821799993328
2020 6 22 607.7898185366017 164.44892124791062 2145.7545434245562
2020 6 23 609.8374549022668 159.1642178084773 2229.168198832525
2020 6 24 612.3657732094209 154.1729976075864 2317.5563044265973
2020 6 25 614.5160463274908 149.24047870953476 2407.978642865311
2020 6 26 616.8807512126912 144.5160107609376 2502.739584540437
2020 6 27 618.7753002380371 139.8288294256903 2599.2852625282
2020 6 28 619.6581282975252 135.06373022046128 2695.280915234324
2020 6 29 620.4940746009132 130.45052336895864 2794.61244018164
2020 6 30 621.3793548950573 126.00501890625073 2897.8218297485846
2020 7 1 621.960156331366 121.64900954835134 3003.4170659193255
2020 7 2 623.1455026683313 117.56172456625028 3115.776839882093
2020 7 3 623.719886209067 113.49607872520134 3229.2739077953715
2020 7 4 624.642073463753 109.6342276749356 3348.7032774039803
2020 7 5 626.1884068798189 106.01308898358302 3475.888280366227
2020 7 6 628.9791090385136 102.72157620382701 3614.78989326768
2020 7 7 632.9292294432562 99.71957782852584 3765.834004915979
2020 7 8 637.6365522784307 96.92070232978483 3927.547139133774
2020 7 9 643.1677788291029 94.32029593358322 4101.063809575468
2020 7 10 648.7469864232794 91.78965908364839 4282.246342158237
2020 7 11 654.374591276155 89.32691984581135 4471.433410060953
2020 7 12 660.0510132134146 86.93025651035951 4668.978648839843
2020 7 13 665.7766757025529 84.59789624450208 4875.251317457317
2020 7 14 671.5520058844653 82.32811378099018 5090.6369885146605
2020 7 15 677.3774346053133 80.11923014192156 5315.538268978786
2020 7 16 683.2533964486661 77.96961139678608 5550.375552750262
2020 7 17 689.1803297679209 75.87766745383296 5795.587806479344
2020 7 18 695.1586767190046 73.84185088386604 6051.633390098888
2020 7 19 701.1888832933593 71.860655775597 6318.990913607908
