2020 5 18 608.1037353406302 595.8777098027712 620.3297608784892
2020 5 19 606.4464365595292 582.3290301861463 631.0531772301349
2020 5 20 605.4277483722137 569.6972885954349 642.6217878129653
2020 5 21 604.5303702834454 557.4520922959813 654.5294232197408
2020 5 22 603.3785910581647 545.2342809072871 666.3808223176138
2020 5 23 601.5420145716568 532.6634601896069 677.6880872684711
2020 5 24 597.9446425092472 518.8183412296696 687.1972324759483
2020 5 25 592.6993444919752 503.8845665290691 694.9211785227437
2020 5 26 587.2815015887974 489.19484136694274 702.4756879881016
2020 5 27 582.3772399835457 475.3199161946806 710.6674036791619
2020 5 28 579.2626234820826 463.26575457770673 721.0885492540297
2020 5 29 578.4837822629586 453.37200421934904 734.5494371954948
2020 5 30 581.0580932456229 446.3166774254023 752.518054894985
2020 5 31 587.3781939099055 442.2395248976628 775.7624921647953
2020 6 1 599.8317139862546 442.7657381219385 807.7346671845615
2020 6 2 614.8243467735035 444.9719237201317 844.088159758265
2020 6 3 631.7139547424096 448.29080434672267 884.167674661632
2020 6 4 648.3686976011002 451.1385178520036 925.1721598889974
2020 6 5 664.4378788041804 453.2913615398586 966.6161825988074
2020 6 6 681.0453253505596 455.54999356016003 1010.1204119495308
2020 6 7 699.2517942272483 458.61180415829443 1057.3386093307665
2020 6 8 715.4769960497808 460.0755405150993 1103.032190151309
2020 6 9 731.3625665510995 461.08346256997277 1149.5964325922325
2020 6 10 746.9073526643484 461.6563870767946 1197.0363103469178
2020 6 11 764.2383379256806 463.1298407297282 1248.7670188534205
2020 6 12 782.9376805656614 465.1935252667374 1304.3121012331462
2020 6 13 802.1770457482345 467.3154169168185 1362.4652440766713
2020 6 14 822.776593543553 469.96395455878604 1424.7183884075725
2020 6 15 844.5986112502727 473.0236151955512 1491.016808580555
2020 6 16 867.9782303537038 476.65139576679115 1562.1283671823705
2020 6 17 892.096476235854 480.3572176340117 1636.7960541950906
2020 6 18 916.2269676683717 483.73758790906 1713.82562230379
2020 6 19 941.2997624687022 487.2946420729822 1795.0219844653964
2020 6 20 967.5545439582571 491.134551935234 1881.0107991939642
2020 6 21 993.0635136595095 494.25442520253023 1968.2452477476065
2020 6 22 1016.5247282175856 496.0402137703502 2054.133730129929
2020 6 23 1037.648567902988 496.42139811106426 2137.9268618611895
2020 6 24 1061.3431811666035 497.82275483037046 2229.530411983366
2020 6 25 1084.125198544008 498.54622846996165 2322.0052320820823
2020 6 26 1109.0524319603976 500.0323714750816 2421.8629302773265
2020 6 27 1133.559620438216 501.07514800956505 2523.8461393784823
2020 6 28 1157.4140690032555 501.59218100838444 2627.464750146602
2020 6 29 1183.8435168907254 503.00813442192015 2740.0434838853116
2020 6 30 1212.9344628316928 505.30251020829996 2862.2091373092153
2020 7 1 1241.3984614240517 507.04836076727736 2986.65526564863
2020 7 2 1272.8846483878442 509.76182379906015 3122.176168342582
2020 7 3 1301.7496956209543 511.12027891296725 3255.458340383193
2020 7 4 1331.886480428169 512.7246797873893 3395.9736128956365
2020 7 5 1364.4048455190311 514.9823469793996 3546.847421336821
2020 7 6 1400.6640243562886 518.3622245771197 3712.0846926780587
2020 7 7 1441.502256028236 523.1023063643074 3894.6016995029545
2020 7 8 1486.295259937746 528.8887811881071 4093.5606573634923
2020 7 9 1535.9330020014095 535.9679391337886 4312.193446314624
2020 7 10 1587.2284937084928 543.1418513624164 4542.503183625754
2020 7 11 1640.2370988560992 550.4117861567732 4785.113522883593
2020 7 12 1695.0160302238012 557.7790287755623 5040.681426359983
2020 7 13 1751.6244113240327 565.2448816806301 5309.898943993898
2020 7 14 1810.1233402147568 572.8106647672296 5593.49508738701
2020 7 15 1870.5759554432816 580.4777155973658 5892.237803887398
2020 7 16 1933.0475041923999 588.2473896362646 6206.936056106995
2020 7 17 1997.6054127024017 596.121060492007 6538.442012503898
2020 7 18 2064.3193590449696 604.1001201583703 6887.653354961367
2020 7 19 2133.261348327498 612.1859792609199 7255.51570961222
