2020 5 18 0.9954866300624333 0.8806111422778923 1.1103621178469743
2020 5 19 0.9161303446107748 0.7168810667788891 1.1397818658105379
2020 5 20 0.843230538148512 0.58369508429065 1.1701434764535374
2020 5 21 0.7761507830393256 0.47526635879683676 1.2013404366227847
2020 5 22 0.7142993873743995 0.38691356816109157 1.2332021292780875
2020 5 23 0.6569770298925691 0.3147690948587874 1.2652184526503607
2020 5 24 0.603818477947943 0.2558677472485576 1.2972257471465736
2020 5 25 0.5544949525975492 0.20779078028796635 1.3290411064359342
2020 5 26 0.5094523237967945 0.16884174550734443 1.3622404163790822
2020 5 27 0.46853138073024914 0.1373468323000382 1.3975065141357963
2020 5 28 0.4315570555971822 0.11192021528613949 1.435653329682349
2020 5 29 0.3980886187970764 0.091353257571254 1.476797655961668
2020 5 30 0.3679028437408498 0.07472344945613657 1.5216700567258843
2020 5 31 0.34087489555188044 0.06129739305174965 1.5714998822358404
2020 6 1 0.3169937558521726 0.05049249681474658 1.6283148468761153
2020 6 2 0.29534721230731587 0.041681622835766624 1.6900682573720671
2020 6 3 0.2752190901056804 0.03441391432326843 1.7543939408222131
2020 6 4 0.25627520494429246 0.028389974583488728 1.8199726425233114
2020 6 5 0.23850722402174418 0.023406303340993247 1.8870933512792687
2020 6 6 0.2220144588600304 0.019301734946114677 1.957032326913354
2020 6 7 0.20673275579503905 0.015923087370707103 2.030185588675025
2020 6 8 0.19239024434910587 0.013127172038215474 2.104966752461006
2020 6 9 0.17891169734515774 0.01081324440285158 2.1810683245717692
2020 6 10 0.1663774353799457 0.008907192971601837 2.2599212224557106
2020 6 11 0.15481198671274538 0.007341976202812341 2.3428566763987515
2020 6 12 0.14414190209898822 0.006056142390378833 2.430219105366932
2020 6 13 0.13420723021445333 0.004995502524033569 2.5208391787621514
2020 6 14 0.1250060503742297 0.004122432545139591 2.615754352347105
2020 6 15 0.11647544362124997 0.0034032607558336344 2.7150749541220875
2020 6 16 0.10859575353176594 0.0028115603393000007 2.819769935034268
2020 6 17 0.10133298504785904 0.002324905550638433 2.9306793001213736
2020 6 18 0.09460196873042771 0.0019235421359899048 3.0472821666851417
2020 6 19 0.08835243330433389 0.0015921676176526547 3.16963158101373
2020 6 20 0.08256390686186862 0.0013187478108593882 3.2986209604286305
2020 6 21 0.07712462263685017 0.00109180266322656 3.4316610126060496
2020 6 22 0.07207520408789428 0.0009043591340390733 3.571469648494904
2020 6 23 0.06742839672152169 0.0007500000804050209 3.7205429945289366
2020 6 24 0.0631209908938175 0.0006224303981472221 3.878035525881888
2020 6 25 0.05911741711264569 0.000516842122924971 4.043956221112703
2020 6 26 0.055437591611947196 0.00042977605977668294 4.221751428179521
2020 6 27 0.052004446717842545 0.0003575135945336523 4.40870579704283
2020 6 28 0.04884059959050517 0.00029779104910234605 4.608745072738733
2020 6 29 0.04587810808641191 0.0002480992413491694 4.8186981954659345
2020 6 30 0.043059885740832526 0.00020650783859942968 5.034495062464289
2020 7 1 0.04042456150910405 0.00017193572473967367 5.261099356170139
2020 7 2 0.037967047674517695 0.0001432217196759471 5.500053839614201
2020 7 3 0.03562789180085332 0.00011918598327400569 5.745364752267614
2020 7 4 0.03345065229260007 9.92435173714447e-05 6.004487441182126
2020 7 5 0.031401907019475664 8.262434650228669e-05 6.274478687048048
2020 7 6 0.02949005114926451 6.881821981559244e-05 6.558889984402794
2020 7 7 0.027714464171218277 5.736539518720573e-05 6.860612123704767
2020 7 8 0.02605606497962311 4.7839844465255366e-05 7.178758922800137
2020 7 9 0.024513471048887518 3.99264366260013e-05 7.516224004594389
2020 7 10 0.023062203112196047 3.332202183073274e-05 7.869552926176979
2020 7 11 0.02169685440823455 2.7810073543220514e-05 8.239491428148659
2020 7 12 0.020412338271497448 2.3209881873555173e-05 8.626820307505795
2020 7 13 0.019203869181695952 1.9370628982594255e-05 9.032357065600634
2020 7 14 0.01806694493509573 1.6166444500901978e-05 9.456957633570239
2020 7 15 0.016997329871362654 1.3492278853494483e-05 9.90151817887585
2020 7 16 0.015991039093427466 1.1260459196844285e-05 10.36697699676554
2020 7 17 0.015044323621579822 9.397815054122938e-06 10.85431649065232
2020 7 18 0.01415365642648263 7.843279412286391e-06 11.364565245587514
2020 7 19 0.01331571928907207 6.54588663268142e-06 11.898800199205704
