2020 5 18 349.362604695057 298.96637507935236 399.7588343107616
2020 5 19 356.77281573426416 261.34555488426116 467.02130042882953
2020 5 20 364.9212090618361 228.88440214030885 546.3617355496755
2020 5 21 373.2033247480637 200.42232364698702 639.1025852906864
2020 5 22 381.2682322306193 175.28194960647355 746.8916508721405
2020 5 23 388.35716908405954 152.7662982238964 870.6067800946048
2020 5 24 394.4610017912445 132.70351679617752 1012.3102313977199
2020 5 25 399.0301060800883 114.72699508662917 1172.8931145180115
2020 5 26 403.78959760661894 99.22516369314727 1359.3533300127528
2020 5 27 409.1622674202623 85.95465792363242 1577.3291279819105
2020 5 28 416.015954168496 74.75507400350575 1835.691673709579
2020 5 29 425.13415478226085 65.40104332752372 2145.8590643978782
2020 5 30 437.3813114659299 57.66807592860088 2523.2184603087094
2020 5 31 454.20016019617475 51.405701386398746 2991.2766607620483
2020 6 1 478.0809492649793 46.54944205326715 3588.4091506966615
2020 6 2 505.3583689789089 42.36041670034913 4320.814297084347
2020 6 3 535.4107735539025 38.65051513212687 5213.124940153855
2020 6 4 566.6969860612963 35.22558031476147 6284.323000687261
2020 6 5 598.4448211952032 32.01919450358297 7560.477614576862
2020 6 6 631.765093102643 29.09363755207066 9093.1758434164
2020 6 7 667.5934880977542 26.465452926408396 10945.98797480481
2020 6 8 703.3839438614951 23.992632170283972 13142.389157340302
2020 6 9 740.3662372857979 21.726065607413126 15765.93370076378
2020 6 10 779.0379237091853 19.66613549382028 18907.771113024784
2020 6 11 821.6081604245363 17.848938862958747 22721.309309967583
2020 6 12 868.7689296941611 16.24884592178749 27366.624473029442
2020 6 13 919.8338884819556 14.814585910395113 32999.37306990371
2020 6 14 975.167871111492 13.52733977931488 39836.95689290373
2020 6 15 1036.182113176186 12.384563450532708 48187.376168183
2020 6 16 1104.2264961889507 11.37672515860193 58437.569029337785
2020 6 17 1179.7824177628875 10.482256827715432 71029.18496774221
2020 6 18 1260.914625451216 9.661725022298636 86358.4010768732
2020 6 19 1349.7980701954946 8.92206486174893 105144.65208551925
2020 6 20 1446.806997014146 8.251324216357165 128162.51615790359
2020 6 21 1550.7878791869366 7.631008334778693 156219.36277429629
2020 6 22 1653.6940476339296 7.015265286992736 189557.24617059864
2020 6 23 1755.453221003121 6.415372488465423 229095.3644602968
2020 6 24 1862.8693512005877 5.864567973634427 276801.4778758301
2020 6 25 1973.6495556043508 5.350952395293031 333964.9863590901
2020 6 26 2091.697489062973 4.884162340566259 403048.6342657681
2020 6 27 2214.644388318608 4.453045031192932 486006.3125636528
2020 6 28 2340.2403650268266 4.050777543416038 585034.2437678253
2020 6 29 2481.0210226312615 3.6988036339076946 706255.3552299772
2020 6 30 2637.108081297187 3.3876065566676767 854540.2918752495
2020 7 1 2802.1064939701073 3.101424894393857 1033664.6598324057
2020 7 2 2981.289727211516 2.843693237951218 1251760.51797909
2020 7 3 3163.714756635842 2.5995423212158166 1512423.2746458503
2020 7 4 3358.392241792057 2.3772489860149695 1827886.6586371048
2020 7 5 3568.5199164818882 2.1764213352603496 2211038.916685913
2020 7 6 3802.8587772845217 1.9993072391671085 2681360.7545143357
2020 7 7 4060.009923747944 1.8405093256622242 3256961.587542977
2020 7 8 4345.645631542142 1.6993542224814282 3965026.345816635
2020 7 9 4674.4311985207705 1.5780401662977281 4848059.817533742
2020 7 10 5028.092228944654 1.465386517716542 5927749.766198461
2020 7 11 5408.510766138573 1.3607750247215646 7247892.685561187
2020 7 12 5817.711246234747 1.2636315712740585 8862038.792690255
2020 7 13 6257.871271416654 1.173423026519221 10835664.236530583
2020 7 14 6731.333198251643 1.089654318922441 13248827.069418095
2020 7 15 7240.616602780844 1.0118657192780764 16199414.718257105
2020 7 16 7788.431688700623 0.9396303176796895 19807114.685633134
2020 7 17 8377.69370998859 0.8725516806051596 24218269.54819968
2020 7 18 9011.538484725645 0.810261675258571 29611813.19027172
2020 7 19 9693.339082672426 0.7524184492286952 36206529.0697342
