2020 5 18 28.750989009673443 26.369178284936666 31.132799734410224
2020 5 19 28.3945142133159 23.885850216048595 33.29273149608409
2020 5 20 28.047675111572605 21.64077823805077 35.60863066960131
2020 5 21 27.710110318161494 19.610611340073834 38.09202343585716
2020 5 22 27.374345960143945 17.76929763054549 40.74550139944255
2020 5 23 27.01884862685456 16.08542171093457 43.54839238057247
2020 5 24 26.65274757172738 14.552053980885795 46.51956288016103
2020 5 25 26.270065072627137 13.153095221955887 49.65584765634941
2020 5 26 25.892877162582806 11.888625079667818 53.00357642702867
2020 5 27 25.54203283977631 10.75532348649796 56.619844538063006
2020 5 28 25.22346816171437 9.741646260524066 60.543856540410935
2020 5 29 24.929263518624232 8.831380655980542 64.78875487685286
2020 5 30 24.678788557031346 8.020446754534676 69.4360057356631
2020 5 31 24.48402116885417 7.301262871337376 74.5662580986505
2020 6 1 24.36335124377851 6.668205220180428 80.29654019261389
2020 6 2 24.269531578939162 6.097223068949611 86.5537168922957
2020 6 3 24.182611807317237 5.576775418190791 93.32180843070621
2020 6 4 24.082972953384715 5.0977472649966415 100.56884790211527
2020 6 5 23.977256292666013 4.658492766109967 108.35157177609828
2020 6 6 23.87200369476776 4.257087243400874 116.7365774914485
2020 6 7 23.767213122600435 3.890269387078973 125.77047384764465
2020 6 8 23.643672723703194 3.5519145966312875 135.4018227109352
2020 6 9 23.508034497666685 3.2410742058100634 145.69776955732078
2020 6 10 23.373174396440877 2.9574365378970784 156.77661961240176
2020 6 11 23.251682184731575 2.700214551325643 168.78238114689023
2020 6 12 23.143350246148344 2.4668193188253005 181.79847464831823
2020 6 13 23.035523037021846 2.253597792346632 195.81833814568245
2020 6 14 22.93440435129744 2.059413397257758 210.97213663339514
2020 6 15 22.839908447240592 1.882516010797875 227.3554818263356
2020 6 16 22.758108779222997 1.721827936201253 245.13360584006048
2020 6 17 22.682733477079154 1.5753197860969952 264.36793810856994
2020 6 18 22.61371891768352 1.4417022450650323 285.1827113196842
2020 6 19 22.557099351459257 1.3201948881723957 307.78998283258244
2020 6 20 22.51277604842183 1.2096395936744766 332.35524646856544
2020 6 21 22.468539837929484 1.1083423816392473 358.88110730122065
2020 6 22 22.406230375815692 1.0146321484599883 387.23397879807766
2020 6 23 22.332020501837786 0.9282983888654368 417.6181727087192
2020 6 24 22.25805641241638 0.8493106591173107 450.38645296029847
2020 6 25 22.166347243474277 0.7763574404529919 485.3618617835724
2020 6 26 22.06307199013491 0.7092523560703679 522.7918075638968
2020 6 27 21.948389603920774 0.6475653857259039 562.8265639536808
2020 6 28 21.816563566980125 0.5907202235713377 605.4722289976113
2020 6 29 21.69140703926896 0.5390242437932584 651.512302623729
2020 6 30 21.561124486550714 0.49170713695110907 700.8777327742114
2020 7 1 21.425815516121418 0.44841118865605434 753.794779665072
2020 7 2 21.297128154602774 0.409048357823919 810.9102069463358
2020 7 3 21.16347591928 0.3730307058119199 872.134827787701
2020 7 4 21.030662431786375 0.3401844911902547 937.9819754699658
2020 7 5 20.90434843186887 0.3103221128259426 1009.0533635404627
2020 7 6 20.784425069247412 0.28316474622631504 1085.7817235298157
2020 7 7 20.688521608234044 0.25870188682835865 1169.5633673755674
2020 7 8 20.602164579106816 0.2364662369482119 1260.3244756326258
2020 7 9 20.52976688707966 0.21629784457446097 1358.9607803099461
2020 7 10 20.45762360646596 0.19784963033772948 1465.3166213356449
2020 7 11 20.385733843243194 0.18097487888419822 1579.9961499056626
2020 7 12 20.31409670653051 0.16553938832861442 1703.6507996758028
2020 7 13 20.242711308577675 0.1514204029706607 1836.9829872112655
2020 7 14 20.171576764754096 0.13850563704078886 1980.7501020430818
2020 7 15 20.100692193537835 0.12669238171154393 2135.768808996849
2020 7 16 20.030056716504696 0.11588668827259835 2302.9196872330167
2020 7 17 19.95966945831734 0.10600262097343377 2483.15223235065
2020 7 18 19.88952954671443 0.09696157359166133 2677.490249968981
2020 7 19 19.819636112499836 0.08869164429177047 2887.037671424817
