2020 5 18 2349.364910401909 2224.269855936164 2474.459964867655
2020 5 19 2384.2595077909923 2137.2334290497365 2644.791627918074
2020 5 20 2421.1996564484393 2054.971800444647 2828.542380104886
2020 5 21 2458.8706146926766 1976.010914446734 3025.244629993267
2020 5 22 2495.4441781768105 1898.7311353767502 3233.5546430641043
2020 5 23 2529.5193689801386 1822.1588124029236 3452.266054533675
2020 5 24 2559.7177579113013 1745.5466466329592 3679.8446282671507
2020 5 25 2586.96508799798 1669.897355404659 3917.6648053846025
2020 5 26 2613.1876307750103 1596.6778615006526 4168.863617285239
2020 5 27 2640.4004234242534 1527.1114439812254 4437.324901535974
2020 5 28 2669.8485776606008 1461.7049514415944 4726.354616607592
2020 5 29 2704.8062520811463 1401.936405554301 5043.382506255289
2020 5 30 2747.470161960325 1348.3687732412893 5395.191141828478
2020 5 31 2799.8201700928967 1301.2713039903324 5789.239770715724
2020 6 1 2866.492194196836 1262.0117557870665 6239.6199392847775
2020 6 2 2938.46033870544 1225.569374144244 6733.110292253921
2020 6 3 3014.1361499196832 1190.9720948402469 7269.986110533841
2020 6 4 3090.9252812611526 1157.0213111937203 7847.655180914505
2020 6 5 3166.9572349038576 1123.0226212435114 8464.336161436137
2020 6 6 3243.1035212671704 1089.4003061610124 9124.78380201997
2020 6 7 3322.279437968257 1057.1872960354428 9840.13711381071
2020 6 8 3398.3226767763013 1024.3148606936152 10596.568034297698
2020 6 9 3472.8090804191434 991.4706799916896 11400.865495845976
2020 6 10 3549.088579852843 959.7254431876551 12266.737269166657
2020 6 11 3629.6672882034504 929.7061352382387 13207.438654538175
2020 6 12 3714.926483274747 901.3560665184715 14230.653918584496
2020 6 13 3803.733196639042 874.2453138850201 15339.058072222515
2020 6 14 3895.717367171177 848.1923562105999 16538.046560547584
2020 6 15 3990.4659543273624 823.0333611143633 17833.047245364618
2020 6 16 4094.709676413963 800.1037180119619 19261.586861782973
2020 6 17 4203.5685209453 778.182577462978 20813.461250889424
2020 6 18 4316.875196988637 757.1496743318224 22498.06102589678
2020 6 19 4434.831715811719 736.965123739436 24327.325032499757
2020 6 20 4558.060434511085 717.659176638908 26316.562496721715
2020 6 21 4689.346527101796 699.5884798991854 28495.210066608364
2020 6 22 4821.597360428697 681.552589802735 30837.103618319114
2020 6 23 4951.340148481782 663.0999340294948 33331.57207084255
2020 6 24 5087.548212382354 645.5451708891682 36047.84346272005
2020 6 25 5223.977248984599 628.0077415914611 38960.486827977475
2020 6 26 5367.926749276933 611.4110183384433 42137.27241383794
2020 6 27 5516.338900981713 595.3094062511293 45576.982684529205
2020 6 28 5661.462820734636 578.834158255254 49236.41006343769
2020 6 29 5813.543688557847 563.1358018677815 53216.956367172104
2020 6 30 5972.933171911854 548.175428472624 57548.81866370027
2020 7 1 6137.520555125158 533.6884798604793 62241.271774498106
2020 7 2 6312.314863044977 520.0775632229559 67373.85782122953
2020 7 3 6485.962433287105 506.3091431576764 72864.3184023047
2020 7 4 6667.683425040654 493.16255704665474 78839.24337056736
2020 7 5 6859.116962251987 480.6991245500869 85358.75736601786
2020 7 6 7064.286668779387 469.1281466930613 92519.937629544
2020 7 7 7285.276676277167 458.47874625953546 100408.72611634513
2020 7 8 7518.206605468189 448.3874365620269 109039.43948651137
2020 7 9 7768.796773762965 439.12733686221867 118560.13357921365
2020 7 10 8027.739390419606 430.0584767901481 128912.11969280007
2020 7 11 8295.312851809815 421.17690686401676 140167.9814453616
2020 7 12 8571.804833565267 412.47875916674485 152406.64003731025
2020 7 13 8857.51259986565 403.96024566149663 165713.90761246427
2020 7 14 9152.743323035595 395.61765654199303 180183.0889354274
2020 7 15 9457.814413794153 387.44735861689367 195915.6356039618
2020 7 16 9773.053862511835 379.4457937275449 213021.85738340692
2020 7 17 10098.800591842139 371.6094771984045 231621.69565071163
2020 7 18 10435.404821106667 363.93499631946753 251845.56437113188
2020 7 19 10783.228442825612 356.4190088600343 273835.26450415683
