2020 5 18 505.2924504975502 466.71356774485963 543.8713332502408
2020 5 19 507.47272984039756 432.98597049150374 587.8683115643537
2020 5 20 510.2499006007621 402.19699016593637 636.1050214041567
2020 5 21 513.0556118443436 373.607884716434 688.3163600154758
2020 5 22 515.612096908189 346.8582385313888 744.4581318174249
2020 5 23 517.3270212416812 321.4491213672373 803.945579696115
2020 5 24 517.5793193629065 296.98898080482394 865.90465370283
2020 5 25 516.1670676372986 273.43489865138076 929.8538556585282
2020 5 26 514.5967053681657 251.66308274992056 998.2340929954785
2020 5 27 513.596269966902 231.90119859485975 1072.7392214892795
2020 5 28 513.645301989736 214.16410143098796 1154.993125253984
2020 5 29 515.4672382532493 198.52284580291104 1247.540549107873
2020 5 30 520.0452914827932 185.08291271618123 1354.1583733321872
2020 5 31 528.1315979745708 173.7869674180228 1478.9173646479426
2020 6 1 541.6051940611037 164.9118008189825 1629.904270609651
2020 6 2 557.1219860513783 157.00734580965863 1801.420209274411
2020 6 3 573.8262917812306 149.69114335187095 1993.3872140160097
2020 6 4 590.7613616200811 142.64540449628743 2204.872806080615
2020 6 5 607.4547470422506 135.7522597775653 2436.0282641516233
2020 6 6 624.4292358747368 129.14962025529064 2690.653321274014
2020 6 7 642.367890239574 122.96942816582875 2974.0036761032393
2020 6 8 659.310161282131 116.79558456913789 3280.194491926515
2020 6 9 676.5441201401061 110.90422072631162 3617.1374669609095
2020 6 10 694.281635851941 105.31872702855408 3988.975116095635
2020 6 11 713.5734563082286 100.1797724222888 4405.295600278032
2020 6 12 734.464889634141 95.44088398848974 4871.632468092409
2020 6 13 756.5441204349713 91.00103229484759 5391.156516366221
2020 6 14 780.7707768616892 86.94618537124049 5976.656814412064
2020 6 15 806.6919580345594 83.1743234167406 6632.777322065838
2020 6 16 835.5619940188755 79.78140429785563 7378.0973664016565
2020 6 17 866.9072500680353 76.66457893657964 8219.901576909522
2020 6 18 900.5844762318318 73.77175667077685 9168.713306101692
2020 6 19 937.336150650559 71.13276728216056 10245.026156260772
2020 6 20 977.1317390458971 68.7053617383167 11464.564293666612
2020 6 21 1020.0732713475419 66.46319433009027 12846.36023649326
2020 6 22 1061.941187720092 64.10129063927305 14357.414313359677
2020 6 23 1101.5289147659698 61.581955931217635 15992.145047657968
2020 6 24 1142.5924185787544 59.161637129205836 17813.005715615192
2020 6 25 1182.5874077427184 56.701854677337415 19800.66585028282
2020 6 26 1223.8896017693971 54.33989538677495 22008.56530918445
2020 6 27 1264.6181046753707 51.986808177764054 24426.40358074196
2020 6 28 1301.9401936575134 49.539866654344515 27017.88825916266
2020 6 29 1341.0786717935632 47.235302282386016 29899.14885838556
2020 6 30 1382.5509351155235 45.07870421430999 33113.47486875954
2020 7 1 1424.438070398133 42.99227906417507 36652.578103782216
2020 7 2 1469.6055939860078 41.063128055832806 40621.68789847219
2020 7 3 1512.8620999199272 39.12712664490195 44928.201730327004
2020 7 4 1558.103885326636 37.30081788981953 49712.41771497623
2020 7 5 1605.9208783537442 35.58901525507834 55045.081980939794
2020 7 6 1659.3625883464058 34.04789972693914 61092.2778796655
2020 7 7 1719.203746709436 32.66833644728561 67973.94322524367
2020 7 8 1784.3182955310324 31.403868750888392 75753.96039717364
2020 7 9 1856.2591675197684 30.26508161389987 84609.55694716165
2020 7 10 1931.100580894793 29.167589903078667 94500.36789181629
2020 7 11 2008.9594808654288 28.109896137317953 105547.40922784377
2020 7 12 2089.9575276855926 27.090557138126794 117885.84365579666
2020 7 13 2174.221286756884 26.10818206047402 131666.63432201836
2020 7 14 2261.882426396329 25.16143049503891 147058.39188211685
2020 7 15 2353.0779235778014 24.249010639279245 164249.43748514843
2020 7 16 2447.950277968614 23.36967753482128 183450.10691952458
2020 7 17 2546.647734595723 22.52223136876662 204895.32411231555
2020 7 18 2649.324515489476 21.70551583659814 228847.47546921537
2020 7 19 2756.141060666874 20.918416564451313 255599.62022327713
