2020 5 18 136.77134264287213 118.25674909364116 155.2859361921031
2020 5 19 138.49105991967835 103.56048896045338 178.48899527637684
2020 5 20 140.4231495257711 90.83323238573296 205.40493039324025
2020 5 21 142.38219372552595 79.67011539305544 236.37975755604418
2020 5 22 144.38145160862524 69.88611889726502 272.04694116210203
2020 5 23 146.09597318724752 61.15224795473939 312.50652041761276
2020 5 24 147.52901902788489 53.38353310120465 358.3377197955383
2020 5 25 148.48666765661562 46.42463790205996 409.70152583102225
2020 5 26 149.45053262774567 40.37288053324345 468.42777356523715
2020 5 27 150.470237176072 35.12340402693257 535.7271980392051
2020 5 28 151.94618988592882 30.661365104460128 614.2952227725809
2020 5 29 153.89031787541785 26.85773083644019 706.2200115507762
2020 5 30 156.52304687425624 23.641785716586067 814.9465871747701
2020 5 31 160.23940246287 20.96778960843586 945.8196973396005
2020 6 1 165.42621553001325 18.777102322069613 1105.8684617225651
2020 6 2 171.32975233135934 16.87759157356783 1296.6691127217086
2020 6 3 177.67133445063317 15.192635031840105 1522.1102637614565
2020 6 4 183.89396942167582 13.64565178031786 1783.7170825310488
2020 6 5 189.96848090355098 12.22902627301058 2086.7358822276174
2020 6 6 196.36970067856757 10.967582363465917 2442.6162993791395
2020 6 7 202.9866173650569 9.83625844069724 2859.1900090506233
2020 6 8 209.42243252348385 8.80205229056644 3341.116367934485
2020 6 9 215.85386025253163 7.867824167561449 3900.947655346719
2020 6 10 222.69763923585168 7.040583587080827 4558.465866373908
2020 6 11 230.42335969450235 6.321343480169642 5340.422216659521
2020 6 12 239.10512074665039 5.694453262684788 6272.460888384821
2020 6 13 248.3519704630359 5.135399714045493 7373.406871071683
2020 6 14 258.4507923829151 4.641453869752906 8682.269089236552
2020 6 15 269.38899451275375 4.2027173846237025 10237.871484586478
2020 6 16 281.23699829862335 3.8124243875193073 12089.174187993422
2020 6 17 293.8860056099244 3.462171179366698 14287.278260395053
2020 6 18 307.00641688502753 3.1429476273217176 16880.31072340574
2020 6 19 320.9162928644651 2.8552429930602865 19955.159568066476
2020 6 20 335.4563988297332 2.593874768561445 23590.110390257865
2020 6 21 350.655289301061 2.356432125508286 27887.18909144121
2020 6 22 365.61212331877596 2.134470614710599 32892.989613240294
2020 6 23 380.23653861772465 1.9277513323367406 38710.0376247553
2020 6 24 395.5720780048366 1.7416919719506623 45568.65967041184
2020 6 25 410.8699333827846 1.570701179219752 53566.89731482118
2020 6 26 426.75939871547206 1.4164974255690068 62968.99028170743
2020 6 27 443.12176812860713 1.2769626933539757 74000.45298668194
2020 6 28 459.2294053045191 1.1486311602480634 86817.19872570646
2020 6 29 476.6843487188986 1.035102017353198 101997.79761999391
2020 6 30 495.5934833344364 0.9345110085465311 120002.02914413542
2020 7 1 514.9238623143796 0.8430753326013729 141104.66789905605
2020 7 2 535.862389108083 0.7619845548328813 166152.32522342837
2020 7 3 556.9412187801673 0.6876822448975188 195425.7259691685
2020 7 4 579.5883118465722 0.6215378732857247 230115.97888088785
2020 7 5 604.3100441101174 0.5629928025921553 271422.2103328698
2020 7 6 631.8906717991189 0.5116433661468003 320953.42699372943
2020 7 7 661.9879216443119 0.46599588902753786 380162.37396781443
2020 7 8 695.3635786911597 0.42571962055046914 451353.5431442735
2020 7 9 732.9250341624271 0.3904569059635093 537501.0671526762
2020 7 10 772.5154468301234 0.3581150317137497 640091.1249696725
2020 7 11 814.244414878166 0.32845206213698114 762262.0182604432
2020 7 12 858.2274566557369 0.3012461013037484 907751.0401507505
2020 7 13 904.5863304668587 0.27629363311124905 1081008.8016391604
2020 7 14 953.4493716340451 0.25340799886681764 1287335.378902201
2020 7 15 1004.9518477691176 0.23241800097445156 1533042.446333805
2020 7 16 1059.2363332346886 0.2131666222791578 1825646.3550821778
2020 7 17 1116.4531038329287 0.19550985148908545 2174098.0634916592
2020 7 18 1176.7605528142396 0.17931560588893178 2589056.9531827094
2020 7 19 1240.325629357467 0.16446274328590416 3083216.9069955344
