2020 5 18 184.78682968958506 180.55746559675865 189.0161937824115
2020 5 19 186.8558060042552 178.40274450808155 195.50452017454901
2020 5 20 189.1640428333142 176.4800565454122 202.44166740367288
2020 5 21 191.44992260222097 174.53063007360726 209.5705260969727
2020 5 22 193.5941131183423 172.4483880618125 216.7650858049225
2020 5 23 195.4285440807099 170.09367150940471 223.8329120519387
2020 5 24 196.68500575406566 167.25293590775243 230.4493087860174
2020 5 25 197.42521131280074 164.01377092328858 236.6469380633855
2020 5 26 198.1405021698438 160.81432591547227 242.97804085110482
2020 5 27 199.02518913814308 157.8126745434172 249.68307298158587
2020 5 28 200.3606243635561 155.221328814552 257.1336536602175
2020 5 29 202.40782666603135 153.2170050147195 265.7085104411446
2020 5 30 205.58352686515 152.07696949711686 276.0232836050995
2020 5 31 209.9340105010147 151.77758537844284 288.24888100466586
2020 6 1 216.29116395774662 152.86300821492262 303.6448146045316
2020 6 2 223.69055114520714 154.55673591682913 321.0559838342874
2020 6 3 231.65693005252996 156.4860861125825 339.91598776837947
2020 6 4 239.7119983805942 158.3077828366936 359.5977391764665
2020 6 5 247.57628368054586 159.83971988047537 379.71273597604727
2020 6 6 255.83752238259143 161.4761887653794 401.1660227063873
2020 6 7 264.76928328437145 163.3786330696141 424.45054900713217
2020 6 8 273.12128459767126 164.75333009018252 447.6572641277199
2020 6 9 281.35353336328046 165.90843146003354 471.5046996120428
2020 6 10 289.6365321766187 166.95523970604296 496.29174691905644
2020 6 11 298.5291267121651 168.2194796986557 523.0085563449392
2020 6 12 308.36492484874725 169.87093436076324 552.3377273827671
2020 6 13 318.35172363122666 171.44326457725083 583.0016236391924
2020 6 14 329.42130348633856 173.43908184899595 616.7584736841409
2020 6 15 341.56909783351244 175.82315710949464 653.767951490297
2020 6 16 354.9316559225176 178.63471478944405 694.4659012746391
2020 6 17 369.3647703847302 181.76693486702544 738.7691867683997
2020 6 18 384.90304950430635 185.20911007192234 786.9353442162391
2020 6 19 401.6890423207587 189.00232091547159 839.4563804016295
2020 6 20 420.16521367138466 193.324035448989 897.4850412332794
2020 6 21 439.7859821134084 197.8801948544877 960.154641864031
2020 6 22 459.45911748608256 202.15503216037396 1025.3142891052973
2020 6 23 478.9163789063149 206.04003096378142 1092.4502893564215
2020 6 24 500.2055592520529 210.43332825320047 1166.2814491364845
2020 6 25 521.598907653674 214.56599529880478 1243.1386787833455
2020 6 26 544.4927078534176 219.0206662635512 1326.4561339585678
2020 6 27 567.5509878067696 223.22978743784066 1413.310438330212
2020 6 28 590.470894549174 227.08130526836308 1503.0756401654528
2020 6 29 614.8134836893142 231.19044400516015 1599.8075658314053
2020 6 30 640.7634576943783 235.60100503023722 1704.3360346097188
2020 7 1 667.0894896461429 239.8312548039552 1813.7811403582216
2020 7 2 695.7139140221294 244.5749134223638 1933.562689666702
2020 7 3 723.7119216023247 248.76039566354905 2056.099972697966
2020 7 4 753.3443827468875 253.19202103167237 2187.845352758654
2020 7 5 784.7186504953789 257.8802197845032 2329.567231974906
2020 7 6 818.8308843257624 263.125602549083 2484.718566797347
2020 7 7 856.9727003687161 269.29604306575976 2657.9310146834846
2020 7 8 898.0976054156555 275.99028799926486 2846.960020511513
2020 7 9 943.0924951125602 283.4337326684062 3055.444306897432
2020 7 10 990.3416387865698 291.0779266789255 3279.1960003971453
2020 7 11 1039.9579750631042 298.9282842308142 3519.333140763284
2020 7 12 1092.0601008178257 306.9903655447746 3777.055642350967
2020 7 13 1146.7725546562335 315.26988080039143 4053.6512898353203
2020 7 14 1204.22611459565 323.7726941805157 4350.502172998349
2020 7 15 1264.55811066114 332.50482802472516 4669.091592738422
2020 7 16 1327.9127531425554 341.47246709480356 5011.011472810243
2020 7 17 1394.4414772973305 350.6819629552598 5377.970314330185
2020 7 18 1464.3033053229644 360.1398384719892 5771.801732793987
2020 7 19 1537.6652264644047 369.8527924322637 6194.473620264455
