2020 5 18 429.80984670360874 401.7821736248709 457.8375197823466
2020 5 19 424.3749100878856 370.8590615986474 481.49623221240097
2020 5 20 419.3036503247975 342.5737000233654 506.71215954347826
2020 5 21 414.15981034170204 316.33684832981527 533.087698698048
2020 5 22 408.97249188949996 292.02800371237146 560.6989595066498
2020 5 23 403.3081686864825 269.2001684212059 588.9972993864055
2020 5 24 396.88749565562483 247.59957216138585 617.504693018418
2020 5 25 389.7994006818752 227.252063787176 646.1943836167563
2020 5 26 382.7336322013477 208.51591116292522 676.0441766099051
2020 5 27 376.00068530519565 191.43603522375778 707.6344759841257
2020 5 28 370.34160183181615 176.24163930706294 742.4990338875546
2020 5 29 365.7830237488255 162.7364177058925 781.1169817988737
2020 5 30 362.7725793982435 150.92988641272316 824.929639588127
2020 5 31 361.24239546841653 140.5854668075593 874.5094482126414
2020 6 1 361.98930605336795 131.83370197762818 932.5659485307925
2020 6 2 363.4639316984946 123.89122015772192 996.347454352259
2020 6 3 365.47925902382156 116.60950013232403 1065.9569387412505
2020 6 4 367.1391750065435 109.63880141819722 1139.3604821327492
2020 6 5 368.36472891911507 102.95283315908743 1216.4473415318353
2020 6 6 369.27415779315504 96.58509112981038 1297.6922976752983
2020 6 7 370.630302622786 90.72745375284022 1385.9254460014695
2020 6 8 371.1735722784507 85.02486225271856 1477.0995052810222
2020 6 9 371.5687192812043 79.64658902615118 1573.6788840007273
2020 6 10 372.1133644673943 74.64047518952215 1677.2044324137476
2020 6 11 373.38040548371976 70.0937579374785 1790.7928937173049
2020 6 12 375.20104349653553 65.92711898002496 1914.708568387968
2020 6 13 377.58252020489607 62.10514673681421 2050.015452237512
2020 6 14 380.5093287414507 58.59195496628936 2197.762791632677
2020 6 15 383.91681802150737 55.34802223971232 2358.8037790633043
2020 6 16 387.91960455597183 52.36511214145168 2535.1150929851583
2020 6 17 391.7047287502347 49.50794634784349 2722.909790747937
2020 6 18 395.3434372567826 46.78350069158795 2923.341289969772
2020 6 19 399.46535980056575 44.26216440895574 3141.849564567014
2020 6 20 403.9775098336127 41.915188979185665 3379.421655121456
2020 6 21 408.35153307047005 39.67304090330959 3633.3760065765327
2020 6 22 412.281410006334 37.50307912470251 3902.041084305927
2020 6 23 415.55989088165916 35.38911146610851 4184.049144707326
2020 6 24 419.50356356487373 33.44873121088803 4492.873440919724
2020 6 25 423.035836433519 31.578955068458 4819.685121873995
2020 6 26 426.5978514848351 29.813698968978436 5170.269089364405
2020 6 27 429.79049558054396 28.119209893518278 5541.5143440707225
2020 6 28 432.892075491106 26.513507506909058 5937.934227833377
2020 6 29 436.56602817216464 25.033181644022182 6370.256712839949
2020 6 30 439.95004387641563 23.617093407172394 6829.369584188807
2020 7 1 442.6248203081454 22.24163007886417 7310.154583744539
2020 7 2 446.05580038070235 20.98345558187349 7837.007144361478
2020 7 3 448.94666071123083 19.76979454161287 8391.873736387673
2020 7 4 452.1564605435015 18.639550151827276 8991.636864599464
2020 7 5 455.7520296682986 17.588878923988023 9641.479861439784
2020 7 6 460.01617571732305 16.622130756902244 10351.827211649956
2020 7 7 466.07869949712574 15.772059152789984 11154.081656708035
2020 7 8 473.66826194666095 15.014432137051454 12053.142505056077
2020 7 9 482.1463267881714 14.317444940514267 13044.13534963248
2020 7 10 490.7761383039501 13.652812690717822 14116.606266636023
2020 7 11 499.5604125681936 13.019033433847474 15277.254271425676
2020 7 12 508.5019142694028 12.414674938510917 16533.329163214792
2020 7 13 517.603457580518 11.838371459143202 17892.676809764165
2020 7 14 526.8679070446279 11.288820649658213 19363.788155320424
2020 7 15 536.298178476532 10.764780620371996 20955.85225791991
2020 7 16 545.8972398804392 10.265067131547081 22678.81368734692
2020 7 17 555.6681123840926 9.78855091721571 24543.43464227336
2020 7 18 565.6138711896141 9.334155133234267 26561.362174584432
2020 7 19 575.7376465413671 8.90085292380194 28745.20094079613
