2020 5 18 1163.9691303918084 1110.345456155026 1217.592804628591
2020 5 19 1146.351927695463 1043.2268760474653 1254.3366699912353
2020 5 20 1129.7819731245404 980.8758862884655 1293.043507617417
2020 5 21 1113.8271131116683 922.577536725275 1333.37463533854
2020 5 22 1097.2470752775776 867.0396894779196 1373.9455902186376
2020 5 23 1078.1300190954923 812.6453768088477 1412.265174551982
2020 5 24 1056.7517688633181 759.708088127789 1448.255215731994
2020 5 25 1032.3288384372615 707.7256371468944 1480.4087975071345
2020 5 26 1008.3660949586989 659.2285698239265 1513.1267274609008
2020 5 27 986.1307326380975 614.8204258397902 1548.325139852036
2020 5 28 965.9293792383643 574.3662297972911 1586.7661037464063
2020 5 29 948.1417027380061 537.763012256783 1629.4466704426995
2020 5 30 933.7458070005521 505.230395839762 1678.5413229015812
2020 5 31 922.8690911514285 476.4517664742988 1735.0484848363544
2020 6 1 916.173466423091 451.405579425247 1801.0804294898971
2020 6 2 911.515777115229 428.65619532190794 1873.5362206496711
2020 6 3 907.1119114040039 407.1615362565672 1949.3798818212194
2020 6 4 901.8131916328562 386.333501850919 2026.3250510820174
2020 6 5 895.361410169019 366.0636825449557 2103.6469573708882
2020 6 6 889.36270478815 347.0237294170901 2184.8754191680023
2020 6 7 884.4371251143639 329.37714033441176 2271.7779567307357
2020 6 8 879.0028865913783 312.4283111410619 2360.7603887608034
2020 6 9 873.2025535957795 296.2096308736616 2452.1552364555114
2020 6 10 868.0137203919728 281.0273401622575 2548.6981066474905
2020 6 11 864.3021831123945 267.09152648294486 2653.2890924199287
2020 6 12 861.7849247550877 254.2109318472418 2765.7897342142337
2020 6 13 859.0574095743618 241.88732439162763 2882.3621313820404
2020 6 14 857.42302495502 230.4665046379964 3007.4865918847836
2020 6 15 856.0515341553224 219.65475143573386 3138.9539702853363
2020 6 16 855.6764842354434 209.60531872500835 3279.813917991527
2020 6 17 855.8633181837077 200.15325602295238 3429.1480033548737
2020 6 18 856.2662860812145 191.1779658813553 3586.1472693853757
2020 6 19 857.4477453427918 182.77891735336974 3753.594172902394
2020 6 20 859.2803143576572 174.88731253676127 3931.702809996816
2020 6 21 862.8090560033733 167.68085406248403 4126.005776850935
2020 6 22 866.0908726421079 160.72054265441878 4328.660999660225
2020 6 23 868.1605895329377 153.8219028790945 4535.149573150571
2020 6 24 871.6819595271141 147.4757043606744 4759.045592934938
2020 6 25 874.6013686724162 141.28707027294178 4990.630692992285
2020 6 26 878.2371929846047 135.47228793751796 5237.517407262128
2020 6 27 882.0655256494174 129.92418145842 5497.675536005388
2020 6 28 883.2825821907486 124.21620407725416 5754.37685803535
2020 6 29 884.5013180025895 118.75899607110514 6023.064258236053
2020 6 30 885.9450592389477 113.57152528883694 6305.818135907957
2020 7 1 887.0332556673798 108.56476635249206 6599.298542092416
2020 7 2 889.5561526497918 103.95415919308961 6917.101739319849
2020 7 3 890.8733846538487 99.39762523232838 7240.778492582473
2020 7 4 892.1025941045781 95.03077534958116 7578.870000420453
2020 7 5 894.5498120623439 90.98534196576443 7943.081113566054
2020 7 6 899.0364916666288 87.31887393310504 8342.844422645403
2020 7 7 905.7550804583497 84.01474327906591 8783.229977456504
2020 7 8 913.3349655048862 80.9108740503789 9254.726959416184
2020 7 9 921.6401166789964 77.98030596275447 9758.24089429979
2020 7 10 930.0207883780289 75.155882190304 10289.149076872574
2020 7 11 938.4776673263509 72.43375821711558 10848.941922303742
2020 7 12 947.0114464928619 69.81022877451419 11439.190933493097
2020 7 13 955.6228251477766 67.28172279756765 12061.55311274115
2020 7 14 964.3125089199239 64.84479856426653 12717.775613441161
2020 7 15 973.0812098545675 62.49613901076139 13409.700644851755
2020 7 16 981.9296464717519 60.23254721628096 14139.270643719281
2020 7 17 990.8585438251783 58.05094205158509 14908.53372726815
2020 7 18 999.8686335616177 55.94835398502949 15719.649442867314
2020 7 19 1008.9606539808619 53.92192104053365 16574.894830513877
