2020 5 18 926.2333829412972 888.2910739284426 964.1756919541517
2020 5 19 939.295407590478 863.957915458731 1017.781772186515
2020 5 20 953.4968630496854 841.1699316351641 1075.4032780663663
2020 5 21 967.8573778335461 818.9339100986248 1136.2242416707252
2020 5 22 981.5640996115357 796.5494923201035 1199.4635894440898
2020 5 23 992.9338645543719 772.7229314463389 1263.1297302293074
2020 5 24 1001.6037457252609 747.4054755130153 1326.5730860900637
2020 5 25 1007.5017751396811 720.7926501158439 1389.4315789380448
2020 5 26 1012.8533689084064 694.711644535886 1454.467087048612
2020 5 27 1019.1515019532303 670.2040780517559 1523.8651491392154
2020 5 28 1027.0424987121155 647.5828017298287 1598.897590830292
2020 5 29 1036.0948362198515 626.4187952871195 1679.3373541041665
2020 5 30 1049.709413150878 608.6565339821461 1771.0893122583825
2020 5 31 1067.4819796335396 593.7051352568797 1874.5678082787952
2020 6 1 1091.801075289973 582.5946611738273 1995.0599077208142
2020 6 2 1120.1830536971936 573.5644602039198 2129.7086724765218
2020 6 3 1149.8105390941137 564.9341842559155 2274.410278790699
2020 6 4 1179.2267516117713 555.9449514110512 2426.975583150461
2020 6 5 1208.9096600977289 546.8696902839229 2588.7748425657924
2020 6 6 1239.140490059618 537.8524436987312 2760.9341192031357
2020 6 7 1272.5779845642735 530.047610653303 2950.0027661632466
2020 6 8 1306.3934327322393 522.1376398320684 3150.803341631355
2020 6 9 1339.8155884199064 513.8293856100295 3362.1562691468475
2020 6 10 1374.258413345243 505.71684597849764 3588.1021433279802
2020 6 11 1411.794973909473 498.54503160332257 3834.9979393762897
2020 6 12 1451.8692279191932 492.0090020813547 4102.990861326068
2020 6 13 1492.9015392191752 485.497844807692 4389.2041925970725
2020 6 14 1534.478376496308 478.8728162326135 4693.57450123652
2020 6 15 1578.6672865634919 472.7920026336108 5023.499369216732
2020 6 16 1627.0557690792386 467.6650205196354 5385.929809925103
2020 6 17 1678.6704511337477 463.09463264795284 5780.2783238120055
2020 6 18 1731.9916587449227 458.58799097786743 6203.738521111906
2020 6 19 1788.7906318317118 454.59758392128526 6664.611480127969
2020 6 20 1848.263006967437 450.8479371135646 7162.743093185315
2020 6 21 1913.2157424058444 447.9837237741728 7711.682207009448
2020 6 22 1976.7460808327905 444.2701717277028 8287.757057731415
2020 6 23 2038.2321884581963 439.65383888202336 8889.450186420921
2020 6 24 2104.066249517878 435.61080780349494 9545.448219183227
2020 6 25 2170.6396285015703 431.3177819548491 10243.562915680199
2020 6 26 2241.376450601954 427.47580931042575 11002.442303423826
2020 6 27 2314.8801999140933 423.75612515046083 11819.80881936035
2020 6 28 2386.216213207844 419.230730527906 12674.520678353965
2020 6 29 2464.4698409253506 415.58279098664707 13616.105148631787
2020 6 30 2549.7576157814146 412.72001393562067 14652.324468433979
2020 7 1 2637.471654134484 409.7919312382506 15764.384059593383
2020 7 2 2733.310685931039 407.6781973799083 16991.3732768378
2020 7 3 2828.803182115068 405.0042516947898 18290.059598442658
2020 7 4 2928.6808502680387 402.4980301458979 19694.789658430276
2020 7 5 3037.2737437950373 400.72043162829453 21242.30076601669
2020 7 6 3156.400665189304 399.8092457861821 22956.91962171073
2020 7 7 3285.4887474585626 399.570044657011 24848.40387514209
2020 7 8 3424.7205211140777 399.9225718277555 26932.522173919482
2020 7 9 3575.482844458068 400.9328796204705 29235.71926495252
2020 7 10 3732.881994953339 401.94573971182507 31735.87959640869
2020 7 11 3897.210137602784 402.9611585495853 34449.84693655647
2020 7 12 4068.7722990353363 403.9791425978061 37395.905487569005
2020 7 13 4247.886933697755 404.9996983368722 40593.90306756992
2020 7 14 4434.886514971185 406.0228322635393 44065.384826877336
2020 7 15 4630.118152309721 407.0485508909759 47833.73839930272
2020 7 16 4833.944235546528 408.0768607488041 51924.351466399516
2020 7 17 5046.743107563451 409.1077683831418 56364.78279618404
2020 7 18 5268.90976657276 410.1412803566438 61184.94790862911
2020 7 19 5500.8565993145885 411.1774032485442 66417.32061877304
