2020 5 18 39.17230153696861 36.30169184051279 42.04291123342444
2020 5 19 39.73185784076793 34.12085470016196 45.769777177166674
2020 5 20 40.28131902845702 32.055498472580894 49.806171797794505
2020 5 21 40.84419770733406 30.119790119434114 54.205727135647415
2020 5 22 41.42066325986096 28.30519087986691 59.001503799503034
2020 5 23 42.032825038578224 26.618747593068637 64.2608380775798
2020 5 24 42.70444903197131 25.064710834742886 70.06605978772835
2020 5 25 43.41148020221351 23.615883698044993 76.43620172456431
2020 5 26 44.130217250579086 22.250803790105174 83.38549294449645
2020 5 27 44.83535455010477 20.95177321508588 90.91840549954945
2020 5 28 45.4999451715377 19.70436890426843 99.02675996399364
2020 5 29 46.12180517562431 18.50845996315428 107.74380008324833
2020 5 30 46.672213652855206 17.353050002689894 117.04140572041955
2020 5 31 47.121317568689435 16.229659783487627 126.87081902597717
2020 6 1 47.49305971479626 15.15086126433263 137.30580319015198
2020 6 2 47.81284943082513 14.126262330990139 148.44037645511844
2020 6 3 48.107165076765455 13.16279091156785 160.39211621367085
2020 6 4 48.40329240514003 12.265032357608009 173.30615535913807
2020 6 5 48.72921108096457 11.435591783123952 187.36011403591442
2020 6 6 49.05732429724231 10.662243328623067 202.55375383988002
2020 6 7 49.387646830689526 9.941193683263087 218.97949521295757
2020 6 8 49.691656262285456 9.263161818616691 236.61072198390127
2020 6 9 49.997537047153514 8.631374622782037 255.6615344432042
2020 6 10 50.30530070455168 8.042678011850953 276.2462311336039
2020 6 11 50.5858912883244 7.489485783319756 298.3286920961483
2020 6 12 50.83881726941768 6.970015680552103 322.0039909682527
2020 6 13 51.09300786303992 6.486575980334973 347.5581563105752
2020 6 14 51.289424009631944 6.02917143744541 374.73864068058367
2020 6 15 51.48659523611172 5.6040210324076645 404.0447512722024
2020 6 16 51.65477433030177 5.205612216970255 435.4092546797318
2020 6 17 51.823502775397486 4.835527632170153 469.2084687743905
2020 6 18 51.99278236583366 4.491753612621179 505.6313911644938
2020 6 19 52.13257230065594 4.169824214768294 544.5895254337688
2020 6 20 52.24261470542613 3.868558466668396 586.2346489515742
2020 6 21 52.29251546974201 3.5845881956463432 630.386923605383
2020 6 22 52.342463897948626 3.321462669642138 677.8645277336466
2020 6 23 52.422704690692825 3.079571002930299 729.3095939932368
2020 6 24 52.412195432085745 2.8499572080106907 783.3947380429665
2020 6 25 52.401688280285576 2.637463490779571 841.4908026002183
2020 6 26 52.360904358567744 2.4392893869539143 903.4090026772784
2020 6 27 52.28989686829992 2.254596240522605 969.3612299949153
2020 6 28 52.27941423387713 2.0864928266687652 1041.2484534625726
2020 6 29 52.238725477320955 1.9297176343260924 1117.8651317105162
2020 6 30 52.167883675859066 1.7836072041680975 1199.4734564654655
2020 7 1 52.12728172287157 1.6495902744556326 1287.7325761552568
2020 7 2 52.02647073412235 1.5237367868485545 1380.9977771365693
2020 7 3 51.95591677483578 1.408365587760273 1481.8157666108214
2020 7 4 51.8854584949428 1.3017298301825933 1589.9938454131718
2020 7 5 51.78511517759144 1.202415932915157 1705.150593248392
2020 7 6 51.62512070516642 1.1092895028436254 1826.6771242253462
2020 7 7 51.396016846995856 1.0218800593777808 1954.4020608642088
2020 7 8 51.112493864533334 0.9402560756571171 2088.949759739096
2020 7 9 50.79952427100313 0.8645814463862642 2231.4927864153083
2020 7 10 50.4884710380155 0.7949973382654915 2383.7624780624164
2020 7 11 50.179322431402625 0.7310135678840972 2546.4225501469855
2020 7 12 49.87206678884681 0.6721794032625801 2720.1820078851383
2020 7 13 49.566692519440494 0.6180803886831215 2905.7982366653614
2020 7 14 49.26318810324901 0.5683354250672347 3104.080303351548
2020 7 15 48.96154209087601 0.5225940853333775 3315.8924828560507
2020 7 16 48.66174310303154 0.4805341458226378 3542.1580253544184
2020 7 17 48.363779830102786 0.44185931640268417 3783.863180562419
2020 7 18 48.06764103172741 0.40629715325975835 4042.0614966164208
2020 7 19 47.77331553636953 0.3735971396754299 4317.878412295162
