2020 5 18 667.0554501984865 643.4653201017812 690.6455802951917
2020 5 19 659.7055701326777 613.8721393701835 707.188985790773
2020 5 20 652.4764621994556 585.6769826513635 724.1713164681075
2020 5 21 645.3498901731081 558.7977613221683 741.5873393353783
2020 5 22 638.2858006672883 533.1388456003863 759.4045640490764
2020 5 23 631.2556615170375 508.62190883246615 777.5982570671397
2020 5 24 624.2357630215782 485.1782715641672 796.1450652226453
2020 5 25 617.2335997280919 462.7683188438643 815.0572966214984
2020 5 26 610.3025243086307 441.3878713223631 834.40893696502
2020 5 27 603.475084878946 421.01388895237966 854.2553179604191
2020 5 28 596.7787020040495 401.6184935409493 874.6511445047199
2020 5 29 590.250348479597 383.17968507358745 895.6712964290175
2020 5 30 583.9075012093518 365.6614908745851 917.3697433578709
2020 5 31 577.7597869015826 349.02370706237843 939.7933397486541
2020 6 1 571.8757224650577 333.26312004090556 963.0886157798162
2020 6 2 566.1137610547827 318.2504559235964 987.0660404904837
2020 6 3 560.4269522363237 303.92368625641853 1011.6702275929132
2020 6 4 554.7769582784381 290.2308539190722 1036.8510479436927
2020 6 5 549.1537657316858 277.1391539925196 1062.6022609451534
2020 6 6 543.5676670551886 264.6279488264994 1088.9545195452497
2020 6 7 538.0580913447529 252.69114179363416 1115.9997733812045
2020 6 8 532.5523593428468 241.26835732528173 1143.6088658743233
2020 6 9 527.0804476031739 230.35173302327726 1171.8526342480166
2020 6 10 521.6552078249712 219.92487695576008 1200.772705199541
2020 6 11 516.3173199316681 209.9832761110966 1230.4790236700399
2020 6 12 511.06835869988726 200.5050328011804 1261.0020146927825
2020 6 13 505.90980369461863 191.4691527446148 1292.3735552585085
2020 6 14 500.83082036152405 182.850888958639 1324.5958229657815
2020 6 15 495.81795250388205 174.6260663348345 1357.6614816711674
2020 6 16 490.92713708973173 166.79652009169766 1391.7493712900405
2020 6 17 486.13497679484124 159.33514762372226 1426.8360462275623
2020 6 18 481.41308639495907 152.21524712242146 1462.8762221108414
2020 6 19 476.7457840464913 145.4162581038459 1499.8532387539922
2020 6 20 472.1294906564411 138.9227158416652 1537.7830401023232
2020 6 21 467.6063776808462 132.73340723198507 1576.8299576537734
2020 6 22 463.1011765814926 126.81262993328279 1616.782620944746
2020 6 23 458.5750433844138 121.13834011260877 1657.5229610526396
2020 6 24 454.10976625235935 115.72233933580381 1699.3499649435241
2020 6 25 449.6605389160426 110.54149367979218 1742.1298114796127
2020 6 26 445.2902132215786 105.60127278157913 1786.123408531036
2020 6 27 440.97312231430374 100.88438726870992 1831.2711209661138
2020 6 28 436.64461284358686 96.36600301633102 1877.33879790862
2020 6 29 432.3770536633108 92.05406160905724 1924.6447375777693
2020 6 30 428.16687389447975 87.93839625720211 1973.2124647337848
2020 7 1 424.00286242669165 84.00780145588433 2023.0296191058128
2020 7 2 419.92544721757304 80.26202688211673 2074.324450634323
2020 7 3 415.8441218334105 76.67502864881479 2126.706881285467
2020 7 4 411.82507018726716 73.25250561783002 2180.527728011184
2020 7 5 407.87968792349585 69.98894745202355 2235.895022482476
2020 7 6 404.03369692755683 66.88135685974581 2293.005827006799
2020 7 7 400.2870172072876 63.9221832542944 2351.933202929824
2020 7 8 396.6049822634601 61.098713573277834 2412.55062607509
2020 7 9 392.98867847294116 58.404866213257904 2474.924185859803
2020 7 10 389.40534868348163 55.829790807256 2538.910338109175
2020 7 11 385.8546922331878 53.36825068994706 2604.550774438468
2020 7 12 382.3364112016463 51.01524008101546 2671.8882643489083
2020 7 13 378.85021038492675 48.76597390541579 2740.9666830951155
2020 7 14 375.3957972708126 46.61587806245912 2811.8310402730103
2020 7 15 371.9728820142576 44.56058012393609 2884.5275091468293
2020 7 16 368.5811774130662 42.595900442360566 2959.103456734351
2020 7 17 365.22039888379555 40.71784365125146 3035.607474669942
2020 7 18 361.8902644378774 38.92259054016793 3114.089410865528
2020 7 19 358.5904946579576 37.20649028797496 3194.6004019901206
