2020 5 18 622.8231853457875 550.4100645053337 695.2363061862413
2020 5 19 649.8659494794077 507.60000986464553 809.684557689622
2020 5 20 678.6661405543564 468.57521515902084 943.699698432386
2020 5 21 708.6271567998791 432.4709288571686 1099.7357603129205
2020 5 22 739.5975705917399 398.95732308615 1281.0854100164738
2020 5 23 771.2046342780361 367.6540807371606 1491.0983677825911
2020 5 24 803.1140052343065 338.30715544668084 1733.5123921243503
2020 5 25 835.1719535217246 310.80918967207526 2012.8075541733083
2020 5 26 868.3877131732322 285.5009422490503 2336.8077476354433
2020 5 27 903.4312767534562 262.4200813918682 2714.3257372202147
2020 5 28 941.0752712939387 241.54972788971966 3156.396905023545
2020 5 29 981.7980907665504 222.72685083610602 3675.531938055422
2020 5 30 1026.4316895657712 205.85817722176114 4288.09314970434
2020 5 31 1076.0894098698284 190.86776168436631 5015.255570595255
2020 6 1 1132.074428293963 177.66510278647695 5884.020637754578
2020 6 2 1192.4586220864103 165.6089794747337 6911.003142525962
2020 6 3 1256.5855958965592 154.44345373231587 8120.257497788451
2020 6 4 1323.6111431953916 143.9631213896942 9537.5472895608
2020 6 5 1392.860034345912 134.04694605660967 11192.466979750725
2020 6 6 1465.528687969344 124.79423976087098 13132.909244371514
2020 6 7 1542.202443031689 116.198416399428 15411.682752711156
2020 6 8 1621.0876273849524 108.05905071436247 18067.87262496837
2020 6 9 1702.3523043297707 100.37946713240753 21163.40235239079
2020 6 10 1787.6907571812 93.24565924996456 24789.282525172996
2020 6 11 1879.132912252385 86.71406834969295 29061.693412446428
2020 6 12 1977.4456766673006 80.74120601314328 34104.370234731956
2020 6 13 2081.4789832324414 75.20331376476415 40031.984892318964
2020 6 14 2191.8965098922104 70.07817087560007 47007.38822241085
2020 6 15 2308.4912119109317 65.31253307152214 55205.08410882482
2020 6 16 2433.6455823492793 60.93768206352819 64888.76880254425
2020 6 17 2566.650342868398 56.88254470166999 76299.49773876565
2020 6 18 2706.549680997373 53.088960178689746 89705.67847265178
2020 6 19 2854.8641993617916 49.56386650438472 105493.5634997591
2020 6 20 3012.972156421307 46.30176269763568 124121.62499764618
2020 6 21 3183.3530674961203 43.30839972135751 146183.90105474414
2020 6 22 3360.1178159296337 40.464325262160074 172018.39300088346
2020 6 23 3543.2663541752404 37.76569708276953 202242.83397975017
2020 6 24 3737.431584706939 35.25806424452779 237836.8639764363
2020 6 25 3939.5103864679286 32.89121768006911 279521.82217326015
2020 6 26 4153.664877712297 30.692853038061436 328594.340545856
2020 6 27 4377.642954390018 28.62798762734379 386138.150776685
2020 6 28 4605.39579649396 26.647739353662818 453026.7333763685
2020 6 29 4847.013506692929 24.816131672478093 531700.3396365653
2020 6 30 5103.428928897385 23.121279515390032 624269.2928501264
2020 7 1 5372.664605712523 21.53880635410321 732863.4096805595
2020 7 2 5660.023267699091 20.08035331610906 860882.5098085443
2020 7 3 5956.9710051021275 18.70014883097201 1010385.2358578243
2020 7 4 6269.49782311637 17.414811422663945 1185850.9299561786
2020 7 5 6599.335753299614 16.220361228684233 1391961.387523368
2020 7 6 6951.340497041774 15.119668565538896 1634910.9079807473
2020 7 7 7329.051114452282 14.10874104422676 1921894.1665860221
2020 7 8 7730.029625321197 13.170689129626778 2259972.567271114
2020 7 9 8157.287937622952 12.302403674317961 2658791.4063271494
2020 7 10 8608.161898800485 11.491360450184803 3127990.067107332
2020 7 11 9083.956805569544 10.733785729347915 3679988.522844739
2020 7 12 9586.050101700786 10.026154569165923 4329398.507583023
2020 7 13 10115.895365770206 9.365174410921803 5093410.297642092
2020 7 14 10675.026519322613 8.747769759775492 5992247.74866235
2020 7 15 11265.062267630981 8.171067874699673 7049703.633334144
2020 7 16 11887.710785907804 7.632385401814983 8293769.450526941
2020 7 17 12544.774664535214 7.1292158889304975 9757376.377247997
2020 7 18 13238.156127630502 6.659218123195495 11479266.97687845
2020 7 19 13969.862540054959 6.2202052375984165 13505020.738332732
