2020 5 18 129.84540968034614 121.24730874744293 138.44351061324934
2020 5 19 128.60195507931576 112.14401760149757 146.18631141342857
2020 5 20 127.5065278290333 103.84290430016299 154.51687955103378
2020 5 21 126.40853587577027 96.14656732403922 163.3077577555057
2020 5 22 125.30413196289854 89.00857734318951 172.5782737941548
2020 5 23 123.97876423152124 82.23670330913092 182.0574333809283
2020 5 24 122.36605790829495 75.78014702491289 191.61472208592065
2020 5 25 120.45924947456663 69.63538084353418 201.18034201482013
2020 5 26 118.54169750905031 63.965486334054376 211.155920656372
2020 5 27 116.72102537759996 58.793054781451374 221.74433762529895
2020 5 28 115.30726445237515 54.22975890996936 233.58362832401184
2020 5 29 114.31080293096288 50.20885405530513 246.86569329728994
2020 5 30 113.93722451528312 46.755889399142056 262.2295869327599
2020 5 31 114.45775256248993 43.90680142474398 280.6046655494462
2020 6 1 116.13389908359366 41.67371487367048 303.09461617193585
2020 6 2 118.28964155869247 39.71749347795391 328.5747176396612
2020 6 3 120.76349830910979 37.946475368766954 356.96931890154946
2020 6 4 123.0862963398989 36.19070483196808 387.2182584222906
2020 6 5 125.2470752149723 34.455398836926115 419.38019051122143
2020 6 6 127.43176487524123 32.799441574582175 454.16650760843703
2020 6 7 129.6117634134153 31.212055202076076 491.68570974795205
2020 6 8 131.4953185643922 29.62112532419907 531.0383746907303
2020 6 9 133.24431317163496 28.074810153949972 572.8867188256203
2020 6 10 135.01657082861638 26.6092174606349 618.0329110827898
2020 6 11 137.12982403065737 25.28269137586137 668.1898288902821
2020 6 12 139.58319281691738 24.078904430723277 723.9133731401749
2020 6 13 142.18984084242052 22.951303278728904 784.85127534995
2020 6 14 145.052106560231 21.90990983276677 852.0610898507394
2020 6 15 148.1993337406158 20.95010865568615 926.3617976960695
2020 6 16 151.69689777376328 20.072225151996104 1008.9046508555523
2020 6 17 155.36191963737036 19.242363701748516 1099.3671749854418
2020 6 18 159.09809594011344 18.444657629567402 1197.8178631910514
2020 6 19 162.99536604582167 17.68828070866528 1305.6214144208723
2020 6 20 167.0428467632872 16.968861945905005 1423.5657812422207
2020 6 21 171.0973300572134 16.26920492798683 1551.3678921828712
2020 6 22 174.71389262840015 15.547397647531831 1685.7805639275502
2020 6 23 177.9179105871014 14.81410032809081 1827.1207708720765
2020 6 24 181.32011387797797 14.126998464408068 1981.7431563686719
2020 6 25 184.52348608194578 13.451205385771862 2146.566471809276
2020 6 26 187.90739879955763 12.81677555537494 2326.540162239571
2020 6 27 191.22714819393246 12.203659596413235 2520.040546895225
2020 6 28 194.37005638623782 11.604844784646616 2726.5311668308373
2020 6 29 197.80398118693776 11.049703945361456 2953.299153956206
2020 6 30 201.56430772603912 10.53596381945697 3202.8951688095626
2020 7 1 205.26072620811715 10.039032165575854 3471.434192018174
2020 7 2 209.34664312297306 9.581272897006778 3767.9291016136776
2020 7 3 213.11546880556506 9.126151575084961 4082.576550220818
2020 7 4 217.07143749196956 8.697757489608001 4425.784443726828
2020 7 5 221.34385505344892 8.29921013030319 4802.799378575725
2020 7 6 226.22074064267858 7.938436338157858 5223.222062910082
2020 7 7 231.66938681981912 7.609638972995844 5691.167717125678
2020 7 8 237.76971293017624 7.311554961114292 6213.821606780409
2020 7 9 244.69215050352386 7.04548827750085 6801.760829045267
2020 7 10 251.81612821992144 6.789103731340459 7445.329670399965
2020 7 11 259.1475137276981 6.542048990712466 8149.791692795956
2020 7 12 266.69234550614686 6.303984545016189 8920.908485761911
2020 7 13 274.45683783910476 6.074583238404492 9764.986788764953
2020 7 14 282.44738593333375 5.853529820195656 10688.930072194327
2020 7 15 290.67057118591845 5.640520511645715 11700.294998833342
2020 7 16 299.13316660501926 5.435262588485898 12807.353227601478
2020 7 17 307.8421423884452 5.237473978651491 14019.159065041484
2020 7 18 316.80467166464194 5.046882874649295 15345.623517853239
2020 7 19 326.02813640082303 4.863227360030997 16797.59535212846
