2020 5 18 270.41481330453604 260.7263320770048 280.1032945320673
2020 5 19 274.1207264128607 254.83947110550656 294.10504082810996
2020 5 20 278.0207197048715 249.21874112795356 308.9604423616539
2020 5 21 281.938045590403 243.68778063898668 324.5237984235615
2020 5 22 285.88875896795406 238.2607206636151 340.8460302177048
2020 5 23 289.6073581431574 232.71494210729566 357.6464676758164
2020 5 24 292.9053489887706 226.92139982233803 374.69584933018456
2020 5 25 295.8067757449872 220.9357655530133 392.00264855373376
2020 5 26 298.7612998413338 215.12620960259824 410.14110776654485
2020 5 27 301.99133388165336 209.64655219239688 429.4565667154158
2020 5 28 305.927670388882 204.77255376622568 450.63644019046507
2020 5 29 310.69620822331177 200.53455942838497 474.011127175657
2020 5 30 316.7414622523774 197.16033993724324 500.432682145098
2020 5 31 324.31268634020563 194.71954148570308 530.5520885770769
2020 6 1 334.3347215086931 193.67178237908246 566.1975652341854
2020 6 2 345.32716047481233 193.01238761647522 605.3568028954207
2020 6 3 357.3350024299478 192.72076868036189 648.3708005870867
2020 6 4 369.61327059832615 192.35024719174504 694.1742498745807
2020 6 5 382.06995652506134 191.8537330841721 742.7561674264596
2020 6 6 394.97791663507405 191.37429786867065 794.7992583169365
2020 6 7 408.777277764298 191.11666941768613 851.4050930517155
2020 6 8 422.0826447095102 190.40302785684 910.0093753080292
2020 6 9 435.5778104582304 189.58230656175652 972.1230214794693
2020 6 10 449.25339611671075 188.65585146968542 1037.915987476072
2020 6 11 463.7282615729551 187.8892630544328 1109.0164199203095
2020 6 12 478.97497178361664 187.24955604866093 1185.7179817504268
2020 6 13 494.76241043805675 186.62744518593445 1267.8219930034656
2020 6 14 511.43686572805365 186.1457033595112 1356.550757496936
2020 6 15 529.1786232109292 185.84913193293764 1452.8296024379163
2020 6 16 548.3637216315266 185.84378659410427 1558.2145661571346
2020 6 17 568.018604530151 185.7619295087347 1670.6023990374701
2020 6 18 588.2376611877809 185.6342215584572 1790.6836480156585
2020 6 19 609.4670436157738 185.59831215187887 1920.2808879684233
2020 6 20 631.7636914644845 185.65410269779673 2060.2061713832104
2020 6 21 654.1477643819214 185.49589535353053 2207.952479565547
2020 6 22 676.4631287038434 185.09344307255662 2363.385470038266
2020 6 23 698.370051774152 184.3718114209483 2525.673834765773
2020 6 24 722.2515032897591 183.98697913241472 2703.681384931375
2020 6 25 746.3549025614678 183.45145518469573 2892.008558742118
2020 6 26 771.8157884208707 183.053438525371 3095.596970593461
2020 6 27 797.8274812751094 182.5809222900423 3312.2429162279886
2020 6 28 824.6501256316315 182.09459204612827 3543.7781396450546
2020 6 29 853.7325707458884 181.90943063841144 3797.3342301692314
2020 6 30 884.1218345494102 181.78437121108735 4070.282860800356
2020 7 1 914.0640567447286 181.34506707742085 4355.812679046702
2020 7 2 946.2998097446236 181.16066781808397 4667.469557788368
2020 7 3 978.2698717390035 180.70795416784898 4994.507626373055
2020 7 4 1011.642222424391 180.3158898140455 5346.105436330775
2020 7 5 1047.15260924046 180.10284263934375 5727.737019841567
2020 7 6 1085.1165877318128 180.09766257361653 6143.214070292859
2020 7 7 1127.137386171507 180.53735998051107 6604.00385354499
2020 7 8 1173.6439288728648 181.4359867050877 7116.10475770624
2020 7 9 1224.3355245377509 182.68941626323883 7681.656313591908
2020 7 10 1277.216572904463 183.95150499472032 8292.155010259661
2020 7 11 1332.3816400064954 185.222312720431 8951.1730162297
2020 7 12 1389.9293763385797 186.50189967453545 9662.566397678778
2020 7 13 1449.9626932712274 187.790326507319 10430.497681171752
2020 7 14 1512.5889470849054 189.08765428806254 11259.460209563475
2020 7 15 1577.920130952947 190.39394450793694 12154.304433583013
2020 7 16 1646.073075216518 191.70925908291778 13120.266292938302
2020 7 17 1717.169656309786 193.03366035672 14162.997853005627
2020 7 18 1791.3370147089076 194.36721110375288 15288.600376366252
2020 7 19 1868.7077822945887 195.70997453209546 16503.660022699394
