2020 5 18 1.299482388104573 1.0408899685468822 1.5580748076622637
2020 5 19 1.2311682120316714 0.7914030900698199 1.7677068006988919
2020 5 20 1.1655139755129937 0.6011160711524379 2.00420660130653
2020 5 21 1.1026681110090182 0.45622486759804853 2.271156225537025
2020 5 22 1.0427343118124384 0.34606058755883684 2.572680349703933
2020 5 23 0.9857764025643917 0.262404098451647 2.9135404697688445
2020 5 24 0.931823207987744 0.1989423235947905 3.2992470392826405
2020 5 25 0.8808229621705239 0.15082862024957033 3.736015043950589
2020 5 26 0.8326140452782764 0.11435109571116325 4.230604208304445
2020 5 27 0.787043683200945 0.08669556924081767 4.7906691372412995
2020 5 28 0.7495810901630073 0.06634682297061885 5.459047460979936
2020 5 29 0.71924810690026 0.051247453571670196 6.259612636675303
2020 5 30 0.6952726672935182 0.03994995985953826 7.222227075891816
2020 5 31 0.6770554913511615 0.03142794200016995 8.38438696754438
2020 6 1 0.6641447631671996 0.024947979343322112 9.793357090733421
2020 6 2 0.6562172731597087 0.019982028884292926 11.508951844296515
2020 6 3 0.6483844087539001 0.016004561845991486 13.525083516015915
2020 6 4 0.6360204076238972 0.012704665113947253 15.797931687440935
2020 6 5 0.6193557288386421 0.009994540163158292 18.340045412928287
2020 6 6 0.6031276893745265 0.007862531769005346 21.29122168667622
2020 6 7 0.5873248486331913 0.006185317664388003 24.71728453800009
2020 6 8 0.5719360657769368 0.0048658823561396084 28.69465002634299
2020 6 9 0.5528711305030036 0.003793199295983623 33.10736468567903
2020 6 10 0.5383850862046867 0.0029840442365499952 38.4348143700632
2020 6 11 0.528118655173434 0.0023687797938727936 44.89366524936563
2020 6 12 0.5218148256563699 0.0018972689375087745 52.758112124575156
2020 6 13 0.5155862410983523 0.001519613359817852 62.00024835327018
2020 6 14 0.5131094468954899 0.0012279696750685692 73.30363651657065
2020 6 15 0.5106445508175856 0.000992298148174186 86.66776777951551
2020 6 16 0.5118336924146059 0.0008089342354805436 103.08650230409539
2020 6 17 0.5130256031741198 0.000659453611332976 122.6156762722575
2020 6 18 0.514220289544696 0.0005375950805713717 145.84454542217756
2020 6 19 0.5154177579899195 0.00043825443622995256 173.47399676834158
2020 6 20 0.5166180149884274 0.00035727066302596966 206.33769653620874
2020 6 21 0.5178210670339436 0.000291251647689065 245.42724445741487
2020 6 22 0.5190269206353139 0.0002374320957761629 291.92209340860575
2020 6 23 0.5165335979558324 0.00019186420783774358 345.1429888546912
2020 6 24 0.514052252801479 0.00015504169362135837 408.06669123467515
2020 6 25 0.5115828276341301 0.00012528614394461546 482.46213851187827
2020 6 26 0.5091252651920662 0.00010124126935071453 570.4207672357929
2020 6 27 0.5066795084886441 8.181107899908708e-05 674.415307898528
2020 6 28 0.5006315849585553 6.552640280474283e-05 792.5589999168801
2020 6 29 0.49465585179419674 5.2483227419324494e-05 931.3990370511519
2020 6 30 0.4922796038487009 4.2410664070749374e-05 1101.204241551726
2020 7 1 0.4899147710199534 3.4271223691164954e-05 1301.9669694428876
2020 7 2 0.48756129847155105 2.769390197075292e-05 1539.331148172547
2020 7 3 0.485219131630516 2.2378897622012575e-05 1819.9696607880455
2020 7 4 0.4828882161860304 1.8083947119673592e-05 2151.7719368709036
2020 7 5 0.48056849808817675 1.461328207272707e-05 2544.065743546692
2020 7 6 0.4782599235466849 1.1808705893901157e-05 3007.879411653508
2020 7 7 0.4759624390296845 9.542383031728694e-06 3556.2518688829655
2020 7 8 0.47367599126246385 7.711012090770416e-06 4204.599195677611
2020 7 9 0.47140052722623443 6.231117244644481e-06 4971.148008660521
2020 7 10 0.46913599415690155 5.035243319483188e-06 5877.447855056928
2020 7 11 0.4668823395438408 4.068881115692542e-06 6948.977022758431
2020 7 12 0.4646395111286805 3.2879828209252565e-06 8215.858796820736
2020 7 13 0.46240745690408985 2.6569542641600514e-06 9713.708298103147
2020 7 14 0.460186125112573 2.147032495702555e-06 11484.633710738872
2020 7 15 0.45797546424526886 1.7349747414865765e-06 13578.420045369901
2020 7 16 0.45577542304075663 1.401998972824783e-06 16053.92871660348
2020 7 17 0.45358595048386735 1.1329278016563878e-06 18980.752280208668
2020 7 18 0.45140699580450067 9.15496679130867e-07 22441.17084873094
2020 7 19 0.44923850847644786 7.397948644867383e-07 26532.465185115147
