2020 5 18 625.9238956028953 614.7380208947457 637.1097703110449
2020 5 19 639.0612261236118 616.4330156303938 662.0973058037514
2020 5 20 653.0122560423669 618.6515992843222 688.6222117031482
2020 5 21 667.2974271092432 620.9061942506432 716.2409532528675
2020 5 22 681.6569200336 622.947386361376 744.7117593348379
2020 5 23 695.4143365163902 624.1626810534475 773.3189356965522
2020 5 24 708.202231927082 624.2609539433221 801.6381270280775
2020 5 25 720.0446151626322 623.3185162489485 829.65793896956
2020 5 26 731.7718733357113 622.10641745523 858.2963110179572
2020 5 27 743.8757778445384 621.0545004595871 888.140975412481
2020 5 28 756.9886743915207 620.6796102800248 919.9890387129494
2020 5 29 771.4301145320655 621.204733771832 954.3128399986173
2020 5 30 788.2998414706217 623.4638576666828 992.5803648907149
2020 5 31 808.166879045943 627.8099916591713 1035.6919277164789
2020 6 1 832.9280537131476 635.5993878956767 1086.306326172014
2020 6 2 859.9572282015997 644.637199491508 1141.362753738655
2020 6 3 888.8608516451926 654.551137501325 1200.5332532802847
2020 6 4 918.2849437582606 664.2854313270843 1262.1621318465843
2020 6 5 947.9508948625012 673.6348396895158 1325.948350649866
2020 6 6 978.7126515706585 683.2134907729576 1393.150370527546
2020 6 7 1011.1465916193432 693.3988038049994 1464.7176598164829
2020 6 8 1042.74978078145 702.4291898810919 1537.2010349015054
2020 6 9 1074.8872251146915 711.271692522328 1612.6028046583244
2020 6 10 1107.3918448888342 719.8130618711924 1690.7680284256253
2020 6 11 1141.240612355606 728.6917883434489 1773.2735269394136
2020 6 12 1176.1240082281292 737.6800318388672 1859.8050995039087
2020 6 13 1211.1785298049042 746.2177078827951 1949.143743991356
2020 6 14 1247.541229091005 755.0164629301887 2043.1977553544607
2020 6 15 1286.080752288036 764.5756850678971 2143.5674412416333
2020 6 16 1327.3489887770504 775.1703583756821 2251.431348099155
2020 6 17 1371.2403126742327 786.6703723726204 2366.9260497672817
2020 6 18 1417.775703373969 799.0252470505767 2490.4042109565103
2020 6 19 1467.2263118620604 812.327073999516 2622.6706892147936
2020 6 20 1520.103316428424 826.792436047472 2765.0035275977325
2020 6 21 1575.1614003192349 841.6652104677513 2915.561842858588
2020 6 22 1629.873117471937 855.5548744995392 3069.9859691184724
2020 6 23 1683.4135588284307 868.0613880705528 3226.8035929999855
2020 6 24 1739.139846613155 880.9709441405826 3392.450222318188
2020 6 25 1794.6938916855731 893.0507859682629 3562.6658766900914
2020 6 26 1853.6486054179466 906.1054153172566 3744.650030066112
2020 6 27 1913.935329514751 919.0553255923597 3934.7086732401817
2020 6 28 1974.5180180506864 931.3909116957177 4130.991245385799
2020 6 29 2038.020206079305 944.364643242846 4339.16137186838
2020 6 30 2105.1896422096684 958.27205635591 4561.281388267698
2020 7 1 2173.657304721533 971.9675237255676 4792.787922878088
2020 7 2 2246.7938697188542 986.9507326060573 5041.429215708321
2020 7 3 2319.459823751184 1000.8772254692681 5296.391958263854
2020 7 4 2394.47594481334 1015.0002298675147 5564.249060198447
2020 7 5 2473.4802938775065 1029.9846606015574 5849.282507960211
2020 7 6 2557.5117318150797 1046.1981818597617 6154.64076479138
2020 7 7 2647.7502326673816 1064.0382360989433 6484.007279538141
2020 7 8 2743.478916985843 1083.1092987391619 6836.647570259975
2020 7 9 2845.2090623465697 1103.525119034776 7214.797238101193
2020 7 10 2950.7114336978225 1124.3257626523098 7613.863176646561
2020 7 11 3060.1259078565777 1145.5184832307032 8035.002309774042
2020 7 12 3173.5975483714597 1167.1106711347002 8479.43555330731
2020 7 13 3291.2767978504307 1189.1098560320295 8948.451354547778
2020 7 14 3413.3196774201297 1211.5237095191649 9443.40942758574
2020 7 15 3539.8879935813034 1234.3600477965779 9965.74469521961
2020 7 16 3671.1495527345846 1257.6268343944182 10516.971448911168
2020 7 17 3807.2783836610383 1281.3321829495706 11098.68773883689
2020 7 18 3948.454968252444 1305.484360035057 11712.580006762437
2020 7 19 4094.866480797221 1330.091788042772 12360.427975171388
