2020 5 18 61.72571776421018 58.53308712128948 64.91834840713086
2020 5 19 62.46299127804115 56.17206624431132 69.08774330272928
2020 5 20 63.28315921265215 53.972907147015455 73.6068643560895
2020 5 21 64.10010191108066 51.847910463678495 78.4053097185899
2020 5 22 64.91212706401959 49.79407021794348 83.49765188073171
2020 5 23 65.63852385708407 47.74801182386219 88.79735887842725
2020 5 24 66.28199894431683 45.71979317891587 94.31027014563486
2020 5 25 66.84383672409496 43.717065522971346 100.04031151140177
2020 5 26 67.49912787233377 41.86007160826936 106.25123228057966
2020 5 27 68.25040347508835 40.13749979578893 112.98873118303189
2020 5 28 69.19115539127385 38.59232498790078 120.45329731227056
2020 5 29 70.32848542396256 37.20904638272077 128.73065183148114
2020 5 30 71.76445391401792 36.02346029648549 138.0892269645074
2020 5 31 73.61062134837218 35.06683958623518 148.86104840628514
2020 6 1 75.99262909631643 34.368262541996955 161.46071185760914
2020 6 2 78.65337744528996 33.77480431627601 175.5552807860231
2020 6 3 81.51164753648217 33.23640740847543 191.11315601990518
2020 6 4 84.47378739372336 32.70659297024639 208.04978489030168
2020 6 5 87.43148859464529 32.1418278294488 226.21130542332207
2020 6 6 90.49274850488803 31.58681484059655 245.9582197035421
2020 6 7 93.66119305065159 31.041385607199313 267.42892326503016
2020 6 8 96.81630185363346 30.46418774067788 290.4190578136696
2020 6 9 99.94923534771769 29.857301506329158 315.00025234023155
2020 6 10 103.31616568487826 29.302121046680366 342.0799641969044
2020 6 11 106.93359964574171 28.796143046047554 371.9415297686868
2020 6 12 110.81957529660994 28.337109909174455 404.9033403649373
2020 6 13 114.84676761659965 27.88539412103138 440.7862578310197
2020 6 14 119.17269152295462 27.477878446790548 480.43400552136825
2020 6 15 123.66155965518494 27.07631818505101 523.647980309296
2020 6 16 128.48358851619523 26.71655220023289 571.4437526300716
2020 6 17 133.49364640094782 26.361566465186822 623.6020660808446
2020 6 18 138.87618975296263 26.046275000747016 681.348529078391
2020 6 19 144.66002670974294 25.76931370322908 745.3464383091924
2020 6 20 150.87668610151374 25.529489167745375 816.344516590381
2020 6 21 157.5606908758942 25.32577008629021 895.1886838441601
2020 6 22 164.33174692355325 25.09007343108784 980.460005990918
2020 6 23 171.17574251933854 24.823279838065613 1072.5529478406809
2020 6 24 178.3047729704821 24.5593231766081 1173.2960231856619
2020 6 25 185.49412764210612 24.26558702931848 1281.9449502392094
2020 6 26 192.97336137716363 23.975364045791725 1400.6549267778103
2020 6 27 200.49811782178153 23.656800775912984 1528.499178064148
2020 6 28 207.78423562274887 23.279692791306005 1663.9562227109452
2020 6 29 215.3351315332881 22.90859620415726 1811.4175989319883
2020 6 30 223.1604276112939 22.54341518806987 1971.9471419594736
2020 7 1 231.2700955810223 22.18405544419498 2146.702965111325
2020 7 2 239.98132756483253 21.85985883171394 2339.79414255789
2020 7 3 248.7022683979237 21.511395513029946 2547.1489152534086
2020 7 4 258.0701166252149 21.197029117191846 2776.2593190546704
2020 7 5 267.79082283395866 20.887256855229086 3025.9776962710853
2020 7 6 278.23299322239353 20.60972560148502 3302.172671630853
2020 7 7 289.69762673169225 20.381458225147483 3610.8796548109317
2020 7 8 301.9934186887803 20.180959112215632 3952.91807537738
2020 7 9 314.6708437935184 19.97306047059819 4325.520172115056
2020 7 10 327.8804563478507 19.76730354310573 4733.243746162899
2020 7 11 341.64459712517305 19.563666266393554 5179.399348318256
2020 7 12 355.98654474541667 19.362126804407414 5667.609581929256
2020 7 13 370.930555045043 19.162663546042037 6201.838516971321
2020 7 14 386.5019020997566 18.965255102823757 6786.423876694817
2020 7 15 402.7269209693168 18.769880306617036 7426.112258186436
2020 7 16 419.6330522367395 18.57651820735459 8126.097672821032
2020 7 17 437.24888841721696 18.385148070790912 8892.063719536838
2020 7 18 455.60422231524393 18.195749376278947 9730.229733364013
2020 7 19 474.7300974117349 18.008301814569652 10647.401283913941
