2020 5 18 312.19078283718966 261.7024253031391 362.67914037124024
2020 5 19 326.84776782472096 229.8053926514405 440.9382073280157
2020 5 20 342.9090291781792 202.2995818110717 537.0501799758478
2020 5 21 359.5211331362169 177.9453419065455 653.738444042324
2020 5 22 376.40274643403757 156.25810940518897 794.8070085886849
2020 5 23 392.5491900108542 136.57975716436414 963.0901931809038
2020 5 24 407.8720519340739 118.85206081014917 1163.283789422743
2020 5 25 421.5244610011889 102.76432246346286 1398.6206636052048
2020 5 26 435.2430968085921 88.7589481184171 1680.2705979539435
2020 5 27 449.8116772570247 76.74459410955279 2020.1959316503765
2020 5 28 466.9527645889438 66.71220413784842 2438.2530396037687
2020 5 29 487.34422563190674 58.36234299460821 2956.383895311465
2020 5 30 512.6920515550759 51.54448448887643 3609.282947276657
2020 5 31 545.5366833825772 46.14424310350008 4449.865885330341
2020 6 1 589.0824987584767 42.03695950753777 5556.341119567804
2020 6 2 640.472833796232 38.6070078596818 6979.150970637472
2020 6 3 698.1274981205698 35.564284078380744 8785.708010183198
2020 6 4 759.6778525460875 32.6954299292938 11043.604731785768
2020 6 5 823.8379222955112 29.936762988918773 13840.823726692217
2020 6 6 893.4167554542595 27.410857731273587 17346.54635745817
2020 6 7 969.7001960302455 25.123484655996076 21756.308647405025
2020 6 8 1048.901392787733 22.93383034641208 27206.4293473679
2020 6 9 1130.6821230793798 20.84997876422595 33920.96594511072
2020 6 10 1219.8872676380106 18.974801348713765 42324.0921922052
2020 6 11 1320.6535622089395 17.33862921798703 52965.83319107102
2020 6 12 1435.864639050909 15.923906065920468 66528.77103320093
2020 6 13 1562.4575288576762 14.639376792500977 83626.43622239266
2020 6 14 1700.2114705587367 13.458466282432703 105118.14252164507
2020 6 15 1851.6865629175213 12.38529186500391 132230.58724211878
2020 6 16 2023.5228690214742 11.443616437926913 166826.27776253948
2020 6 17 2211.3055651283485 10.573538242439286 210473.29163822313
2020 6 18 2414.4646078557366 9.759812011052613 265344.63298378524
2020 6 19 2636.288459867188 9.008709129056125 334521.1817864364
2020 6 20 2883.3795574346136 8.332112217458937 422352.5686214892
2020 6 21 3156.302608192984 7.714054769144129 533636.3527290167
2020 6 22 3440.429518467674 7.106089034486775 671768.414012118
2020 6 23 3734.1869380881008 6.513102237526205 842542.4089413383
2020 6 24 4056.4880911340483 5.97563643134541 1057510.845121586
2020 6 25 4399.086678143767 5.471443927790548 1325366.2687025913
2020 6 26 4778.775947112377 5.019936502545539 1663523.6256800757
2020 6 27 5182.376759030212 4.59638088935121 2084875.1677934013
2020 6 28 5605.652368382135 4.195780201959885 2607152.245811628
2020 6 29 6073.892230694513 3.8378730632507376 3265097.330077994
2020 6 30 6586.874605875973 3.5140536926585266 4092109.206519505
2020 7 1 7143.181904722851 3.217556482815926 5128593.749357448
2020 7 2 7759.716588840159 2.9520414446816963 6437116.342882973
2020 7 3 8400.692118564286 2.6974907987079564 8055630.086531393
2020 7 4 9094.614121912977 2.464889719696558 10081094.178572243
2020 7 5 9845.856134129432 2.2523455253956395 12615830.01522883
2020 7 6 10677.407052971326 2.0623045578155326 15811275.724503385
2020 7 7 11613.830837312413 1.8949893415122356 19867390.691954985
2020 7 8 12654.988813118229 1.7449373961728547 25002708.841319747
2020 7 9 13826.437586615431 1.6118623640200989 31538411.407598354
2020 7 10 15106.32519393488 1.488936099508691 39782545.18050961
2020 7 11 16504.689616204527 1.3753846221032002 50181693.69995567
2020 7 12 18032.498031792587 1.2704929777323335 63299177.34448766
2020 7 13 19701.732830367575 1.1736007372242205 79845568.3151332
2020 7 14 21525.48558911986 1.0840978380467763 100717182.22925358
2020 7 15 23518.059748187243 1.0014207431714959 127044631.40852965
2020 7 16 25695.08279055368 0.9250488928757377 160254069.98569858
2020 7 17 28073.628806232562 0.854501427142981 202144448.46865806
2020 7 18 30672.352401988428 0.789334158024311 254984962.63055658
2020 7 19 33511.635006832534 0.7291367728982098 321637975.51822007
