2020 5 18 75.03875555497773 70.75021425150621 79.32729685844924
2020 5 19 76.08257333680032 67.63834097782286 85.0233700926832
2020 5 20 77.17553277763774 64.69411932016915 91.16713849997268
2020 5 21 78.29874030574867 61.89025090807026 97.7720387471212
2020 5 22 79.44545078346503 59.213559509870926 104.86438806476207
2020 5 23 80.50965052239548 56.57861697143643 112.34013623145275
2020 5 24 81.4726781953484 53.97980940593769 120.18776501346578
2020 5 25 82.28341470314263 51.39183918024497 128.34194562018052
2020 5 26 83.08153878861116 48.91502860942949 137.01709358576156
2020 5 27 83.92916577601086 46.58217438064665 146.34750198260045
2020 5 28 84.8803622123648 44.41326177717076 156.4787953057971
2020 5 29 85.93833630540321 42.39556613411849 167.48842760360927
2020 5 30 87.20388526205909 40.5654309793492 179.65153239260803
2020 5 31 88.72915502520505 38.92644650959191 193.19459372307375
2020 6 1 90.68250433480529 37.529781827378834 208.63259288883216
2020 6 2 92.82699763398047 36.244538608346026 225.6450562414391
2020 6 3 95.06886464504721 35.02152826504782 244.1581832500007
2020 6 4 97.29319479567302 33.81338071350458 264.00613523927734
2020 6 5 99.50843656635328 32.62566539310323 285.3016743717123
2020 6 6 101.78662116295673 31.483769149687753 308.35082863489066
2020 6 7 104.19370871122004 30.40557740864995 333.49458541450485
2020 6 8 106.57915973868751 29.341384105510283 360.437182797017
2020 6 9 109.04601047124268 28.321811796261454 389.6470256238947
2020 6 10 111.62477073456739 27.351904304411516 421.41989319023384
2020 6 11 114.40478631161481 26.44958364150777 456.31317784183176
2020 6 12 117.3690504420375 25.60361994642795 494.5543391653854
2020 6 13 120.48386474977413 24.80080079168266 536.3110249158152
2020 6 14 123.86302738413255 24.060553315860716 582.4020892270378
2020 6 15 127.53931019315405 23.381706545434884 633.4056907067734
2020 6 16 131.53305774699965 22.760209842365 689.9106591925164
2020 6 17 135.78409640288893 22.17811387376357 752.1499069668685
2020 6 18 140.1895882152167 21.613692085986155 820.0984924014928
2020 6 19 144.80848243787733 21.0744987752765 894.5977219954209
2020 6 20 149.56136043160208 20.54610833370061 975.752177804346
2020 6 21 154.65818090321946 20.056784967450852 1065.4948194079511
2020 6 22 159.67603916297472 19.546349928076843 1161.750718791955
2020 6 23 164.51558772849302 19.00714866244733 1264.2204659819056
2020 6 24 169.56383689656772 18.489987210177592 1376.204938866836
2020 6 25 174.66045418846247 17.975279490566304 1497.244285605017
2020 6 26 180.06390099758065 17.49071162742135 1630.24627456855
2020 6 27 185.65714100837076 17.021404430569284 1775.267851061483
2020 6 28 191.02750495393352 16.528327047211956 1929.3976154854463
2020 6 29 196.72124995193792 16.06407224582768 2098.6062006922925
2020 6 30 202.83190933512324 15.633044345058961 2285.291601793906
2020 7 1 209.15786986041059 15.215546203280441 2488.8711267286617
2020 7 2 216.02281188685825 14.834054369813847 2714.651918365022
2020 7 3 222.89590396467 14.447214671901891 2958.1856067330327
2020 7 4 230.07170363511335 14.075909379595712 3224.6821152889943
2020 7 5 237.7098107551993 13.728297587668346 3518.428519210294
2020 7 6 245.90020894652073 13.406521736534781 3843.3545922086983
2020 7 7 254.55821539371985 13.102396229775588 4201.185335528373
2020 7 8 263.7897706747004 12.819000342728168 4596.766131889828
2020 7 9 273.71577289017694 12.559212198857152 5035.862018074065
2020 7 10 284.0152752596953 12.30468888671182 5516.901564590801
2020 7 11 294.7023320179856 12.055323709917628 6043.891346535458
2020 7 12 305.79152623895465 11.811012134394474 6621.220658200304
2020 7 13 317.297989735088 11.571651744535917 7253.698071476617
2020 7 14 329.23742370563656 11.337142200276475 7946.5914864171045
2020 7 15 341.6261201617625 11.107385195028998 8705.67200753944
2020 7 16 354.4809841578801 10.88228441447446 9537.262011316352
2020 7 17 367.81955685952767 10.661745496186924 10448.287805206051
2020 7 18 381.66003947924827 10.445675990076738 11446.337316819723
2020 7 19 396.02131811314047 10.233985319635384 12539.723293718736
