2020 5 18 959.6132742449007 902.1152335883073 1017.1113149014941
2020 5 19 925.2684045691749 817.7715895866093 1039.40107967435
2020 5 20 892.8801001349635 741.9565383864984 1062.9963902661864
2020 5 21 862.2594760583222 673.6970450796492 1087.882071885235
2020 5 22 831.789567362276 611.0146668176054 1112.2156146472423
2020 5 23 800.2745968077961 552.6057883904255 1134.2563299080803
2020 5 24 768.0486436292844 498.46494512055574 1154.0337659079585
2020 5 25 734.9185698292764 448.1994994711299 1170.847706689891
2020 5 26 703.1881082302422 402.9848752325829 1187.859677068928
2020 5 27 673.5324760367898 362.7354665319971 1206.3094944678726
2020 5 28 645.9916751326941 326.9714965075272 1226.5936028288527
2020 5 29 620.3799444758802 295.14008542693915 1248.7433626767174
2020 5 30 598.1715402846197 267.54355271697705 1276.099619261012
2020 5 31 578.796748274299 243.43918308428644 1308.4041722170705
2020 6 1 563.182402166806 222.8241808625616 1348.6086130663448
2020 6 2 549.5021874034998 204.55348690313164 1393.6712704611741
2020 6 3 536.3856144066318 187.8670326565707 1440.8263863882012
2020 6 4 523.1197501290927 172.3798283702115 1488.3349622377407
2020 6 5 509.99320800303997 158.10714000987502 1536.872977164704
2020 6 6 497.328959542783 145.05740541806682 1587.3944602301108
2020 6 7 486.4049175583184 133.50060608078965 1644.127418821562
2020 6 8 475.81833790283287 122.89130627040245 1703.2175981160815
2020 6 9 465.55756342386724 113.14976444564356 1764.7729363935846
2020 6 10 455.9567165169444 104.2870428945275 1830.2157333872956
2020 6 11 447.2942578969053 96.28785951581011 1901.0572984535436
2020 6 12 439.39716446799923 89.03157261152347 1977.1943476793385
2020 6 13 431.6923486120575 82.33283109778823 2056.618498461503
2020 6 14 424.00147667971714 76.11499562078703 2138.655912205798
2020 6 15 416.031118118749 70.29196646955417 2221.864913934095
2020 6 16 408.76104608660626 65.0074216774342 2311.2511400206786
2020 6 17 402.0523289662305 60.189239438183 2406.689119701263
2020 6 18 395.54237820462777 55.74144138150507 2506.598722748663
2020 6 19 389.43915857295275 51.6647855089895 2612.5654243173994
2020 6 20 383.50037650074955 47.8955979300485 2723.483252554552
2020 6 21 377.928931776428 44.435956606842005 2841.0757015701847
2020 6 22 372.6202632992826 41.24759516800526 2965.1124084423377
2020 6 23 366.5420504439541 38.194564436167155 3087.847348811961
2020 6 24 360.9377431993726 35.40656104638313 3218.819713071011
2020 6 25 355.0428607566429 32.7851573900828 3351.9918348551996
2020 6 26 349.5004898646743 30.38149634784378 3493.092825586174
2020 6 27 344.35292572377966 28.180859938651484 3643.2146090916503
2020 6 28 338.83245893959133 26.10290142419473 3795.0407567171505
2020 6 29 333.94390744137286 24.220027774580007 3959.2804869259694
2020 6 30 330.0631409894131 22.54094744743023 4141.740305210628
2020 7 1 326.3531936608635 20.98685705097678 4334.186201575734
2020 7 2 323.9214797755458 19.61943172315782 4551.99607208116
2020 7 3 321.3650224116228 18.33244975899945 4778.744127474527
2020 7 4 318.6547935366389 17.119967410597575 5014.20053149901
2020 7 5 316.9000943978635 16.03778549101348 5275.934351220355
2020 7 6 316.0762418662605 15.070629707001213 5566.666690115891
2020 7 7 315.504822025011 14.1737320403304 5877.828012911305
2020 7 8 315.3639042958664 13.34950486115866 6214.383368128542
2020 7 9 315.30270920224507 12.576579959547413 6571.7790923321345
2020 7 10 315.2415259832848 11.848406747960938 6949.729020567313
2020 7 11 315.18035463668144 11.16239414186321 7349.415246728216
2020 7 12 315.11919516013114 10.516101078294353 7772.0878481722375
2020 7 13 315.05804755133056 9.907227829749829 8219.068795520512
2020 7 14 314.99691180797686 9.333607820978585 8691.75608731513
2020 7 15 314.9357879277676 8.793199919581582 9191.628122464848
2020 7 16 314.8746759084007 8.284081172978068 9720.248324154742
2020 7 17 314.8135757475747 7.804439965895282 10279.270029681773
2020 7 18 314.75248744298847 7.3525695740336525 10870.441661509944
2020 7 19 314.69141099234133 6.926862090969253 11495.612195718268
