2020 5 18 156.1504564636445 148.6556012872634 163.6453116400256
2020 5 19 159.44171810911968 144.52656888750212 175.08916460426892
2020 5 20 163.32682793927978 140.9876376542965 187.90924394414643
2020 5 21 167.23568822272807 137.47414400733308 201.58642145862495
2020 5 22 171.1852872901446 134.00479599661492 216.19544858924039
2020 5 23 174.89705722967247 130.3638095876921 231.44503086569367
2020 5 24 178.37173401120114 126.58503884478162 247.35000583068734
2020 5 25 181.6056402084225 122.69594378315112 263.9183699824601
2020 5 26 184.58275892585462 118.71323171975706 281.138158667864
2020 5 27 187.6086824923405 114.85979854603794 299.48148082458204
2020 5 28 191.01005594608748 111.3309401644956 319.5417925854408
2020 5 29 194.80484939171305 108.10386279689749 341.5008045907142
2020 5 30 199.35172094356616 105.3458433455338 366.15510655929313
2020 5 31 205.04344141429806 103.20709280184319 394.4971515890681
2020 6 1 212.32217196134187 101.82877753147989 427.773700633829
2020 6 2 220.59682272221602 100.82258863273614 465.3431298673031
2020 6 3 229.57709424151363 100.00145407837891 507.0203354765284
2020 6 4 238.52420635889862 99.01332129910843 551.5496382022308
2020 6 5 247.82000663921002 98.03495244175755 599.9897481727227
2020 6 6 257.47808420856694 97.06625102721614 652.6841338990678
2020 6 7 267.95975424319454 96.27570940493447 711.1400325692543
2020 6 8 278.4027210038012 95.32439139473861 773.5962450225084
2020 6 9 289.25267259342127 94.38247353295108 841.5377041154615
2020 6 10 300.52547008437676 93.44986293497476 915.446154249775
2020 6 11 312.75955526528935 92.68877444680497 997.4356264178118
2020 6 12 325.4916775682196 91.9338845304536 1086.7682651010898
2020 6 13 339.30743628730306 91.34481651392475 1185.9892763222188
2020 6 14 353.7096161106371 90.7595229612932 1294.2690808334035
2020 6 15 368.72310815846373 90.17797968761371 1412.4347386984552
2020 6 16 384.3738600748477 89.60016266290653 1541.388819856204
2020 6 17 400.688920872689 89.02604801116443 1682.1162981073737
2020 6 18 417.6964876822175 88.45561200936615 1835.692074516552
2020 6 19 436.15142355880755 88.04246371908712 2006.4774784045112
2020 6 20 455.4217473264928 87.63124511428404 2193.1520690390303
2020 6 21 476.33447653322594 87.37414802690603 2401.0032514693967
2020 6 22 497.38019388892883 86.9660509141069 2624.3829324796206
2020 6 23 518.4919003440966 86.40881438071153 2863.986845065233
2020 6 24 540.4997103331914 85.85514835041347 3125.4663895244644
2020 6 25 563.4416596988023 85.30502994515001 3410.8187922995135
2020 6 26 587.3573987457615 84.75843643345 3722.2236248950867
2020 6 27 611.268119011426 84.06813397372721 4055.5945707227506
2020 6 28 634.0288789232653 83.09142894831113 4404.735206936913
2020 6 29 657.637142861001 82.12607129866731 4783.932887002552
2020 6 30 682.1244679025469 81.171929190789 5195.775181060131
2020 7 1 707.5235861634991 80.2288723223192 5643.072419654126
2020 7 2 733.8684485500321 79.29677190475596 6128.87687087409
2020 7 3 759.9196631469418 78.23777538969388 6645.858732368965
2020 7 4 786.895656269642 77.19292161451862 7206.448949969808
2020 7 5 814.8292561503282 76.1620217050567 7814.325967474949
2020 7 6 845.1696787759575 75.27717002786324 8487.050691875305
2020 7 7 878.5970614124586 74.57692374424106 9237.343495885561
2020 7 8 914.058655828706 73.94363756439881 10061.45257201934
2020 7 9 952.0628345027471 73.40562850076506 10971.317037170451
2020 7 10 991.6471279620686 72.87153395583888 11963.46120686909
2020 7 11 1032.8772332647775 72.34132544783856 13045.325694568935
2020 7 12 1075.8215789815802 71.81497470221396 14225.023973803462
2020 7 13 1120.5514387649625 71.29245365013871 15511.40322541174
2020 7 14 1167.1410496402825 70.77373442701341 16914.11068722308
2020 7 15 1215.6677352150969 70.25878937097961 18443.66600379187
2020 7 16 1266.212034011212 69.74759102144479 20111.540118771452
2020 7 17 1318.8578331324459 69.24011211761785 21930.241301582726
2020 7 18 1373.692507489949 68.73632559705545 23913.408953536848
2020 7 19 1430.8070648161508 68.2362045942188 26075.915896913786
