2020 5 18 107.06424477180354 104.15746884320929 109.97102070039779
2020 5 19 107.26762430603506 101.52385131750233 113.1694361650056
2020 5 20 107.54035493726134 99.02209666437452 116.53363404080203
2020 5 21 107.79812079356145 96.56757243036944 119.98087207759582
2020 5 22 108.01655172499156 94.13809962507915 123.4856165252741
2020 5 23 108.14637064788711 91.69213566899188 126.99092943454833
2020 5 24 108.16468903858096 89.21505625899337 130.46463281686897
2020 5 25 108.04801820925492 86.69355289913771 133.8705324755476
2020 5 26 107.90450388289119 84.22167614564037 137.33193151270936
2020 5 27 107.81504722086694 81.8623238729724 140.95138710118508
2020 5 28 107.80639829811324 79.63036532453887 144.77178193418726
2020 5 29 107.90538620261164 77.53876524351146 148.84026919710587
2020 5 30 108.16606744537198 75.61822834515168 153.24599999433713
2020 5 31 108.64336891919159 73.89625831081543 158.08815010402415
2020 6 1 109.42107396928363 72.4163945516125 163.5173545750792
2020 6 2 110.34090641219782 71.05654441926424 169.33708751372157
2020 6 3 111.29601295325712 69.73996591597142 175.4062175075063
2020 6 4 112.23160679974178 68.43037431771523 181.64908600500513
2020 6 5 113.14705199243132 67.12829392854829 188.06880338088828
2020 6 6 114.06996424297304 65.85098928197748 194.71540200397507
2020 6 7 115.02887691003573 64.61442569655154 201.64550212483545
2020 6 8 115.90971513395775 63.352698277251775 208.671255604659
2020 6 9 116.73943508567847 62.0839823182666 215.8376302707172
2020 6 10 117.57509444633905 60.840673961930634 223.2501189772814
2020 6 11 118.50477778317558 59.66782282823077 231.08434713797573
2020 6 12 119.4713916651805 58.53247463317034 239.25117159739193
2020 6 13 120.44588997525966 57.41872963163915 247.7066223639422
2020 6 14 121.45840094043278 56.34050877333332 256.52272872181123
2020 6 15 122.54005672003055 55.31066073424518 265.7806672016587
2020 6 16 123.69251851739968 54.32724893796466 275.5054063316786
2020 6 17 124.88669325089009 53.37488235617661 285.65473481685143
2020 6 18 126.06122463943221 52.42588828817318 296.10665295896814
2020 6 19 127.2782677649313 51.5068529053357 307.01490963363966
2020 6 20 128.53883000124483 50.61678475665847 318.40164748079053
2020 6 21 129.77979287353298 49.729463288662814 330.1312282303323
2020 6 22 130.93555535640564 48.82045853581658 342.0457069841715
2020 6 23 132.03624617745916 47.90369780211398 354.21942807102414
2020 6 24 133.14618979680918 47.00415219231773 366.8264230802632
2020 6 25 134.19899604459718 46.09803347933543 379.69898909253317
2020 6 26 135.2601269841925 45.20938239599268 393.02327544258253
2020 6 27 136.32964844014157 44.337862211482744 406.81513376895566
2020 6 28 137.407626757475 43.483142686299566 421.0909719712802
2020 6 29 138.63131941679072 42.68831441435342 436.28819964913237
2020 6 30 139.9697190298173 41.939980477409286 452.36059659916833
2020 7 1 141.3909143913839 41.225701841980495 469.25090677366444
2020 7 2 142.96770759778263 40.564748657743365 487.2403797630443
2020 7 3 144.56208522130217 39.9143922394128 505.91950754853457
2020 7 4 146.21032680607289 39.284425532079034 525.4410092534731
2020 7 5 147.9868455670624 38.69381834145652 546.1092295196504
2020 7 6 150.00657948211253 38.17003947701449 568.4083042494792
2020 7 7 152.1599657009181 37.68034515509594 592.019895454627
2020 7 8 154.44174615437973 37.22107329670093 616.9915878975144
2020 7 9 156.9061594405508 36.80316803605975 643.6095151920249
2020 7 10 159.40989715160234 36.389954870283205 671.3757791370725
2020 7 11 161.9535867839047 35.98138111816267 700.3399206698001
2020 7 12 164.53786584673242 35.57739468997582 730.553617996462
2020 7 13 167.163382022039 35.17794408084558 762.0707787973665
2020 7 14 169.83079332678176 34.78297836417374 794.947636409676
2020 7 15 172.5407682778363 34.3924471851482 829.2428501596736
2020 7 16 175.29398605954293 34.006300754323185 865.0176100235135
2020 7 17 178.09113669392644 33.62448984127148 902.3357458031892
2020 7 18 180.93292121363206 33.24696576830799 941.2638410125144
2020 7 19 183.82005183762087 32.87368040428372 981.8713516763137
