2020 5 18 1967.2904972899378 1897.5119251914816 2037.0690693883942
2020 5 19 1884.860322422721 1753.568987435118 2020.8907977538927
2020 5 20 1806.9828858919423 1621.5677261194517 2006.019204025113
2020 5 21 1733.1348376841695 1500.2313719942367 1992.158155568838
2020 5 22 1660.9314842031997 1386.7854159162348 1976.8142943583389
2020 5 23 1589.712909662719 1280.2288231669374 1959.180570427169
2020 5 24 1519.4741631331642 1180.1895516313707 1939.1482069427425
2020 5 25 1450.204012611346 1086.3094145002606 1916.5962684322503
2020 5 26 1384.2165087972878 999.9905700807914 1894.471465183082
2020 5 27 1322.1444261623687 921.1901359193064 1873.8514050061747
2020 5 28 1263.9551900023077 849.3652384413735 1855.0138881097334
2020 5 29 1209.8852831856084 784.1876992925537 1838.6528141663227
2020 5 30 1160.76486286678 725.7204998851473 1826.4426588257486
2020 5 31 1115.6356102768057 672.8609676992328 1817.455700497131
2020 6 1 1074.5320789470545 625.221352979577 1812.2128325228196
2020 6 2 1036.1753085378966 581.6717622175851 1809.0635097397742
2020 6 3 999.4551180235349 541.3057055113413 1806.3864919751877
2020 6 4 963.7210003188162 503.5701908973541 1803.143707461229
2020 6 5 928.960551613852 468.30647094019395 1799.33803893516
2020 6 6 895.4006062969244 435.485323262638 1795.4372198109038
2020 6 7 863.977297804585 405.4139489330431 1793.3981202831008
2020 6 8 833.6072184622358 377.39583144349814 1791.2584944648195
2020 6 9 804.0895784989298 351.21665559480243 1788.6591839349562
2020 6 10 775.9168617988198 326.98438855351515 1786.7303526702558
2020 6 11 749.3986489944094 304.7052948643133 1786.3404977662856
2020 6 12 724.3668898922974 284.18007727946156 1787.3336328535672
2020 6 13 700.1712531458728 265.03745646600197 1788.3273200849126
2020 6 14 677.0046418401638 247.26789139657083 1789.8855921152947
2020 6 15 654.4104320942797 230.61879776993328 1790.9320184830867
2020 6 16 632.9267837828252 215.21635998587135 1792.9547132953894
2020 6 17 612.1847175144777 200.8549530487752 1795.0825092506018
2020 6 18 592.1224033503297 187.45188408016068 1797.212830375911
2020 6 19 572.9212956511856 175.00769948648508 1799.9640449128315
2020 6 20 554.4906771163744 163.43479582947606 1803.1839549612594
2020 6 21 536.9073406436908 152.70216191401067 1807.2368513234128
2020 6 22 520.0201355154728 142.7137366497318 1811.7652177603388
2020 6 23 503.3360540405032 133.2886429969023 1815.1620816952789
2020 6 24 487.75009939230455 124.63504751905899 1820.5950727172242
2020 6 25 472.3530841234497 116.46823036095705 1824.9481072004237
2020 6 26 457.57754804741376 108.86994507877618 1829.8348065142106
2020 6 27 443.356040094946 101.78921622149352 1835.1018515544613
2020 6 28 429.13161340417633 95.06685775581676 1838.5424691551195
2020 6 29 415.4496862161822 88.80753753750909 1842.3585457459783
2020 6 30 402.3826566926609 82.99853365387342 1846.9749160890412
2020 7 1 389.65739730424445 77.55522483024154 1851.2851101842155
2020 7 2 377.8708474748598 72.5756429765832 1858.153242129186
2020 7 3 366.3541472725515 67.89913736654265 1864.6206323717568
2020 7 4 355.1674430933933 63.520074791167595 1871.0036063085054
2020 7 5 344.709300731507 59.492642321096454 1879.4469859439894
2020 7 6 334.87538212045297 55.77515107006793 1889.6528937295348
2020 7 7 325.76048404673935 52.36298362046038 1902.3884842517423
2020 7 8 316.9939353336155 49.17567775438901 1915.79536936884
2020 7 9 308.4346731419993 46.177939979839294 1929.1237070870973
2020 7 10 300.1065225304445 43.362943596467666 1942.5447710897856
2020 7 11 292.00324317575 40.71954873195667 1956.0592064808939
2020 7 12 284.1187632518261 38.237294597990825 1969.6676628524492
2020 7 13 276.4471748800462 35.90635809345526 1983.3707943157415
2020 7 14 268.9827297024448 33.717514931173625 1997.1692595327638
2020 7 15 261.71983457444543 31.662103134350918 2011.063721747872
2020 7 16 254.6530473738906 29.731988758264638 2025.0548488196644
2020 7 17 247.77707292323348 27.91953370155355 2039.143313253084
2020 7 18 241.08675902183603 26.217565479722772 2053.329792231743
2020 7 19 234.57709258540038 24.61934884124887 2067.6149676504724
