2020 5 18 540.6045062016558 510.581369511529 570.6276428917827
2020 5 19 546.970164496641 487.94432969874197 609.3652489443439
2020 5 20 554.2835895149593 467.08954341997645 651.7049702582141
2020 5 21 561.8301862495296 447.2401806726686 697.14570743059
2020 5 22 569.1744515663191 427.9914779679381 745.3762862165033
2020 5 23 575.3158370694481 408.5945194983124 795.2426118380482
2020 5 24 579.3883572991593 388.5602594197963 845.4937081562465
2020 5 25 581.096776397806 367.90353065662583 895.4281831465973
2020 5 26 582.7715236003925 348.3204519079995 948.2521171290355
2020 5 27 585.033412574726 330.1278053895917 1005.1397992702038
2020 5 28 588.7460326728421 313.6990314234971 1067.9176986250739
2020 5 29 594.6392576943108 299.2371624665834 1138.5291412298448
2020 5 30 604.0376790468733 287.17621768209887 1220.4077572438393
2020 5 31 617.6084086096497 277.51440557506265 1316.3044461496445
2020 6 1 638.0666907866254 271.1354924930508 1433.7660484930373
2020 6 2 661.4553901758856 265.86046606916176 1566.7714472880346
2020 6 3 686.053915614823 260.8297481376009 1712.9502428608914
2020 6 4 710.9731086447151 255.66834806474475 1871.2840344693652
2020 6 5 735.8975684720697 250.2854908503637 2041.8847180053247
2020 6 6 761.5977579003436 244.98261938371073 2227.7666374314035
2020 6 7 789.2608921064121 240.13480843206838 2433.68665174207
2020 6 8 816.088654162322 234.8230521479426 2652.966395806344
2020 6 9 844.0457717006826 229.6913617794059 2892.710560781365
2020 6 10 873.297982711899 224.76362105759998 3155.2761855336553
2020 6 11 905.0183482815798 220.31591147544717 3446.929048253753
2020 6 12 939.3980593200472 216.32312047902695 3771.280754850524
2020 6 13 975.9598668367413 212.60443437976215 4129.6706559749955
2020 6 14 1016.6102110848537 209.53033770291006 4533.397758653959
2020 6 15 1060.5112908811473 206.82171831313627 4983.54001477574
2020 6 16 1109.5578729488414 204.78187001193137 5493.649885751363
2020 6 17 1163.459704519291 203.239590509106 6068.782538604607
2020 6 18 1222.4601666031238 202.1421646179057 6717.06268069152
2020 6 19 1287.7099546563136 201.58928803082944 7452.4916116015465
2020 6 20 1359.702145749327 201.54821647853424 8287.305076916153
2020 6 21 1438.6176409017012 201.93678605392392 9233.298442943147
2020 6 22 1518.2799885608645 201.78802843806596 10262.673821174547
2020 6 23 1595.2738204484403 200.69844049711668 11358.954269627131
2020 6 24 1677.553591314676 199.7885383800352 12582.178422738889
2020 6 25 1759.3836520324635 198.32379170854398 13901.926749355673
2020 6 26 1845.4397349149133 196.89620626621604 15361.955997327777
2020 6 27 1931.1565278896965 194.9936000418544 16937.459506975392
2020 6 28 2012.492895009753 192.2650682318094 18601.20656742419
2020 6 29 2098.863717028957 189.72840815965316 20443.25088752991
2020 6 30 2191.5978225541753 187.46535007628913 22493.58407492601
2020 7 1 2286.5313023935773 185.06694276558923 24730.07398591857
2020 7 2 2390.4511302402148 183.09372061406492 27241.649569853766
2020 7 3 2491.2912861469295 180.54389967236676 29919.379991668226
2020 7 4 2598.7087248007065 178.1979639999131 32888.22203467849
2020 7 5 2713.8737077745623 176.09618081403605 36191.09147031606
2020 7 6 2843.3623125709746 174.61744550067738 39948.6119063278
2020 7 7 2987.5842550715765 173.6765083047442 44216.45035658088
2020 7 8 3145.854853852616 173.13207159833766 49039.89023459124
2020 7 9 3320.94477921667 173.05354876715805 54520.99199947783
2020 7 10 3505.7797447647768 172.97506154945523 60614.70681087267
2020 7 11 3700.9021335494804 172.896609929077 67389.50534508326
2020 7 12 3906.88451622339 172.8181938898784 74921.51112476237
2020 7 13 4124.331331200818 172.73981341572184 83295.35586400372
2020 7 14 4353.880658332747 172.6614684904771 92605.1304138458
2020 7 15 4596.206091299844 172.58315909802116 102955.44199327208
2020 7 16 4852.018714217888 172.50488522223839 114462.58958504943
2020 7 17 5122.069188255812 172.42664684702046 127255.87070347999
2020 7 18 5407.149954389356 172.34844395626635 141479.03421727242
2020 7 19 5708.0975587541425 172.2702765338823 157291.895551855
