2020 5 18 110.62912940588991 107.35700431411642 113.9012544976634
2020 5 19 110.62829345052027 104.18238537516564 117.26766996153782
2020 5 20 110.66915804622158 101.14091286259412 120.77778493295921
2020 5 21 110.70176142635363 98.18066853209248 124.3839341574253
2020 5 22 110.76397720960189 95.33332068544146 128.13101632676356
2020 5 23 110.74159502461467 92.49570644849851 131.89307702965448
2020 5 24 110.621927977232 89.66129443824592 135.64972425615974
2020 5 25 110.38657134505428 86.81986579814934 139.37134777544676
2020 5 26 110.1572189037294 84.07281250934838 143.2020245694444
2020 5 27 109.97777114514143 81.45040222326813 147.20224457434136
2020 5 28 109.96859089089972 79.0356754616355 151.54171427434926
2020 5 29 110.12388978309679 76.81074959687663 156.2357686746152
2020 5 30 110.52098362241924 74.81695495877655 161.41795289671873
2020 5 31 111.2501185069701 73.09871892140579 167.2548858336597
2020 6 1 112.41114454288531 71.70056416120929 173.9449633935274
2020 6 2 113.75241892431029 70.43639328594664 181.16280622657567
2020 6 3 115.20043736542439 69.2506983486091 188.82466664218114
2020 6 4 116.5749932068005 68.02972168032127 196.65994246872293
2020 6 5 117.8729583389048 66.77600514107861 204.66346752972683
2020 6 6 119.19712861639863 65.5520516765532 213.01312177697022
2020 6 7 120.48269004960774 64.321118781961 221.60783665393475
2020 6 8 121.67399398611184 63.05557779651694 230.35046024544474
2020 6 9 122.86494485170128 61.80864936286391 239.41501922526209
2020 6 10 124.0798039522071 60.592542110612825 248.86015179297544
2020 6 11 125.43039816199605 59.4607804435031 258.92604740406233
2020 6 12 126.89574909880348 58.397589873060774 269.6056333417215
2020 6 13 128.3718925824467 57.35049823878718 280.7122647674249
2020 6 14 129.9868101238907 56.3765076138895 292.54235276605704
2020 6 15 131.6868497610516 55.447165559589365 305.01684788097805
2020 6 16 133.47477747859338 54.56078713498091 318.1753460432856
2020 6 17 135.260361934934 53.67769758910929 331.83805287862947
2020 6 18 137.03611557265023 52.79552040127949 346.0047265312128
2020 6 19 138.86251041718606 51.93837026590911 360.84519901482884
2020 6 20 140.76170922195882 51.113262341490746 376.4481260221099
2020 6 21 142.6517938460181 50.28852076217602 392.63188144713666
2020 6 22 144.4250162329874 49.426942997680776 409.1198848564351
2020 6 23 146.06907048850076 48.52837738145798 425.8719377756133
2020 6 24 147.81194663268982 47.67276122240712 443.54348545311547
2020 6 25 149.49455582475085 46.80608605564909 461.70506648424697
2020 6 26 151.23358503564285 45.96683461995639 480.7253960569631
2020 6 27 152.955144260904 45.13117263944445 500.4094485130423
2020 6 28 154.67342348859367 44.30395251758422 520.824649758134
2020 6 29 156.49583132126816 43.516191791234874 542.3583593852891
2020 6 30 158.4177341262039 42.76413360491767 565.0527882060312
2020 7 1 160.33164713776455 42.016544460981265 588.5841566354793
2020 7 2 162.38059226249638 41.31135141079058 613.506302004487
2020 7 3 164.3180952505494 40.582980471423326 638.9637339333141
2020 7 4 166.28690852965997 39.86947493720269 665.5093777830784
2020 7 5 168.28760200490868 39.170501567086035 693.191035814246
2020 7 6 170.38787855091846 38.50135829826351 722.3351425494809
2020 7 7 172.6248006678731 37.86859978743497 753.1727337887037
2020 7 8 174.9995307999311 37.27002906660693 785.7999628006457
2020 7 9 177.55655956830427 36.71278678090692 820.512479247288
2020 7 10 180.1509507004072 36.16387609496008 856.7584124095074
2020 7 11 182.78325012135454 35.62317243897653 894.6055005864625
2020 7 12 185.45401173311785 35.09055310566974 934.1244743997032
2020 7 13 188.16379753108058 34.565897222409355 975.389188978262
2020 7 14 190.91317772229596 34.04908572379035 1018.4767619829895
2020 7 15 193.7027308454729 33.54000132461234 1063.4677177280798
2020 7 16 196.53304389271514 33.038528493262874 1110.4461376691283
2020 7 17 199.4047124330391 32.54455342549868 1159.499817538962
2020 7 18 202.31834073769656 32.05796401861893 1210.7204314249045
2020 7 19 205.2745419073286 31.578649846024692 1264.2037030941156
