2020 5 18 59.255047488582356 57.076311409685744 61.43378356747897
2020 5 19 59.59015983522565 55.288666191256695 64.0527740108187
2020 5 20 59.92891370190008 53.55863075612108 66.78529202338487
2020 5 21 60.269195554337806 51.88237433091609 69.63393714973104
2020 5 22 60.61111865184195 50.25833027824013 72.60375164945061
2020 5 23 60.952703805922084 48.68323403402043 75.69749718126742
2020 5 24 61.29334552204734 47.15521022267022 78.91950904636536
2020 5 25 61.63310151588491 45.673000574813095 82.27507202711153
2020 5 26 61.97544204158323 44.237900232728144 85.77424560397718
2020 5 27 62.32179945670113 42.84940240054826 89.42516732988373
2020 5 28 62.67363783954727 41.50692301781385 93.23657516468666
2020 5 29 63.03102785131845 40.20886496095823 97.2157337290362
2020 5 30 63.39619288703922 38.95506123590174 101.37356367849553
2020 5 31 63.77140761255484 37.74522924755363 105.72190736075962
2020 6 1 64.15754972147914 36.578124475764724 110.27120412483039
2020 6 2 64.54967969566313 35.449188096010325 115.0225337132636
2020 6 3 64.94494077115627 34.355498193995004 119.9798956971875
2020 6 4 65.34040545576441 33.29437853838405 125.1468200902884
2020 6 5 65.7360480000524 32.26489669814824 130.531986115791
2020 6 6 66.133338291989 31.266879952892836 136.14739495048676
2020 6 7 66.5322772685701 30.29937809301704 142.00282634567816
2020 6 8 66.93135188483261 29.360779790903237 148.10524143887167
2020 6 9 67.3312972224831 28.450588796680957 154.46653098975867
2020 6 10 67.7328663593726 27.56829024041748 161.09928777347545
2020 6 11 68.13914236194519 26.714294150715563 168.02235226811044
2020 6 12 68.54940578889479 25.887360585141778 175.24675115777427
2020 6 13 68.961359482395 25.085729987339207 182.77978116854908
2020 6 14 69.37657345027951 24.30920817372071 190.6387001177375
2020 6 15 69.79507673358209 23.55699995353318 198.83769525983212
2020 6 16 70.21769274805334 22.828603607746473 207.39383755997181
2020 6 17 70.6444655362181 22.123249168225637 216.32287660154154
2020 6 18 71.07383218649355 21.43968865416343 225.63634238955603
2020 6 19 71.50742573770849 20.777736537131915 235.35592017560643
2020 6 20 71.94610518308274 20.136931436244694 245.5022145972593
2020 6 21 72.38829437375253 19.51611847875488 256.0887132946453
2020 6 22 72.82990694279974 18.913556746089935 267.1200664119526
2020 6 23 73.27255638386417 18.32916878057036 278.62053108265104
2020 6 24 73.71872983566361 17.76304567694809 290.6193014608405
2020 6 25 74.16678141128027 17.214206013211708 303.1314914058633
2020 6 26 74.61840000498356 16.682520160390983 316.1858242852236
2020 6 27 75.07107067840381 16.166876592302025 329.7951461840991
2020 6 28 75.52392512187771 15.666619349014546 343.9789860853355
2020 6 29 75.98122987353042 15.182198229722488 358.7806722010288
2020 6 30 76.44043917978705 14.712582963174318 374.21520450492375
2020 7 1 76.90155412367743 14.257326429682843 390.30946365555224
2020 7 2 77.36632561234602 13.81631926785881 407.1003459189426
2020 7 3 77.8312653623228 13.38848174314485 424.5996667505354
2020 7 4 78.2998847277054 12.974045004408044 442.85603157114855
2020 7 5 78.77221648482575 12.572584651127233 461.9023975464551
2020 7 6 79.25008618292449 12.183975954882397 481.78367599492054
2020 7 7 79.73371012722988 11.807817817929166 502.53804562000477
2020 7 8 80.22176708953035 11.44349230661202 524.1958146862288
2020 7 9 80.71504764692935 11.090726897382014 546.801575542671
2020 7 10 81.21136136748514 10.748836090993075 570.3822019161234
2020 7 11 81.71072690200118 10.41748465903602 594.9797345404631
2020 7 12 82.21316301596404 10.096347707096202 620.6380271414868
2020 7 13 82.71868859024852 9.78511035619028 647.4028246215516
2020 7 14 83.22732262182718 9.483467434023263 675.3218446159028
2020 7 15 83.73908422448427 9.191123175763074 704.4448625660872
2020 7 16 84.25399262953394 8.907790934039273 734.8238004621295
2020 7 17 84.77206718654296 8.633192897881548 766.5128194116837
2020 7 18 85.29332736405782 8.367059820322428 799.5684162011959
2020 7 19 85.81779275033637 8.109130754397112 834.0495240212339
