2020 5 18 836.308055041281 818.286814096762 854.3292959858001
2020 5 19 830.7207966128672 795.3257649532815 866.8863820050583
2020 5 20 826.3764327517555 774.1632011739956 880.8860857843972
2020 5 21 822.4842915188946 753.96611090295 895.5697107277275
2020 5 22 817.7666246380049 733.5223826037261 909.5792574588185
2020 5 23 810.9839951972186 711.7564766370036 921.4810589493197
2020 5 24 801.9188267127658 688.5838004778816 930.8811379559231
2020 5 25 790.2756143755677 663.8648590322273 937.2668441411331
2020 5 26 778.8894677862554 640.1072208217455 943.8007419708986
2020 5 27 768.3613516241765 617.7701215021747 951.22110389075
2020 5 28 759.4303182482913 597.3821490414958 960.5007995975319
2020 5 29 752.2101218019576 578.9311489049676 971.9035355609852
2020 5 30 748.577172730246 563.7580919295785 987.9878997203701
2020 5 31 748.4633781066059 551.6197845937448 1008.9599459452184
2020 6 1 754.0180097039988 543.9204624439958 1038.0184187378127
2020 6 2 762.0492145415386 538.0853756089795 1071.2664111535366
2020 6 3 770.6751937734987 532.6724571742707 1106.2952090421913
2020 6 4 778.6263195070234 526.7800603187243 1141.360488545579
2020 6 5 786.2258861952704 520.6594982859675 1176.9016154701935
2020 6 6 793.9871910466774 514.6680376028712 1213.6805425739485
2020 6 7 803.5052652545198 509.83461014982953 1254.1770988223022
2020 6 8 811.9740801273219 504.30840853636744 1294.2090263763073
2020 6 9 820.0799931258393 498.5612736951908 1334.7980255233492
2020 6 10 828.9975083703773 493.323845560747 1377.849265929468
2020 6 11 839.9508870054385 489.2952438859711 1425.5116105720401
2020 6 12 852.3586657363097 486.0624637928808 1477.0453817368875
2020 6 13 865.329453061356 483.0675805502058 1531.1001685201177
2020 6 14 878.8831225712886 480.30635396630674 1587.8152704841311
2020 6 15 893.1385046940298 477.82837752197673 1647.5154189593216
2020 6 16 908.7192986212991 475.9485767370898 1711.4786132707152
2020 6 17 924.5718993715059 474.0761711827022 1777.9251167999985
2020 6 18 940.4951030729125 472.10553276035154 1846.5553142908807
2020 6 19 957.5305096247265 470.5637260884421 1919.4799837326252
2020 6 20 975.5143433627239 469.34140452002987 1996.5672889835757
2020 6 21 996.1175145191108 469.2199736968667 2081.4201168092472
2020 6 22 1015.3807743225218 468.2624358730982 2166.170096033703
2020 6 23 1032.4155648368244 466.10735594115613 2248.8220339306004
2020 6 24 1051.9208339345323 464.94852208811216 2339.38634471357
2020 6 25 1070.7402085439426 463.32652299914287 2431.2529414205155
2020 6 26 1090.8502872239312 462.1230005623691 2528.893312367807
2020 6 27 1111.0950792727986 460.8196678843518 2629.891667739077
2020 6 28 1128.2506868409835 458.08296477540955 2726.7224684028806
2020 6 29 1146.676439060603 455.7706605946411 2829.5479885707214
2020 6 30 1166.8079095047171 454.02839672824024 2939.717591861776
2020 7 1 1187.0329125341216 452.19165954794147 3053.521880495838
2020 7 2 1210.1203632963313 451.3192335763678 3178.1933804391842
2020 7 3 1231.7700043193806 449.7447810274973 3302.9995332139365
2020 7 4 1254.3557138752692 448.37617957121523 3434.17823057537
2020 7 5 1279.1716796761316 447.660926528559 3575.5388846905867
2020 7 6 1307.7553132287044 448.0935380089918 3731.8774129426265
2020 7 7 1340.8859145762683 449.8657045630262 3906.204554346928
2020 7 8 1376.493596905126 452.1943438524682 4093.4460582785823
2020 7 9 1415.0321512046164 455.1872305741891 4295.5667892151905
2020 7 10 1454.649693572656 458.1999259712082 4507.66756857377
2020 7 11 1495.3764331147293 461.2325611489276 4730.241177901486
2020 7 12 1537.243424719589 464.2852680804816 4963.804730656826
2020 7 13 1580.2825927391798 467.35817961248 5208.900873638337
2020 7 14 1624.5267553315439 470.45142947078915 5466.099047735899
2020 7 15 1670.0096494852714 473.5651522663514 5735.996810933708
2020 7 16 1716.7659567445758 476.69948350104306 6019.221226638729
2020 7 17 1764.8313296546087 479.8545595735712 6316.430320560193
2020 7 18 1814.242418947183 483.03051778540924 6628.314609524944
2020 7 19 1865.0369014876303 486.22749634677217 6955.598705780599
