2020 5 18 195.55493234297072 183.80811636140106 207.30174832454037
2020 5 19 194.99285520105448 172.2900054157491 219.10037773993378
2020 5 20 194.70674604346868 161.7360726225625 231.87880041427297
2020 5 21 194.59783470960554 151.9754831902307 245.61301644650956
2020 5 22 194.3746844731283 142.71466933826233 260.01644782816834
2020 5 23 193.5654626935795 133.58767861166947 274.480202012695
2020 5 24 192.18426902302917 124.64731677972468 288.93267506764283
2020 5 25 189.9486075457839 115.74470425059305 302.84669169983084
2020 5 26 187.84724089874746 107.54392258832586 317.60340966614973
2020 5 27 186.1141878563727 100.12173853341085 333.66259627406924
2020 5 28 184.98657723079145 93.5289009042557 351.59055691815115
2020 5 29 184.4282453578303 87.65456205539768 371.55080333737817
2020 5 30 184.89963904340757 82.63778142933484 394.71531793563804
2020 5 31 186.41461776427025 78.37400317276801 421.5492610485446
2020 6 1 189.71322453829023 75.07488792522729 454.21279942277005
2020 6 2 193.93542737592702 72.25704219391072 491.4787894669078
2020 6 3 198.37444326811504 69.59073084714218 532.113594386286
2020 6 4 202.57579123426854 66.90378865877015 575.1979741460236
2020 6 5 206.60948301462133 64.23583299498435 621.0421289427975
2020 6 6 211.01141449179582 61.76378461156629 671.4055863617474
2020 6 7 216.34919844333942 59.633346339216196 728.5325981526722
2020 6 8 221.8631207278246 57.587726068543205 790.6587442976813
2020 6 9 227.36298327856113 55.572151607675124 857.5318311592795
2020 6 10 233.20081095999103 53.6764040533198 930.8214369956775
2020 6 11 239.8089430306644 51.988128139496425 1012.8511655184448
2020 6 12 247.22712849166234 50.4879702076078 1104.7403068840163
2020 6 13 254.67120403071343 48.9895255899548 1204.0562176894039
2020 6 14 263.06534881438233 47.67519559235559 1315.7327024211233
2020 6 15 271.45289274321067 46.34478918752744 1436.3503797423393
2020 6 16 280.96759899494083 45.198289998633015 1572.574640649219
2020 6 17 291.6166881328741 44.20898866099599 1726.201022136129
2020 6 18 302.81716905647755 43.26374389063458 1895.7100626142515
2020 6 19 315.04246438994994 42.42366406053971 2085.5869990934157
2020 6 20 328.14047797484915 41.65095436895235 2296.992319349038
2020 6 21 342.0948286624369 40.931893481443666 2532.0092020284033
2020 6 22 356.5559180956665 40.2148754104531 2790.4303063105385
2020 6 23 370.43128309221663 39.375408608763564 3065.8582966557046
2020 6 24 385.9025013820752 38.66570270092972 3377.2113241268175
2020 6 25 401.5309955440191 37.919804401606754 3715.9053186565484
2020 6 26 418.1739350894558 37.22432462428604 4092.0969396723676
2020 6 27 436.69868449176874 36.64770637643551 4518.037823879131
2020 6 28 455.10356004312007 36.00109311927888 4978.583965010158
2020 6 29 475.20660495792845 35.43886232011811 5496.167376197163
2020 6 30 496.61906643504443 34.916839264578684 6072.433808336365
2020 7 1 518.6817832804059 34.380388288655546 6705.274597081186
2020 7 2 544.2544873784879 34.01986701160408 7436.771595993166
2020 7 3 569.8813902958748 33.58770378457994 8231.58221638064
2020 7 4 595.2349451904154 33.07380076738851 9089.960817789544
2020 7 5 622.8098775885358 32.628515657605604 10054.547846016432
2020 7 6 654.857762867052 32.35663597880063 11173.080520347268
2020 7 7 691.1058027493362 32.21307051018537 12459.57191044229
2020 7 8 730.7392347672362 32.13441713523452 13919.053278206933
2020 7 9 773.3745849659891 32.08801488502151 15563.380862122976
2020 7 10 818.4975162334517 32.0416796398771 17401.961111732926
2020 7 11 866.2531677450863 31.99541130304567 19457.74206883714
2020 7 12 916.795146894947 31.949209777911292 21756.382742524835
2020 7 13 970.2860233781756 31.90307496799756 24326.573369338577
2020 7 14 1026.897852100991 31.85700677696738 27200.39350737844
2020 7 15 1086.812726600126 31.81100510862277 30413.712433858975
2020 7 16 1150.2233647518021 31.765069866904657 34006.636843638014
2020 7 17 1217.3337286541891 31.719200955892678 38024.01143661846
2020 7 18 1288.3596806772214 31.67339827980498 42515.97864205078
2020 7 19 1363.529677789972 31.627661742998022 47538.604465875156
