2020 5 18 185.32585034242183 180.85619217881305 189.79550850603061
2020 5 19 186.41358608801744 177.53435138144098 195.50947960292558
2020 5 20 187.66779083396492 174.4259834418287 201.56337107433254
2020 5 21 188.9304339645697 171.37203849795117 207.80471945075507
2020 5 22 190.15259229680248 168.32713571534913 214.18545618827508
2020 5 23 191.17430055385833 165.1518929463883 220.5274267479696
2020 5 24 191.8471546871053 161.7304354257802 226.64843102292994
2020 5 25 192.17067161701942 158.08336671212058 232.52382604628608
2020 5 26 192.45069679452754 154.48231451308604 238.49824409068077
2020 5 27 192.81933297082304 151.0340937963797 244.73547478536935
2020 5 28 193.5495272134425 147.94549420104119 251.59383265053862
2020 5 29 194.76298054619312 145.28733567944377 259.26897711658137
2020 5 30 196.75021316777617 143.2484776762684 268.1981898018843
2020 5 31 199.68200042442413 141.91117337333853 278.69484531034567
2020 6 1 204.11412265875137 141.6215728462001 291.63534987454113
2020 6 2 209.0967707970752 141.64628157848722 305.82274153797346
2020 6 3 214.5045190990358 141.8765700362913 321.1441668436192
2020 6 4 219.90465903992603 142.00969675217502 337.01240325863154
2020 6 5 225.188783455865 141.98023560845567 353.2785698745292
2020 6 6 230.62568277121585 141.96704847869734 370.3703138920235
2020 6 7 236.52856300367645 142.15990352677844 388.82649195000255
2020 6 8 242.32958407037916 142.20099466977845 407.7865612298282
2020 6 9 248.37468696526852 142.3018394097556 427.8424868352722
2020 6 10 254.49470057154033 142.35927633006236 448.75408689333403
2020 6 11 261.037669614449 142.56897553178314 471.1676783316243
2020 6 12 267.88843300786954 142.85521530168 494.9526784957186
2020 6 13 274.9292216491445 143.14748581526032 519.9572721432917
2020 6 14 282.4175685686256 143.5770346573623 546.7215434956271
2020 6 15 290.71391335454723 144.31495520484225 576.0328071888066
2020 6 16 300.08671302934295 145.4700536023086 608.565555673091
2020 6 17 310.3118340980116 146.9010815886511 644.0513221036377
2020 6 18 321.1698056553585 148.48084078819105 682.196637770956
2020 6 19 332.77569524121225 150.24771588128695 723.3828428767692
2020 6 20 345.2076879584754 152.21924480168386 767.9396779281171
2020 6 21 357.7481401334969 154.0596741775925 814.4490901350125
2020 6 22 369.3914729538309 155.3398412670206 860.6957837260516
2020 6 23 379.87596618888705 155.98396251070966 905.9853966508099
2020 6 24 390.8466535980344 156.708201818599 954.1079670063743
2020 6 25 401.65648880122285 157.24427939854917 1003.6205449168897
2020 6 26 413.4862964881642 158.06445458104864 1057.504098126916
2020 6 27 425.5223920837921 158.83457531036169 1113.9171124031525
2020 6 28 437.7625768163566 159.55385106965065 1172.9566100506893
2020 6 29 450.88987263939686 160.47138631032072 1236.5588561695515
2020 6 30 465.065209697667 161.62709479988732 1305.4045164179006
2020 7 1 479.33095562734474 162.667666573291 1377.08602935101
2020 7 2 494.82150160544893 163.98208575589996 1454.9652501653643
2020 7 3 509.69763498549065 164.937612033978 1533.9702345998553
2020 7 4 525.0404658409094 165.905005621507 1617.3237965935377
2020 7 5 541.2662529108322 167.0111373615782 1706.5038370928344
2020 7 6 559.1511406747474 168.48184759662075 1804.2511820092361
2020 7 7 578.7410431174073 170.30119142020234 1911.1922077989084
2020 7 8 599.8579599624545 172.38756128587107 2027.248012048355
2020 7 9 622.6915795695162 174.77140965403228 2153.5489353972443
2020 7 10 646.3943619103568 177.18822288926393 2287.7186163643314
2020 7 11 670.9993917026334 179.63845684373996 2430.2472916384086
2020 7 12 696.5410130352346 182.12257367335167 2581.655740469457
2020 7 13 723.054877306302 184.64104192487815 2742.497187521016
2020 7 14 750.5779929860141 187.19433662436228 2913.3593242734155
2020 7 15 779.148777273593 189.78293936670866 3094.8664563637994
2020 7 16 808.8071097206376 192.40733840652064 3287.6817847089974
2020 7 17 839.5943878956308 195.0680287501935 3492.50982874615
2020 7 18 871.5535851673192 197.76551224928102 3710.099000645256
2020 7 19 904.729310687619 200.5002976951533 3941.2443398994405
