2020 5 18 80.13907683456603 73.3660047370695 86.91214893206256
2020 5 19 83.4043842628784 69.9455957371393 98.04665441591033
2020 5 20 87.39550321953702 67.18176190775849 111.30445502869426
2020 5 21 91.85090502757727 64.73722462232554 126.7030300283077
2020 5 22 96.470773798494 62.33746737777556 144.14549566303313
2020 5 23 100.919860279179 59.76615980262049 163.386781562249
2020 5 24 105.1782101911577 57.066443596864744 184.5555061990996
2020 5 25 109.22155527032692 54.274531931294206 207.7743385388976
2020 5 26 113.42033786264194 51.619211408557334 233.91432011085155
2020 5 27 117.78053342159981 49.09379946038713 263.3429591820287
2020 5 28 122.75032551942091 46.87616783668828 297.4622100459908
2020 5 29 128.85107547533087 45.11052073095932 338.23450964742534
2020 5 30 136.70559942999117 43.919218519216 388.40308736239865
2020 5 31 147.0909040132905 43.41861468111909 451.84293313955703
2020 6 1 161.57696729777703 43.90130235944667 535.8181343221928
2020 6 2 178.70232658361633 44.71884056753087 639.421540707408
2020 6 3 198.3133742848071 45.719413213476514 765.4567070888296
2020 6 4 220.0765662769589 46.74237341704014 916.3344259235496
2020 6 5 243.4022316296258 47.612818578144726 1093.512766544315
2020 6 6 269.2001577656597 48.49947333074203 1304.9495214481499
2020 6 7 298.7425662839965 49.5846366699889 1562.165645060622
2020 6 8 330.40595164856063 50.50801098539724 1864.2190318333023
2020 6 9 365.4253032726896 51.44858054884239 2224.6761152621757
2020 6 10 404.1563162093811 52.40666557342766 2654.829573835484
2020 6 11 448.50900566477594 53.57925134203243 3178.1179927437597
2020 6 12 499.4120789210406 54.979132722014384 3816.476874202623
2020 6 13 556.0923446844927 56.415589228168045 4583.056942687209
2020 6 14 621.2922488963488 58.101279299341925 5520.810982371833
2020 6 15 696.4680522339374 60.055366039653414 6671.159065095229
2020 6 16 785.9671351360419 62.52589606330087 8111.2681590722
2020 6 17 889.9166158397954 65.3326897312288 9892.69290816219
2020 6 18 1007.6141199093221 68.26548064494341 12065.360318009349
2020 6 19 1144.6590480908355 71.58609507987396 14760.472431015021
2020 6 20 1304.6387667235356 75.33686407574378 18112.99749333064
2020 6 21 1486.9775541256522 79.28415542759183 22226.976794051112
2020 6 22 1683.6404140081397 82.8432290184107 27108.542263451232
2020 6 23 1887.3593898677727 85.62944745114835 32757.03479792848
2020 6 24 2115.7281785853056 88.50937315781665 39582.47988123612
2020 6 25 2363.7899904420265 91.15402109253083 47681.57855566818
2020 6 26 2640.936191836341 93.87769074493491 57437.85989109067
2020 6 27 2940.6665578719408 96.33046169596244 68974.86640789807
2020 6 28 3252.3444670791296 98.12434544897816 82311.53916508851
2020 6 29 3609.261378593142 100.31985263815281 98535.81043737887
2020 6 30 4018.89082646392 102.94093991042894 118327.77847571574
2020 7 1 4475.010751737674 105.63050912629073 142095.17430108535
2020 7 2 4999.69028590005 108.78673425631786 171169.72549843625
2020 7 3 5567.125047894601 111.62903831731163 205550.9897429612
2020 7 4 6219.851206288481 114.96449867712701 247609.4396821878
2020 7 5 6972.447608229129 118.83103320408838 299202.77354420826
2020 7 6 7842.272019243596 123.27352911968944 362669.16869616654
2020 7 7 8850.037057912423 128.3446988567964 440958.8875963052
2020 7 8 10033.798556714213 134.29875352598287 538465.6923359239
2020 7 9 11454.96747605668 141.58734787939588 661776.9496084782
2020 7 10 13077.428167990445 149.27150515691545 813327.0833527615
2020 7 11 14929.691231897106 157.37269315045603 999582.9333531007
2020 7 12 17044.30545643263 165.9135447411292 1228492.2770946564
2020 7 13 19458.42978128788 174.9179211303782 1509822.9716854263
2020 7 14 22214.48627056924 184.41097850276074 1855579.7609245933
2020 7 15 25360.905572137457 194.4192383066207 2280516.533212717
2020 7 16 28952.977962447007 204.9706613489972 2802765.8890098757
2020 7 17 33053.824931823634 216.09472591177513 3444612.882297657
2020 7 18 37735.508383307824 227.82251010731628 4233445.952591713
2020 7 19 43080.296936398525 240.18677870365366 5202925.625001036
