2020 5 18 295.19715040503837 265.45945861837566 324.934842191701
2020 5 19 294.41636761482386 238.09594369576456 356.71019411554335
2020 5 20 293.75751040214107 213.64998686376663 391.73807614170437
2020 5 21 293.09902398814717 191.7131601133685 430.204120465415
2020 5 22 292.383552817661 171.99049068503888 472.3614641587663
2020 5 23 291.4528827765702 154.1691941446711 518.2994798556706
2020 5 24 290.22605161985933 138.0362765524092 568.1731112017143
2020 5 25 288.74270014483557 123.46711435762016 622.3335605694745
2020 5 26 287.2799474615939 110.44123366206846 681.6848491646334
2020 5 27 285.94764335000303 98.83689452304185 746.9883638889091
2020 5 28 284.9889212436861 88.57884434705335 819.5075508192191
2020 5 29 284.4766736682737 79.52322513250662 900.3416801324754
2020 5 30 284.6771357842488 71.59235774851444 991.4018257955335
2020 5 31 285.68628517650893 64.65577550585179 1094.4875533504232
2020 6 1 288.032046261475 58.69296745482022 1213.399074321598
2020 6 2 290.89051020193534 53.380622656096065 1347.3085712418078
2020 6 3 294.0920822080564 48.60685944269098 1497.453958117975
2020 6 4 297.1830473747081 44.23590327601572 1663.5890891485324
2020 6 5 300.13902586077353 40.233075412344895 1847.2186013294352
2020 6 6 303.1920621084615 36.60152540490627 2051.5338100019335
2020 6 7 306.51535753811567 33.32664605157208 2280.0662582359305
2020 6 8 309.4536125840849 30.29895769748496 2530.921129208727
2020 6 9 312.28052314603576 27.53267178775615 2808.2342590522694
2020 6 10 315.0276692306087 25.00963757643136 3114.9830751201243
2020 6 11 318.04752326393117 22.737540098847685 3457.69621977947
2020 6 12 321.28989531284196 20.685698619276554 3840.219381383565
2020 6 13 324.5291104158982 18.816684416806556 4264.628064083228
2020 6 14 327.92534398247307 17.123751826061376 4737.575252441479
2020 6 15 331.8449854862686 15.608607577920814 5270.020532838714
2020 6 16 336.387458118035 14.254618076872932 5871.4532498448825
2020 6 17 341.0906850976257 13.022259357182419 6543.24408270494
2020 6 18 345.86735927940964 11.89673565143149 7292.0463314360495
2020 6 19 350.8434644769507 10.873050691044263 8129.335098265123
2020 6 20 356.03351579295384 9.941863009341182 9066.061643456622
2020 6 21 361.16391026884986 9.086614155005245 10107.25110468405
2020 6 22 365.545976503827 8.284250731118055 11245.00466638371
2020 6 23 369.15721795102587 7.534063464825149 12485.485072433892
2020 6 24 372.9289549940174 6.854357464326408 13867.029331142952
2020 6 25 376.4113806291404 6.229947211211342 15389.253537244724
2020 6 26 379.99420412445295 5.6635422099991635 17081.351896063763
2020 6 27 383.37985864432846 5.145185831245182 18949.10592753383
2020 6 28 386.588272114488 4.671488564866725 21010.83746257741
2020 6 29 390.1372492164876 4.2451936395555 23313.942996725586
2020 6 30 394.0090172131061 3.8609579580314874 25886.84621050415
2020 7 1 397.80374920566277 3.5103683280929205 28736.106578164738
2020 7 2 401.9847442284675 3.1946995877771642 31924.23587308583
2020 7 3 405.9015976484604 2.9049688110540424 35441.60537128601
2020 7 4 410.0304585557056 2.6427581945582594 39361.69311396634
2020 7 5 414.5525402268674 2.4064791619038646 43749.086018752954
2020 7 6 419.70386017805197 2.1946881664908573 48686.65555647552
2020 7 7 425.39222796808866 2.004010183133488 54236.357934820626
2020 7 8 431.65439958307405 1.8322385803294834 60481.98957826423
2020 7 9 438.69667504936075 1.6781101991970997 67543.23089773445
2020 7 10 445.8538425306274 1.5369471371697299 75428.86852624593
2020 7 11 453.127776445898 1.4076587482660186 84235.15031082905
2020 7 12 460.5203817946218 1.2892461319253758 94069.56098538083
2020 7 13 468.03359465558117 1.1807944153595602 105052.13407145387
2020 7 14 475.669382693939 1.0814656851148334 117316.91694279082
2020 7 15 483.4297456765583 0.9904925132329274 131013.60693539315
2020 7 16 491.3167159957292 0.9071720279930169 146309.37847260287
2020 7 17 499.3323592014401 0.8308604834244041 163390.92350610206
2020 7 18 507.47877454233276 0.7609682856331946 182466.7301773547
2020 7 19 515.758095515483 0.6969554375156539 203769.62751160504
