2020 5 18 1409.4214866778423 1360.689219663507 1458.1537536921774
2020 5 19 1431.5559980532244 1334.3192950934356 1532.2121962042438
2020 5 20 1455.1579395954595 1309.5041678773382 1611.2305584360865
2020 5 21 1478.9956284694472 1285.012518563733 1694.154183840867
2020 5 22 1503.1465147270435 1260.9117749739682 1781.2570129358278
2020 5 23 1525.4409574515753 1235.3749596858938 1870.170874009214
2020 5 24 1545.2609886226257 1208.0836455147257 1960.0840001103938
2020 5 25 1562.4068296336006 1179.1032286127172 2050.6011987370994
2020 5 26 1579.7429167364255 1150.8180156950787 2145.298505587108
2020 5 27 1598.5428712242972 1124.1376051106836 2246.0956763837607
2020 5 28 1620.875065641689 1100.4023801612834 2356.2775674687946
2020 5 29 1647.526286410239 1079.888658675854 2477.6894743121597
2020 5 30 1680.772464537896 1063.7928584416784 2614.6164062543153
2020 5 31 1722.9031276960109 1053.1355077167032 2771.8875646686806
2020 6 1 1777.778067061346 1049.7294230371863 2957.4232579108075
2020 6 2 1839.0001283227657 1049.0501391285427 3163.0289759780203
2020 6 3 1904.6565194160135 1049.6981525820252 3386.9294534609203
2020 6 4 1970.9049572873403 1049.3809827488442 3623.5635860602333
2020 6 5 2037.3047674405245 1047.9176247137957 3872.7724283947073
2020 6 6 2106.058716139934 1046.5165539340305 4139.343141392255
2020 6 7 2177.132938927594 1045.1173563924701 4424.262452543161
2020 6 8 2244.597715527946 1040.8359200440411 4716.584122492007
2020 6 9 2312.604533900104 1035.853949444505 5024.966213283925
2020 6 10 2382.538867099139 1030.83627204652 5353.222203997946
2020 6 11 2458.149433917305 1027.3837791290496 5710.923439613998
2020 6 12 2538.9859899247567 1025.1241709789563 6099.092818681867
2020 6 13 2622.7728077778015 1022.9874049124433 6514.347223502371
2020 6 14 2712.3403553182875 1022.0313592355577 6965.364489005591
2020 6 15 2809.0209960310362 1022.6039244363872 7458.019412146163
2020 6 16 2910.762747167091 1023.7647231917504 7989.807187765664
2020 6 17 3016.3568935110943 1024.9856976317571 8559.972989530246
2020 6 18 3125.781693436524 1026.2081282447982 9170.82676208837
2020 6 19 3240.7934717564435 1027.9630031865324 9830.017287155668
2020 6 20 3362.8318412924696 1030.6073697925615 10545.066987992217
2020 6 21 3489.272467492417 1033.1992874451446 11311.524185900293
2020 6 22 3615.050874301989 1034.1939121475718 12116.131907364112
2020 6 23 3740.167347915624 1033.7030541500396 12960.558290326977
2020 6 24 3872.6244897588294 1034.0444405503674 13874.268202881734
2020 6 25 4005.5423354532704 1033.2564084251874 14837.238537660667
2020 6 26 4144.173671317611 1032.7659953937243 15871.310778480281
2020 6 27 4283.552673106466 1031.2664313850496 16961.940072306665
2020 6 28 4422.201426156359 1028.4646800893354 18106.06039703304
2020 6 29 4567.1176010038635 1026.0844381782517 19334.640807314063
2020 6 30 4719.670986600441 1024.3586101922547 20658.813516218248
2020 7 1 4874.606623696446 1022.0467633816277 22061.797809777
2020 7 2 5039.392674846853 1020.7390413117082 23581.624082502836
2020 7 3 5202.506231237318 1017.9658908972802 25172.2567157886
2020 7 4 5371.497600756925 1015.3173238566546 26873.075427383952
2020 7 5 5547.522347368437 1012.9675097171132 28696.53858337223
2020 7 6 5735.056311001029 1011.6714046698398 30673.428846411978
2020 7 7 5936.843100088473 1011.7728639928999 32828.82934711393
2020 7 8 6151.941730099314 1012.933001693372 35170.03877589672
2020 7 9 6382.632402673138 1015.3785575956111 37722.797893170835
2020 7 10 6621.97370764034 1017.8300178801351 40460.84481044852
2020 7 11 6870.290033672425 1020.2873968020792 43397.62833635329
2020 7 12 7127.917933639474 1022.7507086509954 46547.573439047446
2020 7 13 7395.206580753459 1025.2199677509352 49926.15209915827
2020 7 14 7672.51824181642 1027.6951884605332 53549.95930544677
2020 7 15 7960.228768214887 1030.1763851730905 57436.79456649637
2020 7 16 8258.728105326027 1032.6635723166582 61605.74933879277
2020 7 17 8568.42082102593 1035.156764354122 66077.30080062641
2020 7 18 8889.726654016342 1037.6559757832856 70873.41243241869
2020 7 19 9223.081082713015 1040.1612211369547 76017.6418975047
