2020 5 18 22775.2 228.5561000 228.5561000
2020 5 19 22841.4 444.919000 476.162000
2020 5 20 22937.7 651.155000 747.353000
2020 5 21 23047.4 848.532000 1046.85000
2020 5 22 23155.4 1037.56000 1379.55000
2020 5 23 23238.3 1217.87000 1749.99000
2020 5 24 23287.2 1389.07000 2163.54000
2020 5 25 23298.4 1550.92000 2626.06000
2020 5 26 23315.1 1705.99000 3150.25000
2020 5 27 23355.6 1856.37000 3750.9000
2020 5 28 23439.5 2004.50000 4449.2000
2020 5 29 23578.4 2152.98000 5271.6000
2020 5 30 23805.4 2305.000 6256.8000
2020 6 1 24620.1 2642.12000 8962.3000
2020 6 2 25180.7 2825.99000 10818.000
2020 6 3 25789.6 3016.43000 13103.000
2020 6 4 26410.6 3210.2000 15896.000
2020 6 5 27036.5 3405.8000 19294.000
2020 6 6 27691.1 3606.2000 23473.000
2020 6 7 28400.2 3814.000 28640.000
2020 6 8 29099.9 4023.7000 34940.00
