2020 5 18 146.8376961630418 142.53248414405684 151.14290818202682
2020 5 19 147.30206248776156 138.79173889614688 156.06559546561658
2020 5 20 147.807425252881 135.18641318393094 161.19049302639837
2020 5 21 148.31871699250829 131.67857823076903 166.48825751151205
2020 5 22 148.8215720663865 128.2527046823494 171.9486853808356
2020 5 23 149.25214863210905 124.85220386541933 177.50272208444406
2020 5 24 149.5792216552158 121.45423941028442 183.11158087387136
2020 5 25 149.78813831726458 118.05223188007352 188.75215058039706
2020 5 26 149.99734677232578 114.74551666153332 194.56647241369888
2020 5 27 150.27496480166045 111.58353323537575 200.64825591180212
2020 5 28 150.65546182191312 108.58469208362095 207.0568233106018
2020 5 29 151.13954662186032 105.74041204224551 213.811120112799
2020 5 30 151.81393608208384 103.10268832321057 221.05276145316387
2020 5 31 152.76710401054953 100.7180489113841 228.9412137309361
2020 6 1 154.10781995584765 98.64012487911174 237.68299418077999
2020 6 2 155.54778235078658 96.66106424564664 246.89348844016988
2020 6 3 157.0365185368895 94.74365843228792 256.51696024570646
2020 6 4 158.48601778347359 92.83201799673498 266.4281701195358
2020 6 5 159.89491717844282 90.92733075704301 276.6315822077061
2020 6 6 161.31634132185934 89.06172306726639 287.22575484568733
2020 6 7 162.7504015554727 87.2343931100832 298.2256530085259
2020 6 8 164.04939253053834 85.36532508131994 309.3759520177817
2020 6 9 165.32150201978746 83.51692014429963 320.8728998155859
2020 6 10 166.58470688314833 81.69905673669038 332.7606651552986
2020 6 11 167.914301334265 79.94858780485559 345.20218679359425
2020 6 12 169.31169835009896 78.26285401854383 358.2264553956759
2020 6 13 170.72072462207342 76.61266430469585 371.74212173250186
2020 6 14 172.16085901834197 75.00596711828439 385.8099301833711
2020 6 15 173.65223301138676 73.44999608969522 400.4977083716561
2020 6 16 175.1959561072567 71.94298080201303 415.8355878348166
2020 6 17 176.83296316252554 70.49955682689244 431.9497036461038
2020 6 18 178.50534220468936 69.0930967907103 448.73729997488226
2020 6 19 180.25433524565094 67.73822812783175 466.3301779604011
2020 6 20 182.08185824339853 66.43299867756464 484.7716186523557
2020 6 21 183.86589394238553 65.13029273051572 503.7772327126773
2020 6 22 185.56303723889454 63.81616043688008 523.241995893598
2020 6 23 187.21264428026598 62.50680802708397 543.2806190750122
2020 6 24 188.83440703424355 61.21012742797443 563.9633040001393
2020 6 25 190.38446438654574 59.9125490088202 585.1772692355119
2020 6 26 191.92563093587387 58.63567570559641 607.1227802981067
2020 6 27 193.3921152554561 57.35938763053954 629.6155902198104
2020 6 28 194.8478488399468 56.1043676966042 652.8702375352175
2020 6 29 196.31454026657195 54.87680752295641 676.9837876957323
2020 6 30 197.76998423996767 53.6698760748226 701.9111053766878
2020 7 1 199.1913126034709 52.47730285233073 727.5968981276168
2020 7 2 200.69069887944514 51.329102638216675 754.4704532246798
2020 7 3 202.11023315310072 50.1827152052912 781.9939513177782
2020 7 4 203.5398081389833 49.06193126198121 810.5215217957433
2020 7 5 204.95638678679867 47.96060892995723 839.9977744827522
2020 7 6 206.4526311041622 46.900343677461834 870.8320879235882
2020 7 7 208.18246674259086 45.91410180230703 903.7374862811067
2020 7 8 210.00951946117883 44.966843425219565 938.2453608599847
2020 7 9 211.8943312959456 44.04806200535392 974.2572772388537
2020 7 10 213.79605910510054 43.14805351312092 1011.6514100137516
2020 7 11 215.71485470761263 42.26643437218318 1050.4808116838942
2020 7 12 217.65087128500906 41.40282884359602 1090.8005710198663
2020 7 13 219.60426339360401 40.55686886567062 1132.6678912201867
2020 7 14 221.5751869768372 39.72819389710908 1176.1421710676927
2020 7 15 223.56379937772314 38.91645076334461 1221.2850892008867
2020 7 16 225.57025935141235 38.12129350602146 1268.1606916197995
2020 7 17 227.59472707786483 37.34238323555018 1316.835482550523
2020 7 18 229.6373641746378 36.579387986675684 1367.378518797322
2020 7 19 231.69833370978793 35.83198257699631 1419.861507716187
