2020 5 18 968.9310077935469 932.7243367272412 1005.1376788598527
2020 5 19 994.8524569308902 921.9255733837294 1070.554964464518
2020 5 20 1022.7201595226953 912.412786496088 1141.5779138295586
2020 5 21 1051.1743095818617 902.8249201633059 1217.0959337054483
2020 5 22 1079.7606229382968 892.7713885670529 1296.8460599952632
2020 5 23 1106.2355574778142 880.4413038349627 1378.3522475197858
2020 5 24 1129.8546032642635 865.4918897818267 1460.6138435419923
2020 5 25 1150.5082933386584 848.1384914980066 1543.2995410673877
2020 5 26 1170.8557125341592 830.6289325759193 1629.74881571639
2020 5 27 1192.6068575620804 814.2213955876266 1722.493615366516
2020 5 28 1216.7704599659746 799.5091307967547 1823.4170098224938
2020 5 29 1244.0753899547126 786.8050982732111 1934.2274802333573
2020 5 30 1278.2782296476018 778.2779357505475 2061.543869193887
2020 5 31 1320.1326164898874 773.9293069166642 2208.0641154708305
2020 6 1 1373.950042428929 775.8149061766429 2382.7152871980384
2020 6 2 1434.3167587917599 780.1643824614979 2578.733889661841
2020 6 3 1498.7566254126523 785.3110778919604 2793.4328410892936
2020 6 4 1564.7553883139788 789.7915861601135 3023.5166226485626
2020 6 5 1631.645381094712 793.2805748125014 3268.6578332093973
2020 6 6 1701.2331484308845 796.7063936949677 3533.350851003276
2020 6 7 1776.3166270948968 801.3308388303183 3824.7287062156415
2020 6 8 1850.8427145137696 804.2357616612769 4131.799694979609
2020 6 9 1927.028811424469 806.5138713883914 4460.249706107447
2020 6 10 2005.3964888698385 808.39896594627 4812.600089921903
2020 6 11 2089.533715172472 811.3295116071963 5198.983015784399
2020 6 12 2178.6498844683724 814.8332756586772 5619.992058066414
2020 6 13 2269.6243913527414 817.6257109424403 6070.083568202909
2020 6 14 2364.622576831475 820.5087102980829 6556.823119242778
2020 6 15 2465.7052050011366 824.1333951258027 7088.438373097883
2020 6 16 2573.551441606277 828.5904828336725 7670.177862317808
2020 6 17 2688.409145403719 833.8104005086934 8306.498304777435
2020 6 18 2808.925583285404 839.2283976972745 8997.253788785365
2020 6 19 2937.348832940545 845.4298096297854 9753.472874879084
2020 6 20 3075.426232895014 852.7657792159955 10585.81255459143
2020 6 21 3221.8222241211347 860.6722568239376 11495.474064789301
2020 6 22 3367.5272102979834 866.6058334502877 12455.97480319271
2020 6 23 3512.816251789289 870.7775427796728 13470.818090098948
2020 6 24 3669.2454003986904 876.1769689928269 14587.027101046762
2020 6 25 3828.278765958252 880.5683413319946 15778.38662743832
2020 6 26 3999.135000438658 886.1157068209915 17087.36669808256
2020 6 27 4176.03193066368 891.3469031898435 18498.169449234214
2020 6 28 4352.480089933367 894.8430370637367 19988.80508621654
2020 6 29 4541.988704323608 899.5052503196501 21625.301731818996
2020 6 30 4746.047636568648 905.4392299598006 23425.77041326664
2020 7 1 4955.983349546236 910.7845030155898 25359.897650706465
2020 7 2 5184.53321560676 917.8755641127614 27501.445434822854
2020 7 3 5413.864811161774 923.2942552397595 29772.077040361528
2020 7 4 5654.413214244044 928.9278596182095 32236.07973288891
2020 7 5 5913.491448449644 935.8841186710372 34948.7152159284
2020 7 6 6198.499365951847 945.1174885274311 37972.70526879008
2020 7 7 6510.342814337906 956.4392616346795 41338.59794352118
2020 7 8 6847.204761533897 969.2673098450016 45062.08394825642
2020 7 9 7213.841645431186 984.0149042993675 49202.19746941734
2020 7 10 7600.1102782414155 998.9868863297729 53722.687095415786
2020 7 11 8007.061851435785 1014.1866700377133 58658.500172596694
2020 7 12 8435.8038430402 1029.6177214709157 64047.7948615518
2020 7 13 8887.50303152601 1045.2835594137114 69932.23513314096
2020 7 14 9363.388671080982 1061.1877561894332 76357.31286749915
2020 7 15 9864.755836901692 1077.3339384750227 83372.69954613676
2020 7 16 10392.968949611208 1093.7257881280304 91032.63025602137
2020 7 17 10949.465488393427 1110.3670430262002 99396.32297432894
2020 7 18 11535.759902948976 1127.2614979198277 108528.43637530314
2020 7 19 12153.44773491868 1144.4130052970868 118499.56969847095
