2020 5 18 1.6703838378332068 1.456609811143589 1.8841578645228245
2020 5 19 1.5811190685206844 1.2023577620828854 2.0116610954172023
2020 5 20 1.4970041414556146 0.992774185865827 2.1482755409540477
2020 5 21 1.4177061882610507 0.8199500930360618 2.2946585651764826
2020 5 22 1.3425040168003608 0.6771509948647699 2.450846603141974
2020 5 23 1.2716380127705171 0.5593962543268612 2.6182993285586633
2020 5 24 1.2037026376332307 0.46176236702168605 2.7955251021211054
2020 5 25 1.1386630959601471 0.3808875621585249 2.9830432815385572
2020 5 26 1.0771378291991482 0.31417747605285223 3.183139801814174
2020 5 27 1.019265144420151 0.25924697321912704 3.397628264710385
2020 5 28 0.9648124155341364 0.2139994593652099 3.6276047578191344
2020 5 29 0.9138566810517769 0.1767796001570808 3.8753583454839613
2020 5 30 0.8658705730123457 0.14608706856726772 4.141213480484623
2020 5 31 0.820931833777719 0.12081240692663212 4.427830234418535
2020 6 1 0.7790758081221857 0.10002096948810753 4.738331318801296
2020 6 2 0.7398286073425383 0.08286862426873061 5.073493703783059
2020 6 3 0.7025585476228228 0.06865769171542131 5.432363553850882
2020 6 4 0.6669519644661118 0.05686283700899371 5.814962610252522
2020 6 5 0.6327435416799145 0.04705959501699144 6.220964429338948
2020 6 6 0.6002896923140923 0.03894644726947008 6.655313374305575
2020 6 7 0.5695004230969085 0.03223201887661688 7.119988646988187
2020 6 8 0.540290356573134 0.02667516843511879 7.617107637479232
2020 6 9 0.5125784943556592 0.022076327696561735 8.148935572458745
2020 6 10 0.486444170252893 0.018277060735063525 8.720378739395331
2020 6 11 0.4619387603570051 0.015142773425834807 9.337208323397363
2020 6 12 0.4389493466078525 0.012555204901502425 10.00335880987055
2020 6 13 0.41710405236086356 0.010409795199720514 10.717034900920481
2020 6 14 0.3967272007228924 0.008640504349110449 11.491423378556703
2020 6 15 0.37758758062691755 0.00717719467688838 12.328770052010473
2020 6 16 0.3594863754677177 0.005963890138119773 13.230888205126213
2020 6 17 0.34236245765682316 0.004957511834121816 14.203047281093582
2020 6 18 0.3260542273968483 0.004120955117594803 15.246637182741994
2020 6 19 0.3106221754849685 0.003426819012770506 16.371551899191314
2020 6 20 0.29601516169594533 0.002850647720644648 17.584452392837434
2020 6 21 0.28245581489238214 0.002374825765816892 18.90864291548854
2020 6 22 0.26951757102383733 0.001978426649194099 20.332551103558288
2020 6 23 0.2571719796891613 0.0016481933380468414 21.863686158046423
2020 6 24 0.24554860934661027 0.0013740860028749078 23.523446066883075
2020 6 25 0.23445057904414993 0.0011455648434632135 25.309204992311336
2020 6 26 0.22399701472149453 0.0009557466103852857 27.24595096612977
2020 6 27 0.21407779839330082 0.0007976721568750243 29.33920487183501
2020 6 28 0.20433692301933973 0.0006647700475752531 31.557521947961206
2020 6 29 0.1950392727428113 0.0005540110838072566 33.94356445058514
2020 6 30 0.1862241067158919 0.000461874743772004 36.5203562610256
2020 7 1 0.17780735866392375 0.000385061391675464 39.29276264942292
2020 7 2 0.16993354991015494 0.00032137466927896805 42.31154988074769
2020 7 3 0.16230486126770924 0.00026802548902878694 45.536480873542985
2020 7 4 0.15501864113977495 0.00022353243623803463 49.00721188873414
2020 7 5 0.14810674805351343 0.00018649347478209952 52.757409508232925
2020 7 6 0.1415932923752836 0.0001557054545859118 56.82673428413012
2020 7 7 0.13543818972529437 0.0001300792676023582 61.23879492258628
2020 7 8 0.1295891668216861 0.00010870766027555503 66.01082545680312
2020 7 9 0.12397891975653874 9.08357468670156e-05 71.14767676883311
2020 7 10 0.1186115546614198 7.590203751946593e-05 76.68426920240341
2020 7 11 0.11347655655353445 6.342348137502241e-05 82.6517099386536
2020 7 12 0.10856386567063452 5.29964427989985e-05 89.08352686719253
2020 7 13 0.10386385776335468 4.428364524394618e-05 96.01585696155641
2020 7 14 0.0993673252407439 3.7003261587374616e-05 103.48764931372769
2020 7 15 0.09506545913205512 3.091979805548769e-05 111.54088396845862
2020 7 16 0.09094983182945526 2.5836476861227163e-05 120.22080778691333
2020 7 17 0.08701238057784756 2.158887116283263e-05 129.57618866482153
2020 7 18 0.08324539167946178 1.8039586457116076e-05 139.65958953346095
2020 7 19 0.0796414853822682 1.5073816369983244e-05 150.52766368293504
