2020 5 18 207.68086109476076 206.18542208653665 209.17630010298487
2020 5 19 205.50456980349838 202.5550954720966 208.47536335079494
2020 5 20 203.28569493101537 198.92423787939666 207.71044114994038
2020 5 21 201.08534038158234 195.35314377384034 206.94276987203426
2020 5 22 198.9677559768887 191.9034311253708 206.23860668657596
2020 5 23 196.97130536227087 188.60996134679576 205.63928521621312
2020 5 24 195.11585585403628 185.48884806727355 205.16799737329774
2020 5 25 193.3941892308563 182.5299491681735 204.82008626198126
2020 5 26 191.68771427904719 179.6182503179514 204.47276511665814
2020 5 27 189.9435609687887 176.70358308400208 204.06977960863605
2020 5 28 188.11076530891842 173.73898491298758 203.55530340272182
2020 5 29 186.18352544260128 170.72056210607778 202.92078890211636
2020 5 30 184.09675465468527 167.59019263965718 202.09286003252072
2020 5 31 181.78857594162943 164.2943746391509 200.99958267755176
2020 6 1 179.2259321692747 160.80724041356777 199.59886546977995
2020 6 2 176.5679267127848 157.27614610566644 198.06147631944242
2020 6 3 173.91695652575086 153.7937436020067 196.49960241795793
2020 6 4 171.36160919059054 150.43781094438768 195.01311491311353
2020 6 5 168.89095134509842 147.19649563350674 193.5915232899537
2020 6 6 166.47140304717286 144.03851592705612 192.19804792481995
2020 6 7 164.1170498483325 140.97470608886837 190.84985374196435
2020 6 8 161.8938204930482 138.06009810027126 189.6248784748783
2020 6 9 159.77494045926127 135.26905250625765 188.49471319039125
2020 6 10 157.69844461654 132.5468359530115 187.38856954430034
2020 6 11 155.6055506468524 129.84293704084118 186.2373638554572
2020 6 12 153.51902787127426 127.17633570564266 185.06761224385562
2020 6 13 151.48160100606097 124.58199270759327 183.93066515816173
2020 6 14 149.45732226767737 122.02914844828913 182.78383550715787
2020 6 15 147.4395354645732 119.51182926470915 181.61901327629246
2020 6 16 145.42194851752075 117.02451985548652 180.42830345368193
2020 6 17 143.43197056337573 114.58897693779255 179.24540002675698
2020 6 18 141.46922379612067 112.20412313474955 178.0702518161182
2020 6 19 139.50090210507767 109.84317938419292 176.86198328940907
2020 6 20 137.5215878572059 107.50169404542783 175.61325606989251
2020 6 21 135.5577458172324 105.20026285196754 174.35724088341325
2020 6 22 133.68410432203675 102.99633822725073 173.19015580083806
2020 6 23 131.86700842386003 100.86219850145221 172.07058863826202
2020 6 24 130.05042568625052 98.75378023158306 170.9266994280293
2020 6 25 128.28272042114767 96.70754859760021 169.8217641099551
2020 6 26 126.53904261991342 94.7037159876354 168.72397151482124
2020 6 27 124.8422741349285 92.75877341889594 167.664221024858
2020 6 28 123.20832787786051 90.88354683699907 166.66494137560056
2020 6 29 121.55057172683627 89.01289235714923 165.61048161813974
2020 6 30 119.915120524703 87.180741526252 164.56269324202
2020 7 1 118.30717254938409 85.39029926535046 163.52907962311832
2020 7 2 116.6990869878688 83.62096617063474 162.47196533838462
2020 7 3 115.13961389668547 81.90746569751894 161.45893324204164
2020 7 4 113.58514209222517 80.2178100922751 160.43000771210998
2020 7 5 112.03603239831604 78.5519755910623 159.38557091790338
2020 7 6 110.47722726154785 76.89912371107502 158.30408444283208
2020 7 7 108.89958533102264 75.25284228611773 157.17186732783958
2020 7 8 107.31651003017811 73.62248208295902 156.00739050969742
2020 7 9 105.72372518245017 72.00499496898615 154.8039717587357
2020 7 10 104.15458034659402 70.42304407288923 153.60983600831287
2020 7 11 102.60872465905008 68.8758486633907 152.42491165068722
2020 7 12 101.08581246375353 67.3626451618917 151.24912763048906
2020 7 13 99.58550323484496 65.8826867656275 150.08241344045962
2020 7 14 98.10746150052825 64.43524307910202 148.92469911722307
2020 7 15 96.65135676805836 63.01959975362005 147.77591523709108
2020 7 16 95.21686344984275 61.63505813473863 146.6359929118998
2020 7 17 93.80366079063923 60.28093491746416 145.50486378487872
2020 7 18 92.41143279583464 58.95656180902471 144.38246002655185
2020 7 19 91.03986816078788 57.661285199051314 143.26871433067004
