2020 5 18 400.09074316815025 378.09506628703645 422.08642004926406
2020 5 19 407.51175913582176 363.9441796077888 453.54176029787067
2020 5 20 415.16792388135264 350.40999259402025 487.4497757754853
2020 5 21 422.960834304752 337.37312012752676 523.8845161877757
2020 5 22 430.8085494026336 324.7483171850697 562.9292956560002
2020 5 23 438.6817968241736 312.50543096337134 604.7271566231586
2020 5 24 446.51218655110813 300.59106433902923 649.3711052816317
2020 5 25 454.26257747112965 288.98298805637546 696.9912755502434
2020 5 26 462.1288647247269 277.81133376079936 748.0749761513678
2020 5 27 470.24509751431617 267.13992736367976 803.0867881995455
2020 5 28 478.7353242875259 257.00991973732187 862.5393227277476
2020 5 29 487.6930143067159 247.43270871643634 926.9591767096017
2020 5 30 497.2183775580716 238.41535673501102 996.950713498406
2020 5 31 507.4804209916277 229.99065892699448 1073.3311289769076
2020 6 1 518.7452251921743 222.2221235544824 1157.2362594447632
2020 6 2 530.4302949648965 214.78890809525237 1248.0801974656838
2020 6 3 542.4873591442431 207.6483787906698 1346.311411023957
2020 6 4 554.7294864234146 200.71116448973842 1452.0531144616739
2020 6 5 567.1113608432607 193.95631765561518 1565.7426155662058
2020 6 6 579.7230843694791 187.4128916179326 1688.2050735931725
2020 6 7 592.7341637651313 181.1286531584282 1820.5919857343774
2020 6 8 605.8427659984218 174.9957013336219 1962.7631250272113
2020 6 9 619.1667235238957 169.04887619684587 2115.794981165524
2020 6 10 632.7329158078951 163.2902727671207 2280.5847950985467
2020 6 11 646.7520619414714 157.7680196797735 2458.7705941230797
2020 6 12 661.3205680258181 152.49076076379393 2651.7859802529165
2020 6 13 676.3528627636912 147.42129625760498 2860.497051437283
2020 6 14 691.8655589416531 142.5505962527954 3086.2215360197124
2020 6 15 707.8191839800934 137.8583614586585 3330.1379033274156
2020 6 16 724.7503517169558 133.43931998625985 3596.2003206353093
2020 6 17 742.5026854055059 129.2385547181473 3885.5849041289343
2020 6 18 760.9030335999726 125.20713850364912 4199.371730351059
2020 6 19 779.946625747642 121.33228967795195 4539.5323790344055
2020 6 20 799.5628046046619 117.5922874669472 4907.80555555592
2020 6 21 819.9674974195598 114.01097730920547 5307.76687439634
2020 6 22 840.6911233521321 110.51067942181871 5739.016796071637
2020 6 23 861.3868034748895 107.04532228843433 6201.539009293597
2020 6 24 882.5212973603064 103.67984952558066 6700.828359561933
2020 6 25 903.9209525247193 100.39041847203744 7238.3918836136445
2020 6 26 925.9136637650937 97.21358580850764 7819.674384606069
2020 6 27 948.4034880283256 94.1332960000386 8447.316321238832
2020 6 28 970.8949787964508 91.09655400164105 9120.48494452344
2020 6 29 994.1189689240517 88.17645945049135 9849.16896356527
2020 6 30 1018.0615804657365 85.36443494372101 10637.687316775455
2020 7 1 1042.5808318919378 82.64208836092216 11489.333959859574
2020 7 2 1067.904423720271 80.02350804201298 12411.519138232587
2020 7 3 1093.4050967904818 77.45507706634547 13402.632300270352
2020 7 4 1119.6492461844098 74.97861303450345 14474.539277104455
2020 7 5 1146.7988547492205 72.59978070405678 15635.73665827926
2020 7 6 1175.218278208783 70.33513194086345 16898.426395526494
2020 7 7 1204.751701887914 68.16564710351483 18268.978130469684
2020 7 8 1235.4077939537592 66.08460825771583 19756.45862806475
2020 7 9 1267.6065666597256 64.10789518605375 21377.2469263581
2020 7 10 1300.644544823877 62.19030926473267 23131.002106891825
2020 7 11 1334.5436008886038 60.33008189113768 25028.632560225837
2020 7 12 1369.3261773637707 58.52549736483489 27081.941583851785
2020 7 13 1405.0153016845422 56.774891305169156 29303.700798927814
2020 7 14 1441.634601456451 55.07664911619441 31707.729590004943
2020 7 15 1479.2083200978036 53.42920449752081 34308.98106186167
2020 7 16 1517.7613328897773 51.83103799970511 37123.635048099924
2020 7 17 1557.3191634448365 50.280675622852115 40169.198750017655
2020 7 18 1597.9080006043685 48.77668745713444 43464.61563173367
2020 7 19 1639.5547157767278 47.317686363976925 47030.38324889457
