2020 5 18 19.021026249183254 17.675952866939056 20.366099631427456
2020 5 19 18.754031042100717 16.19634084665987 21.499145857436417
2020 5 20 18.509278794275744 14.856556433069024 22.71643031712185
2020 5 21 18.266530255586236 13.626645363871413 24.001176524009598
2020 5 22 18.022123535978317 12.494941448948701 25.352220724403026
2020 5 23 17.750182130003 11.435869105477293 26.73598217041055
2020 5 24 17.444427741528376 10.442135521628137 28.13816027588996
2020 5 25 17.108036809995514 9.513262104563717 29.555963488042835
2020 5 26 16.7825340667108 8.66946348998485 31.05280967419749
2020 5 27 16.48481257167584 7.91165927601134 32.665407481273284
2020 5 28 16.230541933733885 7.238414114707213 34.43738299836802
2020 5 29 16.026125081375035 6.64294338403833 36.40293792676084
2020 5 30 15.898497242514983 6.127221694266653 38.649255549927595
2020 5 31 15.857779816957759 5.684641043230021 41.24299519625625
2020 6 1 15.943637869435419 5.319365767309256 44.339726851299034
2020 6 2 16.07508063048516 4.992615401354004 47.79445634103835
2020 6 3 16.228285137840704 4.692358415171607 51.57984122666681
2020 6 4 16.37042466304393 4.406537354193744 55.62522396851112
2020 6 5 16.496962738325244 4.133591570492571 59.930641585002654
2020 6 6 16.632967227954122 3.879679240066156 64.60013708092812
2020 6 7 16.79148870654547 3.646354478927785 69.71655436520011
2020 6 8 16.91696153992959 3.419557166755022 75.09471144671473
2020 6 9 17.039019746639585 3.2059865319208996 80.86843715178615
2020 6 10 17.170725845155616 3.0074041902421773 87.12769094155131
2020 6 11 17.334372464075546 2.8265382420761047 94.028320630829
2020 6 12 17.517417117319606 2.659458335032488 101.57225173275198
2020 6 13 17.706901344724624 2.5029389086495173 109.74756694825537
2020 6 14 17.925767831640382 2.3594948292786033 118.75030226203012
2020 6 15 18.16578660332979 2.2266996674039277 128.6137467470937
2020 6 16 18.432386602992985 2.1042426790296522 139.46189430308945
2020 6 17 18.6981571256399 1.9879788364150643 151.18916828277833
2020 6 18 18.98219107775766 1.8796731524395691 164.01927116437736
2020 6 19 19.3096078844759 1.7811366485450302 178.2757293693526
2020 6 20 19.67247877034237 1.6905150278870458 194.0465394750761
2020 6 21 20.05229105493937 1.6053739368019952 211.31232747183307
2020 6 22 20.403324455125396 1.5216297999796498 229.7338343299625
2020 6 23 20.713260714746593 1.438730951548507 249.22933631145858
2020 6 24 21.07586498364115 1.3636797258527444 270.9563220630142
2020 6 25 21.406861791403443 1.290087710081241 294.0894335288624
2020 6 26 21.748564232617728 1.2207990431779068 319.2732128928491
2020 6 27 22.062149630288598 1.1533473232624418 346.1207217459325
2020 6 28 22.34620106230792 1.0878421295636056 374.6915459433958
2020 6 29 22.651156630814064 1.0268969549739997 405.9099623187875
2020 6 30 22.989411094892652 0.9706871116915885 440.2515639211582
2020 7 1 23.30905892736815 0.9165551475774254 477.0455495587876
2020 7 2 23.68712148206832 0.8675641530153478 518.0191508243173
2020 7 3 24.028658299404174 0.8196294052082422 561.5790962760834
2020 7 4 24.393665114514754 0.7749757490870396 609.2354043516817
2020 7 5 24.77676802814577 0.7331535921185603 661.2493614740068
2020 7 6 25.20413335364182 0.6947201061205693 718.7247655408441
2020 7 7 25.706954703536653 0.660178050857014 783.1374070309549
2020 7 8 26.25221397661338 0.6281856875811316 854.3099941750396
2020 7 9 26.835040958871076 0.5983658898120946 932.7970243089821
2020 7 10 27.430807318034287 0.5699616294495373 1018.4948022291483
2020 7 11 28.039800321988334 0.5429057113312168 1112.0657925943206
2020 7 12 28.662313616270154 0.5171341300303277 1214.2333219096731
2020 7 13 29.298647365658912 0.4925859184396591 1325.7871700165176
2020 7 14 29.949108398910106 0.4692030035434185 1447.589675282493
2020 7 15 30.61401035670289 0.44693006903552673 1580.5824006868058
2020 7 16 31.29367384287202 0.42571442445938396 1725.7934123309783
2020 7 17 31.98842657899727 0.4055058805595339 1884.3452266397644
2020 7 18 32.698603562424935 0.3862566305503496 2057.4634876860273
2020 7 19 33.42454722779755 0.3679211370208612 2246.4864417174103
