2020 5 18 13.471844702632584 13.065568403652362 13.878121001612808
2020 5 19 13.62212036463401 12.812830470190075 14.456191983344137
2020 5 20 13.772296817859024 12.563311432124706 15.05645737368395
2020 5 21 13.92271846708272 12.317364960659917 15.680105694345004
2020 5 22 14.073746066768393 12.075315880901782 16.328418085211798
2020 5 23 14.225756816907381 11.837461213625284 17.002775627464242
2020 5 24 14.379144554562181 11.604071297966819 17.704667292337806
2020 5 25 14.534186179483976 11.375282947774803 18.43553375050472
2020 5 26 14.690899524539551 11.151005437600872 19.19657111055041
2020 5 27 14.849302614876715 10.931149830758997 19.98902485762473
2020 5 28 15.027662231464339 10.729062420683853 20.83875674562415
2020 5 29 15.226631931818167 10.54389618847396 21.750219773812656
2020 5 30 15.446948304620909 10.37488319940655 22.72827835309478
2020 5 31 15.689435485822756 10.22132926878463 23.77824920133193
2020 6 1 15.974291276471218 10.095170352137156 24.935168202444707
2020 6 2 16.283949959041692 9.982974705754703 26.179019781485525
2020 6 3 16.599611317914466 9.872025978703782 27.48491893678976
2020 6 4 16.90099216814929 9.750178411734922 28.822184127880252
2020 6 5 17.207844858365707 9.629834774112304 30.224513298071972
2020 6 6 17.520268734732397 9.510976503270134 31.695072103215903
2020 6 7 17.838364947136945 9.393585265755014 33.23718022258897
2020 6 8 18.14031461074262 9.266099017112825 34.81347311468082
2020 6 9 18.44737537055144 9.14034296446429 36.46452262767189
2020 6 10 18.7823040364882 9.02752634973055 38.23868601275818
2020 6 11 19.146395527178843 8.927196279141079 40.146162617337566
2020 6 12 19.517544864091963 8.827981256314917 42.14879068700139
2020 6 13 19.89588886227151 8.729868888840626 44.25131670266898
2020 6 14 20.30601738634916 8.64357520693323 46.51310511446509
2020 6 15 20.724600189973028 8.55813452747432 48.890498827999636
2020 6 16 21.15181154739728 8.473538418639441 51.38940670093602
2020 6 17 21.587829325318875 8.389778531951695 54.016039606488505
2020 6 18 22.03283505693123 8.306846601457845 56.776925870144176
2020 6 19 22.487014017504386 8.224734442912593 59.67892749539194
2020 6 20 22.950555301523178 8.143433952970899 62.72925721878651
2020 6 21 23.4236519014155 8.062937108388288 65.93549643673663
2020 6 22 23.90650078790347 7.98323596522908 69.30561404857347
2020 6 23 24.39930299201091 7.904322658082419 72.8479862627323
2020 6 24 24.902263688761323 7.826189399286069 76.57141741527454
2020 6 25 25.415592282601192 7.748828478157881 80.48516185249318
2020 6 26 25.939502494584175 7.672232260234849 84.59894693198945
2020 6 27 26.47421245135249 7.5963931865197 88.92299719938832
2020 6 28 26.98741016434596 7.51196843547462 93.35878081157414
2020 6 29 27.51055612010985 7.428481963743685 98.01583650043115
2020 6 30 28.043843163490724 7.345923343483633 102.9052020748777
2020 7 1 28.587467877596836 7.264282262744105 108.03846594753935
2020 7 2 29.141630656263647 7.18354852417964 113.42779460074726
2020 7 3 29.70653577792406 7.103712043775975 119.08596142263475
2020 7 4 30.282391480910626 7.024762849590505 125.02637698167699
2020 7 5 30.906624588040554 6.95532393148804 131.41676786035006
2020 7 6 31.581707147790155 6.895118924873163 138.29528688938723
2020 7 7 32.28447239876875 6.838259560177981 145.5904874078788
2020 7 8 33.02139075633143 6.785790781217549 153.35401166507967
2020 7 9 33.80353623788042 6.739562007982148 161.66344268887306
2020 7 10 34.604207636730166 6.693648172171691 170.42311719302597
2020 7 11 35.42384375821794 6.648047128248352 179.65743145581857
2020 7 12 36.262893801235144 6.602756745290964 189.39210365894522
2020 7 13 37.12181760440927 6.557774906895439 199.65424551436752
2020 7 14 38.00108589811697 6.51309951107587 210.47243777224193
2020 7 15 38.90118056246628 6.468728470166308 221.8768098202171
2020 7 16 39.82259489138944 6.424659710723205 233.89912359578975
2020 7 17 40.76583386299104 6.3808911734285205 246.57286204542112
2020 7 18 41.731414416299565 6.337420812993495 259.93332237677805
2020 7 19 42.71986573457419 6.294246598063069 274.01771436381284
