2020 6 8 9.892945936135337 8.533977437539882 11.251914434730795
2020 6 9 10.178543996517748 7.574210442431336 13.167011916180858
2020 6 10 10.472386947008802 6.722382880212272 15.408062672936301
2020 6 11 10.774712808177732 5.966355428284723 18.030544579471616
2020 6 12 11.085766471976 5.295354003326055 21.099377951216443
2020 6 13 11.405799900106258 4.699816220738086 24.69053266617001
2020 6 14 11.735072328118006 4.171255121912341 28.892908821705895
2020 6 15 12.073850475395243 3.702138227300182 33.81053748278264
2020 6 16 12.422408761206231 3.285780191683361 39.5651560017333
2020 6 17 12.781029526990372 2.9162475318843195 46.29922166243713
2020 6 18 13.15000326506224 2.588274069198885 54.17943825252649
2020 6 19 13.529628853918057 2.297185881528624 63.40088286496725
2020 6 20 13.920213800335176 2.038834695712028 74.19183508920662
2020 6 21 14.322074488460723 1.8095387708342754 86.819428139944
2020 6 22 14.735536436091124 1.6060304300486126 101.59626181888936
2020 6 23 15.160934558350142 1.425409493189774 118.88814101533397
2020 6 24 15.598613438978992 1.2651019465515536 139.12313131440422
2020 6 25 16.048927609458296 1.1228232608350164 162.80215588726008
2020 6 26 16.512241836187968 0.9965458345145338 190.51139599238996
2020 6 27 16.98893141595765 0.884470098659803 222.9368020660801
2020 6 28 17.479382479947063 0.7849988714311089 260.88107462839594
2020 6 29 17.983992306502458 0.6967145967759107 305.2835353720268
2020 6 30 18.50316964294262 0.6183591429573403 357.24338034867657
2020 7 1 19.03733503665501 0.5488158730251494 418.04689089250934
2020 7 2 19.58692117575027 0.4870937317169033 489.199275895109
2020 7 3 20.152373239551068 0.43231312201319316 572.4619336968907
2020 7 4 20.734149259199118 0.38369337007485116 669.8960560241086
2020 7 5 21.332720488672543 0.3405415999260459 783.9136533998209
2020 7 6 21.948571786514066 0.3022428593373085 917.3372651779559
2020 7 7 22.58220200857927 0.26825135619328255 1073.4698323400369
2020 7 8 23.234124412123048 0.23808268045541495 1256.1764627763189
2020 7 9 23.904867071551564 0.21130690087543597 1469.9801131750642
