2020 6 8 370.9025332419926 348.6866246223459 393.1184418616393
2020 6 9 374.7157815936362 331.1726238310379 420.9474856508514
2020 6 10 378.65519474785935 314.61518044295553 450.84425070678736
2020 6 11 382.38591738033256 298.67774311261667 482.5665728411485
2020 6 12 385.9349582329233 283.3770269027009 516.2452749368206
2020 6 13 389.4618222351638 268.8196685219655 552.2007136282148
2020 6 14 392.8471031214985 254.89016423007507 590.4139336077629
2020 6 15 396.0514205623543 241.5459427265943 630.9553770396245
2020 6 16 398.91422573539194 228.67610540133802 673.6949380390926
2020 6 17 401.7407541201109 216.45932941365382 719.2333725377267
2020 6 18 404.6661990842895 204.93772729950254 767.9912136912711
2020 6 19 407.62739482477 194.03670891267174 820.0818372326298
2020 6 20 410.4865535662141 183.65665008236786 875.4567404157681
2020 6 21 413.7028484087406 173.98269033976896 935.2896618245275
2020 6 22 417.4908543630092 165.048133192278 1000.4473905142871
2020 6 23 421.83524745449284 156.77864022168083 1071.3945604226303
2020 6 24 426.0892999832949 148.87310036933516 1147.0287095510587
2020 6 25 430.66008325107373 141.46187086190562 1228.739332889945
2020 6 26 435.1338268201446 134.37160740632518 1315.853992011549
2020 6 27 439.9880618388079 127.7398641256393 1410.1549473527948
2020 6 28 445.04568507667403 121.47874923603084 1511.6922987339617
2020 6 29 449.9946045055158 115.47897971754612 1619.9740754670058
2020 6 30 454.9583903293534 109.7652281127032 1735.8674266764124
2020 7 1 460.2124614129001 104.39101080042585 1860.9504717658049
2020 7 2 465.29717358856857 99.22774120823203 1994.1165557621155
2020 7 3 470.8201554950416 94.40133479066864 2138.449271850136
2020 7 4 476.2910252736985 89.78609021212529 2292.694238014599
2020 7 5 481.60439884167505 85.35480958702435 2457.000656707478
2020 7 6 486.66753948619186 81.08737524632008 2631.503115754807
2020 7 7 491.25974442244944 76.94596222833978 2815.564926735558
2020 7 8 495.5105798800531 72.9558097385448 3010.2961871836187
2020 7 9 499.30903151151716 69.10055113452043 3215.523779240007
