2020 6 8 351.3256038060763 331.7377036571025 370.91350395505003
2020 6 9 365.9157449920764 326.2408497503739 407.8667036803148
2020 6 10 381.0165118261707 320.7501237039729 448.3952497375784
2020 6 11 397.1869451589254 315.7276685776664 493.47643849719674
2020 6 12 414.353942550318 311.030507427597 543.4755521385242
2020 6 13 432.289897367282 306.42347552297076 598.5759649413617
2020 6 14 451.2273777249689 302.04427134564935 659.5744905719038
2020 6 15 471.22946177947574 297.88495883096465 727.1326477466943
2020 6 16 492.33294400127176 293.91867043625587 801.9419353279216
2020 6 17 514.3174192951708 289.96692374240746 884.3433815616253
2020 6 18 537.1496520074669 285.99279993812956 974.9814865426872
2020 6 19 561.1003890678945 282.1289984462146 1075.0996870936754
2020 6 20 586.2286398368979 278.37249802826966 1185.708723724769
2020 6 21 612.2532468698694 274.5572809111159 1307.234359601807
2020 6 22 638.516431267504 270.3832524413083 1439.258048252203
2020 6 23 665.157975498518 265.9558410369896 1582.9288773169894
2020 6 24 693.3441391719641 261.77406638414277 1741.9718385197345
2020 6 25 722.228184598755 257.47058502164134 1915.7470144977517
2020 6 26 752.3625291240435 253.25461308510708 2106.9823264597185
2020 6 27 783.31338743986 248.95929187727324 2316.0727919550627
2020 6 28 815.1295535750531 244.60716152408267 2544.7065259230535
2020 6 29 848.8217329172728 240.50627776468957 2797.7323871798667
2020 6 30 884.4038607234722 236.61506074161213 3077.556390895108
2020 7 1 920.6139383493035 232.55574282978412 3382.3625950245696
2020 7 2 959.0257563655349 228.74774089679502 3719.999642679105
2020 7 3 998.2286389066882 224.80850136562418 4088.192298736401
2020 7 4 1039.2290067151246 220.98100477922043 4493.625821773801
2020 7 5 1082.1840068354322 217.2762178548022 4940.437087488515
2020 7 6 1127.5485494098814 213.76084634149106 5434.570440720997
2020 7 7 1176.111560380993 210.54820090098016 5984.376485416963
2020 7 8 1228.3383131161436 207.66528688577733 6597.805003630958
2020 7 9 1283.8078693623593 204.97799376580102 7279.074007261036
