2020 6 8 1330.30272234907 1207.6375185289414 1452.9679261691988
2020 6 9 1383.7438875952246 1140.3032810714478 1650.7188382868744
2020 6 10 1439.3319011450671 1076.723398264599 1875.383918665976
2020 6 11 1498.695730908228 1017.8426069201779 2132.6363217735966
2020 6 12 1562.1143159643648 963.2726790015872 2427.462690131824
2020 6 13 1628.4955668494053 911.8005044481259 2763.480977440697
2020 6 14 1698.5703932750798 863.5673786742352 3147.493144203627
2020 6 15 1772.874291214182 818.5027929933578 3587.116541194242
2020 6 16 1852.3288366461816 776.6671661501376 4091.988750048373
2020 6 17 1936.6678724494136 737.5248298057053 4670.843643402007
2020 6 18 2025.1929428475507 700.486932751345 5332.418050742821
2020 6 19 2118.126271703095 665.434183001729 6088.649884178104
2020 6 20 2215.7025634912134 632.2543645020085 6953.216527683265
2020 6 21 2316.5864962652367 600.3901193411812 7936.822216127361
2020 6 22 2417.9254853746024 569.059232321641 9045.391030769633
2020 6 23 2519.8101240020283 538.4484178162994 10294.255509495892
2020 6 24 2624.637488634117 509.195655625013 11710.029332842447
2020 6 25 2730.5437702417407 480.8953988561302 13305.87212859142
2020 6 26 2839.747894553885 453.99621051076815 15114.44248660188
2020 6 27 2950.7830311654484 428.1961382793365 17155.338510862
2020 6 28 3063.5240567608603 403.47979138150504 19456.492703349646
2020 6 29 3181.6671255947304 380.3342764042442 22073.26665433274
2020 6 30 3304.9346845476957 358.58444048130053 25045.923126690326
2020 7 1 3432.9780074289456 338.0783929624611 28418.913932929343
2020 7 2 3568.4351761735825 318.986582292305 32266.45989662219
2020 7 3 3706.0498561423865 300.68799863161604 36606.09258557981
2020 7 4 3848.9715682437522 283.4391085397945 41529.378143039474
2020 7 5 3996.7173989741195 267.1290633528219 47107.395386585915
2020 7 6 4152.990448157107 251.94843195093486 53468.2847176318
2020 7 7 4318.835961989858 237.84053442929584 60732.65567676875
2020 7 8 4493.104545589822 224.62174884060997 69009.30198342224
2020 7 9 4677.214261856069 212.27808327288915 78457.03676675966
