2020 6 8 2888.28312727956 2800.0269940513745 2976.5392605077454
2020 6 9 2935.6271919209385 2758.9352025128505 3117.802934785015
2020 6 10 2983.6298438772988 2718.336058038477 3265.646091294579
2020 6 11 3033.7306730924142 2679.530830989073 3421.9372049071408
2020 6 12 3085.765310246684 2642.24452620812 3586.9406037016697
2020 6 13 3138.8159201842436 2605.582795388884 3760.0438771114527
2020 6 14 3193.1553662565107 2569.742531975067 3941.9523556294985
2020 6 15 3249.202162901457 2535.0122087119375 4133.607842818308
2020 6 16 3307.532831230607 2501.765623657707 4336.235524242148
2020 6 17 3367.837097987959 2469.65580213095 4550.010492133427
2020 6 18 3429.375616280404 2438.056926085981 4774.506557946034
2020 6 19 3492.7247035245523 2407.35013242058 5011.034418534089
2020 6 20 3558.222305867617 2377.704374529445 5260.683383536585
2020 6 21 3625.5176691391957 2348.8042586577862 5523.611821156505
2020 6 22 3692.78012878423 2319.409551937378 5797.692210394372
2020 6 23 3759.2218061910435 2289.0833955840194 6082.124580575672
2020 6 24 3826.5580820139216 2258.9705623033938 6380.024346904986
2020 6 25 3894.0286991693183 2228.621132749247 6690.72808906038
2020 6 26 3962.3773416870763 2198.5010987737287 7016.027492977692
2020 6 27 4030.6572531100514 2168.084377125119 7354.8968665376005
2020 6 28 4098.01710347736 2136.960684610689 7706.307536288702
2020 6 29 4165.682777427371 2105.856245294736 8072.966513838915
2020 6 30 4234.799103547685 2075.3730718879415 8457.716846042764
2020 7 1 4304.8927460630275 2045.2481119626361 8860.465608153978
2020 7 2 4376.835586402124 2015.887781698714 9283.811062232899
2020 7 3 4449.280191551088 1986.626277123856 9725.89767745674
2020 7 4 4523.279952065716 1957.9485011511945 10189.814394142024
2020 7 5 4598.872452644994 1929.841390675299 10676.67499407462
2020 7 6 4677.936465655872 1903.0644119032797 11191.923947095867
2020 7 7 4759.950797317079 1877.3062346447812 11735.845024370454
2020 7 8 4844.60293852485 1852.3699412989224 12309.15880622339
2020 7 9 4932.253206464115 1828.335603835198 12914.272361524309
