2020 6 8 268.3853192486244 258.7569173255382 278.0137211717106
2020 6 9 267.9373884373883 249.0562646307428 287.5082997955276
2020 6 10 267.56550919072527 239.78928142513072 297.40793667543426
2020 6 11 267.4197444625904 231.06928656122767 307.89920313036333
2020 6 12 267.46195537195575 222.8287518355172 318.97689428939873
2020 6 13 267.50417294410835 214.8820961171652 330.45314198955975
2020 6 14 267.6591705096657 207.30942803943398 342.4815967211497
2020 6 15 267.814257884085 200.0036286438857 354.9478857621936
2020 6 16 267.93180043476224 192.92718762701776 367.81806706334305
2020 6 17 268.0870457767161 186.12823330988854 381.20660058581177
2020 6 18 268.24238107109875 179.56888119903715 395.08247512258527
2020 6 19 268.4355012168201 173.26592143877676 409.5189489198906
2020 6 20 268.7419263538819 167.25724354425566 424.6555806675676
2020 6 21 269.0864663276519 161.48044408703268 440.411367177348
2020 6 22 269.24238070740233 155.78970564854978 456.44228811662515
2020 6 23 269.28487931105695 150.2338375433141 472.86430755763877
2020 6 24 269.36522596709966 144.8972178748847 489.9436128166158
2020 6 25 269.29418605649454 139.66871917005255 507.3644046542279
2020 6 26 269.26100753332605 134.64851359626027 525.4759203969224
2020 6 27 269.0764811395321 129.73306650445346 543.9385968171628
2020 6 28 268.6652088491088 124.88767688745405 562.5913393061821
2020 6 29 268.2923194361976 120.2408072091513 581.9627799737124
2020 6 30 267.9953512977404 115.80063383706211 602.1647892803542
2020 7 1 267.6610517353396 111.50815134293909 622.9834631759054
2020 7 2 267.44000864680237 107.42179117541703 644.784536997224
2020 7 3 267.068819730156 103.42479902500766 666.9860970446761
2020 7 4 266.77320586240944 99.60559613288366 690.1395697470126
2020 7 5 266.5528959854942 95.95542046771712 714.2907464578129
2020 7 6 266.52005520432255 92.50643103379021 739.7889642686353
2020 7 7 266.63702973489035 89.23340890249104 766.6132347507136
2020 7 8 266.85896951706354 86.11130216009994 794.7117759708024
2020 7 9 267.2385958927517 83.149255413723 824.3092520589383
