2020 6 8 206.92184853674536 188.9725302015268 224.8711668719639
2020 6 9 201.28432084164805 167.87632031130585 237.72186706773095
2020 6 10 195.8555167553154 149.1811954708207 251.3720563270675
2020 6 11 190.74002389736467 132.69512616298627 266.02024943707477
2020 6 12 185.9322834972944 118.15208689024463 281.7649080436849
2020 6 13 181.26270097620971 105.21371382494577 298.46715373194417
2020 6 14 176.8427841496799 93.76901807093829 316.3774587726109
2020 6 15 172.53602456397786 83.572080801171 335.3721469234289
2020 6 16 168.470669569318 74.5501388072072 355.7726031178597
2020 6 17 164.57800933910957 66.53618321475658 377.576412149212
2020 6 18 160.790318075765 59.389782673945895 400.75095717097156
2020 6 19 157.14851840912036 53.032638811902885 425.49424007269107
2020 6 20 153.59398568066186 47.357584144430355 451.7781789568387
2020 6 21 150.21801279882365 42.32008616838398 479.9744744392962
2020 6 22 146.89338554847907 37.81199489775066 509.85751710320244
2020 6 23 143.45011299602632 33.73464097872255 540.9338634199662
2020 6 24 140.2447139162042 30.13391644562921 574.4969814923296
2020 6 25 137.05972320399746 26.90651669528024 609.9327752199347
2020 6 26 134.0596842633994 24.04688626806146 648.0554717057742
2020 6 27 131.1987483599289 21.504350621544013 688.9159535312347
2020 6 28 128.23516463430076 19.20381152742783 731.4931352240002
2020 6 29 125.41267230350445 17.16048857480066 777.1246870513993
2020 6 30 122.7706201211831 15.350768639853282 826.3359497705056
2020 7 1 120.16554645466744 13.729563280935134 878.5377672450148
2020 7 2 117.79128448981285 12.299630320734469 935.3206550335682
2020 7 3 115.35997708199776 11.007769726830087 994.9481467761261
2020 7 4 112.9542787632814 9.849251468123315 1058.1649889439982
2020 7 5 110.71906138049941 8.823152944943422 1126.525592909719
2020 7 6 108.6527470570464 7.913888710384299 1200.5709768571426
2020 7 7 106.7302559123678 7.105994893244352 1280.6463735772993
2020 7 8 104.92287529334763 6.385974543195765 1367.0356611961715
2020 7 9 103.19862742092772 5.742107744302131 1459.9369239495416
