2020 6 8 74.96091801819595 70.24410619619121 79.67772984020068
2020 6 9 73.48168927537621 64.52387320873387 83.02156278271255
2020 6 10 72.03051482164301 59.26846223232146 86.50444297978733
2020 6 11 70.62703832515909 54.456765482955454 90.15630002049087
2020 6 12 69.25996892762824 50.04269178484976 93.97388985453563
2020 6 13 67.90447987302016 45.975655407912384 97.93294138015897
2020 6 14 66.55179782212056 42.223091666792676 102.02457359671119
2020 6 15 65.23171958048735 38.78040427597362 106.2958275533869
2020 6 16 63.95350465348541 35.62773991313643 110.77144662659225
2020 6 17 62.68718869305335 32.72404793014013 115.41274050619069
2020 6 18 61.43562697342982 30.0516223656184 120.22950415550882
2020 6 19 60.20682130399738 27.596350146543603 125.24292869725397
2020 6 20 59.009061497494415 25.344642749940235 130.47886153669288
2020 6 21 57.884931625679634 23.298052045102107 136.04380853273847
2020 6 22 56.78669027200102 21.418525029740294 141.85661583059436
2020 6 23 55.718941091702284 19.694267144242424 147.94190948559233
2020 6 24 54.718810198192706 18.1256213095933 154.41447689300094
2020 6 25 53.74492007829307 16.684663599192756 161.19361473715725
2020 6 26 52.831645312240624 15.371696235441947 168.40018454500154
2020 6 27 51.95998098046607 14.169641748440728 176.01210826100638
2020 6 28 51.0872373682935 13.05737076854768 183.9157288414691
2020 6 29 50.28995716313206 12.04795043659978 192.39315023674743
2020 6 30 49.506985137546394 11.117011858855307 201.26846762541004
2020 7 1 48.72820655171244 10.256210688435631 210.5207030955664
2020 7 2 47.97150798909864 9.464131051567763 220.24072593387953
2020 7 3 47.19434169035067 8.726866873295451 230.26161782771692
2020 7 4 46.41988129081499 8.045208422786022 240.6902302426622
2020 7 5 45.65726877917783 7.416645310682222 251.58669291329946
2020 7 6 44.866499265009686 6.830582084348526 262.7522659126793
2020 7 7 44.11636857788053 6.294931425574357 274.5711602851628
2020 7 8 43.37562899661159 5.800836673646617 286.90207410925376
2020 7 9 42.643384516763795 5.344996627412267 299.7606896988348
