2020 6 8 51.61919042337422 44.46612771434147 58.772253132406966
2020 6 9 49.91927666975611 37.04268426076233 64.71309319977436
2020 6 10 48.275344165476454 30.85855521437663 71.25444760554096
2020 6 11 46.6873546104849 25.70799591665242 78.45968234835394
2020 6 12 45.15280974135585 21.417774988797017 86.39554015100829
2020 6 13 43.668638169164005 17.843487101519266 95.13395141467178
2020 6 14 42.23262319906714 14.865434690732757 104.75483435777937
2020 6 15 40.845531434049164 12.385013613453777 115.35289447767146
2020 6 16 39.50664104607037 10.319272954116448 127.03062762385323
2020 6 17 38.213002342718454 8.598440765042005 139.89493927193786
2020 6 18 36.96238316365237 7.1647213258988 154.06442614730855
2020 6 19 35.75428858928027 5.970371983465578 169.67574020145798
2020 6 20 34.58624557198362 4.975213516436966 186.87162968330037
2020 6 21 33.45820144819685 4.146195635674973 205.82019147656584
2020 6 22 32.36406160466365 3.4549588776065003 226.67235341320946
2020 6 23 31.3029556291929 2.8786690995305477 249.6178653709609
2020 6 24 30.277810238571544 2.398612544632118 274.89543231532014
2020 6 25 29.285279442463178 1.9985359407040786 302.72403521712687
2020 6 26 28.326421846390243 1.6652677280392145 333.38157839117184
2020 6 27 27.399448026565263 1.3876027897297618 367.1496337747555
2020 6 28 26.50229684885563 1.1562094578454762 404.33117399691116
2020 6 29 25.63821886134434 0.9635640320485795 445.3345281946566
2020 6 30 24.80614815923177 0.8031609520518367 490.562659133166
2020 7 1 24.00183097712891 0.6694841941606599 540.398971455298
2020 7 2 23.226320238939376 0.5581324403088045 595.3595621675976
2020 7 3 22.475165104091335 0.4652843751514564 655.8918678092326
2020 7 4 21.74898167677639 0.3878960937478388 722.5985167895421
2020 7 5 21.047982042719674 0.32341007915915343 796.1466420025796
2020 7 6 20.37278550858174 0.2696938862426095 877.3020821500522
2020 7 7 19.719771096668968 0.22490650148259447 966.752627893446
2020 7 8 19.089229905064034 0.18757443135447469 1065.3992299301924
2020 7 9 18.480560798358322 0.15645589250367728 1174.207110548549
