2020 6 8 1286.7966218461681 1220.0365274256017 1353.5567162667348
2020 6 9 1305.6969489339604 1173.7312535088663 1444.6914002644296
2020 6 10 1324.3877713605955 1128.7455715190304 1541.4231984004
2020 6 11 1344.8778084351675 1086.7894569531697 1646.4145014899862
2020 6 12 1367.0646045246924 1047.5078452873913 1760.2462072698622
2020 6 13 1389.6939226235393 1009.7046716288223 1882.0466439764336
2020 6 14 1414.9271506962696 974.8855145794108 2015.2942210724023
2020 6 15 1444.0232495276791 943.6129192811294 2162.824980796757
2020 6 16 1477.2193208865426 915.6316850119188 2326.400504756204
2020 6 17 1512.638937559909 889.3854018505475 2504.647261419359
2020 6 18 1549.4721317875624 864.2232588998556 2697.4855251810604
2020 6 19 1588.9652917891128 840.756349869144 2908.2401620246615
2020 6 20 1631.658375446375 819.0871874337906 3139.475433768901
2020 6 21 1677.0507821156184 798.7557250625325 3392.082946187155
2020 6 22 1719.4828594441126 776.9175114550919 3656.4737687308434
2020 6 23 1758.1453634870668 753.4880600525526 3931.1731488569703
2020 6 24 1799.64490294106 731.6084704796322 4230.9095860195
2020 6 25 1840.479109418683 709.6955167748652 4549.63264705735
2020 6 26 1883.132455241699 688.7830862289186 4894.5722720177355
2020 6 27 1924.66670229138 667.7159935693899 5260.186204848315
2020 6 28 1962.557555232067 645.711461427488 5640.649501062918
2020 6 29 2000.9747154055774 624.3598192309695 6047.999975899626
2020 6 30 2040.367841804658 603.7840866699788 6485.444947755515
2020 7 1 2079.090236538754 583.4584488730244 6949.9327749030745
2020 7 2 2121.456149193366 564.6333042909798 7457.410166376316
2020 7 3 2161.6778773895658 545.6150964629026 7991.371076294826
2020 7 4 2204.396051413607 527.6751005718029 8569.974134589453
2020 7 5 2251.12458361209 511.0828784341058 9202.779141563247
2020 7 6 2305.268262557195 496.4709881538022 9908.574617971826
2020 7 7 2366.770144014082 483.58108368579485 10694.530042951488
2020 7 8 2433.858185967405 471.83196118667234 11560.655612305602
2020 7 9 2507.1858095660423 461.2092521676804 12517.531510728973
