2020 6 8 737.3012051977753 710.7118626725174 763.890547723033
2020 6 9 738.2863714435264 685.983589876166 792.5104907704099
2020 6 10 738.9122362576136 661.7806340328488 821.8156056512389
2020 6 11 740.2805299293398 639.0960647923627 853.0294892603247
2020 6 12 742.1334798182047 617.6053030765921 885.9844790301424
2020 6 13 744.0313451455264 596.8707260948263 920.2606997029469
2020 6 14 746.3580584952194 577.172394935141 956.3873907708896
2020 6 15 749.016101587104 558.374758102411 994.3475522470704
2020 6 16 752.1307716017178 540.5226803328707 1034.4080209628132
2020 6 17 755.2992135133102 523.2706957562789 1076.138593583508
2020 6 18 758.1940590609912 506.3705522281858 1119.143847415981
2020 6 19 761.2234469720945 490.0986808717632 1164.0499174999811
2020 6 20 764.471506374881 474.4826893627757 1211.0737400934427
2020 6 21 767.1318231503888 458.99087475567813 1259.044115947521
2020 6 22 768.7189095680856 443.3571913421295 1307.137970189814
2020 6 23 769.182831527842 427.6063299324108 1355.153523114608
2020 6 24 770.4610701548534 412.86758070613894 1406.3670254889587
2020 6 25 771.1978399979726 398.34555158157735 1458.5237195633424
2020 6 26 772.5422094400726 384.64779264872783 1513.762489927788
2020 6 27 773.5325361757592 371.24360914922033 1570.394998918076
2020 6 28 774.1043170113369 358.10505067369047 1628.2939368239288
2020 6 29 775.3907342307315 345.76187385641754 1689.8298690834802
2020 6 30 777.3736486654549 334.15377050121305 1755.204582594947
2020 7 1 778.9186389495064 322.74495935970873 1822.1082349309452
2020 7 2 781.2276292639642 312.04096352772365 1893.3421000536657
2020 7 3 782.462285343022 301.2601223384722 1964.7405080134176
2020 7 4 783.8899904905032 290.9253288202617 2039.3112091003084
2020 7 5 785.8308246595116 281.1345435453434 2118.0403443338178
2020 7 6 788.6507686302664 271.98604322643837 2202.165379088002
2020 7 7 792.529482032223 263.49690089554804 2292.5598868350417
2020 7 8 797.2101000320155 255.5329905319112 2388.9294068856325
2020 7 9 802.8723895136379 248.11557929653745 2492.2087460702087
