2020 6 8 2.8913281256662904 2.081563182334042 3.701093068998539
2020 6 9 2.8655850507582676 1.4845477667076457 4.696701915049195
2020 6 10 2.840071180519143 1.0587629961659202 5.960133524768566
2020 6 11 2.8174969962202665 0.7561092352571835 7.5691257539339265
2020 6 12 2.7980174503037816 0.5407532007851863 9.620311687654171
2020 6 13 2.7786725816237308 0.38673515746697906 12.22735623324978
2020 6 14 2.761230712953142 0.2768309818141715 15.548679091525843
2020 6 15 2.745436707455831 0.19831411262022047 19.780837251812223
2020 6 16 2.7325736914182817 0.14227197557072319 25.185403366062072
2020 6 17 2.7234682323754345 0.10225944216576936 32.10069448007058
2020 6 18 2.716560744267247 0.0735814123433073 40.94030331408441
2020 6 19 2.7114004811698678 0.05299281031955011 52.24015417912405
2020 6 20 2.70883965026757 0.038215658312977845 66.70874819885563
2020 6 21 2.704556448550362 0.02753481202391115 85.1421333725464
2020 6 22 2.7022173393939566 0.01985886569018925 108.73013742890765
2020 6 23 2.7046118285847145 0.014357534354459599 139.0434113146456
2020 6 24 2.7098068479732484 0.010395045139268639 177.95169949895387
2020 6 25 2.717168602554273 0.007534423934637879 227.8892628743738
2020 6 26 2.7301731581515782 0.005476610921484332 292.31210287691795
2020 6 27 2.744761030858104 0.003983882057690311 375.10972599093094
2020 6 28 2.7646698341233216 0.002905627785001585 482.07636483938506
2020 6 29 2.7856032125575414 0.002120132567199263 619.6991854019307
2020 6 30 2.802926051236517 0.0015441161977971837 795.7719918150959
2020 7 1 2.8214720509540707 0.001125211537880613 1022.1883852464042
2020 7 2 2.8421618318168935 0.0008207579048631352 1313.75793404854
2020 7 3 2.8589315521552363 0.0005975058382192004 1686.6127987078744
2020 7 4 2.87830321027591 0.0004355030585979433 2166.7634422927053
2020 7 5 2.897118868367583 0.0003173203835384241 2783.0876339955735
2020 7 6 2.917902197425155 0.00023141104424311538 3576.493987795396
2020 7 7 2.942279487399126 0.00016903346616117866 4600.308085511245
2020 7 8 2.968772891179819 0.00012357983162716868 5920.191351101337
2020 7 9 2.998812869239541 9.048652483734837e-05 7625.3615677733815
