2020 6 8 321.10183143867505 289.1060500244059 353.0976128529442
2020 6 9 320.9371825541785 260.16414956456055 388.08348639787613
2020 6 10 320.7695485843495 234.11708381922037 426.5321439050065
2020 6 11 320.6234775285723 210.69346735533676 468.81858753069497
2020 6 12 320.502005075922 189.6295248866172 515.3331848656316
2020 6 13 320.3928400404351 170.67869100415749 566.4825185182508
2020 6 14 320.29596940666374 153.62825905210926 622.7303450015795
2020 6 15 320.2205717102066 138.29141369389075 684.6048861147812
2020 6 16 320.17275567753876 124.49756304527617 752.6862163544688
2020 6 17 320.1494443842087 112.0891031634073 827.5955645729414
2020 6 18 320.12919676510245 100.9184453695532 909.9680070594677
2020 6 19 320.1242593430988 90.86586718395674 1000.5826791049119
2020 6 20 320.1315689416012 81.8181117013752 1100.2590450956136
2020 6 21 320.1388787070082 73.67126523787402 1209.8650032575492
2020 6 22 320.09719862474026 66.3243481712435 1330.2045804114434
2020 6 23 320.01266328711785 59.70122664819556 1462.3356558685637
2020 6 24 319.92508960590163 53.738916260669455 1607.5775091720634
2020 6 25 319.8222407338931 48.369486854675685 1767.1681730715206
2020 6 26 319.72248377305135 43.53701715379249 1942.6189435239517
2020 6 27 319.6135842475124 39.18609774758378 2135.4333545115023
2020 6 28 319.486380702544 35.26774352415178 2347.2629943933607
2020 6 29 319.3897841363534 31.74457225114154 2580.3301011502
2020 6 30 319.317654467393 28.5757870599924 2836.7366027163444
2020 7 1 319.2424870663498 25.7230408931571 3118.5949977037462
2020 7 2 319.17955057024795 23.156070988737707 3428.5781748809823
2020 7 3 319.09220487609554 20.84349400595614 3769.1108332465274
2020 7 4 319.0079349499988 18.762071457935935 4143.501866962489
2020 7 5 318.9328404569544 16.889037223702985 4555.200571992429
2020 7 6 318.88521671111977 15.204443431218362 5008.1977981878545
2020 7 7 318.8548827617642 13.688703163078456 5506.515291422571
2020 7 8 318.84874515558056 12.325106614735578 6054.833368338731
2020 7 9 318.8895705342814 11.099159727071596 6658.642706029294
