2020 6 8 50.06701561877178 46.788217299388435 53.34581393815512
2020 6 9 51.27038282445362 44.77087655935537 58.21024190876591
2020 6 10 52.50267311679868 42.84051634340076 63.51824094399094
2020 6 11 53.83621245213635 41.05183481217758 69.39691843596042
2020 6 12 55.27707313033334 39.39384259597954 75.914353532276
2020 6 13 56.7564966902676 37.80281299427974 83.04387575280421
2020 6 14 58.3142324156446 36.30182922518449 90.89961894564765
2020 6 15 59.95450149629276 34.88520670610653 99.56050419766456
2020 6 16 61.72270575712466 33.57146049182194 109.18242872639905
2020 6 17 63.585163628197016 32.33009002089002 119.80873468649148
2020 6 18 65.54719587857433 31.156676051866075 131.55098725893228
2020 6 19 67.65919786458316 30.06835877911728 144.62355674879117
2020 6 20 69.93156008702799 29.05907999544554 159.19249578452767
2020 6 21 72.280240537193 28.083678806179698 175.22906560876487
2020 6 22 74.559881627275 27.08354511202724 192.522506425256
2020 6 23 76.80969612745855 26.082078012959176 211.2599816888373
2020 6 24 79.12739787712219 25.11764212034386 231.82110337055636
2020 6 25 81.35310194272468 24.13746513716487 253.90894046576867
2020 6 26 83.53041866504864 23.162606656435045 277.7548845963713
2020 6 27 85.65204585799677 22.19551918229599 303.4613803068093
2020 6 28 87.65227519858932 21.223386740087868 330.92600762867005
2020 6 29 89.75900898676892 20.30831014209967 361.1020534863206
2020 6 30 91.85514809890996 19.41883479469232 393.78342241087194
2020 7 1 93.93757807254535 18.555070398175257 429.15397845308036
2020 7 2 96.13129916773582 17.74238447930252 467.9943543519546
2020 7 3 98.31067292015568 16.953189855394022 510.030711384708
2020 7 4 100.53945482573542 16.19909920272077 555.8428731812432
2020 7 5 102.88734932627104 15.489601500046012 606.1491670035434
2020 7 6 105.3602600945403 14.821745232880035 661.4219006008375
2020 7 7 108.19207799086644 14.224813081514593 723.6147620043147
2020 7 8 111.22055561278619 13.667771109216167 792.4618095219989
2020 7 9 114.51968830496607 13.155385778354544 869.1836290407655
