2020 6 8 937.8889849478427 837.2386747603309 1038.5392951353545
2020 6 9 914.0167124116508 728.3898590601609 1120.6907746811364
2020 6 10 890.7406413319296 633.6832978538074 1209.3266678734828
2020 6 11 867.87917942376 551.1639289882681 1304.730966569382
2020 6 12 845.42006462405 479.2732676255231 1407.384520762549
2020 6 13 823.4470491195045 416.70569834827876 1517.95632931158
2020 6 14 801.9833735378165 362.2748720077083 1637.1014260486265
2020 6 15 781.0490907481283 314.9403112091614 1765.5368909197878
2020 6 16 760.280531127743 273.6369286853795 1903.1878770395163
2020 6 17 739.9691933046512 237.71614692944038 2051.333015486455
2020 6 18 720.1264944306804 206.48697737466617 2210.80473397457
2020 6 19 700.7438827270688 179.3397894381882 2382.452807925319
2020 6 20 681.7953798400523 155.73927219567713 2567.1299511615175
2020 6 21 663.1717780454015 135.20167972821847 2765.416547532461
2020 6 22 645.1646455500739 117.3943814635236 2979.4682547551906
2020 6 23 627.8722489045567 101.9735516613998 3211.1309398735034
2020 6 24 610.9413215741561 88.56182021529143 3460.284338727237
2020 6 25 594.5814874260541 76.93062589171375 3729.4184306867396
2020 6 26 578.540832547379 66.8116202284338 4018.7394247318834
2020 6 27 562.9184611895025 58.02193938801178 4330.4049166399645
2020 6 28 547.921981277099 50.40965267055233 4667.810648525998
2020 6 29 533.2428355059329 43.788512045836214 5030.805413137153
2020 6 30 518.876973256313 38.030468585845455 5421.274104482748
2020 7 1 504.87867928229963 33.02816264413842 5841.8459555773225
2020 7 2 491.13182376166094 28.675574538457532 6293.584618427025
2020 7 3 477.888178685352 24.90411518937384 6781.9072773331245
2020 7 4 464.9359521907495 21.625260449810586 7307.186728677213
2020 7 5 452.24760284127893 18.77404257875884 7871.780704622197
2020 7 6 439.7585579942349 16.292647179225163 8477.440258679428
2020 7 7 427.4513418812187 14.133180484993542 9126.556188359113
2020 7 8 415.40877547760994 12.257296749749997 9823.67132569576
2020 7 9 403.55283468402905 10.625893143152679 10570.424439547323
