2020 6 8 413.649482369734 392.61846050223403 434.680504237234
2020 6 9 411.06591717273324 370.3283067164078 453.92880838831536
2020 6 10 408.50446627463316 349.309018787897 474.03605753456674
2020 6 11 406.07778958889156 329.5843508546882 495.1718512193446
2020 6 12 403.7777303411258 311.064555422694 517.3868435341723
2020 6 13 401.5494180384586 293.63064906197684 540.6737121984359
2020 6 14 399.4793909400237 277.2805952206556 565.2052588630748
2020 6 15 397.50717623020705 261.90143644376565 590.973147474156
2020 6 16 395.73546242771204 247.50095789702843 618.1994110753058
2020 6 17 394.09825453538616 233.97146420832607 646.8777777408063
2020 6 18 392.5652496651486 221.23939515114398 677.0464605857454
2020 6 19 391.18092964561055 209.2806036082805 708.868279688379
2020 6 20 389.9209546044443 198.03214066116107 742.4022366103906
2020 6 21 388.77277566734176 187.44298035130998 777.7276927081645
2020 6 22 387.4187903519711 177.31918522327203 814.3155544375094
2020 6 23 385.7990875224728 167.61840071697728 852.0562529907338
2020 6 24 384.18615627277705 158.44832708620947 891.5461018819611
2020 6 25 382.4179449546331 149.713107557449 932.4901752344656
2020 6 26 380.65231050641194 141.45728145883146 975.301036125316
2020 6 27 378.7785800045657 133.61351732576765 1019.7795057238623
2020 6 28 376.6496709257009 126.11142025765496 1065.5745649021956
2020 6 29 374.5710691791157 119.04338677887627 1113.534607286262
2020 6 30 372.56385756136814 112.39053092204429 1163.8313939225004
2020 7 1 370.52405801706345 106.09640092994336 1216.264615657143
2020 7 2 368.59241640382874 100.18252903980796 1271.3784465748736
2020 7 3 366.5153979887677 94.55604951875068 1328.4535262366023
2020 7 4 364.48206378550157 89.25381639653394 1388.2067503559526
2020 7 5 362.51301466005054 84.26188584517229 1450.8495262174126
2020 7 6 360.72857338874684 79.58958936696638 1517.0153192942844
2020 7 7 359.13914465155324 75.21745904488512 1586.9817645195205
2020 7 8 357.6773651018849 71.11077276538234 1660.7082566244733
2020 7 9 356.38356232753495 67.2605143584131 1738.6121609838422
