2020 6 8 77.48605349515071 69.4141308306176 85.55797615968385
2020 6 9 75.94020404469615 60.94442659423859 92.58373485193093
2020 6 10 74.40524078109821 53.49215691986085 100.16210059678096
2020 6 11 72.84265266672296 46.908983197385425 108.2818333969345
2020 6 12 71.25546153089338 41.099011101205924 116.97444547413468
2020 6 13 69.68413156448193 35.99784161439945 126.33414463934668
2020 6 14 68.1108331512688 31.510907221845287 136.37636973929634
2020 6 15 66.54322871485542 27.569445359250388 147.15712295954464
2020 6 16 64.9825626781911 24.108917965473555 158.72566718278347
2020 6 17 63.44142518827573 21.07642259684893 171.16195002258516
2020 6 18 61.94239406469899 18.427209982063207 184.58761669945105
2020 6 19 60.46793253380628 16.107763737203904 199.03403692538947
2020 6 20 59.02856872296313 14.080267868339044 214.61108043514335
2020 6 21 57.62346717466396 12.307974370537622 231.40723344120778
2020 6 22 56.29218771673502 10.767384642877575 249.6800489377633
2020 6 23 55.03110751431871 9.427175054821053 269.5707019357803
2020 6 24 53.793458663023166 8.252954835703443 291.02232496753135
2020 6 25 52.60720189367396 7.228606067792405 314.308448710336
2020 6 26 51.44710453399651 6.331398477703094 339.45780943685213
2020 6 27 50.31709568594201 5.546105958092167 366.64922513332624
2020 6 28 49.238348891193695 4.861128925403206 396.2114177459489
2020 6 29 48.16116672818248 4.258621826713404 427.98364076375975
2020 6 30 47.08645909784065 3.7289268383206835 462.11625695661775
2020 7 1 46.04398146337771 3.265769451254275 499.051971208326
2020 7 2 45.00442021251655 2.858709121750406 538.7213119534943
2020 7 3 44.004096494912815 2.50338815446194 581.732679342499
2020 7 4 43.01059089132701 2.1913544906526394 627.9742598006673
2020 7 5 42.01691385427109 1.917062546558048 677.5615506354586
2020 7 6 41.01307352718755 1.675592592587199 730.5303516431145
2020 7 7 40.011663622785036 1.4636572493349949 787.2561230509223
2020 7 8 39.00526800386714 1.2774514693423487 847.8074652657313
2020 7 9 37.987119403662355 1.11372074800478 912.2104135358588
