2020 6 8 251.15434433482173 235.84221170574816 266.4664769638953
2020 6 9 257.4362794784932 226.97389228157297 289.81620551188047
2020 6 10 263.6155051417259 218.20995758945963 314.9194904877881
2020 6 11 270.4219792355846 210.18085409887067 342.7693069573213
2020 6 12 278.2776072620549 203.12602911784387 374.1890953345514
2020 6 13 286.13674123957406 196.14398800725124 408.18682360536917
2020 6 14 295.1997624720055 190.07504321683487 446.67425180992404
2020 6 15 305.44369390294514 184.76941721751592 490.1431195092235
2020 6 16 317.02963352286883 180.20865978537577 539.4253055960655
2020 6 17 329.7590087611394 176.16063070247674 594.8604365782091
2020 6 18 343.66515666861727 172.55913637507732 657.1932762432915
2020 6 19 358.9208432880807 169.4144394640327 727.5169991985038
2020 6 20 376.0854478378289 166.90842689437505 807.8623969758589
2020 6 21 394.45050150104476 164.6079472788978 897.8963552754925
2020 6 22 412.59760820375203 161.8739784359366 995.426807523437
2020 6 23 430.1636894413412 158.62991867449546 1100.1351366646418
2020 6 24 449.7801499936366 155.93119559459703 1219.1888253197183
2020 6 25 469.201636790767 152.90066346743936 1348.172871270906
2020 6 26 490.2194596129493 150.17595029299363 1492.9799546234403
2020 6 27 511.0902418971638 147.1663266203754 1650.0255910362926
2020 6 28 531.4051987102658 143.80111283701484 1818.9276438365948
2020 6 29 553.1712676194097 140.68701960163625 2007.3221164163456
2020 6 30 576.6105181339543 137.8391607090229 2218.0658812919955
2020 7 1 600.1117758664589 134.82635218813644 2447.3531402531053
2020 7 2 626.1457161594699 132.2332104623585 2706.764824835249
2020 7 3 650.9075340012372 129.1827752835159 2983.2917885568213
2020 7 4 677.3055649791752 126.33309574646637 3291.080229257992
2020 7 5 705.457803417899 123.67378823946733 3633.9451763176453
2020 7 6 736.6314704206544 121.3950068119679 4022.0661020681255
2020 7 7 772.4788387292206 119.70141241400052 4469.637299210758
2020 7 8 811.6352300474213 118.27388431050689 4976.066375506228
2020 7 9 855.2422140524894 117.22270181845603 5554.9935474783515
