2020 6 8 425.5161818916425 402.99677265146954 448.0355911318154
2020 6 9 425.27615455270427 381.44869666435085 471.4864142954509
2020 6 10 425.13911078669236 361.1450366751178 496.2787106591504
2020 6 11 425.4990505165163 342.34423257311556 522.9547604269941
2020 6 12 426.23660261938534 324.82574798243684 551.528430983307
2020 6 13 427.35339483300044 308.4917580607861 582.1523984478738
2020 6 14 428.8348400479337 293.240247437573 614.9695353764755
2020 6 15 430.6325471917054 278.9555059917403 650.0828123704421
2020 6 16 432.81965017371095 265.61398485571175 687.7774281362332
2020 6 17 434.84340690472897 252.80348513037552 727.3805223934997
2020 6 18 436.7539373251328 240.53950554079063 769.0587861343488
2020 6 19 438.9721297143422 229.0352949111666 813.6521439235419
2020 6 20 441.431602074976 218.20130343647688 861.2575580023763
2020 6 21 443.78030664485715 207.81822477563105 911.4052850228301
2020 6 22 445.8195382734907 197.77844808112292 963.8116831549287
2020 6 23 447.4189056205496 188.0244032081815 1018.2602881855743
2020 6 24 449.43878939649056 178.92571630285016 1076.7288337991508
2020 6 25 451.17794763026546 170.15193415425378 1137.8602600937254
2020 6 26 452.9238357490291 161.80838224187863 1202.462431448245
2020 6 27 454.4208994051071 153.7826569907278 1270.0538623650552
2020 6 28 455.84964701995466 146.13021545626668 1341.2398994764437
2020 6 29 457.6319865206532 138.97047994111466 1417.4430381669779
2020 6 30 459.21839422169967 132.0999244213873 1497.3472391906967
2020 7 1 460.34756496418953 125.43593009405947 1580.2469876089858
2020 7 2 461.9433863746849 119.2345085961626 1669.3287845948623
2020 7 3 463.19097332025837 113.24836647991329 1762.1538981160886
2020 7 4 464.6286254060238 107.60840367549307 1860.850929392659
2020 7 5 466.2954699208718 102.30136841285498 1965.975964756153
2020 7 6 468.36298300588925 97.34265717134132 2078.703898683807
2020 7 7 471.51885782541416 92.84859801699268 2202.6853042528464
2020 7 8 475.5784739258173 88.73578986198441 2338.183870200653
2020 7 9 480.1359701351206 84.891537505514 2484.2936425256185
