2020 6 8 850.3231910859794 819.22456447777 881.4218176941887
2020 6 9 842.2505651610028 781.7576004436282 904.997624973984
2020 6 10 834.7723223233178 746.4847344358035 929.7603419936647
2020 6 11 828.6630839540218 713.9682176736737 956.6514496333698
2020 6 12 823.6565245355271 683.7796406165013 985.5416924470983
2020 6 13 818.4854769501525 654.7058557249118 1015.0713907065876
2020 6 14 814.3144633564531 627.6422237299105 1046.6858472709994
2020 6 15 810.3957385662817 601.8753949446062 1079.5818984098662
2020 6 16 807.3772374409294 577.8209655487542 1114.6859575906071
2020 6 17 804.8662870399048 555.0830863210424 1151.6166877260998
2020 6 18 802.5534396081794 533.3712050544249 1190.043248000617
2020 6 19 800.9303277673723 512.9625527443523 1230.7649057032318
2020 6 20 799.8785885105642 493.6986450002899 1273.7529693022216
2020 6 21 800.3033246402194 476.06863149985935 1320.5915054080474
2020 6 22 800.5012282167098 458.93311919736396 1368.7777198741162
2020 6 23 799.6393142945132 441.8067497910792 1416.9099036340629
2020 6 24 800.0261117529393 426.00890833238395 1468.9456170852777
2020 6 25 799.8834776202895 410.4939372773807 1521.9198864163195
2020 6 26 800.3460395079748 395.8545803199588 1577.9559995666916
2020 6 27 800.9602490271417 381.8121768646309 1636.3537863261204
2020 6 28 799.3403593100826 367.20270434054305 1692.34758224833
2020 6 29 797.7237457140278 353.1522414561812 1750.2574095373363
2020 6 30 796.2990067990986 339.72289404424896 1810.5626441312043
2020 7 1 794.5755831379893 326.6757127993681 1872.260787764431
2020 7 2 794.0581990262843 314.62392162578334 1938.8944109736303
2020 7 3 792.5273636713637 302.6150618224711 2005.4240991544048
2020 7 4 790.924528913386 291.03594858576054 2074.0469780720773
2020 7 5 790.3347231072806 280.2714635567643 2147.6660107907214
2020 7 6 791.4270809758656 270.50150147464063 2228.4681157561513
2020 7 7 794.3422156215453 261.69459978451454 2317.4385051977324
2020 7 8 797.9341720378463 253.39387062043934 2411.904244114188
2020 7 9 802.0838106824782 245.5283743618922 2511.8572916318826
