2020 6 8 755.8507175303491 698.359625604116 813.3418094565823
2020 6 9 758.1485325486443 647.1809662469708 877.8920153832353
2020 6 10 760.4925493596712 599.7863654661456 947.6106057398368
2020 6 11 763.3552020555875 556.2659067870909 1023.5031763328954
2020 6 12 766.5708395141745 516.1526615097414 1105.932690197027
2020 6 13 769.7603708573952 478.9053492689973 1194.9435947151612
2020 6 14 772.8304498441427 444.26335475779416 1290.9125007494174
2020 6 15 776.2192544668151 412.30339746576914 1395.1008460952883
2020 6 16 780.2251849792741 382.9625194246685 1508.7805903674544
2020 6 17 784.601561279277 355.8813162302051 1632.3999050920215
2020 6 18 789.016013419997 330.7212970915682 1766.1758995568962
2020 6 19 793.7954113086249 307.4825941712742 1911.6762211920611
2020 6 20 798.7543141900675 285.9351171263799 2069.5256615883563
2020 6 21 804.3777190955162 266.1244103348225 2242.0503450115075
2020 6 22 809.388861286185 247.47060477488995 2427.140522528326
2020 6 23 813.7194859879547 229.90671147514954 2625.3763247085594
2020 6 24 818.4801597293813 213.70435041591654 2841.1157098748936
2020 6 25 823.0428880279065 198.58487301079626 3073.7996124870565
2020 6 26 827.9574456645038 184.61384390051467 3326.759017700355
2020 6 27 832.972727991323 171.64163342871745 3600.8226074025615
2020 6 28 837.3290021447024 159.43888306869468 3894.483857023388
2020 6 29 842.4010518837069 148.23563468354143 4215.317503288193
2020 6 30 848.1429168173636 137.93206157810127 4565.779896326825
2020 7 1 853.8507996416391 128.33277873844312 4944.986187738705
2020 7 2 860.289040493047 119.50554959158346 5359.694403791122
2020 7 3 866.271497125211 111.21543356435483 5806.039837060414
2020 7 4 872.4299833071207 103.51766234486998 6290.457070008074
2020 7 5 879.2790820226552 96.42944132675262 6819.954670413297
2020 7 6 886.9703049930941 89.9130337894348 7400.137312489633
2020 7 7 895.3507313280315 83.90003051307893 8034.865701900758
2020 7 8 904.365069866355 78.34113324261845 8729.014488672854
2020 7 9 914.0923330849457 73.20444311286788 9489.137465956725
