2020 6 8 35.44404559537673 32.31501593898253 38.57307525177093
2020 6 9 35.21510024318661 29.271912939518057 41.707185625003866
2020 6 10 34.987633728228786 26.51537875632263 45.09594636685514
2020 6 11 34.72849864316407 23.99331369822854 48.71733639050039
2020 6 12 34.43839041572762 21.688415272087926 52.583397256735964
2020 6 13 34.15070563839453 19.60493506360758 56.7562570518299
2020 6 14 33.80073371681934 17.684465845504313 61.15275124914577
2020 6 15 33.45434826128054 15.952122831630536 65.88980985699669
2020 6 16 33.07982688456048 14.374368726944285 70.93140767331442
2020 6 17 32.70949827406994 12.952663321301298 76.35876633181192
2020 6 18 32.34331549179749 11.671572526207832 82.20140255174783
2020 6 19 31.950598784637556 10.506134268463962 88.41323608615397
2020 6 20 31.532389107780176 9.447117509981116 95.01074945215905
2020 6 21 31.059922910977257 8.476954175658376 101.92060289044494
2020 6 22 30.594535921092604 7.606420902491305 109.33298972430869
2020 6 23 30.165099084781044 6.832490543149997 117.38801034444813
2020 6 24 29.65597913524678 6.117891480451297 125.70293287510871
2020 6 25 29.1554520009486 5.478031170361895 134.60682472629887
2020 6 26 28.635758636405043 4.899904398020141 144.01391402030993
2020 6 27 28.09820695993341 4.378149676212045 153.94202416319467
2020 6 28 27.62397156394686 3.920246129150075 164.84617017754596
2020 6 29 27.13157670333362 3.506520983938632 176.36655664969595
2020 6 30 26.622261593949577 3.1331373968571374 188.52501100357568
2020 7 1 26.147722125342877 2.802480167239987 201.70020933598656
2020 7 2 25.632110670729542 2.5014103856271372 215.41409250478776
2020 7 3 25.15094360134937 2.2350536215220833 230.26442728851904
2020 7 4 24.678809020617127 1.9970592269794825 246.1385225914652
2020 7 5 24.192163317551767 1.7825156265061979 262.8738296755439
2020 7 6 23.669287593800636 1.5876438444624388 280.2490423693835
2020 7 7 23.10540456686037 1.4105675827771214 298.1533649151621
2020 7 8 22.51410533140531 1.2507474931485763 316.67441596439494
2020 7 9 21.91554827495911 1.1077914827845203 336.03105144821785
