2020 6 8 171.3415248106034 162.63130705548963 180.0517425657172
2020 6 9 163.96003891176332 147.71557958615955 181.05173135594393
2020 6 10 156.9117004057818 134.18149587755332 182.07400212909116
2020 6 11 150.11803109874288 121.84611459392788 183.04596960587037
2020 6 12 143.56764452528475 110.60345301411431 183.96111359595986
2020 6 13 137.25002414212312 100.35726797528031 184.81284504171913
2020 6 14 131.1723640350664 91.03246118916303 185.61729300299876
2020 6 15 125.34363356129025 82.5600610262629 186.3966592414022
2020 6 16 119.68125826816124 74.81516335020589 187.04152195304653
2020 6 17 114.21201848118557 67.75763793789619 187.59068674644783
2020 6 18 108.96457399391316 61.3491743544964 188.09524442460932
2020 6 19 103.94815441099892 55.54114985307909 188.58378026923927
2020 6 20 99.15627373013679 50.2795592008117 189.06196893325466
2020 6 21 94.53337776745398 45.49009109485484 189.4423833892875
2020 6 22 90.15221499660383 41.1694612977586 189.87607347358852
2020 6 23 86.03795772548862 37.28836575697842 190.44525632011144
2020 6 24 82.09556309554692 33.76625538129965 190.98095326689406
2020 6 25 78.35909906638125 30.587228875836942 191.5769755637836
2020 6 26 74.76132189093103 27.695255089537653 192.09815526390165
2020 6 27 71.31952291506231 25.073300974824328 192.59708778513996
2020 6 28 68.08010470820122 22.715015652574248 193.21594866383788
2020 6 29 64.97314759323125 20.57364330571875 193.7951433019101
2020 6 30 61.995975715451074 18.630338977906398 194.34026303119143
2020 7 1 59.151403821980296 16.869443871610546 194.8749454870924
2020 7 2 56.40455838814378 15.265632518534925 195.30306699072403
2020 7 3 53.814801293204475 13.822291271307506 195.83438341633737
2020 7 4 51.32903367985643 12.511584337901088 196.31286332941878
2020 7 5 48.93595481918018 11.319771301075592 196.70786742007266
2020 7 6 46.616768495794446 10.232770831019899 196.95221058624062
2020 7 7 44.37040457128163 9.242010074373857 197.04015862048954
2020 7 8 42.21538884550373 8.343657083808486 197.05309927252478
2020 7 9 40.147747525229505 7.529209197310777 196.98532492029682
