2020 6 8 299.7903936767668 254.25374231586676 345.3270450376669
2020 6 9 293.9921414113356 211.55956351885303 389.9562583837018
2020 6 10 288.30603326407055 176.0345728193221 440.35324089959323
2020 6 11 282.01126874791345 146.03613953559187 496.1657804944282
2020 6 12 275.0505803852785 120.7337933201682 557.6388562259418
2020 6 13 268.0658147271912 99.72937006758026 626.3310806412318
2020 6 14 260.97206036424836 82.27261327303566 702.816010355514
2020 6 15 253.97309772853916 67.84221347057235 788.3906968150733
2020 6 16 246.52878576620978 55.77376433375791 882.4197915051859
2020 6 17 239.03932105848725 45.79259050667713 986.7208152349182
2020 6 18 231.862502338145 37.61393590874155 1103.7014594185666
2020 6 19 224.736031661586 30.869218946868468 1233.764714364944
2020 6 20 217.50849738024937 25.289957908215282 1377.3976819555387
2020 6 21 209.89378810563147 20.647041861619286 1533.8284035750921
2020 6 22 203.0688417615799 16.90797122029672 1711.848144493183
2020 6 23 196.97198598647444 13.888171400444236 1914.7962282829426
2020 6 24 190.91790191474712 11.397823529345551 2140.441150543645
2020 6 25 185.38981036369037 9.37432367574885 2396.4876010814537
2020 6 26 179.88975724268738 7.7033874812593215 2681.4564413238395
2020 6 27 174.74504546284035 6.338518265611475 3003.1757081347646
2020 6 28 170.55638322997046 5.244815290249746 3377.396668757633
2020 6 29 166.28592574800751 4.334226511754564 3794.640782056005
2020 6 30 161.94475755204869 3.577101302347544 4259.377646962699
2020 7 1 157.77458891337523 2.953508413309731 4782.5484218251195
2020 7 2 153.43089812213748 2.4333674081401284 5361.464224400502
2020 7 3 149.58923523950875 2.0108936062642964 6023.82035419257
2020 7 4 145.84376141582706 1.66176841285357 6768.004063972302
2020 7 5 142.14013536000627 1.3726655350967505 7601.714356602287
2020 7 6 138.27749063287268 1.1314148269881574 8524.590169749012
2020 7 7 134.18334893034177 0.9298117465684386 9538.763992249436
2020 7 8 130.0877899198923 0.7632818504284136 10664.876486811301
2020 7 9 125.93889478859145 0.6255311625333102 11909.313013825187
