2020 6 8 209.2739845899397 201.24322190114574 217.3047472787336
2020 6 9 212.6105647691673 196.60135201239927 229.24633066605313
2020 6 10 216.00034203982617 192.06655134993778 241.84414184214432
2020 6 11 219.6950232263247 187.8594126823717 255.41511576705938
2020 6 12 223.69590147716903 183.9522166381396 270.03012751275463
2020 6 13 227.85623865941264 180.19749731703052 285.58595526247456
2020 6 14 232.2577678125697 176.64897001874297 302.2432412747738
2020 6 15 236.9241483776822 173.30709301931284 320.1061048103515
2020 6 16 241.90703090591833 170.1913755982177 339.32563331329203
2020 6 17 247.06160314033997 167.1787337834314 359.7929538740536
2020 6 18 252.31234590843926 164.21017460520244 381.4749169215779
2020 6 19 257.73049686978044 161.330653356704 404.5478737913259
2020 6 20 263.30775757936993 158.52839281373932 429.08348414850457
2020 6 21 268.9328999544777 155.73097046331975 454.98851619262894
2020 6 22 274.26176964499774 152.7417613303082 481.75295792243276
2020 6 23 279.3170368704221 149.59874897210887 509.4257329147869
2020 6 24 284.57361530774625 146.57832501781698 538.8852953823898
2020 6 25 289.72452516233955 143.51350143367307 569.6610422067048
2020 6 26 295.0648060857458 140.56038170632456 602.3834190674075
2020 6 27 300.40561119084 137.6213880126973 636.785544631492
2020 6 28 305.66033779652133 134.66012516470133 672.7649924410746
2020 6 29 311.19292676971827 131.84450063496013 711.1866106537902
2020 6 30 317.03218009254823 129.17524643800476 752.2744643363706
2020 7 1 322.8758031082576 126.51716922066727 795.4864916664154
2020 7 2 329.07712522650417 124.0117444595026 841.7966057810648
2020 7 3 335.0881662352378 121.43934316658826 890.0112856026151
2020 7 4 341.3016654111494 118.95388204383433 941.2336111053448
2020 7 5 347.81913371678803 116.58507615717197 995.9244451221532
2020 7 6 354.8650095549926 114.39884152067404 1054.9497641173134
2020 7 7 362.413414837865 112.36959318116867 1118.5429464295003
2020 7 8 370.52457712394454 110.50104411403656 1187.2108932917872
2020 7 9 379.32648725365806 108.81542806838078 1261.7259867604087
