2020 6 8 238.99732543987452 229.9205055732554 248.0741453064936
2020 6 9 239.71632415023754 221.8547757928029 258.26932488717574
2020 6 10 240.46332864917738 214.09591314911856 268.91134177644153
2020 6 11 241.17562769843215 206.57542648060956 279.95044969421
2020 6 12 241.86032234263283 199.29365841513166 291.4082335199883
2020 6 13 242.54323598503908 192.2655028389333 303.33047245011954
2020 6 14 243.19445966344878 185.45854807519245 315.6984361866808
2020 6 15 243.80248720519643 178.85831176303927 328.51234584680526
2020 6 16 244.34069462439606 172.44063290735417 341.7502326540577
2020 6 17 244.89890537204482 166.26650768991382 355.5478756543404
2020 6 18 245.46970629934006 160.32112493823493 369.9190045507152
2020 6 19 246.0191550542484 154.57352363825086 384.83682749610745
2020 6 20 246.5471003265715 149.0176937027286 400.32068472908
2020 6 21 247.12933684630428 143.69368661420307 416.51384644527167
2020 6 22 247.77384417020622 138.5953001372061 433.4646635555294
2020 6 23 248.50016655643756 133.7226332204838 451.24551587882496
2020 6 24 249.1444218706519 128.97596961432845 469.60285428918905
2020 6 25 249.82871768915984 124.41765850342058 488.7793190936844
2020 6 26 250.48026493290868 120.00320354329037 508.6711160073844
2020 6 27 251.1527993733608 115.75461830068724 529.4116168406795
2020 6 28 251.83100750819105 111.65823239382247 551.0059419624573
2020 6 29 252.433479103762 107.67241905380828 573.3113657191956
2020 6 30 253.02184132503814 103.8222525231686 596.4844236916113
2020 7 1 253.6934063711408 100.1433386774405 620.7870421245073
2020 7 2 254.30033350388192 96.56856728211447 645.9172938745378
2020 7 3 254.97920832355942 93.14817307233245 672.243907816339
2020 7 4 255.64418792211453 89.84318871888618 699.6021424395833
2020 7 5 256.2636562836014 86.63886442384795 727.9444788985345
2020 7 6 256.8293724199055 83.53014443866694 757.2780693570097
2020 7 7 257.27767610281995 80.49437662231966 787.4438193156061
2020 7 8 257.6047240590756 77.53075680449372 818.4376854590098
2020 7 9 257.8391541520127 74.64825059659518 850.3558955429697
