2020 6 8 6.480633947206028 5.314180339337794 7.647087555074263
2020 6 9 6.829238499068292 4.57835163329434 9.528642810485996
2020 6 10 7.294645216985523 4.0101427840105535 12.00995867375011
2020 6 11 7.896501154877646 3.570028279491078 15.30985590641907
2020 6 12 8.661387384686133 3.22947281912927 19.73625391921365
2020 6 13 9.500363509889528 2.921403942206733 25.442415731709104
2020 6 14 10.55700670713675 2.684666428895433 33.16363468484818
2020 6 15 11.73117118082004 2.467113065163422 43.228075396132354
2020 6 16 13.20435694490518 2.3026105871690974 56.967497478691826
2020 6 17 14.862543529628882 2.1490768262750897 75.07379727747764
2020 6 18 16.728963106025727 2.0057804089708373 98.9349240725895
2020 6 19 18.82976531203189 1.872038728361515 130.37996686209334
2020 6 20 21.194383624319656 1.747214692501442 171.8193642771513
2020 6 21 23.85594773864744 1.6307136895425278 226.42967820225454
2020 6 22 26.851747736416957 1.5219807552409355 298.39709503333626
2020 6 23 29.838235206117307 1.3986462399081374 388.9541132830442
2020 6 24 33.15688382578187 1.285306202245307 506.99321393493426
2020 6 25 36.84463700490589 1.1811507344693237 660.8546103458303
2020 6 26 40.94254704863746 1.0854355601025552 861.4095889484381
2020 6 27 45.496232154674026 0.9974767155053118 1122.8286347945864
2020 6 28 49.90317654697426 0.9023244882805121 1447.4617644689006
2020 6 29 54.73699494525371 0.8162491108759645 1865.953089077315
2020 6 30 60.82491708491197 0.750103932539082 2432.2292048746076
2020 7 1 67.58994610659052 0.6893188637066653 3170.357786416918
2020 7 2 75.10739074768148 0.6334595450705643 4132.492313532828
2020 7 3 83.46093568455825 0.5821268158588568 5386.613711100597
2020 7 4 92.74357311576553 0.5349538615038514 7021.3336338457175
2020 7 5 103.05863795714373 0.49160359245032326 9152.155443442829
2020 7 6 114.52095817274635 0.45176623537341004 11929.635255782909
2020 7 7 127.25813304710788 0.4151571195934395 15550.019688310986
2020 7 8 141.41195362867128 0.3815146428698019 20269.111931954907
2020 7 9 157.13998115684242 0.35059840203779224 26420.345873834784
