2020 6 8 1202.2266261992088 1180.278801762421 1224.1744506359967
2020 6 9 1237.979594120098 1193.1825525591382 1283.6021442655601
2020 6 10 1274.138798977181 1205.5941330042633 1345.2335304723374
2020 6 11 1311.7345183875414 1218.4947249350894 1410.2257023713694
2020 6 12 1350.4395660116859 1231.5333610613952 1478.3578364498085
2020 6 13 1389.3460009026985 1243.8536712164378 1548.7518560032622
2020 6 14 1429.6498450288116 1256.5447854767285 1622.806014485027
2020 6 15 1472.2609854138707 1270.365695936423 1701.6929812898704
2020 6 16 1517.7537116427454 1285.7291764720433 1786.2774446820283
2020 6 17 1566.0114409253472 1302.4299427284302 1876.6660377120454
2020 6 18 1617.050216228736 1320.3844769920904 1973.1224160867248
2020 6 19 1671.1469988823824 1339.7252454192433 2076.2380900885482
2020 6 20 1728.8273531964594 1360.7713490154913 2186.94640206627
2020 6 21 1788.785295032223 1382.3737549403972 2303.920561310998
2020 6 22 1848.3899658736702 1402.4391188730763 2424.018112583437
2020 6 23 1906.792572479145 1420.376756777172 2546.1950111368974
2020 6 24 1967.4832327632582 1438.8736192783404 2675.1211469637105
2020 6 25 2028.0172348358199 1456.084082566014 2807.7359605632396
2020 6 26 2092.095429882316 1474.7078564464618 2949.253249496793
2020 6 27 2157.5737181033746 1493.1295906818066 3097.0229439429645
2020 6 28 2223.3837446619495 1510.592797255911 3249.731034021496
2020 6 29 2292.233592590031 1528.9617359360955 3411.477965494982
2020 6 30 2364.888192740594 1548.669784600256 3583.764917369171
2020 7 1 2438.904333918035 1568.0154353781395 3763.3262510379254
2020 7 2 2517.7448749235728 1589.2150875940038 3955.754051671124
2020 7 3 2596.1275490935077 1608.8036508525342 4153.297507599303
2020 7 4 2676.950440169938 1628.633661485639 4360.705939072045
2020 7 5 2761.887813765461 1649.6804854529184 4581.075583170925
2020 7 6 2851.9936921109224 1672.4767315382003 4816.684432981001
2020 7 7 2948.4606335453486 1697.59436898436 5070.189173337711
2020 7 8 3050.5409756767267 1724.4425237944852 5341.077880380531
2020 7 9 3158.7408077376786 1753.1767438866007 5630.966075517355
