2020 6 8 37.513912570482304 32.28373843586868 42.74408670509594
2020 6 9 36.27008168828956 26.870211158376833 47.07717621218063
2020 6 10 34.99788777748439 22.31289069333144 51.75917981285207
2020 6 11 33.70315406735373 18.485694703368484 56.80749791304071
2020 6 12 32.39164047422294 15.279479641326066 62.23918591868482
2020 6 13 31.131162695174396 12.629360262406365 68.19022851086291
2020 6 14 29.859992451431562 10.414649255568886 74.57942361222726
2020 6 15 28.640727554250926 8.588314598910248 81.56726480900387
2020 6 16 27.416285551096106 7.065768390701466 89.05331148930699
2020 6 17 26.244190619650617 5.813140910950196 97.22640946440222
2020 6 18 25.07184089034467 4.7714249459470865 105.96303220925363
2020 6 19 23.90374685398838 3.9072280738319467 115.28136661847067
2020 6 20 22.74420166921877 3.1920557148231703 125.19791973296614
2020 6 21 21.597257498675585 2.601661566390231 135.7272378556277
2020 6 22 20.549597644771126 2.125457872974151 147.40255367430262
2020 6 23 19.592194374569992 1.7404965529397713 160.36505823152652
2020 6 24 18.679396406995064 1.425259135602763 174.46747875497798
2020 6 25 17.844972300010326 1.1698524254321605 190.14487084961965
2020 6 26 17.04782260891927 0.9602146466584315 207.23101043487137
2020 6 27 16.318997895051446 0.7899866988464314 226.25017236649205
2020 6 28 15.683965710144925 0.6529690052569633 247.8832382937959
2020 6 29 15.073644961471228 0.5397160768008724 271.58476470676516
2020 6 30 14.487074036225204 0.4461060803991643 297.55252887816994
2020 7 1 13.923328741490144 0.36873208622712633 326.0032186908189
2020 7 2 13.35480127069397 0.30407045705718105 356.5486239985101
2020 7 3 12.83511687067987 0.2513315530028365 390.6402660448858
2020 7 4 12.311024057291343 0.2072575266677226 427.2419453281873
2020 7 5 11.808331382274204 0.17091241369099783 467.2730788762054
2020 7 6 11.303504229952724 0.14061286604353987 510.15827417001753
2020 7 7 10.784106001149356 0.1152351180042219 555.3476696296442
2020 7 8 10.269258656766558 0.09423113547727749 603.5452130265105
2020 7 9 9.78588832963957 0.07711885500682332 656.3311093172211
