2020 6 8 244.03421520940324 216.84800118727293 271.22042923153356
2020 6 9 246.13369121267334 194.33024334681616 304.05101461009707
2020 6 10 248.2969061474374 174.18681981651602 340.9120887868004
2020 6 11 250.66344572250597 156.26067567182062 382.49501009352326
2020 6 12 253.28512764274504 140.3243623691506 429.5049399480574
2020 6 13 255.98123351361693 126.03936189522351 482.37225527872323
2020 6 14 258.7060382146752 113.20857247271223 541.7469533431245
2020 6 15 261.50785708071555 101.70496450884254 608.5305567854125
2020 6 16 264.53413920230616 91.44578376760082 683.9985945560785
2020 6 17 267.59544277060087 82.22146686009373 768.8259400253438
2020 6 18 270.6425135526453 73.91236662661322 864.0306286877154
2020 6 19 273.72428089100873 66.44296372920074 971.0246343741723
2020 6 20 276.9427336437791 59.75306096024307 1091.6282424881538
2020 6 21 280.25042315225517 53.7478291961281 1227.4136913405175
2020 6 22 283.3375783989175 48.296256401555524 1378.950322223473
2020 6 23 286.1958363686134 43.35281625123444 1547.9161762067413
2020 6 24 289.13603924350735 38.92341505976637 1737.8730499656103
2020 6 25 291.99913407973946 34.93212371033636 1950.495996134048
2020 6 26 294.99895652433304 31.363073213445794 2189.856581287161
2020 6 27 297.92010738234615 28.147035704502773 2457.778198466755
2020 6 28 300.7043229660431 25.24510733900438 2757.110807905199
2020 6 29 303.6261659817954 22.651734404731606 3093.922423626416
2020 6 30 306.6327455498143 20.328976459665157 3472.453468193255
2020 7 1 309.6690969942773 18.244399149024755 3897.296518066587
2020 7 2 312.85044994755964 16.380350390116085 4375.564187894451
2020 7 3 315.83225500653725 14.694594128286703 4909.275802361478
2020 7 4 318.84247991087943 13.182324642174382 5508.087156013013
2020 7 5 321.88139553262323 11.825687831497724 6179.938821860798
2020 7 6 325.0687427890906 10.613056168257435 6936.033635271219
2020 7 7 328.4987902309372 9.531663765169911 7789.139201530851
2020 7 8 332.093050421723 8.564171895905163 8750.209000363977
2020 7 9 335.9207677604106 7.699889625787758 9834.976326351167
