2020 6 8 68.71698767829837 66.33835632875747 71.09561902783926
2020 6 9 68.6903810392139 64.01771422991203 73.52762398967737
2020 6 10 68.69069027286962 61.80332793119287 76.07162210223889
2020 6 11 68.75826373791327 59.72605761727961 78.77813244013487
2020 6 12 68.87976799752903 57.765394999400236 81.64264997204913
2020 6 13 69.03521166065453 55.897379119935756 84.65130023254643
2020 6 14 69.27212803585277 54.15545499889988 87.87029570017467
2020 6 15 69.59804113663704 52.53675436677829 91.32355761198683
2020 6 16 70.01408616082183 51.03331599939717 95.02878633866132
2020 6 17 70.487466344977 49.612880187062245 98.95878990968518
2020 6 18 70.97094952296598 48.236838335017126 103.06101279927367
2020 6 19 71.48554783280079 46.91785585013327 107.37365694501248
2020 6 20 71.9968773028081 45.63034511461652 111.8562516421442
2020 6 21 72.5823660242522 44.42284876578748 116.63551739902638
2020 6 22 73.0802184058319 43.19075542917174 121.4705087085397
2020 6 23 73.45982919940408 41.92093538788737 126.3037174250886
2020 6 24 73.86299215766567 40.70076351986085 131.36633967726024
2020 6 25 74.2322031980235 39.496178812009546 136.5675674652118
2020 6 26 74.65414323997123 38.3543183274896 142.06834114345722
2020 6 27 75.08579199731919 37.24922556356867 147.8045910299917
2020 6 28 75.39494144100496 36.113964866533316 153.52640185088399
2020 6 29 75.75704422086349 35.038058803679625 159.5749521374568
2020 6 30 76.19506992953951 34.02851654261875 166.0180610928005
2020 7 1 76.6430895711179 33.0513941405625 172.73757853043153
2020 7 2 77.1913104571323 32.14440416822239 179.94896142961343
2020 7 3 77.68298205798762 31.23712213569948 187.3204327549618
2020 7 4 78.20060630617049 30.364624845848766 195.0488998919601
2020 7 5 78.78294096213477 29.540284895413954 203.2490269006586
2020 7 6 79.44675897687225 28.7672509949215 211.9929269234423
2020 7 7 80.16284842297834 28.031348381169344 221.23754933853635
2020 7 8 80.95133075402615 27.337328445146362 231.0672930859719
2020 7 9 81.83357683566484 26.689536593551175 241.57928113479576
