2020 6 8 497.6467914669373 474.63271091392386 520.6608720199507
2020 6 9 483.3462512449079 439.67779659896365 529.081826645358
2020 6 10 469.7987721285091 407.60838754024957 538.0134664360268
2020 6 11 457.20408742470966 378.37528731448623 547.7521743375495
2020 6 12 445.40836954020597 351.62052543562595 558.2198480516793
2020 6 13 433.95722376219186 326.78935370317976 568.9380013466224
2020 6 14 422.7089852101303 303.6428412118288 579.7419967852171
2020 6 15 411.44037436421934 281.91173154175755 590.3233502075014
2020 6 16 400.8811111530413 262.0160778994187 601.6845801893771
2020 6 17 390.91281200432456 243.73367349744902 613.7447099905628
2020 6 18 381.25714179700543 226.7673163003148 626.1482434737275
2020 6 19 372.0581516998716 211.11176325585902 639.1607731886577
2020 6 20 363.1315431396714 196.56565125049644 652.5303578969545
2020 6 21 354.6159782503958 183.12836976606036 666.5333692585255
2020 6 22 346.4282765557938 170.67585325935167 681.0777866016174
2020 6 23 337.84008574800237 158.77964577129316 694.7805533471487
2020 6 24 329.72427887936146 147.83456110084902 709.2926330969701
2020 6 25 321.5452258885264 137.52817877879744 723.5523793224655
2020 6 26 313.7433862097488 128.0148735516147 738.4910802999552
2020 6 27 306.33874238597815 119.24446321019151 754.2275557451708
2020 6 28 298.8089855142503 110.95819495837594 769.5610587174589
2020 6 29 291.82430758531433 103.38141751957421 786.1334438145487
2020 6 30 285.61816846895795 96.53998567666446 804.7201674053152
2020 7 1 279.6257387777221 90.17892007253286 823.9765995135187
2020 7 2 274.5549295549865 84.49366346113668 846.039101864827
2020 7 3 269.4851118270304 79.13883527689772 868.4120371334203
2020 7 4 264.3993351467513 74.09119314004708 891.0235021426505
2020 7 5 259.99087871309285 69.52840617089834 916.1828304061262
2020 7 6 256.22365867540867 65.39843760893672 944.0532016932185
2020 7 7 252.66344205041705 61.55269094923951 973.3329714502411
2020 7 8 249.41105700313054 57.99603399843583 1004.5161394998465
2020 7 9 246.2478643712142 54.65589382022223 1036.8889483234107
