2020 6 8 189.33416535073033 181.21758328908047 197.4507474123802
2020 6 9 191.38566721669363 175.32833168074927 208.14644394295675
2020 6 10 193.45939782250562 169.63047035517505 219.4215149543767
2020 6 11 195.81400579346996 164.34435843766025 231.60043045742358
2020 6 12 198.1972718640631 159.22297505709983 244.45533246462526
2020 6 13 200.874281080752 154.473864320408 258.3502654807341
2020 6 14 203.5874481026359 149.8664043271549 273.03499171417883
2020 6 15 206.33726130564878 145.3963700899209 288.55440330840673
2020 6 16 209.1242156621165 141.05966263911216 304.9559440931788
2020 6 17 211.94881282985298 136.85230526425283 322.2897546233791
2020 6 18 214.8115612424595 132.77043986738775 340.6088254618851
2020 6 19 217.99990450182233 128.98766768228728 360.4241175163609
2020 6 20 221.23557078551738 125.31267073253787 381.3921859226289
2020 6 21 224.81477147117752 121.90976114475082 404.0895282394291
2020 6 22 228.1515875023048 118.43642134101731 427.597879813589
2020 6 23 231.2331834132958 114.90384270401925 451.90270408531853
2020 6 24 234.35640179758445 111.4766295592007 477.5890237076265
2020 6 25 237.52180484123718 108.15163919182461 504.7353633957024
2020 6 26 240.72996232365034 104.92582262425624 533.4247112390736
2020 6 27 243.65990366802095 101.65607020142917 563.032265843592
2020 6 28 245.97458226286483 98.2166432007128 592.7790695767331
2020 6 29 248.3112494447383 94.893585621614 624.0974925331745
2020 6 30 250.67011409705208 91.68296022624845 657.0705684063913
2020 7 1 253.05138708753168 88.58096298906496 691.7857178266879
2020 7 2 255.4552812870677 85.58391858974521 728.3349801371668
2020 7 3 257.54079461973436 82.57395982622077 765.8424051292599
2020 7 4 259.6433338907133 79.66986033985268 805.2813684490501
2020 7 5 261.76303809819296 76.86789709406783 846.7513394765908
2020 7 6 264.24968974701204 74.26715205021792 891.4879335125386
2020 7 7 267.2305821224265 71.88666742002002 940.1758110285164
2020 7 8 270.41167528183576 69.627294030361 992.1087826232143
2020 7 9 273.8834721162068 67.50403381854505 1047.838028636144
