2020 6 8 158.8603544188245 154.46342540473384 163.25728343291516
2020 6 9 158.76762894397385 150.0985699234641 167.68005349689008
2020 6 10 158.67495759221586 145.8570573197879 172.222639930631
2020 6 11 158.69150523562058 141.8357486166607 177.00677406827452
2020 6 12 158.74444670074593 137.95783484340657 181.96439786078386
2020 6 13 158.79740582780423 134.1859466340844 187.0608752864235
2020 6 14 158.88679900447838 130.5479574898547 192.34299330351493
2020 6 15 159.04911626796445 127.06847596886944 197.86248326606068
2020 6 16 159.28454756434732 123.74001294059731 203.6311109986238
2020 6 17 159.55685545227328 120.52711330293324 209.61461944678285
2020 6 18 159.7930383258871 117.36999634316534 215.72587756369128
2020 6 19 160.0662155137384 114.32249368204457 222.0647793383695
2020 6 20 160.37656706968224 111.38033631207843 228.640869011328
2020 6 21 160.65074184004982 108.4883546993743 235.35926564833773
2020 6 22 160.8148611309907 105.5968255427584 242.11315401217448
2020 6 23 160.90539001096812 102.73393181486863 248.9498067917809
2020 6 24 160.9959698531393 99.9486555764731 255.97950906272783
2020 6 25 161.01275954660545 97.19305083631762 263.09030650688203
2020 6 26 161.02955099100865 94.51341867868636 270.3986332004552
2020 6 27 161.04634418653148 91.90766452404426 277.90997626422137
2020 6 28 161.06313913335657 89.3737515408396 285.62997524445353
2020 6 29 161.22767972550398 86.99168197095264 293.82643592278043
2020 6 30 161.503309531487 84.73294983700308 302.46024906171823
2020 7 1 161.85348437757412 82.57172844939528 311.48648269799656
2020 7 2 162.35288736091883 80.54137514848223 321.0678114696858
2020 7 3 162.85383126468756 78.56094613284141 330.9438620547778
2020 7 4 163.39366746924105 76.64722988743577 341.19959414914837
2020 7 5 164.04770442338986 74.83286269726158 352.0078824848548
2020 7 6 164.93008184796565 73.16441133967187 363.6428958794525
2020 7 7 165.92436988994 71.580698378455 375.89876414151746
2020 7 8 167.02231570928913 70.07339903544856 388.78894766600587
2020 7 9 168.27499168303274 68.65970758704647 402.4644204887472
