2020 6 8 968.2744926862126 952.9959948701669 983.5529905022584
2020 6 9 940.2397629691969 910.7979212295872 970.1499241110874
2020 6 10 913.3484094247592 870.7896449014721 957.2717335723353
2020 6 11 887.9696837142806 833.2476725340556 945.3437708897768
2020 6 12 863.9467181326129 797.9347134381484 934.2570454498491
2020 6 13 840.5736653643241 764.1183142741962 923.3003420027301
2020 6 14 818.0838446783569 731.9631317877722 912.7477305683577
2020 6 15 795.9737564956506 700.9624642141895 902.0680500382389
2020 6 16 774.8716120729198 671.6361572493552 891.9784087493904
2020 6 17 754.3709616607204 643.5732310284063 882.0500285087114
2020 6 18 734.4126935745412 616.6828560758521 872.2321584925363
2020 6 19 715.2216006612582 591.1168466438039 862.8075885637373
2020 6 20 696.7066643537955 566.7550965451204 853.6955655006652
2020 6 21 678.9735101593731 543.6434349635749 845.0504188647006
2020 6 22 661.8575325397081 521.607009620468 836.6991959841088
2020 6 23 644.7779106826582 500.1524364607031 827.9310133783489
2020 6 24 628.8213932423026 480.10962665273735 820.1308986641313
2020 6 25 612.9014275594056 460.5964136041552 811.9369251355513
2020 6 26 597.5508230013967 442.00126530856636 804.0451399988507
2020 6 27 582.698189829465 424.2407953372917 796.3827870009936
2020 6 28 567.6613212440378 406.7910582497024 788.0370998842567
2020 6 29 553.120313702532 390.1363271135406 779.928556980281
2020 6 30 539.1769200816345 374.32226684323217 772.2209018334659
2020 7 1 525.4972354819497 359.0882806144812 764.4636907815311
2020 7 2 512.8490824456622 344.94199115232715 757.7801150444709
2020 7 3 500.39402611939374 331.27811404562175 750.9904716273334
2020 7 4 488.21429663987504 318.1375131267295 744.2209060380219
2020 7 5 476.8344441010564 305.84619756630497 738.2797610198642
2020 7 6 466.1338963328118 294.2953356117445 733.0271158046285
2020 7 7 456.2511017580091 283.54539909023 728.7201949695354
2020 7 8 446.7107228587051 273.27071658629546 724.6508213494851
2020 7 9 437.33165359615623 263.34499405373117 720.5422317144421
