2020 6 8 408.7508410145697 379.4341153313669 438.06756669777246
2020 6 9 407.02106839384066 350.72990628976294 467.4997258839632
2020 6 10 405.3072281286705 324.20459318339584 498.9192161981315
2020 6 11 403.636337451295 299.7139429105777 532.4943183308568
2020 6 12 402.00792089249194 277.09975783952865 568.3758257439152
2020 6 13 400.4059216257023 256.20555176814764 606.7032280742893
2020 6 14 398.8681999902808 236.92387962473555 647.7028915753345
2020 6 15 397.3687360456334 219.11253611257163 691.5257569423927
2020 6 16 395.9393702160449 202.675749219846 738.4258085465505
2020 6 17 394.5640160546406 187.49698832289744 788.5978168500685
2020 6 18 393.23796544441177 173.47615164189975 842.2677318893412
2020 6 19 391.97184193866974 160.52824976923972 899.7090927384156
2020 6 20 390.76232233762346 148.56826461691844 961.188433957343
2020 6 21 389.60063202653123 137.51611107883016 1026.9772790948396
2020 6 22 388.3874378553575 127.26674101895784 1097.1241960888085
2020 6 23 387.08214548702864 117.74986180553464 1171.791613539714
2020 6 24 385.79898564955755 108.95004349113101 1251.59442165137
2020 6 25 384.4629372061646 100.79172631149744 1336.6466811054117
2020 6 26 383.134227225516 93.24502513886944 1427.4881051908928
2020 6 27 381.7601174115702 86.25121053847917 1524.3170500174745
2020 6 28 380.3034272516362 79.76219401500887 1627.3646567010426
2020 6 29 378.86838920198585 73.76474702908928 1737.4474040078205
2020 6 30 377.46415180496024 68.22320020673364 1855.0930919288191
2020 7 1 376.04781430225086 63.094832171654446 1980.619734546468
2020 7 2 374.6792277673187 58.35908599524684 2114.8637675607592
2020 7 3 373.250877622897 53.96870909443441 2257.8412526189886
2020 7 4 371.8464005181243 49.91128647448973 2410.5963465001237
2020 7 5 370.4708120625275 46.16207326702089 2573.8391617902316
2020 7 6 369.1669425560996 42.70279411684184 2748.5995048920363
2020 7 7 367.9264634011044 39.50954711296707 2935.6636492915027
2020 7 8 366.7340513112002 36.559800083213815 3135.809268346302
2020 7 9 365.5975588783483 33.8354678887982 3350.0453799661177
