2020 6 8 87.50404223739179 83.69623225676109 91.31185221802248
2020 6 9 86.35900247403292 79.00661136188253 94.03845309868207
2020 6 10 85.22793903395535 74.57883528535845 96.84537441658429
2020 6 11 84.10174961868819 70.39050773279389 99.72478389844925
2020 6 12 82.98259476270513 66.43082806674293 102.68049968696114
2020 6 13 81.87881656693847 62.694279775048095 105.72441789241806
2020 6 14 80.78064836316707 59.160955697644965 108.84685803608883
2020 6 15 79.69249836842286 55.823312846121375 112.05516842262502
2020 6 16 78.61435912359629 52.670712273386336 115.35151095212315
2020 6 17 77.55263943759923 49.69738218281135 118.74751304044946
2020 6 18 76.50751987654154 46.89334943436178 122.24695726192587
2020 6 19 75.47470006991624 44.24643242536599 125.84667735100629
2020 6 20 74.45274210070961 41.74711578792837 129.54725892768107
2020 6 21 73.44679263192114 39.39019346176945 133.36043500632073
2020 6 22 72.46300058087502 37.17093011440636 137.30140378150938
2020 6 23 71.50125965476794 35.0812530229921 141.37564666478872
2020 6 24 70.54769672611127 33.10680323927449 145.56171905497462
2020 6 25 69.61137602947704 31.24560342301651 149.88107618901657
2020 6 26 68.68545271678276 29.488125615033336 154.32423470359436
2020 6 27 67.77384803057885 27.830360787066365 158.9036082397834
2020 6 28 66.87552793856365 26.26627912026996 163.62164864355242
2020 6 29 65.98482511072281 24.788414880094223 168.4692780050663
2020 6 30 65.10213762584404 23.392256740493302 173.45070447572903
2020 7 1 64.23277648158675 22.07528005752147 178.58347127791083
2020 7 2 63.369780779533976 20.830646565018675 183.85354811856178
2020 7 3 62.524661769879806 19.658252136061325 189.29737299061813
2020 7 4 61.690448929727744 18.55172800141221 194.90128334012547
2020 7 5 60.86700654009294 17.507379741501953 200.66995387354928
2020 7 6 60.05136104023217 16.520903054801273 206.5988335201542
2020 7 7 59.242093263578575 15.588758318701961 212.68722287345037
2020 7 8 58.43937862464696 14.70806181357174 218.93940773035882
2020 7 9 57.641696235188014 13.87564989751406 225.35348735655612
