2020 6 8 97.01898517668242 87.39185210324436 106.64611825012048
2020 6 9 99.05568530811244 80.35786323227946 119.70744427511734
2020 6 10 101.0511638506387 73.82189958269157 134.2669511224899
2020 6 11 103.34384941724018 68.00529779294759 150.93875612027696
2020 6 12 105.86377837869718 62.76230712816153 169.93661027694048
2020 6 13 108.35540370023013 57.870325498075 191.18155355462338
2020 6 14 110.99753403942594 53.408708738770066 215.24455344433275
2020 6 15 113.79819160540796 49.336347284655446 242.51871492222043
2020 6 16 116.8624666672338 45.658152316029785 273.6600578146403
2020 6 17 120.20740209401391 42.331595796532376 309.2642063748693
2020 6 18 123.64807906492203 39.247405157301344 349.50058151877266
2020 6 19 127.39689120614888 36.454468619596334 395.56445303322596
2020 6 20 131.58337571371422 33.95300026190609 448.70555986668364
2020 6 21 136.01898943669258 31.65196484733883 509.3661789046023
2020 6 22 140.14286780903635 29.399537489199435 576.5001965846541
2020 6 23 144.1541543813096 27.25754929773753 651.5049262047293
2020 6 24 148.4024666557508 25.294730300357728 736.8203725361468
2020 6 25 152.65016638599752 23.45180968878401 832.6833282611265
2020 6 26 157.1488613999319 21.763042401700655 941.7243300186548
2020 6 27 161.5136797921629 20.158982793703636 1063.4476437398976
2020 6 28 165.58894608734786 18.621880204596383 1198.1996841261014
2020 6 29 170.04780497474488 17.233554764131533 1352.0581079138371
2020 6 30 174.48256530800262 15.934123479370934 1524.5269334959119
2020 7 1 178.88505875878718 14.719162253105809 1717.7034533947535
2020 7 2 183.55029017952663 13.609319264881385 1936.8140785751812
2020 7 3 187.87035656852356 12.548546599118282 2178.948514302071
2020 7 4 192.45137377647458 11.581093844538435 2453.2011128633258
2020 7 5 197.30725098775812 10.698046841854646 2764.052199310316
2020 7 6 202.78747089110308 9.909540138300269 3121.3219249336057
2020 7 7 208.9643161721309 9.205754426705191 3533.150463009451
2020 7 8 215.61866140345666 8.564699604434495 4004.2082238926723
2020 7 9 222.93276449747202 7.986074923690835 4546.386828485988
