2020 6 8 511.14137363277564 487.31452404993246 534.9682232156189
2020 6 9 505.82552887700723 459.75833647542566 554.0918002033
2020 6 10 500.8580606474905 434.0267685397254 574.2200492021793
2020 6 11 496.7011864639583 410.3954943188811 595.952883623019
2020 6 12 493.0824711372233 388.4670064328594 619.1125538985132
2020 6 13 489.6329740815277 367.82275941523744 643.3516126619575
2020 6 14 486.34946370511017 348.3821710118569 668.7260515653879
2020 6 15 483.26410209362035 330.09524386120074 695.3434602431727
2020 6 16 480.58334012642797 313.0312093395897 723.574320151024
2020 6 17 477.9174488783592 296.8492877219657 752.9513495372768
2020 6 18 475.1971155726713 281.4608777520111 783.4120115275324
2020 6 19 472.76761145164465 267.0332773490109 815.5588949874309
2020 6 20 470.5559813398024 253.46127734787171 849.3793295356652
2020 6 21 469.0704184665236 240.9645935113655 885.8941804726999
2020 6 22 467.0459558064844 228.8048019283197 922.9521736397206
2020 6 23 464.25219273692517 216.87747064058118 960.0228279125936
2020 6 24 462.11402355256484 205.87035408692765 999.9035749359612
2020 6 25 459.6844673308784 195.28767929687749 1040.7892270218717
2020 6 26 457.5340408099636 185.36215836573305 1083.9497444870674
2020 6 27 455.3273965088952 175.91425204966376 1128.7430675895537
2020 6 28 452.2079836229301 166.59114853789663 1173.0983291167227
2020 6 29 449.37196582505254 157.85867927490955 1219.8763137263925
2020 6 30 446.91175788846255 149.70972276337992 1269.4914982589737
2020 7 1 444.4002801675362 141.95974374544912 1320.940750514598
2020 7 2 442.51447896741774 134.80631398545412 1376.2929268177202
2020 7 3 440.18796700117935 127.87665484691165 1432.5689870145973
2020 7 4 438.0012163483184 121.34025975852262 1491.5611913903244
2020 7 5 436.2377415469269 115.25222287240113 1554.3870762667498
2020 7 6 435.20808214334716 109.66163787601202 1622.4486499571108
2020 7 7 435.0266864423561 104.55536661337804 1696.6436725122346
2020 7 8 435.19091068861337 99.76991211233621 1775.579308216226
2020 7 9 435.76338736827114 95.29706572629419 1859.8528086407043
