2020 6 8 69.06411088629991 60.475261816520195 77.65295995607963
2020 6 9 67.5987617061237 51.8292164509946 85.45971007386564
2020 6 10 66.18465602431321 44.434733050815396 94.0767803782546
2020 6 11 64.85932597081018 38.13496314098456 103.64686657234773
2020 6 12 63.61716260486347 32.76164299252209 114.28097446220974
2020 6 13 62.38117758989774 28.136368882652093 125.97449921268546
2020 6 14 61.22898310871882 24.19105078456478 138.98525162986235
2020 6 15 60.07590451967181 20.790192940221733 153.28945170215178
2020 6 16 59.00850561535837 17.889574876860795 169.22903529969483
2020 6 17 58.016617057252134 15.41078972393354 186.9882385760469
2020 6 18 57.05128492745897 13.278091159417901 206.64297972703088
2020 6 19 56.13967627803352 11.44930196629847 228.50008535290954
2020 6 20 55.26534797640075 9.877023950922014 252.76151813358965
2020 6 21 54.42228941138642 8.52381428429767 279.679691712847
2020 6 22 53.5874558813629 7.355276159035779 309.4407292626921
2020 6 23 52.70494906910304 6.338632811572523 342.0194338479625
2020 6 24 51.88748075212058 5.46858354472078 378.35584967732535
2020 6 25 51.060593124608026 4.71562938396704 418.391536354245
2020 6 26 50.26319264624698 4.067853663591266 462.7972374910427
2020 6 27 49.526410042548775 3.5129595311447828 512.3593863469088
2020 6 28 48.76456961630899 3.031214822590907 566.8583167371371
2020 6 29 48.04767772153675 2.617599042301734 627.5404926995424
2020 6 30 47.35564910228034 2.261202394983125 694.9057800577905
2020 7 1 46.66350354199829 1.9528490717917106 769.354626403741
2020 7 2 46.0579877474483 1.6897470142989164 853.0410613099223
2020 7 3 45.4260017221389 1.4608325958003474 945.1946946229356
2020 7 4 44.7630270290799 1.2616543862853236 1046.4784130163416
2020 7 5 44.13737131245877 1.090412391209884 1159.2615822662126
2020 7 6 43.59659135115503 0.9442935646610019 1286.1994128886774
2020 7 7 43.119532029218625 0.8189918028867149 1428.7212225364733
2020 7 8 42.67661669302329 0.7108661529126881 1587.9940159150383
2020 7 9 42.25256420872802 0.6172539792252728 1765.5550208135846
