2020 6 8 399.9009512098614 379.79201604376675 420.0098863759559
2020 6 9 416.53255591248364 375.7090629508382 459.46104447000283
2020 6 10 433.637224400952 371.47279823883525 502.376649185662
2020 6 11 452.2409254990222 367.96673544767765 550.2236740589531
2020 6 12 472.0581620367252 364.8317615337101 603.1331243733107
2020 6 13 492.7747638386622 361.7474337258197 661.1699140460146
2020 6 14 515.208815180817 359.28254708950794 725.8758248076729
2020 6 15 540.5571891295224 358.1545389161528 799.5812576413826
2020 6 16 569.812698268009 358.7924900018537 884.7053440609664
2020 6 17 602.4460746092042 360.56153389645874 981.6780419752807
2020 6 18 637.8970272360788 362.9070640408601 1090.8257479927563
2020 6 19 676.6896851952109 365.9821740101665 1214.2561305361837
2020 6 20 719.2622015557421 369.8517405191566 1354.2024478425144
2020 6 21 763.2389065142963 373.1070283755499 1507.8789901363805
2020 6 22 804.9467938273305 373.9674527127778 1669.2005113448338
2020 6 23 843.1771837198755 372.1553930734996 1835.8436659870504
2020 6 24 883.9424823433652 370.6695414578964 2020.689364105889
2020 6 25 924.8227858257156 368.41138135537864 2219.904084728827
2020 6 26 970.4456040561056 367.3030559063583 2445.6044509071994
2020 6 27 1017.7460127542648 365.98117240747024 2692.807921072476
2020 6 28 1066.7509080850364 364.44793446829703 2963.408795008419
2020 6 29 1120.3551110501905 363.68629809351245 3267.4242493723264
2020 6 30 1179.4462163039525 363.8330036371064 3610.7749920379656
2020 7 1 1240.1062804768135 363.5023388896788 3985.4679244453296
2020 7 2 1307.3848328716113 364.1975151260257 4410.287139628942
2020 7 3 1373.2524415939956 363.48419286553184 4863.31625143068
2020 7 4 1442.5286396460842 362.796116315467 5363.200054690745
2020 7 5 1517.2871634151236 362.60921458239085 5921.854812190734
2020 7 6 1601.494867487086 363.7547151807164 6560.459730154277
2020 7 7 1695.8574569248426 366.1488617142572 7290.3855072719325
2020 7 8 1800.0118940284217 369.4724566663558 8119.716315493077
2020 7 9 1915.4407410599524 373.82739374151214 9065.39142722937
