2020 6 8 63.51319691606993 54.94184732410741 72.08454650803246
2020 6 9 63.47533155752514 47.49889941151664 81.76385747774304
2020 6 10 63.437488773586054 41.064244381812465 92.74287920914816
2020 6 11 63.4009790297334 35.50213753818545 105.19804908618545
2020 6 12 63.36580002281211 30.69414535953374 119.32809473942545
2020 6 13 63.33064053550309 26.537291123354137 135.35606713082265
2020 6 14 63.29680882866535 22.94394056292521 153.53968911849412
2020 6 15 63.26430276778225 19.83763090298648 174.16925562065694
2020 6 16 63.234427202973755 17.152694573121476 197.57780307473183
2020 6 17 63.205872030561494 14.831506935625086 224.13656764217217
2020 6 18 63.177329752990026 12.824433912919831 254.26540923431716
2020 6 19 63.150105469062666 11.089232883184083 288.44947660640156
2020 6 20 63.12419745881704 9.589041090074987 327.2352928555041
2020 6 21 63.09830007761138 8.291800703958588 371.23637092379124
2020 6 22 63.069806376990776 7.169713138966169 421.13863332776504
2020 6 23 63.03741689316189 6.199027692781383 477.7227484366618
2020 6 24 63.005044042944604 5.3597603685175566 541.9094956226897
2020 6 25 62.9713862722141 4.634008149330874 614.7091685801556
2020 6 26 62.93774648171911 4.006528287010787 697.2886893268251
2020 6 27 62.90282450649137 3.4639311927717316 790.947470067178
2020 6 28 62.865323040354085 2.994673956324827 897.1536806123601
2020 6 29 62.829142591130925 2.5890486548573723 1017.6394968078743
2020 6 30 62.794280876439814 2.238418339448504 1154.3273220417334
2020 7 1 62.7594385053065 1.935273272280556 1309.37485287445
2020 7 2 62.72591193891053 1.6732225880111093 1485.275186487277
2020 7 3 62.691107503332205 1.4466209895116413 1684.7751427601904
2020 7 4 62.657617439873945 1.250737531805771 1911.1064404963108
2020 7 5 62.625439635574146 1.0814040179553124 2167.882376629045
2020 7 6 62.59457205996877 0.9350183880082802 2459.2034675251
2020 7 7 62.5650127648778 0.8084677504179164 2789.7232304054514
2020 7 8 62.537276866402124 0.6990685681732243 3164.7459093654775
2020 7 9 62.51226621695558 0.6045032480268022 3590.3202029838394
