2020 6 8 489.9787081729754 473.9280899567367 506.0293263892142
2020 6 9 500.31111304146077 468.0616040177233 533.634918428654
2020 6 10 510.66298409251095 462.0821078134566 562.5348540146682
2020 6 11 521.7015989357662 456.60659887562866 593.5204718474535
2020 6 12 533.3512493022007 451.52192617659256 626.6365343064418
2020 6 13 545.1905304533066 446.4341857314152 661.517501179828
2020 6 14 557.5376643960655 441.60443159686 698.6374057553837
2020 6 15 571.1373274115433 437.5975245372926 739.0593461129037
2020 6 16 586.2314536439486 434.51784590951576 783.32462433627
2020 6 17 601.9259842865775 431.6091895139367 830.5103675666222
2020 6 18 618.0566018428876 428.731415058459 880.5604337223182
2020 6 19 634.8972896646317 426.0655292234609 934.022511953029
2020 6 20 652.499001372341 423.6189876369056 991.1749783671505
2020 6 21 670.2954206964012 420.9960914594407 1051.3790803524698
2020 6 22 686.7872892315868 417.26522126296925 1112.4324196747218
2020 6 23 701.869105814594 412.4641949990607 1174.0899213943194
2020 6 24 717.5604720531487 407.8819878531122 1239.6304732866176
2020 6 25 732.8627435672782 402.9301059435833 1307.5514356274334
2020 6 26 748.6463531875459 398.12356768718865 1379.4704413518305
2020 6 27 764.2354641792456 393.0901617694822 1454.360445204615
2020 6 28 779.6642482385646 387.87095984406557 1532.393295125001
2020 6 29 796.1466119522964 383.09023616725585 1616.07150480993
2020 6 30 813.6720532019817 378.70268229754356 1705.7290815916344
2020 7 1 831.3036113303011 374.2352152022812 1799.7744687141817
2020 7 2 850.1744134059774 370.2063356007651 1900.8608537110165
2020 7 3 868.709335575039 365.8880378618382 2005.9161196452433
2020 7 4 888.0847363473305 361.8039136958466 2117.785160923273
2020 7 5 908.784531627182 358.12887912168645 2238.0208112996543
2020 7 6 931.4565166595055 355.0782312750287 2368.7513921585723
2020 7 7 955.9254649362222 352.52297033047506 2510.249804684775
2020 7 8 982.3463936514254 350.46889732481714 2663.638611492021
2020 7 9 1011.3338310495692 349.0819093375671 2831.379265634736
