2020 6 8 1846.8312380413563 1768.9936796814827 1924.6687964012299
2020 6 9 1894.4525090953462 1738.0706447044029 2057.5698089835087
2020 6 10 1943.1793692136407 1707.5759173096164 2199.5149399181223
2020 6 11 1996.422288847794 1680.483391379023 2354.9455838780427
2020 6 12 2053.7026471784393 1655.9912374077965 2524.4015283741346
2020 6 13 2112.891722307588 1632.06993216421 2706.37714807029
2020 6 14 2176.5156864074447 1610.6021664627651 2904.9663473741634
2020 6 15 2245.71006917094 1592.121120749624 3123.00536109746
2020 6 16 2318.554519751415 1574.8803334035815 3359.4266446363
2020 6 17 2393.9115700022444 1557.92794950629 3613.9627120730556
2020 6 18 2471.7178553148897 1541.1580450734411 3887.7843947291854
2020 6 19 2553.489596958955 1525.4644108637497 4184.61258547315
2020 6 20 2640.440163839023 1511.40830769492 4508.156940285053
2020 6 21 2730.181021886279 1497.3841147393011 4856.425842123528
2020 6 22 2818.211385807163 1480.8791128275054 5223.131595946841
2020 6 23 2904.530131229659 1462.165150554907 5609.094302174095
2020 6 24 2996.1187787780455 1445.0096551757597 6028.648990086544
2020 6 25 3086.919183751471 1426.282382241276 6472.188653584908
2020 6 26 3181.468156374313 1408.2583622789905 6950.450286872002
2020 6 27 3275.4202422129024 1388.916037056827 7456.42236030059
2020 6 28 3367.4932291859227 1367.8660540035148 7988.633869562064
2020 6 29 3463.6767281072835 1347.7534576909284 8562.443998067409
2020 6 30 3565.0679884571464 1328.8940100010348 9183.552552796129
2020 7 1 3667.1249184491567 1309.4402644780241 9843.784755545212
2020 7 2 3776.129428248197 1291.708890418494 10562.290099716953
2020 7 3 3882.2774916858953 1272.1321488965662 11316.186819027964
2020 7 4 3991.9108438441617 1253.016415593618 12125.355467174477
2020 7 5 4105.92917326954 1234.5925258669024 12996.299347241644
2020 7 6 4227.9770464003805 1217.8746789508596 13944.90913172404
2020 7 7 4360.2058157486335 1203.2708264299615 14984.372235757291
2020 7 8 4501.694813913544 1190.2563690389975 16118.929666857963
2020 7 9 4654.185526743783 1179.077592625303 17362.344560421006
