2020 6 8 21724.6 499.32400 499.32400
2020 6 9 21904.9 973.7800 1047.5800
2020 6 10 22095.3 1427.8600 1651.0200
2020 6 11 22313.4 1866.3800 2317.800
2020 6 12 22556.4 2293.400 3057.600
2020 6 13 22811.6 2711.400 3879.600
2020 6 14 23090.7 3124.200 4796.00
2020 6 15 23399.5 3535.200 5823.200
2020 6 16 23741.5 3947.600 6976.00
2020 6 17 24110.2 4362.800 8276.00
2020 6 18 24500.5 4781.200 9738.00
2020 6 19 24921.5 5205.800 11392.00
2020 6 20 25376.6 5638.800 13264.00
2020 6 21 25854.5 6078.800 15378.00
2020 6 22 26323.3 6518.00 17740.0
2020 6 23 26777.3 6956.00 20400.0
2020 6 24 27260.7 7402.00 23420.0
2020 6 25 27743.6 7850.00 26800.0
2020 6 26 28254.2 8306.00 30640.0
2020 6 27 28770 8760.0 34960.0
2020 6 28 29279.8 9220.0 39800
2020 6 29 29819.1 9692.00 45200
2020 6 30 30392.4 10174.00 51640.0
2020 7 1 30976.7 10664.00 58800.0
