2020 6 8 419.6180010595559 397.1222356318573 442.11376648725457
2020 6 9 436.796669582386 391.1961454744984 484.9104840893419
2020 6 10 454.4481543749317 385.15208892845374 531.5940905340188
2020 6 11 473.5322712163515 379.8110444302531 583.61347339659
2020 6 12 494.1673283277252 375.14524237836264 641.6469975502707
2020 6 13 515.701596766124 370.5367575348753 705.451275943217
2020 6 14 538.446350634804 366.1803846567444 775.9723455899226
2020 6 15 562.7624294639489 362.2616301411722 854.3619386547587
2020 6 16 588.7704533517852 358.7670786467182 941.5720756503365
2020 6 17 617.2230006798096 356.0633935829899 1039.6714350644706
2020 6 18 647.3761807389669 353.567946194866 1148.5399914853595
2020 6 19 680.0271196629079 351.6496258658176 1270.6265953032193
2020 6 20 715.4012021613063 350.29831508886656 1407.7018508671185
2020 6 21 751.4830378124411 348.39773448958334 1557.3366388889274
2020 6 22 787.4022403368874 345.58837517240994 1718.768856963251
2020 6 23 823.7919764028227 342.25466198712434 1894.2144856806476
2020 6 24 860.9941797670241 338.59195350153755 2085.5701487450815
2020 6 25 898.0593473823965 334.253864336579 2291.855304555322
2020 6 26 936.2463182358765 329.7949997410113 2517.3350592142806
2020 6 27 974.0811709242402 324.6996028407691 2759.685519865684
2020 6 28 1012.931041139755 319.51161607954515 3023.9116586791542
2020 6 29 1053.330384295323 314.40652195631384 3313.4361338174363
2020 6 30 1094.785251391221 309.2171120260994 3628.93293313638
2020 7 1 1136.71637696173 303.7870634203723 3970.641197739662
2020 7 2 1182.0527257538042 298.93321312469186 4350.810309306949
2020 7 3 1226.7026006285237 293.5260361749099 4758.196596304611
2020 7 4 1273.0390426782028 288.2166655620707 5203.728326342785
2020 7 5 1320.4540908477309 282.8512661669185 5688.231693149853
2020 7 6 1371.725192960319 278.0334536731709 6226.849201983588
2020 7 7 1431.8625596505503 274.69128859797655 6847.679094717349
2020 7 8 1497.280516614044 271.8965532658565 7543.052188780261
2020 7 9 1567.0697095535995 269.3812986490475 8316.004166390298
