2020 6 8 842.1083814292631 790.8103245151049 893.4064383434213
2020 6 9 849.4122670495491 749.0672315977785 956.0627105797107
2020 6 10 856.6576372614957 709.4200887909703 1022.9760194400772
2020 6 11 864.2843596816757 672.1360447619315 1094.9540746175362
2020 6 12 872.1525792842278 636.9464915114687 1172.216537599571
2020 6 13 879.867200568464 603.4347926691422 1254.62809823765
2020 6 14 887.675308251992 571.7035614308656 1342.8695247710587
2020 6 15 895.7819437550355 541.7885358757087 1437.6640008067286
2020 6 16 904.2196466667505 513.594307201903 1539.562632612203
2020 6 17 912.9703371174488 486.9999158060215 1649.0812107960642
2020 6 18 921.8581066110924 461.8105545371223 1766.4851572895343
2020 6 19 931.0704632870625 438.04333628846075 1892.7036925186621
2020 6 20 940.7221889729944 415.6627038356198 2028.6467844496312
2020 6 21 950.6359245370601 394.4971106220811 2174.70322157534
2020 6 22 959.9994781812603 374.13760073325614 2329.7776674604356
2020 6 23 968.8767935658958 354.6033758547687 2494.5063575852528
2020 6 24 978.2254102700639 336.2315079813996 2671.8843911933454
2020 6 25 987.3274027067462 318.6957064747701 2860.955328846244
2020 6 26 996.8823781006428 302.19334607994364 3064.4727130861775
2020 6 27 1006.4154054035658 286.5108089388205 3282.115817346664
2020 6 28 1015.4620373820005 271.4777063208017 3513.3327077461763
2020 6 29 1024.9687765773383 257.33465086407165 3762.148794982168
2020 6 30 1034.9762615537086 244.0317748035409 4030.097475722132
2020 7 1 1044.873574592853 231.3675734846995 4316.320590499088
2020 7 2 1055.435181024557 219.48672742982095 4625.224851227456
2020 7 3 1065.5281394499461 208.09630868118595 4953.714737994995
2020 7 4 1075.7787633835717 197.3089459168559 5305.818714369246
2020 7 5 1086.5601555615904 187.1600435775617 5685.081229387276
2020 7 6 1098.1978598250266 177.6620544201231 6095.368655737094
2020 7 7 1110.6324560771502 168.75482192208113 6538.997361082435
2020 7 8 1123.668873859956 160.3642116163172 7017.6282933940065
2020 7 9 1137.4451218424338 152.4745350682927 7534.958076315624
