2020 6 8 9.42834577127217 7.4458791948517105 11.41081234769263
2020 6 9 9.628162853688545 6.004880876823112 14.102806647822955
2020 6 10 9.843912753503705 4.850054268698802 17.447020395272684
2020 6 11 10.088417583938396 3.9291032051244166 21.626646800086476
2020 6 12 10.363509967791568 3.1925742335645055 26.860100856583873
2020 6 13 10.646103609302285 2.5941110998374093 33.360003734974434
2020 6 14 10.975207539303124 2.1172881078794243 41.55442011415062
2020 6 15 11.341154455770587 1.733254780996248 51.86265556503589
2020 6 16 11.733082462369259 1.42098322223324 64.79102513907308
2020 6 17 12.152810219199086 1.1666984864165462 81.02091030068564
2020 6 18 12.587552904153592 0.9579179661723233 101.31631490413027
2020 6 19 13.053141301726317 0.7876625423743563 126.81873237794844
2020 6 20 13.551810219530857 0.6486244400696063 158.89446799434128
2020 6 21 14.13539062038703 0.5372815968654604 199.85520221635088
2020 6 22 14.744101692256631 0.44505186128866914 251.37503122110556
2020 6 23 15.379025634995344 0.3686542781142519 316.1759394834609
2020 6 24 16.078661742034882 0.3062669176665625 398.44989676923245
2020 6 25 16.810126307774663 0.254437369713385 502.132833051064
2020 6 26 17.61571531549631 0.21199720958461957 634.0158668314162
2020 6 27 18.481313221067946 0.1768936421878144 801.3077315982744
2020 6 28 19.299626842482173 0.1467430099162808 1008.8470442535636
2020 6 29 20.15417366740213 0.12173140138313608 1270.1391969214135
2020 6 30 21.071044992018027 0.1011307973300932 1600.649412863898
2020 7 1 22.02962743016187 0.0840164333312048 2017.163590503745
2020 7 2 23.112115369059076 0.07010456847383308 2549.4137694805927
2020 7 3 24.191632782243893 0.05832594874538162 3215.9088627886094
2020 7 4 25.32157214196024 0.04852631392087761 4056.64625239291
2020 7 5 26.53505381379987 0.040432123450426266 5122.106982153368
2020 7 6 27.871168221318406 0.03378629280533353 6479.8529399871
2020 7 7 29.33099803593675 0.02830125400829808 8210.625834092247
2020 7 8 30.900551359953347 0.023738777493771686 10412.999997856565
2020 7 9 32.54095397546742 0.019901728104178788 13201.69911138806
