2020 6 8 112.14585309242044 109.63678793529576 114.65491824954513
2020 6 9 109.502871226063 104.66029443139419 114.45496051215254
2020 6 10 106.94428855279118 99.93082084433416 114.27846252196555
2020 6 11 104.38070494120971 95.3545316976271 114.03301055635878
2020 6 12 101.8469583158981 90.95893042712994 113.75354705175442
2020 6 13 99.40556385938936 86.79350516000267 113.50922252110868
2020 6 14 97.00262036203216 82.80130820530525 113.24250270472086
2020 6 15 94.62838302271118 78.9676591547979 112.9421103178837
2020 6 16 92.27404236329461 75.27961498961778 112.59690367937708
2020 6 17 89.97827736335276 71.76381437211148 112.25275216214393
2020 6 18 87.73963066884082 68.41221297352736 111.90965254121473
2020 6 19 85.51238968986775 65.18260726357498 111.51110893409064
2020 6 20 83.2898858692248 62.065979384685775 111.04643488326093
2020 6 21 81.10832778501529 59.08583680279078 110.56127439549047
2020 6 22 79.06579778588517 56.30844168096753 110.18985756377067
2020 6 23 77.1146171818617 53.6900259301859 109.87531296515156
2020 6 24 75.18044534661459 51.171687477237306 109.51729367952579
2020 6 25 73.32514721682898 48.792137475771675 109.20466896120868
2020 6 26 71.51563401335653 46.5232396432812 108.89293665185474
2020 6 27 69.77965707738527 44.378636679552955 108.62607005283299
2020 6 28 68.13513467008606 42.36425810000042 108.43662660355731
2020 6 29 66.47433727403238 40.40709645581556 108.15993040220752
2020 6 30 64.85402189953915 38.54035258060063 107.88394024262828
2020 7 1 63.27974953551943 36.763740397071736 107.61954641593167
2020 7 2 61.71813600123836 35.05417866814403 107.31233894893427
2020 7 3 60.22621555116212 33.441809343153636 107.0601803427445
2020 7 4 58.752117952211776 31.89347437823077 106.77618747487024
2020 7 5 57.296305330339315 30.407166347897032 106.4606071818689
2020 7 6 55.84185791355979 28.971703967829885 106.08146924837155
2020 7 7 54.379228264146164 27.58060679155799 105.61800063348038
2020 7 8 52.92416324888377 26.240710546019184 105.09684231118763
2020 7 9 51.472499617821974 24.948290131733113 104.50769439582147
