2020 6 8 350.3144033720338 332.7154582879148 367.91334845615285
2020 6 9 351.2640239741417 316.86314209537204 387.4373319256361
2020 6 10 352.2988309136135 301.84063526481765 408.08851025676677
2020 6 11 353.08811981793775 287.3173812329654 429.5525080922677
2020 6 12 353.5054919207863 273.18884508062007 451.6908255644018
2020 6 13 353.7155091388194 259.59444012827623 474.70453210561647
2020 6 14 353.71767940085556 246.52388704612335 498.6116811716503
2020 6 15 353.595065874392 234.02446675901754 523.5469468663524
2020 6 16 352.5993110257089 221.5808897844271 548.4363391996221
2020 6 17 351.0258770685805 209.43417618708736 573.6060826573147
2020 6 18 349.17051792892175 197.78093075594222 599.4587943924355
2020 6 19 347.07860602579234 186.63654463660703 626.0537490143896
2020 6 20 344.8767852715313 176.0542713353381 653.6077292893913
2020 6 21 342.3239377891841 165.8856876646874 681.6826846564435
2020 6 22 340.03151568024225 156.42146505104284 711.4445321423708
2020 6 23 338.3942084425391 147.79150591935243 743.8443340256251
2020 6 24 336.84437045235796 139.67243033549056 777.8945922843228
2020 6 25 335.57890364988987 132.11435552780947 814.1438598234333
2020 6 26 334.2392677625339 124.93419841625722 851.8908396428127
2020 6 27 332.9442838037066 118.15896015980645 891.4880971836684
2020 6 28 332.2024423856153 111.94567090726878 934.3935533120161
2020 6 29 331.2669310488498 105.99328228654737 978.8145701496857
2020 6 30 330.17823596429486 100.30753866107597 1024.8869540116907
2020 7 1 329.0931188311623 94.92679248334085 1073.1279453091197
2020 7 2 327.81807322476277 89.77886946347695 1123.0086596533558
2020 7 3 326.93345765489465 85.01569399945751 1176.52848557972
2020 7 4 325.9358942974191 80.47523489402445 1232.1838812306535
2020 7 5 324.7114087778534 76.12048969460486 1289.6026672861608
2020 7 6 322.9951356499046 71.88502648177285 1347.7257015743273
2020 7 7 320.96508817277424 67.81337928894196 1407.1212675011482
2020 7 8 318.65717753797185 63.910952149067775 1467.8603562026376
2020 7 9 315.8019122805066 60.11998864211055 1528.6235034493814
