2020 6 8 18.25383737262403 15.476251168980665 21.031423576267393
2020 6 9 18.121295853015575 13.026573927602053 24.054988769608297
2020 6 10 17.981512568981202 10.958749237528101 27.50234376508159
2020 6 11 17.81431450651376 9.20180392476842 31.40016466506915
2020 6 12 17.6325407669533 7.71820631467605 35.821979563226016
2020 6 13 17.448630373334872 6.472060505588896 40.858371652290806
2020 6 14 17.242939360629393 5.41832122968903 46.547361321314696
2020 6 15 17.02406013426691 4.531238875908768 52.98632053857984
2020 6 16 16.7886908423526 3.7842601639592863 60.25601770940832
2020 6 17 16.560376109086956 3.161278183506458 68.53675377876863
2020 6 18 16.323920098625997 2.6387074735770946 77.90893374589018
2020 6 19 16.061278643278307 2.1977410461080877 88.42164057135065
2020 6 20 15.781048395140337 1.827481542078357 100.23279343386947
2020 6 21 15.498562844675096 1.5187733138120794 113.57627313028436
2020 6 22 15.245692487051368 1.2646203848458137 128.87607208734934
2020 6 23 15.028008081911278 1.0555740643581275 146.49945916747302
2020 6 24 14.782815168469579 0.8789333255739605 166.2343228921345
2020 6 25 14.565047217127145 0.7332445458268764 188.89107008969657
2020 6 26 14.347190183446466 0.6115386235488763 214.59303802812724
2020 6 27 14.1520781922493 0.5108643764529057 244.08367444560267
2020 6 28 13.97884102944968 0.4274574371922245 277.9586033603035
2020 6 29 13.79823140864295 0.35737775309901926 316.34607068718327
2020 6 30 13.604337934765365 0.2983828175698277 359.67698578892663
2020 7 1 13.42548739177506 0.24939678047263467 409.2687494333036
2020 7 2 13.221636254363053 0.20794476975412873 464.8643496754017
2020 7 3 13.041831028148806 0.17371196363788724 528.7487405470503
2020 7 4 12.855614283208464 0.14499674818007335 601.0534249765445
2020 7 5 12.666236228095253 0.1209626164717831 682.9734235965574
2020 7 6 12.462444571641079 0.10074800254545943 775.1310110084167
2020 7 7 12.232310299067962 0.08367208088681409 877.8815808090322
2020 7 8 11.992857638681121 0.06939757216964139 993.2789128143216
2020 7 9 11.747640403572673 0.05749782239856735 1122.9795395556498
