2020 6 8 8.482040573728645 8.085819539248952 8.878261608208337
2020 6 9 8.37705249004462 7.612698578975853 9.177965509566391
2020 6 10 8.281371735722049 7.17453823193646 9.496559960442413
2020 6 11 8.194700180592168 6.768455172326798 9.835291753703617
2020 6 12 8.108935716546755 6.3853566513691 10.186105735488233
2020 6 13 8.024068850110881 6.023941730734268 10.549432864101385
2020 6 14 7.947760581122894 5.688741531907425 10.935803917780671
2020 6 15 7.872177997821897 5.372193434697086 11.336325740799342
2020 6 16 7.7973141989936 5.0732595492215316 11.751516602502345
2020 6 17 7.723162349053725 4.790959738630243 12.181913753754817
2020 6 18 7.649715677423865 4.524368405456024 12.628074122136795
2020 6 19 7.576967477913287 4.272611456789475 13.090575032599313
2020 6 20 7.50491110810661 4.034863438325307 13.570014954514392
2020 6 21 7.4335399887573015 3.8103448278836773 14.067014276085597
2020 6 22 7.362847603186955 3.5983194795326137 14.582216107121251
2020 6 23 7.292827496690264 3.3980922099313826 15.116287111209052
2020 6 24 7.223473275945668 3.2090065189809645 15.669918368368954
2020 6 25 7.154778608431595 3.030442437308159 16.243826269300538
2020 6 26 7.08673722184826 2.8618144935257113 16.838753442382036
2020 6 27 7.019342903544959 2.7025697946035603 17.455469714620527
2020 6 28 6.945879546886801 2.5496027637616243 18.0780870184947
2020 6 29 6.873185046351737 2.4052937563207197 18.722912393158214
2020 6 30 6.801251355210555 2.2691527230931214 19.39073797594024
2020 7 1 6.730070510949865 2.140717351961711 20.082384158832596
2020 7 2 6.659634634390712 2.0195514979455598 20.798700596302325
2020 7 3 6.589935928816407 1.9052437021247186 21.54056724905183
2020 7 4 6.520966679109494 1.7974057943947288 22.308895465008774
2020 7 5 6.458952794544643 1.6973897572906986 23.1259546906822
2020 7 6 6.403702920318664 1.6045616530509081 23.99504519912324
2020 7 7 6.350966136279815 1.517321479973576 24.904442579852923
2020 7 8 6.301496808735936 1.4355014369309123 25.85941536914027
2020 7 9 6.256629433761489 1.3590540183024717 26.86831077925147
